1.505415282081557393e+00
8.408233864624019560e-01
1.710505227223215741e-01
2.964283322333756132e+00
-5.864820600973441600e-02
-1.601099970513661930e+00
7.323835901287051087e+00
5.900993901857475521e+00
2.166521524344345195e+00
-4.200099081846024873e-01
-1.392905842150517604e+00
2.938341464608926756e+00
5.931316384215366000e+00
5.169195455529450811e+00
-4.803480960305250846e-02
5.490144200172409228e+00
2.193675225077882374e+00
-2.200427869411260673e+00
-4.088736293153329981e-01
-1.787542934401514128e+00
4.292634528410708583e+00
-2.777324099027799420e+00
1.453716953899274245e+00
2.165622921007622104e+00
2.304036613865993566e+00
4.110496774636107631e-01
3.565766905253322960e+00
-1.540530175510337774e+00
-7.832136504718310022e-01
-1.739050302246626600e+00
-6.669013113851907093e-01
-1.298813033116326121e+00
5.397814665774767207e-01
-1.285671204933596101e-01
6.272179317685422362e+00
4.688907517985574813e+00
-2.115720800811338620e+00
2.861438800832051932e+00
5.494897740390495500e+00
1.441007955389443929e+00
5.153207108508448542e+00
1.930411921311863566e+00
2.290502126388492599e+00
-2.286357538534428357e+00
1.625874723294759683e+00
3.188420940326397002e+00
8.038888690791194946e-01
1.114456103879099658e+00
1.208889146499270595e+00
5.774182702738103856e+00
6.562877590072989875e+00
4.084658394053448660e+00
4.508616319397908967e-01
3.279690898251438114e+00
3.113642158317567521e+00
6.400221997294236687e+00
-2.878673417102866505e+00
-9.475642711830989384e-01
5.039747261041931381e+00
-1.232271908186819864e+00
4.276111709920655812e-01
6.666988417827385049e+00
-3.128699926482483740e+00
7.252182672092391869e+00
1.966359770074398661e+00
-2.298388074891709820e+00
3.512363975765893542e+00
-1.545340130118365352e+00
6.867167923404124963e+00
3.558020802499219926e+00
-2.571927729207776903e+00
5.868796306461232959e+00
-1.584812759485826561e+00
-3.477663467606681991e-01
6.245206315452806578e+00
4.768766125979002624e-01
5.407670154452580036e+00
3.821469420798074168e+00
5.168179668395662674e-01
-2.281183007909464600e+00
-5.313678648080468747e-01
-7.198639244348008503e-01
-1.842229484103476977e-01
1.651699338236718440e+00
-1.889698994072992466e+00
8.021827524969985745e+00
-2.473815578975716356e+00
4.462637459809032592e+00
3.301417770724809131e+00
-5.359255610067208409e-01
7.837332694959469492e+00
7.147181668022032142e+00
7.438261115647115673e-02
9.864783887916210858e-01
5.092936920891803609e+00
-1.108534307950724163e+00
3.172092974682382049e+00
7.941325983210816730e+00
2.571564347733263922e+00
7.205184104826511060e+00
5.826357479862011246e+00
6.515250175761154949e+00
5.149734966472841791e+00
2.342177410254470793e+00
5.486413596854285757e+00
3.634471186521713193e+00
3.583332165076267728e+00
-4.759798662116576651e-01
2.766926715698502015e+00
5.480784097898217411e+00
1.492064597624404243e+00
-9.213850189923160627e-01
3.791166865042089995e+00
1.337163716645830114e+00
1.241873229123546807e+00
5.289675907675295718e+00
4.371507969111441128e-01
1.904046325433061959e+00
3.193350260196140766e+00
2.583496034453511392e+00
3.961107029055357387e+00
2.140772642200405862e+00
2.099466089902657373e-01
-1.254849752402700247e-01
6.928402747640859616e+00
1.879260470585844445e+00
-1.095510818647451590e+00
4.622418611155993062e+00
5.697861724903436453e+00
3.566920904715649598e+00
2.919198003611619185e+00
5.427200918572161470e-02
-1.916433124091598827e+00
5.761064526931031438e+00
2.432486059070860129e+00
-1.334710857622218416e+00
3.401110611182193821e+00
4.367557135435866655e+00
5.197244120199371764e+00
-1.838042747306332991e+00
-2.777405379037958255e-01
6.203843545936008397e+00
-8.287208655126923063e-01
-2.059798458368442997e+00
2.944963356973469892e+00
5.406952125904737727e+00
4.872875053044401383e+00
4.917521619197925631e+00
6.369437424877963494e+00
1.382575002859350199e+00
4.228090948677758476e+00
5.189576151828864781e+00
4.228962710177523121e+00
-3.218489079985369372e-01
3.454207927946008283e+00
5.535306421916892816e+00
3.738978439455017622e+00
5.488750578809028724e+00
4.674770774255833317e+00
-9.441122732875175672e-01
3.924292906008696846e+00
-2.529826880563326164e+00
3.838496093443181323e+00
-1.931207061258866542e+00
3.377813533893428755e+00
-1.825238611967456404e+00
6.679671696726469321e+00
-2.765629439485317143e+00
2.591842117618535113e+00
-1.856896261431422612e+00
3.285510262415455074e+00
3.401123322140936267e+00
7.885612719306751117e+00
6.619204676461231784e+00
-1.861030425274402766e+00
-1.165152878428987293e+00
1.293852697421897346e+00
1.113201437663187576e+00
2.796537264973386172e+00
1.969754460445205524e-01
1.904715783185626954e+00
4.195656794307600634e+00
4.557592490160777388e+00
7.076185199537349035e+00
1.873389571161447442e+00
1.938346709395805334e+00
6.101040067524964527e+00
2.449652809177971235e+00
4.945394217393245029e+00
-7.602557400130551812e-01
6.328530878687768535e+00
3.009280267764966155e+00
1.637589632074815782e+00
4.027196422056984915e+00
-2.437408640593548448e+00
2.705526573862385931e+00
-2.428211838306599812e+00
-2.848173428495384130e-01
1.072772845961723398e+00
1.811513645426965802e+00
4.318388904177510312e+00
-4.000938763876771276e-01
1.320637545182464123e+00
-2.672097979984640048e-01
2.386202561394599186e+00
3.943734772862311999e+00
6.482733885414512898e+00
5.352721575544666877e+00
4.396024337814324667e+00
4.669309626100890398e-01
7.158691411383426129e+00
1.431511975419136107e+00
2.962386921794874617e+00
2.096060535037027606e-01
-1.112133627650147005e+00
-1.747355496794635421e+00
-1.763525044426597077e-01
4.032422686877092488e+00
1.738019469019837615e+00
2.469875050300272434e+00
3.100839122308904905e+00
4.847886845794896260e+00
6.455873986841266898e+00
-4.782363295121516700e-02
5.661378260549035701e+00
6.280982168074023875e+00
-8.219865141074844672e-02
5.085289323378320958e+00
-2.672662024526530899e-01
8.541260863729682740e-02
-3.047752184166952372e+00
3.085479668542188136e+00
3.437505711469075464e+00
5.789102783762915649e+00
4.654805019351142548e+00
4.479676340616244090e+00
8.131229461251567869e-01
6.233166651621884213e+00
3.448599584008562147e+00
7.135772516445292979e+00
2.433314150030713385e+00
-2.058494532349496087e+00
-2.710533057621314246e+00
3.375533017591717311e+00
-1.843630251454971170e+00
-3.019680993126714341e-01
-6.929681256819995028e-01
4.814187840417801567e+00
2.133348898222886980e+00
1.891426797802420623e+00
3.477724605521970602e+00
2.623568792015372075e+00
-1.671443049040009843e+00
1.570441935874116623e+00
1.810767841934337596e-01
-3.600756327824461422e-01
1.638922914841167255e+00
-6.786490551890347334e-01
5.336059579202565573e+00
2.652556480565287700e+00
3.847544258280395368e+00
1.294863024377502114e+00
5.717430786473176596e+00
-2.399647002437856003e+00
4.817958938621137222e+00
1.186593129247454748e+00
3.144677865317929033e+00
4.293015235669775720e+00
1.166022036823154195e+00
-9.490085666141281351e-01
6.307948847507027779e+00
-1.729785011548796270e+00
3.731987025321254592e+00
1.493142948094547506e+00
1.000166103305304866e+00
3.743282815195829727e+00
4.701574144571416980e+00
2.675883657383876013e+00
5.321149122817679711e+00
5.627562262318846820e+00
6.980294379463581222e+00
-9.162834157420292058e-01
1.013146785770533853e+00
2.070679753420846758e+00
-1.795499921439182689e+00
3.824119070321671643e+00
3.479085667853119901e+00
-1.697735574344612974e+00
-3.092836591321839634e+00
1.003264649105786610e+00
4.813702963950191815e+00
1.254846188447917399e+00
-9.137060905140961253e-01
1.947717948587923686e+00
2.941910259411076645e+00
5.734614781251622162e+00
4.354906187037475007e+00
2.041658510025992967e+00
4.692864425957386842e+00
8.007436830529611527e+00
3.883995371415254638e+00
-1.748075214676612088e+00
1.489731789825007979e+00
2.250050548222084501e-01
2.668973070361956523e+00
7.311675040951229221e+00
1.260872521682294689e+00
5.597085136763221058e+00
7.244795991394827439e+00
-3.507360958449803334e-01
4.101806211044909389e+00
5.912066665982342428e+00
4.112604370028398293e+00
2.879298741022103592e+00
1.008250633322926859e-01
1.806606468687448341e+00
5.254358536950970660e+00
6.670915067956013189e+00
9.424989923751212473e-01
9.247986597574122669e-01
5.921360690433564500e+00
3.062114990515949486e+00
4.363965032700658497e-01
3.557843808119418583e-01
4.254840700269525655e+00
2.294887845598229781e+00
9.921155847276601492e-01
7.745852675782353813e+00
4.510807446178484170e-01
7.964063894051323089e-01
1.318823569830168019e+00
2.545029616402109340e+00
1.897353202553963669e+00
5.151619808441708415e+00
-1.926835583405734464e+00
-7.816942744180268576e-01
-1.566943152884312074e+00
3.336439358704554436e+00
2.801472558499228604e+00
-5.636998445220342546e-02
1.172353559129833300e+00
2.890292997368455907e+00
7.098253920118438032e+00
-1.537802572948482993e+00
-2.709217611614255894e+00
2.707476042310806186e+00
4.293154260126522459e+00
7.422148529993162214e+00
-2.177936088773939627e+00
6.384408275173313996e+00
-2.134026148582181204e+00
5.504900370163969825e-01
1.447896593043148883e+00
6.977712078031888865e+00
4.413429296456916617e+00
5.299426689524153744e+00
1.497078028187370791e+00
1.520154492015319825e+00
5.308525837086584431e+00
2.293817333184628993e-01
3.273294547834968427e+00
3.425699533516381123e+00
2.794312865133158574e+00
1.134956801104644697e+00
-9.356460738722711667e-01
6.118127875904040280e+00
2.982982877885651973e+00
-7.603885348133019306e-01
3.844527696316696108e+00
3.986277331246498079e+00
-1.282748109570190476e+00
4.025810887402435867e+00
-1.128988681279952999e+00
-1.900330209439820006e+00
-1.583217406887371226e+00
-6.582888140085643158e-01
-1.620612237660158605e+00
4.568949225703921257e+00
2.166742590710408756e+00
1.672326177186203466e+00
3.016215650297342066e+00
6.167348850235297775e+00
-2.073554916447850616e-01
4.461121570536148440e-01
-2.083892491154522908e+00
-1.889062481616630151e-01
-1.069226850223303327e+00
8.864325427074888353e-01
1.777756189459565483e+00
4.937049044625588579e+00
7.606445402888359908e-01
1.141279506585926029e+00
4.199030882769449136e+00
-1.743696138907941062e+00
2.781177185783390904e+00
1.910033366608794303e+00
1.075978066875288519e+00
4.533038460218751453e+00
6.228585969396981170e+00
1.836900321848792927e+00
2.376081555771538234e+00
-8.664398922194926911e-01
-1.584636287821943768e+00
4.931852258374398446e+00
-2.461025925349078491e-01
2.774787302893060748e+00
8.967532567374831842e-01
3.537583268695145833e+00
1.245473779886154375e+00
2.780503651819199007e+00
3.297874129661318321e+00
5.780674362374590203e+00
5.009572182845968058e+00
1.186955493293183395e+00
2.816056732568174681e+00
3.325794175869534186e+00
-9.794838075203227135e-01
3.679208843267778306e+00
3.216001757718606413e+00
-4.999311304882638751e-01
4.572865618931798437e+00
1.558287844022879121e+00
7.431693641005558959e-01
6.601254842129177902e+00
5.391137496748680036e+00
1.390410171197028255e+00
-5.289286657005023429e-01
1.955983088073194764e+00
5.879666733508051024e+00
4.416761713445593429e+00
6.273142542326892723e+00
5.613458519369693533e+00
4.255237613998627211e+00
2.432115224156977007e+00
3.139840863046677200e+00
-1.572395820377793907e+00
1.609703252494275816e+00
1.055167876429043972e+00
4.733766665414330888e+00
4.792136366916999179e-03
5.613898814150696026e+00
4.100939417856906744e+00
1.242083369081339761e+00
2.230462240011847896e+00
1.906292101628378255e+00
1.570346239071385597e+00
-5.411352810236840227e-01
5.334819342362768779e+00
3.937786593942423252e+00
1.737733973135075161e+00
4.733288926080000181e+00
6.545230551327835045e+00
5.108169251091691621e+00
2.456542408952073764e+00
-2.182030347068290688e+00
1.838573796767740021e+00
-2.634949125746415710e+00
4.485195872890027857e+00
-8.294638410902566150e-01
-1.758307008948710060e+00
7.107549623835094366e+00
1.422809630666829861e+00
4.036145269787725809e+00
8.093207906066185231e+00
4.696285545317966381e+00
-1.284160809183788388e+00
3.610326954372187203e+00
7.322544380798298391e+00
-1.161490876791305471e+00
5.403113281857784500e+00
-2.118016565311874988e+00
2.332220052808649413e+00
-1.977531820456830403e-01
-1.938895820986558771e+00
6.191290104430454022e+00
5.375442871463777195e+00
-1.962093229800029093e+00
-1.574857415122732363e-02
-1.455671767907589675e+00
1.455607612971025588e+00
1.198747121640927560e+00
3.020324306581910534e+00
-2.143369039991296798e+00
-1.262936392557052478e+00
-2.044165261725455984e+00
3.651959213206612986e+00
4.925577503143212965e+00
5.381949870368114119e+00
2.311691714169461065e+00
-2.063092359498086559e+00
-1.120619971185762509e+00
1.050107306335039681e+00
-1.331078654214365997e-01
-1.101635360525295759e+00
2.082120575757625325e+00
6.229398065838662291e+00
5.098371256263090956e+00
-2.561593868458373890e-01
6.283432062605449175e+00
5.457255899118070630e+00
-3.015641037644725131e-01
2.805665816496015097e+00
3.535734010632493707e+00
5.142154236583683868e+00
-4.879577874498615131e-01
1.624111420542205586e+00
5.683247039260823641e+00
4.032973854783687528e+00
-1.447272698308903038e+00
-2.080268471875482916e+00
-2.734856331165391286e+00
3.841216631983735752e+00
1.060909739369715332e+00
-2.788254682890713099e+00
4.635194254954505766e+00
7.360216086548904357e+00
-2.596623059884024531e+00
1.352138050440983008e+00
6.749983255588405839e+00
2.180679209341724878e+00
4.920904277150079054e+00
1.853367297416173010e+00
-1.697975369050632288e+00
7.196882208637921607e+00
5.797957641305451659e+00
2.615896690820235904e+00
6.191706244693218508e+00
4.269394487932133941e+00
7.076587873003976625e-01
6.869244434138328970e+00
2.104842777158675737e+00
4.957056675118350242e+00
-5.060422338735648395e-02
5.203221511956495959e+00
2.262350189239546339e+00
4.940859542764465928e+00
8.823269733950933613e-02
4.373032179716490830e+00
7.455079607602840497e+00
3.198093324561680717e+00
3.650762863718991724e+00
1.260593536346954480e-01
-2.258018582363835680e+00
5.662211702965848303e+00
3.624679289126232717e+00
1.147176890035749963e+00
5.578162873909807473e+00
5.259096689848885120e+00
4.334607991619435552e+00
-1.505890375647700896e+00
4.780984159337004158e+00
5.876395238427754464e+00
-1.661103478205758766e+00
5.743314432727864016e+00
-2.704061044689074933e+00
-5.234154629864189445e-01
2.386360664915379459e+00
5.169296104166201999e+00
1.868828282663209883e+00
1.178097628624510840e+00
3.349635233351154540e+00
3.845206037225405993e+00
2.486580105082041747e+00
-2.476657788356004364e+00
2.771332884837629962e+00
2.075501923762669065e+00
2.822729951748294219e+00
6.980409913682732892e+00
7.690803454691842234e+00
9.405515237096011560e-01
2.555231397908789504e+00
3.312155593141259402e+00
3.845498147119034371e+00
1.962781002881026637e+00
-4.221747958697630310e-01
4.453408370520273607e+00
3.099588536228885971e+00
1.249595885664094297e+00
2.876392094726283766e+00
-1.037588721636445221e+00
2.981068851200068259e+00
1.985003152136479265e+00
6.253372460944829569e+00
5.707773780060541924e+00
2.000977527041509774e-01
5.945998689651126767e+00
-2.873267005017054565e+00
7.326838069245892981e+00
1.333953647682191601e+00
2.819621760089067841e+00
-6.078906673402695304e-01
4.263252331699519004e+00
-9.273180903935687169e-01
7.591920699177808984e+00
6.113042801741270793e+00
3.104108754272084880e+00
5.262896600521003165e-01
4.472324759333810462e+00
7.403852852070777146e+00
-1.592539813418643924e+00
4.523103989091071142e+00
4.128055418890669515e+00
3.357667312836815299e+00
5.714530926386220955e+00
3.254710696167553152e+00
6.880332476895038241e+00
4.464306931617192831e+00
-1.254973405842021883e+00
-2.113266326325661915e+00
-2.370931592879557570e+00
2.465088922902859636e+00
5.657805327940844009e+00
-1.438101749938389240e+00
1.192303804847140825e+00
2.930537982312820589e+00
4.618026259614577356e+00
-1.508680152178173195e+00
-8.076307154536630506e-01
-2.982052057851456439e-01
2.961272054767949413e+00
6.603053256310008834e+00
5.455974897574808580e+00
4.778168672732142852e+00
-1.065854571546080987e+00
1.565867935396433097e+00
2.482411492168614231e+00
5.422350014252341310e+00
7.104581820688236959e+00
2.577802297190249448e+00
6.318976160020847388e+00
6.259479437277894576e+00
4.849262600128946943e+00
2.531362186614476428e+00
4.342050285542395471e+00
2.265488305793028623e+00
-3.002984974133331875e+00
3.354864308150844465e+00
5.583826858992068765e+00
1.459343175937807047e+00
4.537050001878512262e+00
9.823697595872795674e-01
-5.884844277222542885e-01
-4.737643834746148030e-01
-2.992423754940443104e-02
7.840361793551764436e-02
4.440020612077141493e+00
-1.566040345024258151e+00
3.854304564358658425e+00
7.808369812416957600e-01
5.898953534306802027e+00
3.574518612018758645e+00
1.713595724671267639e+00
5.432987928054096471e+00
5.008809655106846392e+00
1.406612295141433933e-01
-1.091584677679733772e+00
3.553095711321940797e+00
-2.377427722244115138e+00
2.381698036793059359e+00
-2.204392872093824618e+00
-2.506495489182747782e+00
9.290345326006539395e-01
3.908979228308604448e-01
6.998644512781343252e+00
1.812367002827884654e+00
1.404094443674148707e+00
7.691060384766142732e+00
-1.013298689982144118e+00
-3.536303222181276240e-01
5.732203377046070969e+00
-2.189563133628888991e-01
4.869612641599459835e+00
4.071758797306397781e+00
3.421982369183679040e+00
-1.198997649386349451e+00
6.098396400521687966e+00
4.861058518019126140e+00
8.868298468334483431e-01
4.090717268173854393e+00
6.792061349690186489e+00
-1.207120923054439299e+00
1.277262215936313616e+00
1.822510863184086283e+00
-3.425829876876429481e-01
1.414119379889129391e-01
-2.041682007892391848e+00
2.884351157931737575e+00
-3.348421396276668460e-01
-1.832860586131579428e+00
1.602917782538122893e+00
1.313478385075452337e+00
5.151620326435361719e+00
9.006709934979433285e-01
2.110529069457934170e+00
2.595734058350068096e+00
2.791767594480745629e+00
-2.389925828730302459e+00
1.376435527144950655e+00
-1.542966332136086027e+00
9.373220619731839065e-01
7.068896080645171054e+00
9.613597505723348036e-02
-5.135326032416278608e-01
-4.988691383247685351e-01
9.375417516933381989e-01
6.612379981512582106e+00
5.817163084493492065e+00
3.233927384074108957e+00
9.846530061681448842e-01
6.076465043126813015e+00
7.450644431349678243e+00
-5.099568419993980584e-01
7.205826385993040262e+00
-9.306876833259281057e-02
5.025760089249358131e-01
4.819300091176554446e+00
1.907965874077143908e+00
-1.264417011744090047e-01
5.686200300245081607e+00
6.633601235997929280e+00
-2.266276777294353284e+00
1.475699326465541361e+00
6.168991373743446971e+00
2.032317165294386996e+00
4.407459302946996615e+00
1.478756420247781200e+00
2.336815207488847079e-01
6.449191600280629544e+00
2.729387092929320247e+00
1.459146243714168456e+00
5.521586821264419243e-01
-4.207816450839327871e-01
1.793804253712277585e+00
1.224523698493695356e+00
4.685570701378441782e+00
2.038152280459967436e+00
5.873354984294675063e+00
3.480321264309564455e+00
2.296112913380481402e-01
8.332751206492394758e-01
6.483631609634711523e+00
4.899744745675270963e+00
3.302822911372329528e+00
1.742835152515617381e+00
4.178132619079907073e+00
2.141959839168059432e-01
1.463388349855141435e+00
-3.863463915796288006e-01
1.220635848384191036e+00
4.324531659254828853e-01
3.413579860558970225e+00
7.128028468853720767e+00
7.113040258116893000e+00
5.899377613251258978e+00
5.230300965995402507e-01
2.726477815451403330e+00
6.633073559434258470e+00
-2.226673991512126971e+00
6.296832138842473725e+00
4.162973234515725096e+00
5.772778684115728254e+00
-1.738166624017619455e+00
4.437429464384326394e+00
1.927808206048860384e+00
7.046756474400854842e+00
-1.029171829458351173e+00
1.624431472988964842e+00
4.100495669699348866e+00
4.516069457338236504e+00
9.253736502981526613e-01
4.743557218041758006e+00
-8.691487268376345554e-01
1.934885440924008826e+00
6.583980873623131558e+00
5.332666354709672873e+00
8.921222602266922763e-01
1.666064837407951416e+00
-2.424758141913509135e+00
7.823945316103349867e+00
-2.892346969756420805e-01
2.260897153402791737e+00
1.975278388157066800e+00
7.000034335134042607e+00
3.953919768508422194e+00
-1.564317924361358525e+00
2.831555844597103189e+00
4.523278836539965653e-01
-2.518300482109170790e+00
2.562629093415009329e+00
2.720892534929903128e+00
1.083423556435281654e+00
2.736779108997603238e+00
-9.739646590632098366e-01
-9.210395433843467927e-01
-1.903672224970717863e+00
-9.839717386490294260e-01
1.388694115030354226e+00
2.861190309909446228e+00
5.448881493719195390e+00
-1.226418441177998364e+00
4.319366305643951520e+00
3.614707403764505500e-01
-3.097544926163173784e-01
5.237714420828023520e-01
2.766218623532008536e+00
-1.056268447592288329e+00
5.919747161712800576e+00
6.349256131290934135e+00
3.343837221039898111e-01
5.008596954927620359e+00
3.746744651830335116e+00
2.741809798961492461e+00
-2.098148384768112606e-01
2.767259936469980808e+00
3.816323275710335139e+00
5.800034995426226914e+00
7.216088074897971438e+00
1.823303585715001063e+00
3.047859967560450301e+00
7.045828037892100326e+00
4.950393265247086561e+00
2.552088611670884077e-01
5.949452365950591570e-01
6.080525546401187142e+00
5.205118125355285841e+00
2.219404698475186066e+00
1.860940475058026067e-01
3.343429441473441344e+00
1.272006142511594717e+00
6.168474773309826631e-01
2.456747197234755653e+00
2.405204217731266247e+00
1.214241444216350274e+00
-2.689776159368895581e+00
5.479607955313603895e+00
2.845347921070998432e+00
6.024222488048508239e+00
2.347030036827882249e+00
2.211797561028072678e+00
7.362497405035057341e+00
4.260942136805308422e+00
3.333931099698943967e+00
5.304685195173197698e+00
-2.612908504756739525e+00
3.127914977759765236e+00
1.118591910142892054e+00
3.481689378206404228e+00
5.156347242751945004e+00
-8.037355807923658446e-01
2.209959643785733618e+00
1.687708995085348107e+00
7.552058680161863435e+00
3.201752716985801328e+00
4.126478333151569089e+00
2.282065530464458369e+00
4.791656179502416180e+00
5.427803158647616755e+00
4.383076307740742195e+00
3.838757825076504204e+00
4.452561498798848660e+00
-1.407966877133593808e+00
-8.307589611309644795e-01
2.155112754674116005e+00
5.581123556799848728e+00
-2.451160729034830954e+00
1.817847007255010361e+00
-2.688553484890610967e+00
1.276188958091210246e+00
3.983199744695529176e+00
6.628232505697056354e+00
7.250121040225925739e+00
4.821823925586230075e+00
6.889469944087228015e+00
8.632367646608676282e-01
4.293610639076918645e+00
4.008287336064867645e+00
-9.521898184206252225e-01
1.764818101340575041e+00
3.945073762566924103e-01
6.297880830330901958e+00
1.746994267245554511e+00
2.190321702685856131e+00
1.870858147609785860e+00
2.830210896097034912e+00
1.693441362177870779e+00
6.195124449765884833e+00
5.829466239550020745e-01
7.512461400765708674e-01
5.907230235904529891e+00
6.613208787721118753e-01
-9.067615704649139019e-01
1.177943615559513546e+00
2.948731115604413588e+00
-1.612734608444386097e-01
-2.958687130658530506e+00
6.504660029761870632e+00
4.514519926548565820e-01
-3.274438501480121388e-01
-5.591569120961370487e-01
2.705239376871691803e+00
4.046787624808956707e+00
4.620584443271646080e+00
-9.504232778938961346e-01
2.278456810717000458e+00
7.503012629938483613e-01
-2.397765285797524459e+00
-1.192470399826066174e+00
1.695430125320105397e+00
-5.394320447930320839e-01
4.292102780024498188e+00
4.220785127975762663e+00
3.859084185955028445e+00
4.715709289251758918e+00
3.177276207117541773e+00
2.224738903334229079e-01
6.940712456483648651e-01
3.281470155593410709e+00
-1.300211758804938000e+00
3.964968847882664349e+00
3.196025289146930959e+00
5.248771228336984507e+00
-2.664984349951999842e+00
2.011530597626641104e+00
3.131958761069597585e-01
4.225832936898587633e+00
2.387975858085829906e+00
-2.536226045025043785e+00
-1.133491168686798112e+00
7.363656172350548701e+00
4.585030960982127368e+00
-9.524688924587909611e-02
4.657780046315115996e+00
1.094274758020737259e+00
-1.699283548060927185e+00
-2.085042779553054615e-01
4.476157766195484555e+00
5.086721566463168642e+00
6.017465066496132664e-01
1.720195773942879924e+00
7.344802447703361992e+00
1.733608149034122192e+00
5.078029975126305828e+00
9.112173030894403780e-01
-1.251827857272774569e+00
-2.773295859808060371e-01
2.716533763370405197e+00
4.987824353237748198e+00
1.864159973114936086e+00
2.263132198397248551e+00
-7.029980077754753864e-01
6.080790401621591457e+00
7.606277130975877654e+00
-2.790829630788841165e+00
5.888024045673013518e+00
3.840682547779426415e+00
6.117836418613475047e+00
5.971333843286531717e+00
-9.672198323723728564e-01
5.236542157418416110e+00
3.452653549632469066e+00
-1.638589845590014082e+00
-9.938691023364514265e-01
4.152501390547032045e-01
5.335487691751289674e+00
6.288588258535652287e+00
3.518658149392592804e+00
2.513466623737794947e+00
-1.195176121642242073e+00
1.524453210650190016e+00
3.729503879596894222e+00
-1.555469660009072719e+00
6.568896707527828838e+00
-7.894520505436455338e-01
1.348911317720553171e+00
5.619699398208883423e+00
-4.888056390093717951e-01
6.545141294453275194e+00
2.216751808459391349e+00
1.659071250927617314e-01
5.321493345332799052e+00
6.401819840048489141e+00
7.127653753763528499e+00
2.697994202655491947e+00
1.932632229954402092e+00
5.624177578597908678e-01
6.539835772060802910e+00
3.487819902013875151e+00
1.744398180908675045e+00
5.245392861066285661e+00
3.671050221553075588e+00
4.171473669267866669e-01
7.999291653224782195e+00
3.567388755859592919e-01
1.512770699883782655e+00
2.554492490280663830e+00
7.463994464759167613e+00
-1.460346849887011356e+00
2.687823344903272016e+00
1.046208404047124674e+00
2.128350270347160844e+00
-2.117035554050614721e-01
7.828411663795577624e+00
4.480867476634342594e+00
2.714669265497980710e+00
6.928273848309874694e+00
1.763402537588006247e+00
4.999760018301721232e+00
-1.973941944922756875e-01
-2.162724380249638756e-01
3.645070959381229159e-01
1.982389287159380231e+00
6.896944630473340609e+00
3.234982936010810661e+00
-2.548084841857606975e+00
7.248009335791483210e-01
3.067584966777332056e+00
6.412830297942692326e+00
7.230397600206517339e-01
2.311125164158100986e+00
2.542554449911627934e+00
1.480735511744783572e+00
4.458733010278029596e+00
9.664275191030675671e-01
6.300622810231855553e+00
-7.139095996140305544e-01
-2.199218937445532873e-01
6.896831478747811772e+00
-1.090820145216344628e-01
-1.984769861249847889e+00
4.843092467125527989e+00
-3.016349892083526107e+00
3.574744251066288570e+00
1.837549163026979571e+00
3.834288163622868950e+00
7.696172481902813445e+00
1.994605755965213056e+00
5.883448630066139273e-01
3.810775745645766932e-02
5.672264287946962469e+00
4.496049555713085510e+00
-3.040436255819358724e+00
6.228401479048081057e+00
7.836319982963491526e+00
1.546425831806472750e+00
3.204864619942979331e+00
-7.859326894345510794e-01
3.349583193424571448e+00
2.070701812532273145e+00
3.641429010950204770e+00
4.286238034744162206e+00
-1.528956797867120798e+00
-8.374918490268594695e-01
-3.149652563853753584e+00
3.308178331452612753e+00
6.144792985885926484e+00
-2.790110001377563709e+00
1.436167142206888236e+00
3.493102319365002373e+00
-8.436565901471535511e-01
1.032943376503736133e+00
2.218424254714162380e+00
3.660671197187944870e+00
9.462530383719789384e-01
6.030609782411310960e+00
3.064889196627973433e+00
2.542266795049346939e+00
2.232553314680405521e-01
2.269691162259739770e+00
-6.674225615956457247e-01
-1.635888360773947170e-01
4.070075189193687493e+00
1.919821711685044896e+00
4.403242198460684875e+00
7.823712140749057298e-01
-6.541402991629619024e-01
2.375344106369266406e+00
2.999969838486111762e+00
2.026570785832833010e+00
6.133049712313756174e+00
-9.396829857088144777e-01
5.731797816258303868e-01
-1.165698454331120182e+00
-2.673737375760502744e+00
1.310173337311201003e+00
1.687945877680483875e+00
-2.074065716765172152e+00
-3.122983298489351522e+00
1.867544680157610770e+00
7.301141588191935483e+00
1.892400586906770599e+00
7.835358363780443369e+00
-2.157436740160409094e+00
7.684636704809150842e+00
3.208008770516238783e+00
-1.580200750682645872e+00
-2.405389456935633774e+00
3.736739481566740295e+00
4.904684512443276745e+00
6.724444593512409085e+00
4.346195837309672072e-01
2.769537747245846226e+00
6.621664227960678772e+00
9.673226259833809237e-01
2.325651048082352901e+00
5.462419326750779902e+00
4.402155290004532873e+00
3.364100772778993331e+00
-2.101012590437449035e+00
4.013313179719707691e+00
-1.239060189954249491e+00
-1.839397453027527440e+00
3.697101138436533319e+00
1.403066782255793399e+00
4.447671833353803450e+00
-1.528145087891025877e+00
3.626261191828417552e+00
-6.314829026749055885e-01
1.728487985852172670e+00
3.311590721524586556e+00
-1.627989818306470049e+00
2.225276896018524297e+00
7.086338394124451767e-01
5.754742754562268914e+00
5.327393181786462151e+00
-2.831757043397659768e+00
-9.813700789406283320e-01
6.829226995498236974e+00
-1.596195111706864012e-01
1.359954064018236153e-01
3.969507688729510875e+00
4.899324357984340850e+00
4.223784658192794694e+00
4.522557573031955158e+00
2.999753457739211981e+00
-5.538257262784789248e-01
5.675205691102046757e+00
-2.012676579314476299e-02
3.572784797842224691e+00
-1.421361685578492740e-01
6.440025911222132748e+00
-1.606874067366561132e+00
1.128654803281329499e+00
2.451026345576217125e+00
-4.224699409516663451e-01
3.766819957996602852e+00
1.584291092820071967e+00
9.679447711847730673e-01
4.208289488770518005e+00
2.496973036000699864e+00
-6.620720853117258997e-01
4.144384763597495080e+00
-1.665203187464819212e+00
2.432039704560630788e+00
-1.058512864676302012e+00
5.098487904127608772e+00
3.835246605405902898e+00
1.553757263906272001e+00
3.714435399896636625e+00
-2.592199263412903854e+00
4.196343704466585223e+00
1.863979794105702581e+00
6.155868875525932538e+00
-1.671109920662550596e+00
6.893635510314654269e+00
-2.754298189606265268e+00
7.490851762653738533e-01
8.542269945993599123e-01
-2.012456477110873276e+00
3.733770704422667563e-02
-2.701974030325980269e+00
5.954623824975387336e+00
5.921666390018925696e+00
2.074819541061489581e+00
-7.543540571055284971e-02
5.616853938325586881e+00
2.646301771367130407e+00
2.358178966518847730e+00
-2.038159441452207510e+00
4.675767794010786460e+00
1.998066811829840361e+00
-2.075218140637674846e+00
2.796716133931126613e+00
7.575943881515120992e+00
7.406717204202337257e+00
6.395132179235364589e+00
5.901412061309430968e+00
5.734927494047663998e+00
-1.892945972063380999e+00
3.824143030813893063e+00
2.990559380227864494e+00
4.459025288071837068e+00
4.455037994230647058e+00
-1.686141525928968044e+00
3.439626080438305422e+00
5.276578328870646928e+00
6.311127681802403799e+00
5.690243823585698024e+00
-3.668173767273312791e-01
-1.807047395333631457e+00
3.469445762968970115e-01
6.724032833865843273e+00
3.386826012974637479e-01
1.576614670058228640e+00
4.467297071125123864e+00
-2.146733323466527121e+00
3.101576768745196944e+00
3.855877457681589959e+00
2.880318109185504127e+00
7.157449427212174697e-01
-9.601180015201373763e-01
7.384563406239726291e+00
9.145501644103593009e-01
-7.750391601876049918e-01
6.826141503867553695e+00
5.229354047856118015e+00
2.533756666666667989e+00
4.682545034609255197e+00
5.464773721026105591e+00
2.886420678609289858e+00
3.849250168417881923e+00
4.576286809203544692e-01
3.736149364593543964e+00
-1.094968767712718893e+00
-3.073864596610530686e+00
4.074170458741633638e+00
6.961752567293448379e+00
7.003484103670665206e-01
3.255450862007217339e+00
-1.345173317638534982e-01
-1.469455688919546699e+00
-2.113163935773044066e+00
4.930798177365725010e+00
-1.210287110388999388e+00
7.018234839166572314e+00
-1.411563840745167386e+00
-5.716587817390088588e-01
3.777922693434444312e+00
3.366382470676732908e+00
-9.252964367682743330e-01
5.065493116850937838e+00
2.743207094873599594e+00
2.863467041351897890e+00
4.284457833478306554e+00
-4.635644043707847217e-01
4.808630264702477675e+00
1.169649029239081095e+00
6.774397381145854879e+00
6.209165243114384225e+00
4.839986342122763574e+00
-4.279339970798412551e-01
5.555442017360487483e+00
2.210164114020229498e+00
-1.283347343974440058e+00
5.804691319806517313e+00
1.621533699962719233e+00
3.273650327060801501e+00
6.910301135606804479e+00
7.652149444422192914e+00
8.141322597675628714e-01
4.110049725433938761e+00
5.411871638397110829e+00
1.737215590691194578e-01
1.680143069583736271e+00
8.383313975506343496e-01
-1.926809285160082208e+00
2.069711387401571123e+00
-2.686641267049370008e+00
-2.970964796255381568e+00
5.050725191269629377e+00
4.655598208061805465e+00
-6.018636077567869336e-01
4.443334570711339637e+00
-2.130591839987827640e+00
-1.117824368352159148e+00
4.351409962233976358e-01
7.596189502431801799e+00
4.204453251472259012e+00
6.639760131454014669e+00
4.087273051866526785e+00
7.204074792543799788e+00
-2.808730639549751107e+00
9.173945396830109900e-01
1.792757486881839668e+00
3.689639123896354178e+00
5.940406606373539233e+00
-2.771154380423737962e+00
5.369909374415341219e+00
2.578187809723731405e+00
1.438211451861787005e+00
3.146469657769564776e+00
2.381653167478074096e+00
3.426474220218905131e+00
-4.112135876623241870e-01
2.413816219262149509e+00
4.165416006007047756e+00
2.346577302745108007e+00
3.247647706454172223e+00
2.765750890645513493e+00
3.897977504600438792e+00
-1.975053146885594302e+00
2.717266967671087663e+00
7.314599597212172455e-01
-4.821028682487167316e-01
6.386332193221909037e+00
9.505775436372951859e-01
4.204016318090296522e+00
1.553593899179642968e+00
4.104245982042886709e+00
-2.389816770436879789e+00
6.380918498226968438e+00
2.052270141015974048e+00
6.420479408528670717e+00
-1.080319486541221341e+00
4.420455650772893819e+00
3.714781112051452894e+00
2.596303907514107223e+00
4.763952037305429599e+00
-6.780184948520009414e-01
7.613953764039695926e-01
5.289533078614031325e+00
2.224656042089390162e+00
7.154545669781720463e+00
1.952689573560435932e+00
5.028774326324313648e+00
3.215972035431134302e+00
4.163479040287365152e+00
1.169711706496571857e+00
-1.038084092319875751e+00
2.406572312896689603e+00
-8.339793661639278710e-01
6.770496672158543561e-01
-2.554229400381364812e-01
3.953717631931509047e+00
5.927107063829886613e+00
7.570761568756942950e-01
2.125323654279283048e+00
5.707793903082498232e+00
1.525178516686427344e-01
5.957099101352959281e+00
7.716313446516602781e+00
6.211405364599043466e+00
9.854553698430725817e-01
-1.195653723052225281e+00
-1.114742294296774183e+00
3.118564210160599259e+00
3.891558419520961820e+00
3.019883302421240145e+00
7.985142859853961994e-01
6.596655773776102905e+00
2.891835316203684947e+00
-4.514748050961463477e-01
2.292117990651306947e+00
2.351241061271972299e+00
-1.021788109797292954e+00
4.828064411067218842e+00
7.378891966334592212e+00
4.651264363246959022e+00
7.100200942755597211e+00
6.176440503793115155e+00
2.314467482058404357e+00
2.057393455143738947e-01
3.567272719559500871e+00
6.386516539233261014e+00
3.390781096543078021e+00
1.799296158706996884e+00
-5.792151666552882716e-01
3.568500186287486997e+00
2.336290747332123274e+00
1.267783434029609246e+00
1.072727898285236847e+00
-8.700395721504197155e-01
5.700080914589289449e+00
6.739636610862280719e+00
-2.088394763609713767e+00
2.658419982275693982e+00
-1.158314888156662725e+00
-2.294739984261533916e+00
1.264321958445250971e+00
5.265124140857135870e-02
4.314295155187499731e-01
-1.800978587333578407e+00
4.476159303837976111e+00
3.975784998711343832e+00
7.061096577570614485e+00
4.263081921782598371e+00
3.351548447657943797e+00
-1.962156725361899667e+00
2.416795030386091447e+00
-1.375236016232384006e+00
-2.114547466421124788e+00
1.274199976888629848e+00
4.495657417117893573e+00
-1.258846468639842175e+00
3.628635767028928427e+00
-5.946257283488156631e-01
-3.526577064983440479e-01
6.798828239928443651e+00
-1.066104990572418032e+00
1.070300565230863477e+00
-1.542038131056953087e+00
7.224698095388903951e-01
-8.707612673383717805e-01
-1.078922709041574279e-01
-1.345102930775925465e+00
3.585258199849437943e+00
-3.705115357369592743e-02
5.130688149058951097e+00
1.591867784488224302e+00
4.762568947471036651e+00
2.412459827146990143e+00
-1.206414613923048051e-01
4.423385608385887124e+00
4.239174422170632894e+00
-2.130191873073342457e+00
1.882688787627209592e+00
2.615133622020670678e+00
4.158393838055028269e+00
5.784255563843245795e-01
7.796378628516258402e-01
6.911257629581191608e+00
3.742491003276937178e+00
5.912486101603487754e+00
-1.224639137435730163e-01
4.416990668719577684e+00
-1.755770121603455358e+00
3.726005160382486636e+00
-4.379461043010701715e-01
6.697957136466008876e+00
6.588219999393002624e+00
4.342085512317996887e-01
4.365741544039360988e+00
-1.820926426376940910e-01
-1.227167367305114887e+00
3.971975474176305809e+00
2.590134905714876368e+00
2.214594736515162587e+00
6.734530376769079396e+00
-9.932331610627098684e-01
-1.240353531546363186e-01
-2.271331035288143951e+00
6.552947395415735343e+00
2.835911468917863942e+00
3.451272000939120232e+00
5.748969500627580942e+00
7.641238656022270703e+00
3.638402270380494130e+00
2.133143100950336546e+00
7.934915285577236688e+00
4.921931314497914656e+00
-1.229880941289751561e-01
-4.283105880364281859e-01
-2.191305149101499872e+00
2.412829047337239352e+00
7.199917120573195106e+00
-1.318922499863285136e+00
3.841850920383201640e+00
2.892767670226172427e+00
3.247486005746285542e+00
3.011062066423566108e+00
3.841922424748126730e+00
3.984728660973921421e+00
4.703770417364673051e+00
2.719472603192450322e+00
4.906247487163174270e+00
3.635205097064735824e+00
4.932115312396256002e+00
5.099327073505248720e-01
6.426439538321195855e-01
-7.318712286154749336e-02
-2.360760726463704273e-01
-9.337602420387121072e-01
-9.141988735937873756e-01
-2.254277537318403191e-01
-6.844645063825200992e-01
-2.077889488126341444e+00
1.988887958540548340e+00
1.827078513532816473e+00
5.034850236785224809e+00
4.265767646175309125e+00
2.734735786850951200e+00
1.623612575866159702e+00
-7.338264235450076001e-01
-1.159679399295891145e+00
6.429055901808641948e+00
5.176152222173724837e+00
3.299541755438532675e+00
-2.827236211923364717e+00
-5.893660082699634373e-01
5.392202963870127874e+00
2.748667347736975408e+00
3.203883510889351527e-01
3.592184631318762200e-02
5.328159407997103969e-01
7.462297777046407177e+00
5.715684866890150317e+00
2.745967429773434887e-01
7.203451556791186761e+00
-1.081829801336944730e+00
6.450227977624471976e+00
2.697660053161913929e+00
1.230973689959904860e+00
-4.292672266005848059e-01
3.416102048768031807e+00
6.730255924036953274e+00
-1.293030070255322794e+00
6.637928801441571380e+00
1.446425689252429869e+00
6.958726863154883091e+00
-2.721761402186594125e+00
-6.686332883278822692e-02
6.366571297821570496e+00
6.745428725963876104e+00
4.626675615347393133e+00
-2.646347883503327836e+00
2.165452566948268043e+00
1.364538373576944963e+00
1.750917244602612222e+00
-4.172176798177913426e-01
6.568456800926414374e+00
5.434111128197605112e+00
4.259711812408536247e+00
1.945117181789070671e+00
2.914206539046358735e+00
-1.013003809622535112e+00
3.324217435274743337e+00
5.891048270322727376e+00
7.611918631569070115e-01
6.113880863935081678e+00
5.976731173658736296e+00
-1.964441944160796982e+00
1.985183034230249888e+00
1.740977252715087964e+00
5.700172268496670469e+00
-2.047278912697460651e+00
3.037770827036847976e+00
4.573092465920732153e+00
-1.993245362987262403e+00
5.188674486701028599e+00
4.280119883484188037e+00
-4.679774229345685654e-01
7.099719584373973547e-01
5.232410146606888190e+00
7.672542025075681948e+00
2.039737428103086003e+00
2.074303287199121826e-01
-1.141082753276614792e+00
4.649338030690648438e+00
6.233274885230452256e+00
1.785341382523558451e+00
6.664651738387529889e+00
2.950179577601362624e+00
-3.711806864750855084e-01
7.642564514677205878e-01
-2.692515549396915286e+00
6.629414539224981695e+00
1.682524188321248282e+00
2.904844907388595132e+00
-6.983898972262121418e-01
9.223900299673175596e-01
4.388807021041678524e+00
4.911037546180125446e+00
-1.959348913911719059e+00
1.922060407745076915e+00
5.253883746939452593e+00
5.916088279345801837e+00
7.106007283747715064e+00
3.427143422822679142e+00
6.312990665385379785e+00
6.428793735239624496e+00
5.656580043639145572e-01
5.114102294831367246e+00
4.079026878830365632e+00
-4.144371439498755194e-01
2.071948976580038959e+00
7.582725620089707519e+00
3.784072522531726435e+00
4.269624601011807741e-01
3.908062695075404491e+00
-2.068263985766591873e-01
2.495551004167522180e+00
3.252382906656499983e+00
3.150165662672776534e+00
2.138064179249174579e+00
2.718223487052956244e+00
-1.847566456106778610e+00
1.805856510949420901e+00
7.866563769375273907e+00
2.988313356161823364e+00
7.125241000915837120e+00
3.808028385671233806e+00
7.295021122173700689e+00
2.077029781039173351e+00
3.977565265932032190e+00
9.597405563141032658e-01
1.855915753798088375e+00
4.416686654034018389e+00
3.081509944485347319e+00
4.950925547817458749e+00
2.011846818962154337e+00
1.585626919980270166e+00
7.563530588926456133e+00
1.788445241132464503e+00
5.870123851599704068e+00
2.025165747118331083e+00
3.185614557924363766e+00
3.081032698114267276e+00
-1.244823219091104161e+00
3.084926022695313463e-01
7.423524049397411062e+00
5.428470882779373952e+00
1.209057011416265759e+00
2.461806853240148030e+00
2.498485458032605244e+00
3.448338751889163944e-01
2.281976697522543951e+00
9.136674720748327871e-01
-2.509664602822615720e+00
1.203870773920190373e+00
4.758346402466452574e+00
5.310786831472213976e+00
-2.088509521365715216e+00
2.649986155298428514e+00
4.692688641382206427e+00
7.343789637614399624e-01
1.634057537804235238e+00
9.335018807746120473e-02
1.605033646400402247e+00
-3.331808769401831682e-01
2.573163757412913810e+00
-1.844883406396178316e-01
6.964580399574259673e+00
5.599960743686880349e+00
-4.079658502402230269e-01
5.024012964325079267e+00
-1.808702395204447200e+00
-4.548113231935841938e-01
7.168677317506915614e+00
2.696847552598490516e+00
5.811276696748969073e+00
7.387055337953016831e-01
5.785583565434617270e+00
6.928159811684544422e-01
5.392640400281583979e+00
-2.941496604370054779e+00
1.345442444757539491e+00
4.554499106682005305e+00
4.385154609777993429e+00
7.027363255500176820e+00
-3.783690603810700992e-01
5.014594675725737360e+00
1.747382747226408739e+00
8.312732291776665505e-01
-2.203607542860174462e+00
5.720559090563508420e-01
-3.480951102918581341e-01
1.378643070777309632e+00
-5.563924116959269028e-01
6.565095637384530392e+00
3.573427355416111340e+00
4.860040374207617475e+00
2.129246646240201102e+00
1.343088475388594105e-01
4.052866084374402433e+00
5.164892270989209777e+00
1.795379497415053649e+00
6.509889066832188931e+00
4.902694959628277616e-01
1.107498465184034941e+00
4.318226608482580886e+00
1.570867966553752382e+00
6.587631320429021997e+00
3.645040913401382809e+00
7.865415841422132459e+00
3.858406321971186159e+00
2.055229224442968849e+00
2.287327799092953917e+00
6.406477448906501948e+00
5.091348491488085770e-01
1.417997786592119169e+00
-1.572698374949838218e+00
6.004834855897748014e+00
2.029635827893202737e+00
-2.114157380763016292e+00
1.208164178960407398e+00
6.861080251476867176e+00
1.978973757921051124e+00
3.122455462797562475e+00
6.395626780446828974e+00
6.558975013240175400e+00
3.051781834874233823e+00
2.126520150954558375e-01
-2.618033374519182388e+00
2.966691025228244349e+00
6.823578432006389249e+00
5.867973094221859753e+00
6.247697399383937977e+00
-3.426923671479018552e-01
6.717450701715188544e+00
5.272285867314881358e+00
5.229002843979717596e+00
3.887716467351179261e+00
5.635896704186697193e+00
6.474706429798564145e+00
2.662577188968992203e+00
-3.371752276053827657e-01
-1.267104607841211816e-01
6.081324115436750333e-01
3.057090214689575092e+00
3.697933016686619112e+00
7.404886521792882093e+00
-1.661198773204703993e+00
4.159786291815217751e+00
8.102196403861610108e+00
6.553989461693923602e+00
1.267606348969136931e+00
5.012118244535912481e-01
4.880035212720354565e+00
4.974715063550029015e+00
2.406183892463833018e+00
1.754426507594903484e+00
-2.203696445790959135e+00
3.663978390252633943e+00
4.093201111386655100e-01
5.043281033924770895e+00
4.533892348497074565e+00
2.797564810762700915e+00
-1.863107027425696671e-01
-1.011359472990053465e+00
2.523133075303229056e+00
4.661945167263755962e+00
1.032548084895219098e+00
-1.505121137376561613e+00
2.870378313034586348e+00
7.965341947658997057e+00
7.403702104292001707e+00
6.644944179444646437e+00
2.702957829709764503e+00
5.043575224570036042e+00
-2.838188562945358484e-01
-2.983169910455483631e+00
6.058405040813427789e+00
-2.474610588472714312e-01
4.253464484833230586e+00
6.494837759363436547e+00
-1.270924193824134463e+00
-2.695198520168663681e+00
2.817889175021865533e+00
2.412174200265390311e+00
3.975197497402493951e+00
-2.316499309680077889e+00
4.090016874822355319e+00
2.534849728025040605e+00
5.986257713921942170e+00
3.747252582912610208e+00
2.563667485349928832e+00
3.421947246309269275e+00
2.514179695453953478e+00
-1.991190067576482647e-01
7.313034328461903044e+00
-2.388232989523961791e-01
-1.128081530709457159e+00
1.119614616797438345e+00
-1.957032023542374155e+00
5.031365437484517145e+00
-6.648355394349749758e-01
7.991057628401096125e+00
5.006353948043310353e+00
-1.395902340701647315e+00
6.084185690577804451e+00
3.956127879645180201e+00
5.563528948945196007e+00
7.132383557041084288e+00
4.467453027043465141e+00
3.452901453720816249e+00
4.122140126492460865e+00
5.133094526503100496e+00
4.539754062486275998e+00
1.238474988197881821e+00
-1.526391492775132530e+00
5.589618313110682024e+00
5.480529432196048489e+00
2.722113259055809920e+00
2.546364309080084709e+00
3.394459409286103124e+00
1.914035101564727448e+00
1.526017867708260312e-01
3.190547852046728750e+00
2.914486565600494572e+00
4.314425204046326456e+00
7.596424577391536204e+00
1.366069934999687874e+00
-2.475081253469001652e+00
2.440724932587979623e+00
1.948146719587355413e+00
5.590895814432423450e+00
4.109816679261561134e+00
1.121695281858978710e+00
3.795037569288268742e+00
5.474994173679172960e+00
2.666414835289908858e+00
1.604465154304965502e+00
-1.919199671563376342e-01
3.767790655624292384e-01
-2.332557532646331921e+00
5.508961921757480340e-01
9.254034339685501820e-01
3.456094275478015732e+00
-1.905690366284257031e+00
-2.701783775809092347e-01
6.719740120766321212e+00
4.328827034550620567e+00
1.501017995615575806e+00
1.675064544956479828e+00
6.269864397144733204e+00
4.847140878839637068e+00
2.679928035753913029e+00
-1.050792799231005326e+00
-9.823443574414634227e-01
-9.617609486171616595e-01
-7.767066548761647482e-02
-1.396073768772541968e+00
5.823449232252075447e+00
2.563763625769571064e+00
3.187797701898881897e+00
8.760495026033137123e-01
-4.573777814863646540e-01
6.731960744161371579e+00
6.696761914719619568e+00
7.064559090469778369e+00
1.617156217678766161e+00
5.792375490824859696e+00
-1.340053408850747196e+00
3.958448534743247649e+00
2.161541755602117476e+00
2.603363593734140835e+00
6.520604170383359488e-01
-1.075842914633466485e+00
8.029059507591096434e+00
8.054157530561735001e+00
1.253630228427518922e+00
5.506673939530838169e+00
7.236186553690799883e+00
5.759216401505799610e+00
1.335644416229871290e+00
6.925229249089381867e-01
6.114510135903145738e+00
-2.770248191088847456e+00
6.118461535966449816e+00
1.365953164894081695e+00
5.551920362115584595e+00
5.890383000536090208e+00
2.285572295965554446e-02
-1.465370135401059315e+00
7.437541786359334495e+00
3.774334393593502313e+00
3.642629952376477576e+00
4.476839843414154529e+00
2.297513795834989381e+00
6.108301836135863638e+00
7.718729159984819788e+00
2.620968083202694920e+00
-2.942426152257411331e-01
1.526036751601010266e+00
3.096243047370586865e+00
5.432636369697313228e+00
4.622052653073899009e+00
2.744702773724952749e+00
2.696560090171721491e+00
3.471491964458730095e+00
4.641714455836966735e+00
5.987638073696604835e+00
2.387180586076635080e+00
-1.642599097020860821e+00
6.601941179155149442e+00
-4.048355767514735248e-01
6.972929677512258451e-01
3.926275165898388764e+00
1.313377974390521175e+00
-8.714306422442525957e-01
1.449899760044307762e+00
7.354740093746844565e+00
4.539653861445660965e+00
1.191621217046656689e+00
3.753566510894138730e+00
1.551145084964136167e+00
1.361202344430434863e+00
9.042259725034007545e-01
1.140449686391308504e+00
6.181281849879475487e+00
7.121584091797439342e-01
1.248367544874255053e+00
2.578536487636703178e+00
-1.116708081548305032e+00
2.158732058347681892e+00
6.340740271806447836e+00
4.015622981022596960e+00
3.987209232696917738e+00
1.826518379210263276e+00
2.444907278551974095e+00
6.792251555035289101e-01
2.061588817433276155e+00
7.700216813045370756e+00
2.051178301643448165e+00
1.355059267002933332e+00
4.486209525979468538e+00
1.718199647094036386e+00
2.713246160245087246e+00
2.001703649485988556e+00
-7.468008832073458336e-01
7.895939896389943868e+00
-9.921225897122676329e-01
-6.513274172775567195e-01
3.563063382144234126e+00
-1.584525682838901162e+00
3.737173024967482604e+00
5.419939704617808829e+00
3.778167041075818133e+00
7.359039240418391969e+00
7.806891054643502414e+00
3.309061683132771492e+00
5.566928699394836144e+00
-2.214065614013325245e-01
-4.508951866376680329e-01
3.216622140833656829e+00
2.174087854904408701e+00
2.077072028007902027e+00
6.337236330169114140e+00
4.787132843960602457e+00
1.958672280471615679e+00
7.200893459027991383e+00
7.273983390672606575e+00
2.752698409126495882e+00
-1.765339591997518109e+00
4.733784039239152364e+00
-2.954689133566192893e-01
3.726472618984502105e+00
-4.445157382358839726e-01
6.707467958658781981e+00
4.535577188067536625e+00
-2.147397119496890383e+00
-3.560743731420048519e-01
1.492517735349856878e+00
4.213283983447036363e+00
1.167715749974073347e+00
5.797142188039918764e-01
-2.569344740107200487e+00
3.075889692317925750e+00
3.741938346914018609e+00
-1.280388879760621546e+00
4.657076807700585519e+00
-1.022614675521238858e+00
7.466771250674645088e+00
1.961578825888924626e+00
7.038605875482474517e+00
5.604167997280251612e-01
2.128208333699451060e+00
-3.225620329428036115e-01
1.775366262653525595e+00
-5.159320853083286806e-01
7.616558439754292920e-01
1.135113718433889751e+00
2.182382063729013666e+00
3.635973967617788460e+00
3.639557191374963807e+00
-2.145698118277391764e+00
7.040403767534659352e+00
6.911181314011837884e+00
2.935564352930614795e+00
7.271331547069896928e-01
-1.517849003745467051e+00
3.856538696116910359e+00
3.716875269602830656e+00
-6.024826911200582558e-01
2.661712549587011090e+00
7.218861808949354142e+00
8.292451076183304792e-01
2.368709588543555178e+00
4.837969840000654997e+00
-1.862118318442906428e+00
-1.308200347932106489e+00
-2.146308420930163052e-01
3.668839131141528043e+00
-1.193662778213840703e+00
-2.340710680533526933e+00
2.107314023083407761e+00
1.271747591403245892e+00
-1.009970750065931622e+00
6.253851958630056274e+00
9.469406580349781777e-01
1.926681948274127976e+00
1.394467335163536603e+00
-9.103894651507200564e-01
2.706870757801324245e+00
2.984505989449239394e+00
6.063710963797371178e+00
9.053848404090221180e-01
-6.535397355369818584e-01
-5.104154384427133095e-01
7.661502863909714023e+00
7.884445728873453518e+00
