-1.730737616481690555e+00
4.722484721659370166e-02
1.422613925367983256e+00
1.405006506826884660e+00
-4.292985243412932306e-01
-4.440845207529013905e-01
3.129085794834596257e-01
-9.238617626365321911e-01
-5.747976187892511746e-01
-5.508250620704000511e-01
-9.422819898419270146e-01
-5.839146946804971705e-01
8.253803655546976259e-01
1.849602189964095977e+00
1.547729101654047312e-01
1.719377628859790619e+00
2.022524128420934986e-01
-1.127610650399157421e+00
3.178787269072103072e-02
8.351493323847636319e-01
2.885064817015425831e-02
1.310157913371035043e+00
-1.674843957991383192e-01
6.881993421601535488e-01
-1.358557415882054364e+00
-1.091642586249883529e+00
3.253790160470035886e-01
1.217381896025161225e+00
7.562289140564821821e-01
2.990816959693365362e-02
2.791899151045100780e-01
-4.370280954961272002e-01
-9.358560920011829154e-01
1.612746584105517300e+00
-4.222283256689811637e-01
1.155305570113097424e+00
-1.138014292520499016e+00
1.550177882953096997e+00
-3.231439434111553766e-01
-1.965735338187928782e+00
-6.258740522350869639e-01
-3.864509750297999702e-01
-1.258201018363176882e+00
8.033752131322753343e-01
1.253393960216819814e+00
1.452382276483346502e+00
-1.121652051942082728e+00
6.293065243040185663e-02
1.398409511488654111e+00
8.488319964800616901e-02
-1.827106257266149392e+00
-1.791832392244021577e-01
-4.505962521368438445e-01
-1.474893173462810125e-01
5.882362591024197229e-01
-1.404654804339329210e+00
2.096164964142008813e-01
-1.614567201336651880e+00
-1.100354200743219213e+00
-1.254758789662162588e+00
1.176167167029179339e+00
-7.447490554549398567e-01
-1.044525244058954527e+00
1.287417117588727677e+00
-7.076669830006387940e-02
-8.088990277336520762e-01
6.103207221523421211e-01
1.883521942038890451e+00
5.766113713585321321e-01
-9.154303026674845967e-01
6.798942698132020013e-01
-6.601202455126804480e-01
-2.433025723241026839e-01
1.137476891332368290e+00
-1.905098038332400101e+00
-9.917556443395794119e-01
1.843393218238601250e+00
-7.176260946065040613e-01
1.390283126862836838e-01
-5.090979589084776435e-01
1.540820018031543448e+00
-1.322131963439013180e+00
1.566589058350428942e+00
1.252353902210634473e-01
1.203147557329108608e+00
1.218031073044745227e-02
1.467795663435920162e+00
-1.146062050910607866e-01
-1.981518691905090890e-01
-1.681730414216966452e-01
1.374906536043381422e+00
-1.211493454548624893e+00
-2.302997032173808023e-01
-7.302800261984572217e-01
1.594564596211361263e+00
-6.554772720064505620e-01
-3.365860758327521296e-01
-9.337660599022159502e-01
-2.107489587475788184e-01
-1.573731961653646039e-01
-2.165867873088505036e-01
1.045836631907652858e+00
8.167101917903076824e-01
1.788472018587523138e+00
5.476329115085558641e-01
9.783133623039823590e-01
7.696108708243425411e-01
1.035569357963392889e-01
1.136054972580099687e+00
1.330744318048344255e+00
1.534914708776017989e+00
7.782371428581749129e-01
-3.863872342494811818e-01
-1.611376789508252028e+00
-8.592234114274299728e-01
-2.437032677947934545e-01
1.757505282627036536e-02
8.320165321199812780e-01
-5.746384294221904554e-01
-5.916926838819227541e-01
-6.642194534790117899e-01
3.236268708234391056e-02
1.563391163318326171e+00
-4.692945456123336356e-01
-7.667394172938184482e-01
5.672578528469296444e-01
1.038490566018301919e+00
3.258407525916471315e-01
1.336335302248484069e+00
1.188065565585346484e+00
5.167979282619583614e-01
-5.375719793237818678e-01
3.744984746321122770e-03
3.984245961061594343e-01
6.102476797781193341e-01
1.109607489640365152e+00
1.368541269961834672e+00
-1.231317130014101480e+00
5.323086204393598919e-01
-1.533871129931760890e+00
-5.436731574191071559e-01
-7.546515334963341815e-01
-7.107338743151609961e-01
-1.021437529501405983e+00
5.506498061264757382e-01
-1.036317801151971363e+00
1.322468485804204619e-01
3.216576012879119872e-01
1.348955898646771345e+00
1.466292791760075431e+00
1.000771890324786639e+00
1.565917640817213297e+00
-3.273668458254119784e-01
3.095619569591168130e-01
-5.680128017381926853e-01
6.060617441481062073e-01
1.417111703735260519e+00
3.804980074119370670e-01
8.945978205728319921e-01
-1.191732384269428291e+00
1.396299737926522511e+00
-4.992461708333300052e-01
4.179535223795411980e-01
-1.438483165171900335e+00
-1.311826959769732515e+00
-5.291661440554076279e-01
-2.270089679692972595e-01
-5.611333854183531145e-01
-8.935932047723271765e-01
1.948352268539217391e+00
1.094250342679425891e+00
1.883416954519015363e+00
5.835458954176342417e-02
-7.431352350155515651e-01
-1.431321016953525760e+00
9.371505645192019784e-01
1.772841896585918064e+00
4.627003360743051630e-01
-1.359601804767970989e+00
-3.015891854907337688e-02
1.954003146775163735e+00
2.601259858673978798e-01
2.299880141986587745e-02
-1.603456248510792825e+00
-3.011761223599593862e-01
4.171947708113350473e-01
-9.710957692695574295e-01
-4.747161298815800734e-01
1.080544101994034278e+00
-3.891305261812894045e-01
8.786436647170203784e-01
-1.189610757090164839e+00
1.570094381313833054e+00
-1.943133550514255070e+00
-1.189753651431710857e+00
-4.156631092090377066e-01
-4.807508517385805646e-01
-9.200093632597923232e-01
8.706091713251389308e-01
-5.477905144962829098e-01
-1.179163632833657882e+00
-3.047722019724572462e-01
-1.198999113159978869e+00
1.701106407457597669e-02
-1.102622733294289503e-02
8.878283355914344810e-01
-4.540745798905669872e-01
-6.091906822066768257e-01
9.225635385106176756e-01
4.386932447891043196e-01
1.018521589193879251e-01
-5.683779058500633141e-01
4.475637188375758413e-01
1.475076958572111963e+00
-7.598517174387175999e-02
5.968312963035460328e-01
-9.523112360419503375e-01
1.029303340528966437e+00
-7.737425695509969614e-01
8.864325597429036918e-01
-1.197182607316584768e+00
-1.589126980629105290e-01
-1.323806501953346704e+00
-1.023226711408327105e-01
6.623125643578298138e-02
1.054365066558712982e+00
-9.673104081082062322e-02
-6.473339164780123056e-01
6.803277950605002289e-01
-7.521096532204243346e-01
1.265795891728204836e+00
6.959238356692534211e-01
1.106000798997852641e+00
-1.225374175915576735e+00
-6.448459401008532765e-01
-1.553727010096817907e+00
-8.445084955446722219e-01
-1.020676478884490201e+00
6.638513940062740204e-02
-1.074910647406670527e+00
1.340905751383053790e+00
-1.441964536767077032e+00
1.882644041125769441e+00
1.596480355550752961e+00
7.705872967633355941e-01
-1.189738412868766915e+00
-2.290924656881871968e-01
1.311018909244193509e+00
4.590075503047197358e-01
-6.183857990182550779e-01
-1.691791633905737058e+00
-7.340298696559930391e-01
-1.897673591501840562e+00
3.078591292454593287e-01
-1.236751534785321738e+00
-1.112460663130456329e+00
9.168819364309053199e-01
4.318752577924733771e-01
1.289285113163344931e+00
-9.956421022131136667e-01
-1.011923226070454707e+00
-1.453349647410853152e-01
8.844612749050373424e-01
1.806553289588092248e+00
6.413558301508892612e-01
1.945938079333782156e-01
-3.536969259675180055e-01
3.108792035771257289e-01
-1.427563961810847548e+00
9.171232227025623018e-01
3.000664788438935915e-01
-2.521958353920217277e-01
-8.587482954602174701e-01
1.579477735577805575e-01
-1.505561386793071499e+00
7.482269970573840467e-01
-5.469592096167197326e-01
-1.344748247633642535e-01
-1.682075938759885148e+00
-1.420294358462212969e-01
-1.766948208352845384e-01
-1.617243649784549930e-01
-4.922231096716869203e-01
-1.413617131912900948e+00
7.143941858275955070e-01
-1.421855496584638612e+00
1.234475697610879052e+00
1.294659162028359844e+00
1.020079099921430199e+00
3.342737733238099196e-01
5.410144938734253728e-01
-6.748078018408554257e-01
-2.528885575211861081e-01
5.007953974746612857e-01
-1.454358674581174071e+00
3.304790297033317614e-01
-2.064369174609481661e-02
3.650404475238939739e-01
-1.010690459951370634e+00
-5.576005938648709304e-02
-8.016793146358347499e-01
-1.491825589452400180e-01
-1.225502888296455595e+00
6.399879567885804477e-01
3.801307398777984403e-01
1.623404402872373531e+00
5.852452082296553115e-01
1.795363869097491794e+00
9.015862145300772568e-01
2.678013318007934629e-01
-1.825547915348272987e+00
1.218008236115712073e+00
1.246010504513085593e+00
8.453903076169888564e-01
-1.379544719443375644e+00
1.505258352654741394e+00
-2.303048776364713390e-01
5.257088346809970503e-01
8.379546255804912747e-01
3.110307882178640071e-01
1.891193179166200444e+00
1.104106140086800636e+00
7.158900267002561435e-01
3.063093225407440556e-01
5.865826350942295875e-01
-4.660113724378822653e-01
6.984190922106678912e-01
1.367873478963619327e+00
6.806077879581371448e-01
1.021799865872369040e+00
-1.437203169160669702e+00
-1.200122845772004343e+00
-9.065471587816622545e-01
9.190638744129664417e-01
1.253206711553229269e+00
-7.973436493210348530e-01
-1.194169580750623627e+00
-8.812136801255707752e-01
1.829158408829210103e-01
1.236020705802912900e+00
1.152512438028017172e+00
-7.188455974533249915e-01
5.935306052711837310e-01
2.757064825465080915e-01
-3.829942887572315158e-01
2.710605310214546648e-01
2.621973738095402240e-01
-2.503719578065171092e-01
-3.677764145845063837e-02
-6.492102030627844300e-01
7.221285009978828384e-02
-1.570309276836099333e+00
8.871729055111021722e-01
1.721033757409777820e-01
8.473455975069965618e-01
5.574007904863655938e-01
-3.330804025641098676e-01
1.174957330709234249e+00
-6.041300444597403896e-01
9.584858233112925063e-02
9.266149825579166333e-01
4.014517703937858784e-01
-1.595660453727232309e-01
1.338370745911964477e+00
1.075401935174137513e+00
1.109367578309825575e+00
-7.316303953986267317e-01
1.357521645207988570e+00
8.411520991736098907e-01
1.210997249952789012e+00
1.698254987261298865e+00
1.383786719417522626e+00
-9.603901430709687048e-01
-1.476360115052220312e+00
1.560845451499157654e+00
1.597148776137197856e+00
1.479688309897621679e+00
-1.819792015711589883e-01
1.581240793490654717e+00
1.505506924057455009e+00
-9.035246541773576112e-01
-6.550572409658332873e-01
1.390898284217019665e+00
-1.074695396830635197e+00
-1.343349784769114930e+00
-4.832793729699300656e-01
-7.839674713183262256e-01
1.454282454643557543e+00
9.805865373991773382e-01
-1.093545218417595333e+00
-3.265835749246068787e-01
-1.190149256185987880e+00
-6.496935440842745990e-01
1.326275300392955714e+00
1.598272548065240883e+00
2.697359445494083019e-01
1.345789554262795562e+00
1.054095786873689988e+00
1.535287674615553932e+00
8.768160559616138272e-01
1.063508704409644068e+00
8.196680446063808745e-01
3.617776818041651410e-01
-1.661431618318349734e-01
-1.725081178875614185e+00
-1.134196789882599976e+00
2.887319544720634568e-01
-8.287396738494194892e-01
6.731648671553216445e-01
9.067114193443979175e-01
1.752258926733830435e+00
1.616071667352436236e+00
1.713652115102661355e+00
-1.464942980702055308e-02
-1.037054521002506835e+00
-4.935522640514813375e-01
4.446470940365188085e-01
-8.087646053827022286e-01
-1.160329695938082661e+00
1.687978860631414335e+00
8.130581879148319757e-01
-6.219139784584992725e-01
9.057891405391078621e-01
-4.814800661560916240e-01
-4.118507975914873498e-01
9.211547121209697764e-01
-5.343265567136938898e-01
-1.702115266053945142e+00
9.397894342618169361e-01
-1.673387851238203883e+00
-1.361816072426139890e+00
-6.830329334488549620e-02
-8.179720557773553224e-01
2.313944924954061122e-01
1.007551562926404465e+00
1.279906905659128569e+00
5.431791320302590265e-01
6.579902505430510473e-01
1.145754975775865603e-01
-6.337376105080192445e-01
-3.558371813334737510e-01
-2.840182284933012724e-01
-2.688172136447128935e-01
1.294594436108664759e+00
-3.600872435538171601e-02
-3.965988156484057114e-01
-1.496449801985875183e-01
4.106318177479586495e-01
-5.955876926372489777e-01
-7.002457807722821670e-01
-1.378783455038768313e+00
1.556525613256468432e+00
1.323711995230794969e+00
8.617905728249937169e-01
1.875264140383601230e-01
-5.357462804853883043e-01
1.205331659518716236e+00
-3.062658249517671294e-01
1.526457128280105380e+00
-1.545550068410566080e+00
-1.422250581267817005e+00
-3.030092926005236720e-01
-4.944103573092384352e-01
2.061767048092431054e-01
-1.469172890786869967e+00
1.538079768588161755e+00
-1.438694117973343900e+00
-8.666141785995060687e-01
-7.172815069393045917e-01
-1.824509374754921254e-01
2.255872057532783970e-01
1.407214918252755353e+00
1.887188084019404855e+00
-1.402387092398859281e+00
3.099541010270439045e-01
6.391332995408731676e-01
-1.675577930672158544e-01
-1.831215387447148846e+00
9.805251236081824473e-01
-1.612475772627701254e+00
-1.190473541835684212e+00
-1.984154965922435565e-02
1.485751125119084470e+00
-1.313256751151935298e+00
2.810525437357824785e-05
1.514741295374342656e+00
7.897087289288187151e-01
1.570963298787972917e-01
9.833077856308047870e-01
1.163880756170376785e-01
1.265131032842148784e+00
-1.055812802719575672e-01
1.398458487995096533e+00
1.795367556409937393e+00
1.591046832071141282e+00
1.781852817103176889e+00
-7.002805461559518108e-01
-2.809185212880462856e-01
7.429598409705633344e-01
9.343337690137785145e-01
1.460544009101207408e+00
9.550011942032332612e-01
9.082504470980259370e-01
2.999875912489722296e-01
-9.137554559053109315e-01
-1.331355037238269645e+00
2.226173497659855727e-01
-7.370958274896528550e-01
-1.004805446766474653e+00
1.364438590366595427e+00
-1.267705291199665574e+00
2.982933225381234621e-01
2.471812496712741947e-01
1.175399185408695146e+00
1.748652142656823116e+00
-1.457515464875328348e+00
1.167601177140800139e+00
-6.202125085520462378e-01
-4.047567422968576523e-01
1.056137668432267418e+00
-1.001487191274899047e-01
4.316723137575708691e-01
1.199758587843241742e+00
-1.174737604594506379e+00
3.823610875101408624e-01
7.543684701880204457e-01
-8.577332290513970392e-01
-6.668161356740958112e-01
-4.460530657973773572e-01
-1.517696833563633163e+00
-1.618531175924590393e+00
-7.136224673390305639e-01
-3.149360069510613869e-01
-4.146743057544073352e-01
6.472044417869309285e-01
1.357217030610947006e+00
-8.665804136540966596e-02
-4.208907071272145473e-01
-1.901920849481171683e+00
1.264487148499462421e+00
-1.442269259973688378e+00
1.837657339843783433e-01
-9.307457064084134757e-01
-3.815638247322121757e-01
6.792510010338812521e-01
1.712872993899016372e+00
-5.731061327655764259e-01
-1.322976057138893768e+00
-2.187942333973884601e-01
7.278116311540729910e-01
9.064208441392196391e-02
-2.315336587440866012e-01
1.830112663286131536e+00
-5.818606781482884571e-01
-1.246254674998608092e+00
-1.414120563006227016e+00
-3.720382863915823179e-01
3.694663872938246385e-01
-5.421338991200741475e-02
-8.253783846585074357e-01
9.452172533489333617e-01
6.883991421574453540e-01
7.460648692963971484e-01
-1.277126044616739620e+00
-1.879785775046480811e+00
4.387317620768680371e-01
1.741522883568975999e+00
-6.670735984227285087e-01
-1.799703127301679029e+00
-1.561274826593645138e+00
1.460484120961176302e-01
9.222952917145219587e-01
1.123072711483503738e+00
-4.963277161691088679e-01
1.831137641584124509e+00
-1.725375882588405574e+00
-1.298885138426104202e+00
1.274275430731751868e+00
-4.594368033865485756e-01
-5.272731975836606466e-01
5.357890602609263198e-01
-1.369428935179153761e+00
1.294357352663615401e+00
-2.525221571436890855e-01
5.344221779027584773e-01
5.341302916975463333e-01
1.093932390162422053e-01
-5.542023450204212054e-01
-1.627604480441619650e+00
-6.638775172195652274e-01
4.734177644237371752e-01
1.034445265290077742e+00
-9.243504765994607908e-01
1.558985041377336955e+00
1.489761010588797063e-01
-1.037998907805156357e+00
-1.147913110276370663e+00
1.771345722094981312e+00
-6.762655631762681807e-01
-9.568133504723395077e-01
-1.489130777980153475e+00
-1.557894427652923852e-01
-9.956799478691991112e-01
-2.257326212315797775e-01
1.088202165395378174e+00
-3.354544934436178849e-01
3.445289792265349149e-01
1.142024848080238186e+00
-7.207165944930951085e-01
-9.434327237143600442e-01
9.717232222562399713e-01
-7.210064583119724091e-01
-3.469679924396320558e-01
6.707271727049537446e-01
-1.139544418532306480e+00
5.637698806616411318e-01
1.204943459819275198e+00
1.485398557809718412e+00
-2.191251751761162936e-01
-2.631553719859169860e-02
-4.222279631993322013e-01
1.237124782193718353e+00
1.112413260152428585e+00
1.009484982017658794e-01
4.599291969817107528e-01
-1.434746013608154236e+00
2.721838675159737875e-02
-1.246223589605965465e+00
-1.323067018525595273e+00
1.402715356287618675e+00
1.371618421143065980e+00
-1.251388488029989698e+00
5.548265505461849045e-01
-7.207179326969921362e-01
-1.336744729088796380e+00
8.990758997427628074e-01
-1.344573424814551110e+00
4.432490937703272849e-01
4.164484087000008827e-01
2.528592395089042100e-01
1.102688809148730797e-01
-9.461647984948342582e-01
-1.276143440935517681e+00
-4.143392709289788201e-01
1.024128918690383472e+00
1.619547630445229203e+00
-9.239989329590292400e-01
2.082613993916577755e-01
-6.269174781398962892e-01
6.378638447025508640e-02
-5.937296580378950139e-01
-4.311983613691001693e-01
1.549902695674740372e+00
1.703678017551597534e+00
5.787477393565412243e-01
7.659584673637986896e-02
5.899493510979825217e-01
6.207085581432556509e-01
-1.345975096987759301e+00
-1.423395899683113086e-01
6.771281237624453553e-01
-2.270366086683628382e-01
-5.735617000819761557e-01
-2.306479801876504254e-01
-3.519101159742641372e-01
-5.671693733622280575e-01
-4.439187237046482437e-02
5.373111202978382295e-01
1.453229806353585118e+00
1.645388838414251431e+00
1.954990566952721665e+00
-4.685179196587698769e-01
1.576014797637380838e+00
-4.999418872427243699e-01
-8.746861986192220328e-01
-1.421381442948570495e-01
-1.487970750806249853e+00
1.362741341843389797e+00
1.592052833065684680e-01
8.312994792775914021e-01
-9.343972631123778072e-01
1.383810505315429040e+00
-8.373676193756907082e-01
-1.214866485759115822e+00
-1.061611579163630470e+00
2.884963638608537551e-01
-1.446220796112732021e+00
-5.223294868003769409e-02
7.552519410549818346e-01
1.119252142734906919e+00
3.576875620571406955e-01
-9.967060792959472337e-01
1.151792218334598772e+00
-2.461323992529855786e-01
8.493035514752920179e-01
7.132344546796360873e-01
3.523266496455379482e-01
-6.442082971823985815e-01
-1.012496513135692666e+00
-1.456036037366121860e-01
-6.209982577685781990e-01
1.404742709404005474e+00
-1.059557760286867101e+00
-5.079901755024005539e-01
4.319574557963541395e-01
-1.360200919442406953e+00
-4.107737614109954194e-01
1.380055708580215423e+00
1.099809228034623665e+00
4.613142235250204948e-01
1.647440886252205416e+00
-1.430929090729057052e+00
5.200911839946602555e-01
8.177845327681971810e-01
-3.870709884201239959e-02
1.998229366423203146e-01
1.267483293227646080e+00
-1.371215720295367646e+00
-2.537892374765489123e-01
-1.637026960545495680e+00
1.668022505213134998e+00
-7.999746980521766915e-01
-4.992520408566143431e-01
-3.496736394882020704e-01
1.179874839633775707e+00
1.984153536161681330e-01
-1.128225862619482989e+00
-1.250875928695065031e+00
1.132355888482294404e+00
-4.547224127924653914e-02
5.261854762957787202e-01
-7.838009300696082704e-01
5.517806565610499092e-01
5.274752962344404494e-01
1.163330430389239112e+00
1.262651814648771520e+00
6.049653571605473346e-01
1.939065043442944614e-02
-6.586258826197628480e-01
1.370155115049592531e+00
6.321872403988528788e-01
-8.485712014379966917e-01
-8.509807906446305026e-01
2.388018700964025243e-01
1.395110222572974124e+00
-2.321042647815305671e-01
-1.570958206961461823e+00
5.000617811452201522e-01
-2.137433886442501318e-01
-5.409251821734004650e-01
-6.035306068020158676e-01
1.811662609352948650e-01
-1.746343003818557449e+00
-9.543914025054576200e-01
-1.437021588838586883e+00
-3.523697621784558365e-01
-7.432702178985728381e-02
-8.270616077209957950e-02
-1.256352550045674032e+00
-6.471401251313961822e-01
-5.601794413701197684e-01
1.303945554122702077e+00
1.014216691054707908e+00
-8.109170040115376565e-02
1.821455075764091269e+00
-1.115050933930923360e+00
-1.865430073163978797e+00
-3.762297863737948944e-01
-7.634939676588370361e-01
1.073851379324723077e+00
-6.986903993560495962e-01
8.255528963863714154e-01
-4.649647293869527687e-01
1.992614744467777754e-01
-7.508855245273284851e-01
-5.100164138561567029e-01
-1.196295505297817474e+00
1.684463619314708893e+00
5.083368617716432780e-01
6.965643344497980394e-01
5.498355527069342941e-01
-1.083881089264977504e-01
-2.315357281782244314e-01
1.099701339489173257e+00
-1.120781594057977060e+00
1.417799580446476249e+00
-9.521522290703563485e-01
-1.316415532186831605e+00
-7.076737396947425651e-01
-1.652590058865295752e+00
1.411572262598070893e+00
-1.467483796191587864e+00
-9.907435001321207579e-02
-5.989931782021544748e-01
-1.006053556006229144e+00
1.205332603704736272e+00
-8.252332664040684662e-01
1.155316098813996106e+00
-1.257090633878314989e+00
-2.323520820423983224e-01
1.704578505831237933e+00
5.060273473983301074e-01
7.589607915505069968e-02
1.117530338738893292e+00
1.503608744914261663e+00
-7.479828211968762020e-01
-5.106711245162705026e-01
-1.091131712452444447e+00
8.115597585065428277e-01
8.436077294976627172e-01
-4.234069110295903826e-01
1.277325736463279071e+00
-1.767806872454050549e+00
-6.869177593083053424e-01
-1.342211403368779976e+00
7.858869309936533654e-02
-1.289838923026092044e+00
-1.032696305978269447e+00
-9.707349286283077916e-01
-5.299485403833328334e-01
5.221443725621002230e-01
-9.679653906956247056e-01
6.474778584474449872e-02
1.492541827282718003e+00
-1.234648260759150684e+00
-2.026871988194720586e-01
4.718552832532898478e-01
5.773318707252208526e-01
9.986022993057366293e-01
1.191056082930223248e+00
8.394456773161707019e-01
-1.356466863322330241e+00
-1.554711126771933127e+00
7.691887080215025208e-01
-1.444181092496929608e+00
1.350715398166336456e+00
-5.349843383009220688e-01
-8.743596728453164602e-01
7.364341298263186175e-01
-2.863650360771883285e-01
-8.906699046996600089e-01
-1.048884204805153431e+00
5.394137014825961529e-01
-1.871946214623951832e-01
1.159451917973747470e+00
-1.699148709497304566e-01
4.785058596245548301e-01
2.268838318429313716e-01
-1.503342780195139561e+00
7.484317733109673298e-01
1.012862535465943736e+00
-4.172345160420043442e-02
2.727548113183910772e-01
-1.248372887437889656e+00
1.756234192941446892e+00
4.612750638939466796e-01
-4.396362816901522308e-01
-4.390035036159076753e-01
-2.752443015382253222e-01
-1.570419170646592644e+00
4.679143340343774327e-01
1.476549953867582587e+00
3.211551893535684599e-01
-6.937362437998837450e-01
9.810509882867890497e-01
1.841739149603327519e-01
5.461775156595658487e-01
9.243905023601550752e-01
1.155466277276660847e+00
-1.391530140016969064e+00
3.436741279208614941e-01
1.710391264505215503e-01
-6.150017799256684015e-01
1.450882514263445167e+00
-8.990043372089342455e-01
-1.043963495080277859e+00
-5.696473834609321329e-01
6.300053467669197715e-01
1.098008378751679004e+00
1.280408574041099534e+00
6.653367170843882406e-01
1.101260876228639773e+00
7.936920203897921411e-01
-2.217473140705230605e-01
-5.815352186235891452e-01
-1.945201161774835263e+00
-3.825293724356892966e-02
-1.312817155719093520e+00
-2.281292954124323202e-01
-5.959025510596891451e-01
-1.016621660698601382e+00
1.110967216855549111e+00
-1.270220767096144066e+00
-1.222380564065565611e+00
-4.628462686641956481e-01
1.832646610779367080e-01
6.186773921396406806e-01
-1.772371413330073864e-01
-2.215821539357225589e-01
-3.057487326440870845e-01
8.930389906584661475e-01
5.026678342385508813e-01
-1.261373175102296074e+00
-9.288881277752603083e-01
5.140746397467887974e-01
6.672574798448218658e-01
1.626676995210887711e+00
1.362965395266567903e+00
9.414949869712243569e-01
-1.052418654501373396e+00
-5.024501419448590411e-01
1.000484832739012120e+00
9.198986384930885052e-01
1.090828964975601778e+00
1.503537193766546487e+00
-2.748609227783678222e-01
1.001395907006781272e-01
-1.152459017903767702e+00
5.569414525937954608e-01
6.611748887942257014e-01
6.016449747318350916e-01
-1.260368005417997761e+00
-4.074865912325229544e-01
1.887472537542400630e+00
1.005886182814341723e-01
4.421141144266975687e-01
-1.526356545162271594e+00
-4.114179861547970773e-01
-1.088336501597430672e+00
3.403059786422968358e-01
-1.811485203643580899e+00
-7.018581662487317629e-01
1.024588870931876450e+00
4.397193399658680946e-01
-1.065991055333395110e-01
-4.766095815895790011e-01
-2.710509146330828401e-01
7.716258678064082943e-01
-1.478544460787783343e+00
-2.053269363120389102e-01
9.942441804789403648e-02
8.389110755434785460e-01
-1.323489421629977514e+00
-7.364793952538040145e-01
-1.609121455477500184e+00
4.551410649664155983e-01
-3.455148034890420661e-02
-4.409645615149768716e-01
4.806882481523997441e-01
1.337906032847213211e+00
1.257919094883495070e+00
1.366446604310221247e+00
-1.734453429583302508e+00
-1.516072053456295698e+00
-6.432797916771644253e-01
-1.560483403644608913e+00
-4.529090741932959574e-01
-1.620525030556851931e-01
1.422015071627562577e+00
-6.579200843297750012e-01
1.054154902039650565e+00
-6.442579274322737248e-01
3.431360855021203804e-01
8.300473251884454839e-01
9.121062857329018669e-01
1.024629813743391793e+00
1.530973890661564418e+00
2.776993774627181111e-01
-1.262117667229515128e+00
8.871494287992787164e-01
-4.867681658612621476e-01
5.136969078082600504e-01
8.506519344237020164e-01
-8.150306118384431642e-02
1.112548513854037857e+00
-1.778303315123745953e+00
2.705114353044102415e-01
-4.067094504332375848e-01
-9.433155344249133378e-02
4.105759858878048618e-01
2.571745041214237304e-01
1.785978964506810485e+00
-1.493220433852291418e+00
4.089925475027484936e-01
1.191810952647638366e+00
6.783541090514590977e-01
1.293343717461560516e+00
-1.108621571727575805e+00
4.932715787159116516e-01
1.601698767798152012e+00
-1.492518165534923114e+00
1.064939712169262975e+00
1.023977780802427517e+00
7.547630755212058062e-01
-5.192819697680493007e-01
4.302133861835741868e-01
6.311478140686972438e-01
-4.103434416474183166e-02
7.228165141561238016e-01
1.488664062168648883e+00
7.652222658466945049e-01
1.241891660026138489e+00
1.465427758622106502e+00
-7.658464700075553466e-01
1.320526240686143105e+00
9.733522150557938346e-01
7.396790695427499784e-01
3.424647444799067131e-02
-1.375508386245507531e+00
-1.236666322115345107e+00
-1.202807725787133908e+00
3.650602546152015293e-03
5.206652441954764399e-01
-7.154459986135890404e-01
-3.099678697430157115e-01
1.121334958903155155e+00
-6.483193645650775494e-02
1.143820408928560184e+00
-1.067545126399134237e+00
-1.289993516199875678e+00
-1.278046808093576736e+00
1.594168464976318589e+00
-7.880409155935694798e-01
-1.100403929061259944e+00
-5.476899260952539095e-02
-3.333270017881613256e-01
-1.512930472640201529e-01
-1.736882139010147874e+00
-1.019168230139936071e+00
-1.721257967195635175e-01
-1.613865267653640245e-01
1.534118246285334664e+00
1.377424170116261948e+00
6.582774209917152675e-01
-1.304106877972475154e+00
3.378758208487075976e-01
6.445463260736090660e-01
-4.561024061496388171e-01
-8.970794667821930801e-01
-1.504952743283958227e+00
-3.158077232327975992e-01
1.426686455846542856e+00
1.165695554563962233e+00
6.844449681278064190e-02
8.245789230872988540e-01
-3.763639340889888274e-01
5.468337186209204503e-02
3.887854076184851237e-01
1.809229218604944123e+00
2.313320354906656107e-01
-5.307839275496473164e-02
9.382486325831003171e-01
9.682621979401595524e-02
5.521542586504715189e-01
6.392482399204224564e-01
1.123739859241013050e+00
-2.171862304146010558e-03
5.629776668483987834e-02
7.016239260137533407e-01
-1.635953168595577267e+00
6.717235343212548671e-01
1.077551241997686482e+00
7.927366549050294253e-01
9.580869639973608187e-01
1.118620938342415272e+00
-8.237978702923349772e-01
5.611414760105866151e-01
-1.024811892980876937e+00
-1.467400872081146002e+00
-2.837358383108306015e-01
2.209598883385988088e-01
-5.813686205589005951e-01
1.906505448700064775e+00
-7.660335436402840870e-01
5.500813896235881018e-01
-1.006042508714010353e+00
-7.184004257763563217e-01
9.025023671826390981e-01
1.641347266724624276e-01
-1.846909036097861279e+00
1.954946656859114285e+00
-1.660185090116902629e+00
2.598277975542595541e-01
1.339949642846942623e-01
-9.206331824595110902e-01
3.899588355912797510e-01
-1.018868285842109422e+00
1.211059038053655001e+00
1.387047863108627155e+00
1.172587361239139980e+00
1.411660394562908039e-01
-1.194716162460325304e+00
-1.022999038645250991e+00
5.490734434003519127e-01
-3.799225310923679544e-01
-3.865069261710463167e-01
9.042178171557111455e-01
1.721805638978923803e+00
-5.395800398116357144e-01
9.270928779105647166e-01
-6.627075819456127448e-01
-5.665419336932284722e-01
-1.336020829948516564e-01
-8.346461000762435134e-01
-1.519734311337536781e+00
6.409279354510513116e-01
-1.157410012513373498e+00
-7.498717941980448387e-02
1.277637594009313204e-01
-8.330582489619580144e-01
-9.814166482631474508e-01
3.288834797860147319e-01
8.793174887836174847e-01
-1.495040787556521256e+00
1.711017565952289488e+00
1.855396853392512924e+00
-1.367772931665222735e+00
7.645035830890574147e-01
-6.074580091125723058e-01
8.368576783949190911e-01
3.055843186144713286e-01
1.445885700409132113e+00
-1.590832936614188231e+00
7.260274592401838589e-02
9.415144328069491308e-01
-1.715123457939988327e+00
-7.172479417316877104e-01
-2.094181005919226735e-01
1.353684038615170948e+00
-8.316770359190206463e-01
6.468304998313776366e-01
1.401661008407182329e+00
-4.588553791757767897e-01
1.035002638604582970e+00
-1.445110819844552807e+00
1.827920987464519698e-01
-1.110040685178056208e+00
-9.603786942521965742e-01
-4.304005003856143929e-01
7.611970908858456397e-01
1.856060593441184459e+00
-1.017768334558601939e+00
4.946202245797683972e-01
-3.461080228021771177e-01
-1.341704368548277237e+00
-3.660357300380043810e-01
2.735548462442629614e-01
4.953521843062445029e-01
-3.313040864837004662e-01
1.181738599596168449e+00
1.790499638693123785e+00
-4.351336022947025484e-01
1.879450998474414547e-01
-5.284363999102694720e-01
1.951458437592994422e+00
-5.056377718677262934e-01
-1.633500144001095222e+00
-4.380115598669158672e-01
-1.201307765576258735e+00
3.103124791567868357e-01
-6.513078794307896047e-01
1.895618661859064247e-01
1.010258234270677846e+00
9.938801241853933988e-01
-4.509218793409779380e-01
-1.573382318193830010e+00
-1.500775324297963120e+00
1.789579053087663851e+00
1.894001840051924290e-01
4.479653266324739036e-01
3.860902424575716196e-01
7.993277216762981752e-01
-7.325504194509901978e-01
-9.242765033536599617e-01
-1.259404539922515553e+00
1.024515131977650206e+00
1.819371425791656449e+00
-1.567198949616503967e-01
1.177987247708250251e+00
-1.834519907872448563e+00
-9.967013626357577039e-01
9.164368265801297042e-01
-1.051987251456184325e+00
4.101130874441638596e-01
6.204986013240869624e-01
3.481993303935970729e-01
3.777083556911815521e-01
-4.249228196144283487e-01
-1.097956046786738860e+00
1.883803828347918596e-01
-3.885950231032371249e-01
1.406308652672469961e-01
1.065563170320359632e+00
-3.937523664433379977e-01
-1.017755000058092385e+00
-1.452702897285116812e+00
-6.200539072346096248e-01
-1.793157032240464410e+00
1.407484987134752785e-01
6.462146136307982403e-01
-1.914174610425746437e+00
-8.875871153844343553e-01
4.674618772823251334e-01
1.117888702582227722e+00
5.413033540883427364e-01
-5.228199202971657300e-01
-2.818298739370259653e-01
-4.570366541870738430e-01
-1.014048580171410308e+00
6.841118886129997634e-01
-1.158027065049564541e+00
1.401584489505822262e+00
-5.156397509395134193e-01
-1.296393991645588439e+00
9.091637065272450968e-02
-3.329970449755439432e-01
-7.069855853583160155e-01
-1.034807795390860541e+00
-1.043402496934962009e+00
-2.070791728063081649e-01
4.691620046898155039e-01
-1.041308865208798728e+00
-1.459676231691705794e+00
-3.065641783456651837e-02
1.357019556055892195e+00
4.469381858580874223e-01
-1.764494735419984472e+00
7.494199229529030504e-02
1.559771112744128274e+00
6.419739513251956353e-01
-1.574172437724667084e+00
-6.366056775774122656e-01
-1.933063849805565226e-01
-1.197079192499592715e+00
-5.715630402347313677e-01
1.342911618890541448e+00
-8.938519417746366713e-01
-5.091871192372368071e-01
2.289287162664308539e-01
1.130952946378622315e+00
-1.218980039044637476e+00
7.333238720690076207e-01
-8.220100535706178491e-01
3.270471636682810157e-01
-1.129103796197684417e+00
-1.669789202572808495e+00
-4.539635330691034198e-01
1.869811217154371263e-01
1.296778635311626182e+00
-3.478863096909003971e-01
-1.929200357378677566e-01
-8.728385978906754161e-01
6.909309329707982172e-01
-9.777058495282799910e-01
1.361152751937719785e-01
1.195199228333246211e+00
8.254645255767503187e-01
-6.937624309883361207e-02
6.120374833702992845e-01
-2.852043014024712164e-01
1.150683661969960525e+00
8.071747054366671392e-01
6.830744334203053825e-03
-8.246584315680145494e-01
7.534058359373752012e-01
-1.194411669207271487e+00
6.409724863379686610e-01
5.121363635520914670e-02
1.082970013643866025e+00
9.481371312639783611e-01
-1.068065938275146287e+00
-1.184373111914725385e+00
1.195638672216112752e+00
1.118697215911350185e+00
-9.069939572907985692e-01
9.628763694351452074e-01
-1.738948171937011455e+00
-9.592818304614958436e-02
-2.520371762494502121e-01
-1.525102801368956040e+00
1.771736338100735608e-01
-1.563058167144459887e+00
-5.131323251743440395e-01
1.339888165472025605e+00
-1.159823066256556068e+00
7.999109015579364268e-01
-1.280409792227629850e+00
3.639445630002349219e-01
-7.513655380796384620e-01
1.439625737068155331e+00
-1.276018833413078646e+00
3.219654847436608236e-01
4.526088819001250485e-01
-8.726890004055904981e-01
3.946712262293132767e-01
6.632404549512678216e-01
-3.083293946781839878e-02
-1.483242515536487449e+00
5.388141713824898815e-01
-3.609284489631514603e-01
-1.676789392957116931e+00
-8.534631544957749227e-01
9.195906846112569255e-01
4.778393242126810492e-03
-1.366129001608228144e+00
6.341556432697261769e-01
2.257887067415413895e-01
9.559064320851486940e-01
1.330353144670462839e+00
1.286150791016589245e+00
8.146440671991328486e-02
7.312661568768019649e-01
8.632144369449958887e-01
7.553812420412704398e-01
-1.417924428666452741e-01
1.077047639836109738e+00
-3.313013551041290583e-01
1.327605986039184671e+00
-9.379892608060744763e-01
-1.509786460986688894e+00
-1.059614585478953597e+00
-1.758903352381127050e+00
-8.687555428895779031e-01
7.090669206007493841e-01
8.089094836515240416e-01
1.911884579451479382e+00
2.227319562161147459e-01
-2.125427395092502891e-01
-3.787161428363354787e-01
1.076578890675419231e+00
2.170328839760991002e-01
3.709052920740782966e-01
1.036041498320932952e+00
-1.450803477407615283e+00
7.449824157781677059e-01
-1.356005254867955756e-01
-1.207108732530070228e+00
-1.623984904406310381e+00
-1.385311638060823469e+00
4.993906213270014049e-01
-1.310409988595627073e+00
9.883081779975224634e-01
1.454733312989219485e+00
1.849109167938884468e+00
5.667462143638690719e-01
7.640101640679510808e-01
-5.722160233120678896e-01
-1.490770987438486017e+00
1.470412115063146175e+00
-5.613504465739405092e-01
1.023804010659583597e+00
1.558073500501414799e+00
1.271514864411768642e+00
-1.265696203633801531e+00
7.955259883796372833e-01
-3.334536853360638986e-01
1.119311547194216772e+00
-5.189734945957944490e-01
4.242510010838875800e-01
-6.870424917271229504e-01
-2.233179118024244403e-01
1.518985342161833785e+00
-1.599424867174739529e+00
-8.026375581385654101e-01
-1.101290813467060481e+00
-1.112409566428244290e+00
-4.642516558045510777e-01
-8.937595876938928541e-01
7.094876300836432392e-01
4.254293014859857891e-01
-1.041064384117671437e-01
-1.883845421598042691e+00
-7.231242635065546764e-01
9.573110403774567345e-01
1.660159094607482899e-01
-7.909267499776184707e-01
1.181263555644836316e+00
-4.389913580909290403e-01
-1.762751885032736165e+00
-2.285467310436901656e-01
-1.308263499621071357e+00
9.640481094668551520e-01
1.771941323412216107e-01
-4.445621569036717347e-02
-1.321994960379636375e+00
1.619265099954430021e+00
-1.537440391637844073e+00
1.317446890953885230e+00
-7.544372138615802470e-01
5.856794311151087840e-01
-8.548614625932113853e-01
-2.964926879063778387e-01
1.048748727936239078e+00
-3.564009563248848877e-02
-7.436887329076196096e-01
1.296206174302030334e+00
-6.778020736170713434e-01
3.293959752323338819e-02
1.554507446851141950e+00
1.942546704671379132e+00
6.425578039529593610e-01
-1.934542895381331284e+00
-4.692335073837803350e-01
-1.184771199919221640e+00
-1.050227281640818688e+00
-1.527689876132343638e+00
1.655090945331605390e+00
-1.054619582875004902e+00
4.425872119547280548e-01
-7.610211068869272566e-01
-1.304266840056508947e+00
-1.717403723656927284e-01
1.336915761058561358e+00
-5.883151124196892567e-01
-1.755233643552514877e+00
5.764430489439353877e-01
8.446980647764847916e-01
-3.207475890297395438e-02
1.132360859117258478e+00
1.233563290033375281e+00
-1.019844731448218411e-01
-4.283565554803727693e-01
9.416604920350479802e-01
1.067197702882745070e+00
-1.444287123835272801e+00
-1.194707513384491993e+00
1.211285799747855663e+00
7.365804002056268729e-01
1.797275488468739191e+00
-3.349716125422919077e-02
1.791084428886103197e+00
-6.298045135075955869e-01
-2.507143985006488052e-01
8.853823292530371702e-01
-1.343563531962379543e-01
1.886573774159793437e+00
4.495699737835510135e-01
4.544588736134151929e-01
-7.798748313675663013e-01
1.024173137377351495e+00
-3.858564063937022226e-01
2.326347366621135393e-01
8.982740547978345091e-01
-1.191894797494649438e+00
5.672649289451179300e-01
-1.308682442206166030e+00
-4.141885996823777560e-01
-2.340940038668835044e-01
1.938918934280078332e-01
9.333102178585939157e-01
-1.773365367180961272e+00
-5.876834157754684540e-01
7.113105696873471828e-01
-5.420064398717983067e-02
-9.968347493528053604e-01
1.258273279979054138e+00
3.086547845155713787e-01
9.306653787163128300e-01
-4.668370741462286588e-01
-9.170803651028069936e-01
2.810307464343040351e-01
-1.593537292841324504e+00
9.714282822469400003e-02
3.445831769096745489e-01
-1.942665236782866067e+00
-5.623861542257753143e-01
-5.370796120451402089e-01
-1.347630267810734139e+00
-4.664591834144236060e-01
1.104504647675700113e+00
-1.146102057782374839e+00
7.689775575023141130e-01
-9.127149853390736922e-01
7.478625705137638136e-01
1.637578347464567763e+00
1.042901413347775197e+00
1.905830694230515654e+00
1.352715605332556414e+00
-9.493144339985448710e-01
-1.462952026009159301e+00
1.176375346158913260e+00
-2.630279149488190527e-01
-5.328271529684354135e-01
1.568278857434899365e-01
3.091428494355152878e-01
9.197342127419467772e-01
-1.441887970412049746e+00
7.952715024454395376e-01
-2.042841615188075721e-01
1.386052175725874136e+00
2.697052978115044297e-01
4.026442870001547547e-01
1.859724076000563997e-01
1.220258778634031316e-01
1.438879640797008364e-01
4.976132828246679907e-01
1.132191985900319331e+00
-3.164517544836691343e-01
-1.785704076939592433e+00
-1.489909124436386012e+00
-9.378442270935156699e-01
-6.910853076619636326e-01
-1.169958977065324035e+00
-3.075231570226408806e-01
1.239000241690819237e+00
9.717060385495948083e-01
3.841955198647006853e-01
-2.954752374716429486e-01
-1.088452711412051244e-01
3.478849589203658610e-01
-8.854460739887901610e-01
1.556309228768366637e-01
1.168194451004062273e+00
8.706269512354047890e-02
4.044722523237664902e-01
5.105568237929949404e-01
-3.162130597840659973e-01
1.357755143100984441e+00
-6.918495759308527226e-01
3.317319416699913148e-01
-1.444057887179628352e-02
8.228442566750686638e-01
-9.265111590333203750e-01
-1.940422516106318884e+00
8.294172997992621532e-02
1.228051255087923899e+00
-1.085802461015041409e+00
-5.473468579339488826e-01
1.174500782214665584e+00
-5.240572523225015544e-01
7.799514273845931100e-01
1.860681091418722843e+00
6.521024036010540925e-01
1.250292884279335937e-02
-1.604365047980027548e+00
-1.766640918192450282e+00
-2.188217569382091554e-01
-1.140684256621038006e+00
-1.706065681712459536e+00
7.249471448212894131e-01
1.383286379623580586e-01
4.356411048431008126e-01
-9.527876771086489782e-01
9.636695639413339620e-02
1.171449358602833613e+00
5.863054457566914124e-01
-1.417955538910963931e+00
1.035470924171804974e+00
3.366223164738633145e-01
7.917264768006493370e-02
5.090786032840384223e-01
1.087936986416394802e+00
-1.721136268438430150e+00
3.242540448668664865e-01
-2.121872953082721835e-01
-1.084609554564154088e+00
1.702534421881596316e+00
-1.108315732592900282e+00
1.750185596454816306e-01
8.916884962030771078e-01
3.311863952079763251e-01
1.464530386544709017e+00
-4.606722457380767466e-01
-7.099800631368609061e-01
7.465120261821649450e-01
-8.896744222422734438e-01
-7.230234994903037560e-01
-6.764357749073983683e-01
-7.518403257866754785e-01
-6.299619239968183848e-01
1.478631785780452290e+00
-7.895581336128101313e-01
1.601914119977160489e+00
-7.054777635972868666e-01
-3.539722006813654787e-01
1.111728654037857034e+00
6.267332382668850954e-01
1.754257676826078693e+00
3.875302381750316272e-01
1.419531846698922628e+00
1.396114769955438817e+00
1.171858112861718482e+00
1.171162382327837648e+00
-2.423913278517799696e-01
-1.334928239528494487e+00
-6.837031907766801808e-01
-1.329592416517114906e+00
-1.505360940898015087e-02
7.284858996584393509e-01
-1.628085657223945493e+00
-2.316025247739634807e-01
-5.442679985221241523e-01
1.617045803308476692e+00
-1.474200073508681541e+00
-1.377094557268661923e+00
-1.079295439647435018e+00
-6.612463236771857211e-01
4.100882621157992958e-01
-7.000600219019057491e-01
-1.849468372290226981e+00
1.290982173296935542e+00
-1.545063616387824634e+00
5.449372036594413160e-01
1.800715203133074205e+00
-1.633552755978886495e-01
-3.250610068232262506e-02
-4.332840469963450403e-02
-1.005648752811474367e-01
2.783473500701365566e-01
-1.523880486579389792e+00
-7.703265357438198180e-01
1.202265559903042735e+00
9.796747259141280750e-01
-1.043533413106638275e+00
-9.841067674681811539e-01
-1.554648946252731534e+00
-8.707270362219974302e-01
-4.720666871632168693e-01
1.235493763410948631e+00
-1.253423964839890825e+00
-1.391598604179628218e+00
9.344298442428051743e-01
-7.063943319725778380e-01
1.455409953986100291e+00
-2.184046197907099085e-01
1.018341240084500221e+00
1.550451761257859218e+00
-2.084876439857978880e-01
-1.137953880857512257e+00
-2.675984209298380989e-01
5.635021796247769998e-01
-1.828018480490474662e+00
-4.361655333890439579e-01
1.677573612749851506e+00
-9.066714143118970171e-01
-1.311197231752869730e+00
1.255024594192059695e+00
-1.002776973070487188e-01
1.592676142633029812e+00
-3.051220338258433529e-01
-1.275058648570031483e+00
1.603896785926103519e+00
-1.170935676578680251e+00
-8.011352739978585547e-01
-9.526384444689437458e-01
-6.256110850954499369e-02
1.031504526216442841e+00
2.979013329371493768e-01
-4.830438794534108737e-01
-7.337641969585213531e-01
1.389287531160299238e-03
8.954345568001498279e-01
-8.671847964325589686e-01
-6.260351565566679710e-02
-6.824246449817614746e-01
2.703369037509917305e-01
2.494332843364519547e-01
1.161685930484754437e+00
2.527821415639799341e-01
-5.871693694855766310e-01
-1.091474392356129197e+00
-1.198366686280612381e+00
-1.061667543978825901e+00
8.827147687694960609e-01
1.239781660116846318e+00
-1.336382841767425944e+00
-1.765493364565262624e-02
-1.136615086801255448e+00
7.292858652054832191e-01
-1.180029763468679604e-01
-4.179621351210274227e-01
1.027941813985620456e+00
-9.250117382563907142e-01
-7.945597116444726993e-01
7.167717024153148486e-01
5.946872396216384971e-01
-1.690482466323627087e+00
1.590911991249383206e+00
1.316189158900611389e+00
1.177665768337750052e-01
-1.972170576681211429e-01
-8.711996959417014352e-01
-1.256269788222344364e+00
1.464689737695018756e+00
-4.510879443875737138e-02
-1.423561078837201066e-01
2.870222052906088450e-01
-1.873289123868753236e+00
9.219671205672916869e-01
1.442855082569456826e+00
-2.609146627194380841e-02
-1.786144769402788768e-01
-4.525633992972917241e-01
1.540551032822311761e+00
-1.082936182463116737e-01
1.222547894650678479e+00
1.303657779318986520e+00
6.300105727091676044e-02
-4.921812071506010966e-01
1.040400738159139138e+00
-3.898731995933708561e-01
1.647874951273761823e+00
-7.020453758327676042e-01
-6.585699013492565257e-01
-7.868242567956684752e-02
-9.337024452244744310e-01
-2.990067757944574467e-01
1.515136190947210082e+00
1.082507401583965745e+00
-4.644188725279114749e-01
-5.545234847245890109e-01
-1.529449420580663244e+00
-1.550466387446540750e-01
4.016294217847296011e-01
8.192728767100927456e-01
-5.418258435787226546e-02
3.182942983685030924e-01
1.004073337145525713e-01
-2.696238568717479467e-01
-1.810737571100453636e-01
-2.051158164444766285e-01
4.760577130003920132e-01
1.687454047751906216e-01
-7.972503775436168283e-01
-1.446884234432829430e+00
-1.413347423399683223e+00
-1.185899802195855557e-01
1.480673927081710417e-01
3.191758452690613979e-01
2.374033691025765336e-01
-1.221790423154260896e+00
9.317211423371798418e-01
1.371561823840875327e+00
-1.811988595143297687e+00
4.620020872569341464e-01
9.439248333222094445e-01
-1.340182813794114303e+00
-2.127959900082379008e-01
3.908868300370373916e-01
-1.731931707545184995e+00
-8.708242855706433971e-01
1.377963179608857835e+00
8.287510051861026739e-01
-1.197234408756818524e+00
-7.653652845908727187e-01
9.263928263636849181e-01
2.916497348623980912e-02
1.385375384291529954e+00
-1.395786151530588270e+00
-6.119475004239305349e-02
1.809659007712829393e+00
-1.165142908076358008e+00
-5.643679600152626818e-01
-7.739434971679264308e-01
1.484049203343457357e+00
-6.833157390224400274e-01
-1.771121070154340060e-01
-1.148997318094400200e+00
-3.291974657940448523e-01
-5.316940544169908023e-01
1.181800525720399619e+00
-9.741417444943829551e-01
2.679359597146548921e-01
7.915381050222958237e-01
9.328305065248398975e-01
9.641804350473890395e-01
-1.474147739607741148e+00
-1.211208940233987175e+00
2.670698437421314964e-01
-2.741178812947326904e-01
-1.021023078367491621e+00
7.027728367720111891e-01
3.430970810501925428e-01
8.281804891024666659e-01
1.469482074303671837e+00
-8.531816710433179907e-01
1.345042584354009918e+00
1.575139946622565290e+00
1.198455837927897782e+00
2.701426371854438457e-01
1.877243123062644514e+00
1.383100462511288598e+00
1.116461315305467217e+00
-6.738609333089957687e-01
-8.998604562754506375e-01
-8.291482689641958004e-01
-4.246710799972328587e-01
-1.171947192011763672e+00
1.446739825054430995e+00
7.126320954702380917e-01
1.687163284241607997e+00
-6.742710417756567765e-01
4.389612651664265286e-02
-8.068840131969343688e-01
9.938332230463933215e-01
1.196413635905642536e+00
1.848903995807260614e-01
-1.470456436553728707e+00
9.409648943260489062e-01
-4.503796319470376730e-01
8.522692986598574549e-01
1.321624946256433120e+00
-1.135357016456541857e+00
1.321262907205293047e+00
-3.118483278801225111e-01
6.435442974415632733e-01
-7.483555016029548312e-01
1.911008087438008651e+00
-1.690011711723478527e+00
1.181797585815463236e+00
9.448681023830118875e-03
1.296246516498684720e+00
4.242234029895080027e-01
1.040274874996516274e+00
1.863990493917864200e-01
-5.278464665013968826e-01
-1.196233096689898190e-01
3.394356843377632771e-02
3.482687654265195221e-01
-1.504466476330842184e+00
-8.711068388565070819e-01
-1.413702418962841989e+00
1.134291015021442917e+00
6.955078690586669055e-01
9.090554037277245314e-01
7.623074618453742346e-01
5.977866278543544354e-01
-6.153527187364105089e-02
5.636139340744650283e-01
-9.178559191414361607e-01
9.418600434794299758e-01
-9.517074257237227997e-01
1.701382381364801688e+00
1.074332311149428065e+00
-1.021462786639371956e+00
1.187578808662070884e-02
1.831840689832969105e+00
1.495290081677471683e+00
1.412103540197580998e+00
-1.610068898292674078e+00
9.058806103600343107e-01
1.611825676633600324e-01
4.372800881112137716e-02
-5.603162072172018782e-01
6.167240079190117186e-01
2.798957313173584538e-01
-4.679781192374896648e-01
-4.614425728218263245e-01
-4.167023189674257111e-02
2.960022403758122422e-01
-3.806019731265806172e-01
6.662640642533013136e-01
-6.272504925703543677e-01
-7.748263136611370783e-01
1.473641472929232421e-01
1.278024976935201451e+00
2.121840375660344336e-01
1.816349666306104282e+00
1.567065725073256921e+00
4.599029081041567935e-01
-6.471378632054314295e-01
7.505459049798552940e-01
3.204734840112832828e-01
1.287804040650106785e+00
-1.770020531277355147e+00
-1.333363329462510016e+00
9.832729362756476021e-01
6.328277003044826543e-01
6.032922590745748437e-01
1.741317268454136702e+00
-3.968819881620531120e-01
9.933833960344307101e-01
-1.723215305596089486e+00
1.562395451513990174e+00
6.318931460404026978e-01
-1.695139220560024640e-01
1.482568110731543598e+00
9.792761738959843143e-01
-1.349358918942523022e+00
1.240347073865582850e+00
-1.198838366715448522e+00
2.990563889281627752e-01
1.009392053617011342e+00
-1.054352891157130490e+00
-1.155631441967693185e+00
-3.862677587982323857e-01
-5.612099751019412608e-01
8.028759155985021323e-01
1.488210034072892540e+00
-1.153648078829183632e+00
1.030640916843488242e+00
5.325533750824362755e-01
1.894447976517060539e+00
-5.340650580645309731e-01
8.660986703060702396e-01
-4.108209469784709356e-01
-8.083685991707465490e-01
3.846543456401239069e-01
1.105044194064452867e+00
-1.250231946312373665e+00
-1.403573756707823250e-01
6.079722821571742486e-01
1.607587693098896153e+00
1.330669850080459682e+00
1.727892958933180623e+00
7.109958003540306493e-01
2.160956010937553629e-01
-3.919386437172285298e-01
-1.574375106603784769e+00
1.174242822872464842e+00
-3.798478531254421142e-01
-1.559272998997011328e+00
4.433449318685509510e-01
-6.046492520891382227e-01
-2.588101878386499521e-01
-8.661195853575360815e-01
1.201024420055230024e-01
6.060637822688459408e-01
5.745301018238446744e-02
-4.711114775699671853e-01
3.547725019062886176e-01
7.325176601538698762e-01
-1.624485386589459068e+00
3.697017581913630835e-01
-6.482614841498470781e-01
7.254496411663708955e-01
2.311359925739804311e-01
1.370894755946174826e+00
1.113499587484475306e+00
-1.414104878019744049e+00
1.144353157954975053e+00
-7.578996184165474048e-01
-1.070362900586213861e+00
2.813780381591799440e-01
-3.079451300185853668e-01
6.120905674199690338e-01
-6.363817502243129809e-02
-1.550979980805600178e-02
-1.664484946800346865e+00
-1.789877504754940674e+00
-1.979210357684930699e-01
9.115549607731114889e-01
7.197375196187483226e-02
2.734743246050648224e-01
2.223862043830795443e-01
1.751636745815039475e+00
-4.502131835889651157e-01
-1.479667422079262717e+00
1.080485746608918163e+00
1.008543758785885203e+00
9.774209081910081309e-01
1.050373256519634424e-01
-1.554489878800900726e+00
1.247198090714935148e+00
7.381673461608286857e-01
-1.255743461824365692e+00
-5.191457052465873190e-01
-2.133647678972945272e-01
-1.025405430862398770e+00
-7.607453194012929742e-01
-1.185888917079318539e+00
1.193620461524282916e+00
-1.036577732395307372e+00
1.692872993515886826e+00
-9.238972834353660346e-01
1.399250645101373536e+00
-3.362468316524571676e-01
1.879238851656594989e-01
-3.402574783499119349e-01
1.319282148287727274e+00
-1.739052443547035587e+00
8.363809562035573464e-01
1.367805613778072527e-01
-1.025789979328041390e+00
-1.104154551133895712e+00
1.335189814929629293e+00
1.799388006941548213e+00
-2.399374443232744625e-01
-1.590136521105958156e+00
-1.815624574688594617e+00
-8.468888418541400398e-01
1.798332122003579059e+00
-4.301064893671018297e-01
-1.794260344830807874e+00
8.700181305764509432e-02
1.917217709693175287e+00
1.871383416942541622e+00
-8.415679904476061068e-01
-8.688202596372951447e-01
-8.185512504931171662e-01
-1.175400676412837520e+00
-1.144718246557503427e+00
8.461824209221111559e-01
6.367724859089651801e-02
1.650428322901300149e+00
1.314642490752028436e+00
-5.338282798511952976e-01
-8.793047084346818920e-01
-4.185182006990224579e-01
