1.545000000000000000e+03
1.999000000000000000e+03
2.721000000000000000e+03
2.557000000000000000e+03
1.860000000000000000e+03
3.012000000000000000e+03
2.300000000000000000e+03
3.274000000000000000e+03
2.689000000000000000e+03
3.286000000000000000e+03
3.295000000000000000e+03
3.217000000000000000e+03
3.231000000000000000e+03
3.098000000000000000e+03
3.286000000000000000e+03
3.249000000000000000e+03
3.239000000000000000e+03
3.195000000000000000e+03
3.197000000000000000e+03
3.272000000000000000e+03
3.245000000000000000e+03
2.678000000000000000e+03
3.263000000000000000e+03
3.286000000000000000e+03
3.261000000000000000e+03
3.259000000000000000e+03
3.285000000000000000e+03
3.282000000000000000e+03
3.332000000000000000e+03
3.327000000000000000e+03
3.266000000000000000e+03
3.350000000000000000e+03
3.232000000000000000e+03
3.251000000000000000e+03
3.136000000000000000e+03
3.262000000000000000e+03
3.259000000000000000e+03
3.323000000000000000e+03
3.314000000000000000e+03
3.362000000000000000e+03
3.352000000000000000e+03
3.269000000000000000e+03
3.330000000000000000e+03
3.251000000000000000e+03
3.298000000000000000e+03
3.276000000000000000e+03
3.231000000000000000e+03
2.503000000000000000e+03
3.343000000000000000e+03
2.654000000000000000e+03
3.246000000000000000e+03
3.340000000000000000e+03
3.314000000000000000e+03
3.291000000000000000e+03
3.282000000000000000e+03
3.330000000000000000e+03
3.068000000000000000e+03
2.715000000000000000e+03
3.283000000000000000e+03
3.058000000000000000e+03
3.059000000000000000e+03
3.251000000000000000e+03
3.313000000000000000e+03
3.353000000000000000e+03
3.248000000000000000e+03
3.335000000000000000e+03
3.361000000000000000e+03
3.347000000000000000e+03
3.276000000000000000e+03
3.230000000000000000e+03
3.288000000000000000e+03
3.313000000000000000e+03
3.339000000000000000e+03
2.713000000000000000e+03
3.206000000000000000e+03
3.336000000000000000e+03
3.270000000000000000e+03
3.313000000000000000e+03
3.355000000000000000e+03
3.346000000000000000e+03
3.256000000000000000e+03
3.186000000000000000e+03
3.296000000000000000e+03
3.246000000000000000e+03
3.342000000000000000e+03
3.351000000000000000e+03
3.320000000000000000e+03
3.318000000000000000e+03
3.320000000000000000e+03
3.320000000000000000e+03
3.285000000000000000e+03
3.360000000000000000e+03
3.327000000000000000e+03
3.322000000000000000e+03
7.860000000000000000e+02
3.337000000000000000e+03
3.292000000000000000e+03
3.270000000000000000e+03
3.257000000000000000e+03
3.364000000000000000e+03
