7.851626722799578317e+01
1.440647944501180611e+01
1.877567687467018231e+01
5.943815141535345958e+00
1.472982843016937693e+01
6.072283540345172526e+01
8.965666261342033749e+01
1.258184717627796516e+02
1.398261614506262731e+02
1.314233258433414449e+02
1.359167082781917202e+02
1.420002986313503470e+02
1.405509833007033933e+02
1.442351088616842958e+02
1.405633533535282425e+02
1.453377413861922207e+02
1.446254917075910953e+02
1.449225039413705645e+02
1.453329181515441064e+02
1.452857636504358823e+02
1.449631784129852576e+02
1.451994189880765873e+02
1.438486425413497898e+02
1.452934952734568412e+02
1.452121151737719629e+02
1.453282506746465685e+02
1.453326998297317800e+02
1.452550696376283668e+02
1.447221736693080629e+02
1.444726759970352532e+02
1.452518095334354484e+02
1.452700122224923689e+02
1.341180059687650328e+02
1.452964036770075325e+02
1.451670912892382148e+02
1.450472024628734857e+02
1.450070747067134391e+02
1.451480022413392987e+02
1.449351035411287398e+02
1.449650471838842520e+02
1.446821746056333211e+02
1.453047709432902650e+02
1.451606575715308338e+02
1.453399346043997014e+02
1.453207262704688105e+02
1.453131792343434086e+02
1.452321017979103317e+02
1.450670694434226391e+02
1.453227214518806818e+02
1.451837636953551680e+02
1.453114745620437134e+02
1.453001003945808520e+02
1.451662801064604480e+02
1.447062306379059180e+02
1.451582436620473686e+02
1.453204968006681099e+02
1.453172581439701219e+02
1.453221583696665675e+02
1.452800196623852003e+02
1.444760618243768135e+02
1.453347675120187148e+02
1.452414803321113652e+02
1.453113721519305841e+02
1.452240918712056157e+02
1.450877344327789444e+02
1.452891019313471190e+02
1.453368219382046220e+02
1.453244206320372029e+02
1.451705475578422124e+02
1.452178021293361496e+02
1.450613623589757708e+02
1.453340262258093105e+02
1.451515336139227088e+02
1.451256655295177040e+02
1.452980411563434302e+02
1.453447644627506463e+02
1.448507265977965801e+02
1.453294119911316784e+02
1.452857636504287484e+02
1.453447642157187829e+02
1.451858103894757335e+02
1.453128559482442768e+02
1.449750525593164809e+02
1.453080246266931965e+02
1.450896583658518182e+02
1.452598586804670902e+02
1.453176399783379793e+02
1.451423622326562963e+02
1.451198665110711659e+02
1.451632274767436002e+02
1.449162604924323432e+02
1.452821550562166522e+02
1.448942740453577755e+02
1.452402710298955810e+02
1.453271640795114479e+02
1.453058700902559224e+02
1.450917351602126644e+02
1.449627860108281254e+02
1.453447643961793290e+02
1.453447642109602214e+02
