-4.284996036471113712e-01
2.168635027394687498e+00
1.616930438371656287e+00
6.628335452380449411e-01
2.051136869300537846e+00
-1.399965364477484098e+00
6.029010863366877970e+00
2.744014040742869476e+00
3.308161947139982573e+00
5.870305776437774625e+00
-1.895328568697022931e+00
6.106669122574244213e+00
3.893784321445766139e+00
-8.344960851174425542e-01
4.987444295511378911e+00
4.042484434205331212e+00
3.108230854242664876e+00
2.487969239749820538e+00
2.894199590331300698e+00
8.581803310796320972e-02
1.880719935187546099e+00
3.082757604170309307e+00
7.523694019037252545e-01
3.525781101460665923e+00
5.109084502077855916e+00
6.962642182430034410e+00
2.969992741733035402e+00
5.520349542396093767e+00
5.731863175020702528e+00
3.921439453731144553e+00
-2.342786231977329603e+00
-1.951909037546735615e+00
-1.237629776539324489e+00
5.253515141616309947e+00
6.668199551268868319e+00
6.913615719711080132e+00
1.893359912545728996e+00
-9.994971476022600498e-01
4.008611741874114287e+00
3.309638972619683983e+00
2.583455640095719374e+00
2.829409134905751522e+00
-1.876687971140613698e+00
3.607192657921427070e+00
2.647394607765848562e+00
1.601091418455248494e+00
2.907628844458515438e+00
8.241794432653124503e-01
5.259894948475096754e-02
3.741407214523583491e+00
4.812085475261685730e+00
4.300031647927474054e+00
5.693776479319090811e+00
2.031080669453380061e+00
-9.236869628913790820e-02
8.980575384791293914e-01
-3.978398811000252167e-01
1.961811731840841233e-01
3.227942426510068685e+00
3.800091715403466353e+00
1.590800079992104266e+00
1.354998341040768217e+00
6.247132567852737850e-01
2.270814555038479732e+00
1.422691367338527968e+00
6.301347169549005756e+00
4.739281604497580958e+00
4.837626834374054496e+00
2.430029923365126798e+00
1.393269841746477056e+00
1.351597494621969986e-02
-1.547797990527257639e+00
-2.308204448924868757e-01
6.262595781049746790e-01
2.673590932682782473e+00
5.010278444091717631e+00
1.563200211137081297e+00
3.468715415942899227e+00
-8.494859070118181421e-01
4.056592373965202114e+00
4.226505746281720377e+00
6.133040929030601163e+00
4.448801788666999713e+00
4.837987006582904925e+00
1.542221338746265324e+00
2.429830578933378504e-01
7.490352668503183153e+00
1.580923489231691015e+00
5.769817713629807443e+00
5.700277980249953913e+00
2.004347168815807656e+00
4.333607647188136625e+00
3.565885807294161935e+00
4.494285708448352068e+00
6.029099038513766828e+00
1.870194184303246132e+00
-1.875088139341614557e+00
1.944799899268955912e+00
-1.015147595792698532e+00
4.744932633138013500e+00
1.032235156036291457e+00
2.965900677102205840e+00
1.801903316917398357e+00
1.475477847343355187e+00
2.338770271547517154e+00
5.361100488958518540e+00
2.203005432190279222e+00
5.059049473349300996e+00
4.648768038663337876e-01
4.609248301758441357e+00
3.623923628555012044e+00
6.250760412638483032e+00
-1.955582506779987018e+00
6.215621576668192816e+00
4.184607709605991488e+00
3.631685786532178994e+00
-1.753237144604059328e+00
1.446521859990868464e+00
6.043521113271017597e-01
-4.101850716394146446e-01
2.606560759693079987e+00
6.401948911435058065e+00
2.174367001375597575e+00
2.671059791865094013e+00
-9.842329299340901727e-01
-4.174204067015772068e-01
-6.308461348083849174e-01
2.387592604491467263e+00
6.362317692359805932e+00
3.087810177054690186e+00
1.614659554580635259e+00
5.069212354267250475e+00
1.105385883222171017e+00
1.455426892504467773e+00
6.378852592995500004e+00
2.110513644233048325e+00
6.600124040419526494e+00
2.946355846709141524e+00
6.696379932471565155e+00
3.989079990759332617e+00
3.801924451833070151e+00
1.626841341859524448e+00
5.269861650176288492e-03
1.320331747430466329e+00
6.655589353139033548e+00
5.055366001441742085e+00
6.773707751463671656e+00
-1.105855990099233299e+00
5.899544248571199745e+00
4.882162962937471207e+00
5.709357088951785286e-01
4.160075000872769380e+00
1.474279069281568155e+00
6.227898925039703215e-01
5.232566190136036965e+00
4.583462587912276121e+00
4.378664763172258390e+00
6.283444492633913470e+00
5.602771381371878689e+00
2.946084375048778625e+00
2.152857298222192739e-01
6.516036584859563163e+00
5.116353066215726386e+00
-8.539318201809535935e-01
6.485915843040412909e+00
-1.270145665952641778e+00
1.841901150641486851e+00
-9.948144583872489122e-01
4.934256167751465583e+00
3.032078945163416250e+00
2.393769374148403628e+00
3.469699458822894655e-01
6.858611458427819940e+00
1.399595441463639567e+00
4.936070270395157777e+00
6.035430515352361525e+00
1.806646823475308139e+00
3.740135991584352837e+00
5.622615923948465877e+00
5.375189719781387154e+00
5.335896775784886970e+00
-1.442767893463435591e+00
6.128231299560846779e+00
3.015616656110104543e+00
2.602569961079559846e+00
-4.444808758131530979e-01
2.783885838219219977e+00
3.821584546680208305e+00
3.451869435566770505e+00
-1.022361054860596141e+00
-2.467176518481007719e+00
1.785085574792952379e+00
4.483661486087131109e+00
3.161535828624957745e+00
3.550409960308753554e+00
2.307067786891339622e+00
4.179917826316197349e+00
3.415151437565050685e+00
3.418837778988889298e+00
7.157670888404471299e+00
-1.931121776849376914e+00
-2.647987446929711552e-02
2.474677394457618362e-01
1.827909678246052216e+00
2.594507843303426320e+00
7.639279884555051581e+00
3.714655970281844688e+00
2.247007997697386905e+00
-3.350440034142030399e-01
1.078005207209009164e+00
2.202448513849640577e+00
3.037575482640345825e+00
3.574960919890433075e+00
4.517740355490388993e+00
-2.932271190494413204e-01
-2.367149177154655337e+00
-2.392353980037251304e+00
6.303591114113212157e+00
2.782445439318365743e+00
4.798562144582170674e+00
3.292582095133425923e+00
7.790507544926121852e-01
-1.785866547189386200e+00
-7.849108474722221729e-02
2.227350618913543912e-01
-5.951479537566708444e-01
6.554780547523515466e+00
-3.996931161118313369e-01
4.488833892482695376e+00
4.803368488281302362e+00
1.997128614691617621e+00
1.881281361128417373e-01
-9.590525445654707326e-01
6.562534234522273024e+00
5.332451703703959822e-01
-7.527494029622285865e-01
8.099679027702553213e-01
8.082425526841872099e-01
6.310110685208941916e+00
-7.475783696195854588e-01
5.207713483802283605e+00
3.452679007384864107e+00
4.228285964820619469e-01
-7.623210420493871098e-01
1.791838361135253521e+00
1.844567927256639983e+00
-4.639655648851519487e-01
2.889735589162897078e+00
1.461383854014908223e-01
1.633981622930096300e+00
3.739120769429320035e+00
2.339718499534764184e+00
3.445946215810662849e+00
5.700122290375780665e+00
4.584177180453743006e+00
2.421984289135104440e+00
3.444823542052230181e+00
7.705103278579024106e-01
1.865424000464128262e+00
3.252983177532941639e+00
2.321302697898468104e+00
4.571507185564080089e+00
4.637331622759825578e+00
2.558870983461392967e+00
3.736122610192422755e+00
1.035877947957987821e+00
-1.509667462622338974e+00
-5.631262947308117717e-01
1.097264991389294231e+00
3.625999639276178854e+00
1.951007521498756780e+00
-1.921388398709284573e+00
2.848858078641752556e+00
-1.805628440912343535e-01
1.664407265482470422e-02
3.065562394858321937e+00
4.233984242578944901e+00
2.304392288864021587e+00
1.084501233740386539e+00
2.801941515046309839e+00
1.226601083500558964e+00
3.109334942665196166e-01
5.070921549418507368e+00
1.474626226093995740e-01
1.333868363383464484e+00
3.223605998417760077e+00
1.161093825204641661e+00
1.414558413039730844e+00
3.081467406541385401e+00
6.086167531828730048e+00
3.450034514421377096e+00
-1.900487827062931512e+00
-1.711962616591113928e+00
-3.719999268873381837e-01
1.764926498302938462e+00
-5.351106757737094100e-01
2.510473521613608483e+00
3.639135269946821793e+00
2.968009995816797364e+00
3.587616948312675191e-01
2.938190817033347280e+00
5.076522008495787830e+00
2.338025561577001810e-01
2.879838432353173161e+00
1.838261500847302443e-01
6.837306355075369879e+00
3.821103290732738245e+00
4.893918871108613899e+00
6.505403794588028532e+00
2.548407614856101233e+00
2.159146462565014524e+00
1.233239825555213720e+00
1.417827515257235937e+00
5.765268174837727244e+00
6.484053422660279509e+00
4.027291272616002615e-01
4.383205569008731928e+00
2.981022066338343990e+00
1.495399604662607018e+00
2.189819570650527680e+00
-6.292376978815115152e-01
5.128716092139299576e+00
4.908224549198980213e+00
4.871656714201092697e+00
3.915210951274303852e+00
4.939561808256256015e+00
4.076777677284640689e+00
4.643306131456304442e+00
4.156266687047336816e+00
1.900379878115330712e+00
4.686339015224938009e+00
2.901128213748319418e+00
2.816687469390599219e+00
-3.917523529987754216e-01
5.976528236128713090e-01
1.158012489134384815e+00
3.706624611312674844e+00
9.288241535859400599e-01
-1.970045109598439037e+00
-5.040915712339195665e-01
7.011106503705233806e+00
3.981943845687357708e+00
-1.350134690663890247e+00
4.242132999041681174e-01
5.851807313732850346e+00
-2.598849526412057465e+00
-3.994759350590477709e-01
-1.275357810430867378e+00
5.670732236230040968e+00
2.893111712494298438e+00
9.149473031116617250e-02
5.657569212113838120e+00
3.941937901127511523e+00
5.861380197298387884e+00
6.077469346860429056e+00
6.765276904763570798e-01
4.150287856381540408e+00
2.569726002512887852e+00
5.786270827656259996e+00
4.324445823180898429e+00
-3.263944916409258212e-01
-9.236078917626935336e-01
-8.124548793625754328e-01
4.258421421170533350e+00
-5.848113492742657016e-01
-1.523366708657185153e+00
1.223606152516034662e+00
2.474597584093642944e+00
9.702672643958552001e-01
3.178582566265893306e+00
1.862781844188804214e+00
3.987087376832255003e+00
9.152001931160844705e-01
1.932912739497296251e+00
-2.520657179988905483e-02
3.713115975762745435e+00
3.381938191306316455e+00
3.411617199218580865e+00
1.586020943680072293e+00
2.078825923677102949e+00
2.425249714174279703e+00
1.665220469802076941e+00
-1.547324823302156371e+00
2.593836708236355371e+00
3.707273811820561704e-01
2.899598159433292466e+00
1.384990241379742137e+00
4.859836331890715400e+00
3.470373380783428274e+00
1.559131623395078492e+00
6.890651312460196465e-01
2.850192777820483414e+00
3.451475631007140166e+00
6.920516193828056828e+00
4.651033627671615989e+00
1.859824834832800811e+00
3.245270519629780637e+00
2.198796061141091052e+00
-2.488601746839681272e+00
-6.478403515437509697e-01
6.319798953496880145e+00
6.290387360833813446e+00
5.354698559865997964e+00
3.693867520087177780e+00
2.864418798804322819e+00
6.041932895501918921e+00
7.098167227743642727e+00
6.384855375649070908e+00
5.962291407528640619e+00
1.283217808605369825e+00
-9.075215036517159106e-01
6.640112942157372800e+00
4.795226321711894002e-01
6.876489968602729874e+00
-4.010648304483739324e-01
7.160848329567576442e+00
4.847006244133265085e-01
4.169487982737868137e+00
3.299617991877752843e+00
-2.632907739573299821e+00
-2.431571922110471906e+00
2.457763874682678207e+00
4.400094843975873360e+00
3.191228368256854964e+00
5.352703770893548096e+00
3.053751500731483048e-01
2.873831593410586471e+00
7.136661310824004900e+00
-1.259004640532550567e+00
5.492841179524402762e+00
9.343929825012020629e-01
3.404353596910079105e-01
2.165339637906302350e+00
3.152664999740020235e+00
5.069619033502869243e+00
3.465909821256422774e+00
2.293527800690460694e+00
6.106195884966552967e+00
9.711007618554763354e-01
-1.120444089491789530e+00
9.256518765212922162e-01
-1.839319678878273301e+00
3.397310956015802574e+00
3.974319856075007706e+00
1.828040263379339336e+00
4.715537336731806306e+00
-1.972932339000641022e+00
-2.653781180431184605e+00
2.870582127605525002e+00
3.668017106128850457e+00
-3.744221956702107335e-01
4.048831317463228885e+00
1.399537509988839190e+00
-2.025045356938764307e+00
-4.174775869161191366e-01
7.038505373292853307e+00
9.509268069242517996e-01
-1.498355297013217236e+00
1.722871783421554781e+00
4.498618373703855866e+00
3.856814975356373409e+00
-3.615599254488293113e-01
6.468472133172916472e+00
5.058506825716859723e-01
5.269650325255950563e+00
1.133328924567184259e+00
1.390852610024574609e+00
5.758490171360740817e+00
5.939563621169879681e+00
4.064947661256130829e+00
4.487110959232190055e-01
-1.873792041314438439e+00
7.190767257873265095e+00
7.557780604707575733e-01
5.371708154626992027e+00
1.676944083162331900e+00
-1.088908471419726354e+00
3.661558888861202732e-01
-1.910841498096535584e+00
-4.072955270624891710e-01
1.393727083489314289e+00
4.207867958370467676e+00
-1.380673055491742574e+00
1.972693502856851744e+00
1.605502107663248523e+00
-9.298097243466170170e-01
3.798290540809190929e+00
-1.818689659292425986e+00
5.211054514564262163e+00
4.757673897797022988e+00
7.286787668698437415e+00
-1.089696127389440328e+00
2.954217171231304562e+00
9.285731719272867224e-01
6.530469943976619618e+00
2.325750133159604438e+00
7.289846021014588118e+00
-3.638749265350149642e-02
-1.688683130300612234e+00
4.651830078299797222e+00
2.671317451478016025e+00
-1.720925771069012011e+00
6.850218190536539353e+00
-2.457200532143662297e+00
1.426652493398406385e+00
5.008538345747860276e+00
3.395186147796849241e+00
2.906581134282784085e+00
3.937425169431863381e+00
3.283345410697808830e-01
-5.375515787823150760e-01
3.623932730305478245e+00
7.238908432207624699e-01
3.081494024992124992e+00
-2.040723174877418167e+00
3.143491585650213693e+00
3.402196317881026388e+00
6.050542239209628192e+00
-1.874257897819907370e+00
2.007395507996982964e+00
3.404853464120568773e+00
5.051609908115814562e+00
1.365735599777418763e+00
2.928519508261533844e+00
2.796198785075066695e+00
5.014991595860156082e+00
5.688255670009851883e+00
-1.130296278853832437e+00
9.509229656946391884e-01
1.657491016738406486e+00
-5.398141364509072559e-01
3.599734680619535609e+00
-1.043856303565943389e+00
7.345116557600309903e+00
-4.067114037544516947e-01
-2.098115368107964951e+00
-1.693362886040539195e-02
1.535876056592736738e+00
1.346969771178510911e+00
6.122480029620360753e-01
7.530997901532625605e+00
2.481039345122785456e+00
4.407914739467351239e-01
6.253602674555942542e+00
-7.187576235637704869e-01
4.130519825560748259e+00
9.945793771928101989e-02
3.791206054761637745e+00
1.031042916961412814e+00
1.326020212921363850e-01
2.686115837077199586e+00
2.352432262554668085e+00
-1.776154595602530861e+00
3.961943250190445909e+00
3.244956434310102722e+00
1.849857161029370367e+00
3.770579662444585978e+00
2.210531248001158744e+00
-1.094086531860506639e+00
-2.650967008768999378e+00
-3.267761189397546673e-01
-5.775923674318228507e-01
6.690100024446628879e+00
9.596608398466059953e-01
3.459093213722743698e-01
-1.191196460515110189e+00
3.207914730142755744e+00
-4.767466056959790421e-02
3.562646519776958343e+00
6.106698949905739582e+00
7.199189766372242616e-01
4.476536524889018764e-01
6.333375280282645292e+00
6.718457086605702955e+00
4.381147521691357127e+00
1.607484869805978711e+00
5.749794128084339206e+00
3.904723975610583153e+00
4.018698258272822343e+00
2.716437535355547439e+00
1.751800944531063386e+00
2.813020208643610687e+00
-1.979929385460121427e+00
6.379842925563925959e+00
3.841424547955108793e+00
2.561558028486086158e+00
1.447811520641781868e+00
2.212897592626397625e+00
3.524819532323789417e+00
1.417652413041174952e+00
2.418279896028385778e+00
1.093407822743575508e+00
1.647139277550526693e+00
3.389087336155942154e+00
-2.233166830331327013e+00
-2.476296826268583384e+00
-1.199698603826240273e+00
6.476278443551871433e+00
2.245409776969082394e+00
-2.419578118966079661e+00
-6.291624712921786156e-01
2.118022466855268959e+00
4.377631844929441129e+00
-2.738234028016330868e-01
3.534484538048564772e+00
-1.248420442958015908e+00
3.291190861792903988e+00
3.061393984623158815e+00
5.676521643589799382e+00
6.263954440679606606e-01
-1.775627912881541981e+00
7.007210332463662539e-01
2.277926049176580037e+00
4.502725830309984190e+00
1.666869507921887816e+00
-1.677751432857986558e+00
-2.049526059639775522e+00
7.405895938585317140e+00
2.587131152636721332e+00
4.619362893934670922e-01
-7.204044722801601353e-01
1.217940002870212091e+00
1.995425455974851658e+00
5.549288749725199921e+00
-5.831527347060907474e-01
3.963763442814244087e+00
3.982534435732100420e+00
1.375636953662770168e+00
7.297805685120746233e+00
5.493450307395043808e+00
-1.085769093353962766e+00
4.462205431432439084e+00
7.168464187998431214e+00
6.110897667597567917e+00
3.646766534836565654e+00
-2.370217373256016558e+00
7.546525586678386688e+00
5.703080192001705129e+00
-2.416768507384610132e-01
4.686490939377183196e+00
-1.555720042440301931e+00
-2.487706797678193471e+00
2.639850854241289291e+00
2.057441048635634928e+00
-2.453065913014876642e+00
1.386961274146782941e+00
2.171430586811597507e+00
4.283272940290128616e+00
2.559618777577025384e+00
7.319606394813273909e+00
1.597807733234765770e+00
4.406163775523115333e+00
3.849470790291769973e+00
6.372548247019471646e-01
5.106405948571630660e+00
-1.346485320838334943e+00
-6.273922054761467137e-01
2.739051177164093076e+00
2.765520758773620358e+00
3.441406666393358904e+00
5.376202092306510139e+00
4.128117899548769287e+00
1.979365193087737396e+00
2.170775191001671267e+00
3.451081390875240018e+00
-1.666285159440226593e+00
6.617025519097076369e+00
3.811490223282161693e+00
4.007593945258189905e+00
-5.559336009002713297e-01
8.731070500383992794e-01
1.084721876616944414e+00
3.126870089534557806e+00
1.481210359133315002e+00
3.738365097928232572e+00
-1.204178953088058002e+00
3.452518664496192713e+00
4.722931371343616291e+00
5.609007128440572032e+00
2.725922213820703988e+00
6.990792221362200465e+00
-4.004542362921093002e-02
4.621249845576178572e-01
2.069595229865094588e+00
-2.018826985696975829e+00
5.137761056048860908e+00
1.445436731259055918e+00
6.453309789429171772e+00
1.590850633912410217e+00
2.184423053359913602e+00
5.405312943933475722e-01
5.695558806099608518e+00
6.558740660950871160e+00
-1.847821477161039727e+00
3.171973935166096936e+00
1.640804206231973872e+00
-1.048466277907265543e+00
4.350424260301673840e+00
3.991092856295349378e+00
7.164373974075475715e+00
3.956959154394807499e+00
5.933334249573078978e+00
2.346586499702187467e+00
4.487925868200331792e+00
1.545451243261598329e+00
6.770632018270910990e+00
5.988716524331973545e+00
4.170217792706187865e+00
7.017308528432787185e+00
5.936400318087340366e-01
3.567756500887885096e+00
1.703685084811636941e-01
1.187632528415922373e+00
-7.115758261090654457e-01
2.611710302218810398e+00
6.745423297727917600e+00
8.842580971597646666e-01
3.124114557314792151e+00
4.918397491669985300e+00
1.518850885291351815e-01
4.095382719920063863e+00
1.015005553332008148e+00
-4.413011906890016434e-01
3.687879439977116647e+00
-4.552330183713593215e-02
2.398267491180217093e+00
1.661765296750224330e+00
5.472059687275331541e+00
4.352495248334072642e+00
2.204646872509496980e+00
1.564196427156408831e+00
4.009590992072499915e+00
1.647070977391186908e+00
1.165005468911243014e+00
1.091563291775222488e+00
1.124583516066746114e-02
3.618949141897875421e+00
2.631963337338190101e-01
1.394129071967074474e+00
8.041772315670332461e-01
4.856797108803435847e+00
4.855338165311506415e+00
-1.604880619772145245e+00
2.325020156720886355e+00
5.227916742135004569e+00
3.636500810523337179e+00
6.694344928716482457e-01
5.445320424191670838e+00
6.447214638491528760e+00
3.644567384706508761e+00
4.232510469109504569e+00
7.237364646305280758e+00
7.810660696746287712e-01
2.680000951196345405e+00
2.149055999801179340e-01
9.492710733628939579e-01
1.862772638710666229e+00
1.521755421395809549e-02
5.404678458354933213e+00
-2.019074486434847771e+00
5.073189440272576789e+00
7.653403532427605072e-01
3.655363480987826819e+00
2.203591557648955757e+00
4.879925233047357480e+00
1.205471789681258343e-01
-1.978412979150999007e+00
3.820299294439410076e+00
-6.076019437093993503e-02
5.600734365326280439e+00
4.280842600588320224e+00
2.920235451214502120e+00
5.196386595013731124e-01
3.230623491674545988e+00
3.282582480587132423e+00
6.738004165756331432e+00
-1.032518488871916773e+00
2.363733617810267695e+00
2.711734240060675205e+00
4.648509429086733036e+00
1.046610509134687561e+00
1.515473403814407760e+00
-3.475599554988679785e-01
2.453112608904200798e+00
2.079639932377332912e+00
4.712528709524571369e+00
-2.518408951602435497e+00
2.466720259357746414e-01
2.496260050952162857e+00
6.470316968232980415e+00
3.359773855259302167e+00
2.388969841070565536e+00
9.440250932341269774e-01
2.977493151629150070e+00
1.102146654797937053e+00
1.141623819643383442e+00
5.651501604922284372e-01
4.327770723832497168e+00
-2.407858373859103285e+00
3.018438651286441399e+00
3.729486104311527939e-01
5.445611859979734959e+00
4.152075712296579013e-01
2.239378888570493942e+00
-1.305728756658020018e-01
2.130640830871516123e+00
2.488900515957624293e+00
2.212445165037754791e+00
2.637742004734693779e+00
2.377420485523447979e+00
2.693686215685620056e+00
4.866758279906344242e+00
1.811401443528947830e+00
3.200345972404818440e+00
6.077026634366729851e+00
2.613538208967457699e+00
1.665556273299388046e+00
3.124981946926833842e+00
3.348081769795811624e+00
5.732562305384883317e+00
2.323574105452489214e+00
-3.022082586844305752e-01
2.889077693081432585e+00
2.130040073619824170e+00
5.932768879786600280e+00
6.744814036195915463e+00
6.119888338238087755e+00
1.500543309728127994e+00
1.485141600930008465e+00
7.346844625983180777e+00
4.412941279415617757e+00
4.740372624910586197e+00
4.900681324827736773e+00
5.597649418499443641e+00
7.501777687368718972e+00
6.390819661896420811e+00
6.070649426526253833e+00
2.273394796583224853e+00
4.727209010002400902e+00
6.629950739528789327e-01
6.706061087654031638e+00
4.582785904061040583e+00
2.695666580823641745e+00
6.332517182355147156e+00
2.719672154302244849e+00
4.839683516236329197e+00
-2.295830204752770776e+00
5.617621262787707792e+00
6.546296234679200410e+00
1.108976649362361400e+00
2.488105226895894084e+00
2.794052758637048939e-01
-1.712081522515576992e+00
-1.267898960814358933e+00
4.694835029098245016e+00
5.696341268596675889e+00
1.065864249829502342e-01
2.659932498488898567e+00
-5.963946081913658048e-01
6.826457398206404292e+00
4.321113981550894323e+00
6.481708453024475958e+00
2.096682048686400179e+00
5.208045009963051086e+00
4.993373766295675864e+00
3.669671396964741206e+00
6.374705218542736418e+00
9.895704684560699960e-01
2.596174118395422781e+00
8.264859527462746769e-01
9.878504990931356033e-01
6.954456068306239303e+00
4.138957487880340125e+00
5.687967329210986023e+00
2.816961689164386051e+00
4.706485226351215800e+00
2.828079223724361491e+00
-2.931589205675528831e-01
5.223036360756852403e+00
7.409871779921875401e+00
5.019272886933379141e-03
1.024609438938232309e+00
1.328776488909925391e+00
9.708958780902152697e-01
-2.745072040034433059e-01
4.243922099211058452e+00
7.196762653695431666e+00
6.650779213413722246e+00
-2.192277945137325990e+00
1.321648214944537436e+00
-4.245213995465997314e-01
-1.391806869465649577e+00
6.241406536249519021e+00
7.217866976896093689e+00
2.412560728276828215e+00
-1.429920956589941117e+00
3.333677530354123064e+00
7.192939420438765552e+00
4.812221282968586422e+00
4.892481094305756173e-01
3.840402993093102069e+00
5.396233657010947482e+00
1.817948543556062724e+00
3.324238858424672927e-01
-6.707050151215190326e-01
2.949738160361910388e+00
3.650523906330720436e-01
5.240225415380585616e+00
1.091908619076546572e+00
2.295709671020986775e-01
6.484416681154538509e+00
1.868362510275396460e-01
3.186646411808936818e+00
3.510204211079106074e+00
5.505505117362575973e+00
1.214250901711009689e+00
-1.244764381514311680e+00
-2.535594244189256052e+00
6.749306843520933796e+00
7.876833591396774636e-01
-9.880542273837011891e-02
4.271938134149102950e+00
-2.134438965224170204e-01
5.139588631809806074e+00
-3.460747482106629747e-01
3.436404112346339801e+00
2.767055905260243698e+00
-6.344168230917643925e-01
-8.878725942434870788e-01
5.662687507013860255e+00
3.676371470327028490e+00
4.441856433121687431e+00
2.308195079335932931e+00
4.998761895488055274e+00
4.304182184449842907e+00
-5.066752087543271443e-01
5.754012487965059819e+00
5.998262863616870888e+00
2.730801551561548024e-01
-1.051164951802660674e+00
2.451571898234981894e+00
3.384416932986578530e+00
4.341510779156569910e-01
4.634935653601209182e+00
1.408023322151154666e+00
1.609665253055759138e+00
5.901033668826963563e+00
-1.891308899729474025e+00
6.492644713037170945e+00
-1.926990885016524047e-01
3.900357900235061237e+00
6.529393286824303644e+00
6.457159395853924622e+00
6.187671125957720619e+00
5.695438161251836107e+00
2.712290299721972886e+00
7.007990740619151282e+00
-2.387615803014710991e-01
9.421219489369665467e-01
5.175248459650608979e+00
5.169422992851760768e+00
3.068876541111297485e+00
1.766115754025496365e+00
3.100439835052371862e+00
2.245585608512912223e+00
4.709748186916948853e-01
4.404889852095578817e+00
5.304692121974905916e+00
1.198993474371139456e+00
-3.387450141885146593e-01
6.338634312735674570e+00
6.115605058814120198e+00
1.199636699271436235e+00
1.385547486696986574e+00
1.016600940488082472e+00
4.362307780757385345e+00
2.678958335025980908e+00
-1.444616568145523861e+00
3.787933526945478135e+00
4.492867228999067208e+00
-2.050468032693876896e+00
4.785282721523767435e+00
4.533657373492552267e-01
6.887718431707261502e-01
2.392979736842620220e+00
-1.239414646807817100e+00
3.051532901198944714e+00
3.535343003672497986e+00
-1.242239910223739585e+00
8.811682024934386348e-01
9.076295579692530424e-01
5.810798865344166231e+00
2.624120990487383231e+00
-9.976272970568276222e-01
1.028811899608719216e+00
1.380766307498134005e+00
-8.703216611793473945e-01
-1.473295949750732081e+00
2.039233805191234872e+00
-1.347100404877164870e+00
3.984530091039166777e+00
6.646713018671730921e+00
-1.729607717539456857e+00
-2.165263754298633270e+00
1.756234840815923626e+00
1.325622980080040314e+00
-2.108929149922812663e+00
-1.885362636019384031e+00
-2.780472536720708376e-01
5.938829103646877883e+00
-6.433491021991519787e-01
-1.304661098845604883e+00
3.637294202695317225e+00
2.100446304117360441e-01
5.213639486035299697e+00
6.690889362050850053e+00
2.201876274716854098e+00
7.066415190035259641e+00
2.714241049108641946e+00
6.359114995407660231e+00
2.729071985483207285e+00
-1.704141742976092111e+00
-4.360606986373714022e-01
3.189799748491218168e+00
4.981703561064383834e+00
4.899289310151321075e+00
-2.262038540573386047e+00
5.332162174800950893e+00
5.130304767737756677e+00
5.425928761544245305e+00
2.355009514184009056e+00
8.685052432105715425e-01
4.456710370112464403e+00
7.626461993599386702e+00
4.868477433382185637e+00
4.187994035777542479e+00
-2.204974940170258524e+00
2.097303030788208567e+00
2.723960043929648300e+00
4.048043183507548548e+00
5.876135027816685508e+00
6.028322652688425265e+00
1.908513111992200528e+00
-1.821542888545266692e-01
7.694167724718864676e+00
2.292017745316532462e+00
2.385898680855377485e+00
2.470862357462252135e+00
1.126683354566964113e+00
7.222429445108765833e+00
1.301449949803391348e+00
3.485343421927845853e+00
5.304840972707566493e+00
2.455659221768430100e+00
2.853477389909126138e+00
1.696827060926540121e+00
1.779212311778421096e+00
6.958980495627127283e-01
1.414334708562034137e+00
5.501421690557465993e+00
3.518328538151241247e+00
3.643577295259646576e+00
-6.169888524892037651e-01
3.601411822475032665e+00
-1.010512035850470003e+00
2.864590603582987782e+00
5.314113819189442367e+00
3.719220179723096820e+00
2.573415923719810650e+00
1.842590066479591115e+00
-1.459092862623212916e+00
3.375026105210704230e+00
6.727363260034394443e+00
1.068219601926246654e+00
1.030949775949574487e+00
6.106379840389271507e+00
2.087118852779668465e+00
1.374534450763996496e+00
3.696627216242980296e-01
-7.292120769151582138e-01
-1.933334023203597596e+00
2.290090550291314031e+00
-1.376987687543608896e+00
2.888935393775548199e+00
1.722886717027300563e+00
-2.070028706884687431e+00
2.635373924321108063e+00
1.583362777836673452e+00
5.733083339987461002e+00
4.667877464380685737e+00
-1.845525296301985030e+00
1.344432305372169623e+00
7.665504682021884619e+00
4.084212056345046804e+00
1.685667282720961779e-01
3.179021322357211687e+00
3.281941937494924133e+00
4.611995940397719096e+00
6.962580502724355469e+00
1.986877368457014015e+00
3.020773443598216090e+00
3.380696410159384158e+00
7.331102869923673993e+00
5.687953076215404025e-01
2.523990800983633598e+00
4.112543125168501845e+00
-2.754568258516441048e-01
1.614783193468993794e+00
4.791182935598664372e+00
-7.526627424561755930e-01
5.056519355634780055e+00
-1.580106099521525476e+00
1.037236229080045646e+00
5.295439513971480494e-01
-1.174236017747354310e+00
6.370648796272869063e+00
5.648800346217324631e+00
-1.217947501931547105e+00
-1.107329492844844054e-02
1.979157098621993960e+00
2.170326313121417883e+00
6.636681918448418926e+00
6.455487211883454535e+00
-1.104920267307924142e+00
5.859751126234201024e+00
6.177830382853594315e+00
-1.107904033328391158e+00
2.892836182845765158e+00
3.341396725962676229e+00
3.087042352182374216e+00
3.455786805086042079e+00
2.629815597231523583e+00
4.432218898350129166e+00
2.179983161912195655e-01
3.244578931915837572e+00
8.771912987951004936e-01
-1.087345109185251957e+00
4.749111592962371731e-01
-8.703742880654257164e-01
1.133204717073637013e+00
2.992687152057785127e+00
8.593850756422201087e-01
5.395617084730160329e+00
-2.219349829334676727e+00
2.431693969448867954e+00
-6.856015891995284051e-01
4.684781639477913373e+00
2.144125768000987087e+00
3.339656352142977624e+00
5.439459908957688938e+00
-1.475651694484105825e+00
1.444903755988961258e+00
2.713629431668723058e+00
-1.689115392620378131e+00
3.351905080178122276e+00
-1.708907661539887268e+00
3.636986128477104785e+00
-5.434732929653574018e-01
7.470836146875399209e-01
-3.086013844159509745e-01
-1.172423756230207559e+00
5.857019743635936138e+00
5.020626574217288862e+00
5.117153467441401204e+00
3.250067227844249729e+00
5.337218761108168508e+00
5.044922972272116724e+00
3.053056383509494154e+00
1.080441633325933459e+00
5.970283134321087815e+00
-1.170365656753206807e+00
5.360724337180046817e+00
2.736744958930676930e+00
2.839122323197178943e+00
1.495548913214525655e+00
3.938689864695170684e+00
7.683709618987224488e-01
1.393692670184831783e+00
-2.003011853624684591e+00
3.705378971186066295e+00
6.167201692524033163e+00
-6.460343992348072106e-02
2.621439356839425194e+00
4.008263131981587790e+00
1.267124269036002282e+00
2.710575713726162128e+00
5.540494227675939243e+00
2.015477053482620740e+00
2.576671050683916775e+00
2.016454334918207358e+00
5.602941734983716060e+00
3.185336135973267702e+00
5.460810325926235720e+00
6.478297629876449193e+00
1.082254388664356526e+00
6.762402708911707805e-03
5.172904265678550217e+00
3.688376317448843977e+00
4.833134291758593548e+00
3.808435716253379510e+00
4.050001678395670268e+00
4.100913571516379363e+00
2.938581318353649330e+00
-2.257408233612408388e+00
2.836450398395490957e+00
1.181736190584225632e+00
6.483842859153412519e-01
5.780855774134343150e+00
-8.058300959128796848e-01
-7.477342233264998583e-01
6.605732793738583908e+00
5.592506601736761951e-01
6.613211183823578310e+00
1.282428737713239286e+00
2.559393513139770704e+00
5.457511668662153426e+00
1.899197458945398154e+00
3.308158494642572833e+00
4.977258079031349425e+00
3.007302408706241437e+00
4.133433278632889341e+00
3.523496324872319008e+00
3.159805905379661439e+00
1.175589543421937222e+00
-4.830187852861076436e-01
4.410971284519607849e+00
6.088048947930392529e+00
-6.425659828314103095e-01
1.249288457716851930e+00
6.992060341040266636e+00
-1.525855486185446974e+00
2.564522364204737670e-01
2.217937883834427026e+00
-1.097311411238156786e+00
2.708144589266491487e+00
7.976305208484015807e-01
6.844158446508821214e-01
3.590905780110698942e+00
3.288622753848102320e+00
3.572268543801207841e+00
5.520024884204483229e+00
2.778204509980224834e+00
-1.765174313568014242e-01
-1.934550671159342983e-01
4.562103998114787728e+00
3.090082569604856388e+00
4.441577872263415827e+00
7.082871250823245646e+00
4.096024206855441108e+00
3.376503386837168108e+00
3.633896834292382749e+00
4.739554435299677237e+00
-2.095831656722400460e+00
7.034112273626872636e+00
7.233197603836929446e+00
3.881604282290778585e+00
3.283840241172921282e+00
1.972330140456344694e+00
7.271762922981801935e+00
4.813955407638921713e+00
6.151679189413847837e+00
7.384865638574289903e+00
5.060917795324323620e+00
2.643295940285590007e+00
6.345188368840618764e+00
2.492494134683330920e+00
4.289736469454616952e+00
3.379552403595862842e+00
4.887096412986235094e+00
5.860963704433057586e+00
7.530876075206299092e+00
4.128797257408894694e+00
2.433601550708601735e-01
2.790301083904897617e+00
5.120454996892908284e+00
-1.629521049857852510e+00
5.895230882568331054e+00
6.095019163961911346e+00
1.916119392708230507e+00
1.991029090815167990e+00
4.099536096422170317e+00
3.581302413874258406e+00
1.251982542982386093e+00
-1.008936731344887150e-01
1.702166092052628699e+00
1.437994084982838316e+00
4.416872842916609088e+00
3.780044974978435945e+00
4.578033594705670950e+00
3.468613731487577567e-01
9.831858864261722175e-02
3.831416536884882262e+00
2.516587467841702619e+00
-2.213742249389536454e-01
-9.655985323909890283e-01
6.367158781459345107e+00
5.950520798321289107e+00
4.603383633184520818e+00
6.644874110902744491e+00
4.613453018154620722e-01
-2.259958798970154170e+00
4.120527088904704982e+00
-1.216365738580763800e+00
3.868879398661443147e+00
3.809389771021026050e+00
3.768991380568404992e+00
3.840807141955547621e+00
-1.150754408518877447e+00
6.529852077087527462e+00
5.594398846055197438e+00
3.486017529608064436e+00
6.759100961188982737e+00
1.031577827582634832e+00
-1.335339237434649107e+00
3.157614336072590788e+00
6.210381787580301349e+00
6.549756072105816784e-01
-7.911785855734949635e-01
4.943193759771054019e-01
2.366870048720889130e+00
6.050391428277215766e+00
5.041636174306109552e+00
1.032378496056275630e+00
3.741944338641914669e+00
5.040109480943543829e+00
5.713668377450778380e+00
5.727215887885575896e+00
5.913289359845416371e+00
1.043082207237572057e+00
-4.383338449100921963e-01
7.204679657466877885e+00
3.432941933626814546e+00
-2.196345583202647500e+00
8.747593769601440528e-01
6.610976870923796156e+00
7.082588756074358116e+00
9.497801139109105506e-01
6.067000999260024230e+00
-1.924677361519023577e+00
2.033148335964217068e+00
4.034476702542450610e+00
-6.344241363982838777e-02
6.965235133613939311e+00
4.157327837066722154e+00
7.695505812828260517e-01
7.363139797132010500e+00
1.500227135099055253e+00
6.315489843415376114e+00
5.692893929528482388e+00
1.510651285298187041e+00
5.300930422572081469e+00
4.265726405483166062e+00
3.149808664960795923e+00
-1.542708273270094743e+00
4.836728325858391742e+00
6.691949866085131760e+00
1.864810383945100014e+00
5.770045982138531926e-01
3.789448559420938167e+00
6.683704784699209256e-01
2.642659756433879181e+00
1.856398300185996497e+00
-1.042495497788929804e+00
4.804651534398376000e+00
-2.029371358300595674e-01
2.590972521994317823e+00
3.599540377593516638e+00
2.434758346676721530e+00
2.990394694434066913e+00
-6.320388339125706523e-01
6.747441241132060341e+00
-3.315108975720670870e-01
-2.027209186952237285e+00
1.807122563850152019e-01
2.646109732599118303e+00
2.575307027677320448e+00
-6.318942223706720540e-01
3.429653035649806725e-01
1.921132644445108895e+00
-6.048708180141035839e-01
5.000647056300438820e+00
2.443244847095959571e+00
-1.042800071815976892e-01
1.194604387404694101e+00
-7.345115747656807415e-01
7.328580331311192353e+00
4.986415997619758400e+00
3.755710780632163903e+00
3.550205696481041784e+00
-2.365040721013302871e-01
5.036225374005782740e-01
1.762608226581121151e+00
2.708829821893085743e+00
5.479436726395647383e+00
2.752819713215091113e+00
2.846130565161679726e-01
7.637876243918748642e-01
6.008079670871699918e+00
3.526051870496456075e+00
-6.435701483510802845e-01
7.381173527843753135e+00
6.628939892367089470e-01
5.981425193486964886e+00
3.079105430126659826e+00
5.103516729616030645e+00
1.668931944533720291e+00
2.149404474847115054e+00
-6.958336462034431236e-01
5.521772009875267173e+00
1.914029930891299358e+00
1.954407226757197691e-01
4.700920949204245858e+00
-2.449634500237104717e+00
-1.825760787775610350e+00
2.792200682029841730e-01
1.148255701481655677e+00
2.309029332248917932e+00
4.073686906973495780e+00
4.003061756857066555e+00
2.443370455315051260e+00
6.267204750808685887e-01
5.330766937827039698e+00
2.354762436729338937e+00
-3.540123323529389410e-01
4.277877751457607403e+00
2.173180615331640197e-01
4.462102603687867486e+00
6.606326357779105152e+00
4.802131160388599440e+00
3.522852892717493134e+00
2.017646507009985157e+00
3.811909743198562239e+00
6.329542859584279313e+00
5.071805515926813612e+00
5.987986037380519377e-01
1.838341090389706167e+00
6.809660662080327498e+00
4.121754854412628788e+00
4.529471325264886161e+00
2.686029721312302776e+00
6.736878569917390536e+00
1.856411330215133049e+00
3.282356519746260304e+00
2.292780492122699521e+00
9.736933610206648382e-01
4.226753511403604335e+00
1.701922840587354990e+00
4.637215166795408905e+00
-9.435561129655489765e-03
-2.463210527681614082e+00
1.519079586179041819e+00
-1.448220082719666735e+00
6.303867440370430231e+00
6.643387997012228041e+00
9.055612461465321061e-01
5.551606435207421697e+00
3.681838118517710257e+00
1.778687145044539619e-01
-2.064763044908002332e+00
1.787500503665966356e+00
2.563579046228522174e+00
1.202904861125642988e+00
-9.853564742446518920e-01
4.085013703126644913e+00
4.112030791830644461e+00
1.344015790183646253e+00
1.637394617172883926e+00
8.603911069189100758e-01
5.956876595418965081e-01
2.244988905370577825e+00
-1.756960464407507416e+00
1.652933980966841965e+00
1.302022827800363380e+00
4.778455567622827971e-01
3.121381368487602614e+00
6.729518967806384921e-01
3.504994645112958551e+00
5.507870676983928959e+00
2.636185820039719019e+00
1.657203870272203616e+00
1.571933312139933925e+00
1.135344413966258514e+00
5.168292848406098372e+00
-2.111323496930161081e+00
5.080998735644156383e+00
-1.001535346198612064e+00
-1.046720159669840555e+00
4.484070074102582737e+00
2.551164797515345306e+00
4.955862797977124146e-01
5.068310826306776207e+00
-1.019643983213947003e+00
4.137784220744542552e-01
5.015572079628196178e+00
5.887838245240734736e+00
5.623432179580944990e-02
3.254588691950146995e+00
4.083085609911277558e+00
5.164667883136496940e+00
-3.972901581039822716e-01
-7.997019847691566596e-01
6.989430893950371981e+00
-8.196738079448007142e-01
4.321115700855704844e+00
2.155331251750574495e+00
5.286849244208491783e+00
4.774206538066810168e+00
7.134994350344507907e+00
2.989014489045234590e+00
2.382928140177365428e+00
2.190631262917364985e+00
1.489699679626724560e+00
2.098353983944628354e+00
2.432853306934941173e-01
3.865194102268432630e+00
4.707518930342413199e+00
4.421851501041411225e+00
5.638086228577488868e+00
7.421516864583864503e+00
-1.138596919642571592e-01
7.496918626156803711e+00
4.981911932595307846e+00
4.741313593049854447e+00
-1.128729036019770593e+00
1.537097796911075953e+00
3.073008074378586585e+00
6.620275180242803259e+00
6.409730392233818463e+00
5.321238725271243197e+00
6.421969095635356339e+00
1.991453672773027428e+00
2.701507193348746227e+00
3.203784326635835455e+00
5.198805136520018522e+00
2.846653180621337320e+00
2.571991866546749606e+00
3.195171305366347525e+00
5.763996078674079371e+00
3.721771221958128706e+00
5.852329052030771805e+00
2.860537881722944320e-01
-2.143144075479940458e+00
6.375422456875305954e-01
1.961532584031152382e+00
2.356203923430864933e+00
3.952009929935316634e+00
6.916806949657337000e-01
6.574266554693828368e+00
-4.886827948728011961e-02
-1.814573309090760755e+00
-8.052825582766924839e-01
4.225744125251411631e-01
7.337664390742659748e-01
6.632870218708450949e-01
2.556024811530713592e+00
4.275413518365837717e+00
-2.274419656197456341e+00
3.561316941645896961e+00
-1.708472639452523367e+00
6.379894250693974200e+00
5.600591024354354630e+00
4.984191181649132218e+00
2.962445393850049236e+00
-4.780529664485255736e-01
3.881473060853686263e+00
3.415188898110637084e+00
6.565708565336061397e-01
3.039958438147072783e+00
5.213616862111294381e+00
-2.058249717089736475e+00
-6.768228418347970177e-01
-1.296417901084651270e+00
7.190722794040702581e-01
3.847686686327310923e+00
7.387684065211841400e+00
-9.099277375503511678e-02
5.347223159393260872e+00
4.916155123600928434e+00
-1.271501039646703024e+00
8.608062688072806168e-01
1.530809657747691510e+00
7.304512187177305549e-01
1.471186122255331519e+00
-1.281726216602741442e+00
-1.860462000823534634e+00
3.585485477520933273e-02
7.434033320760509156e-01
5.835865700297205194e+00
-7.009086007844453903e-01
-2.094268196092132328e+00
1.317549951329218594e+00
1.890275524776872551e+00
6.181366265029003770e+00
-9.881254008222848384e-01
1.558354135117401285e+00
-3.187968302330093096e-01
4.023877747777092395e+00
-2.094622007082280746e-01
2.795907787581622728e+00
-1.917000017718320848e+00
5.382215586678032793e+00
5.811592564977047459e+00
2.920900459027608420e+00
2.226070839758910402e+00
6.899977235934438013e-01
-2.558996333413253055e+00
2.629055735767027002e+00
7.330956762071522803e+00
3.617967019348062863e+00
5.089663972659835167e+00
-2.260927386710426479e+00
-7.090521885707596894e-01
-1.775756083973658583e+00
2.722345078493783710e+00
1.305577927280986650e+00
6.887855866109363845e+00
3.956226307301079714e+00
4.133962226441509458e+00
7.005427677217074489e+00
1.743091204036772091e+00
-1.618161875490814694e+00
3.834784546183325205e+00
2.915141615624704308e+00
1.127592894768087106e+00
5.410481795795698545e-01
4.113001209433114980e+00
2.967318175204464836e+00
2.979600086768017242e+00
3.343331679164686321e+00
1.139075784569334893e+00
-2.338157083687662396e+00
5.433072819503966144e+00
6.290168930095829225e+00
-2.449944403136804283e+00
2.601850486808486629e+00
3.862022655186999387e+00
2.339830828390766726e+00
1.580087818088749430e+00
2.249371953972543636e+00
5.840306424899148752e+00
-2.481260890904255056e+00
1.148202082007719227e+00
4.651069879930346929e+00
2.722449475121659468e+00
6.584709665030574754e-01
-8.411737510575463261e-01
4.815641817047207951e+00
6.635931672158511319e+00
2.219174004532433742e-01
5.621257340845211559e-01
7.535083698903319416e+00
6.866367334046840298e+00
3.849170862310241858e+00
4.951787331173559181e+00
6.230971767528910021e+00
2.813965739017615597e+00
2.929574714919665368e+00
1.943694481845791522e+00
2.413277553512022777e+00
1.544948732854187767e-01
7.247100578009204597e+00
6.168665085462331277e+00
4.411699260680761014e+00
-7.982985606895862674e-01
2.582309181809415932e+00
8.892029945481629838e-01
3.253792424584229792e+00
2.871093717795946354e+00
1.458329949937713366e+00
4.071301741218025683e+00
5.817847086807832468e+00
3.118801069922147562e+00
1.849841725230919387e+00
-2.683117408713077801e+00
3.088706206591425030e+00
3.422828662788916176e+00
4.318292742611431478e+00
9.431861553600633385e-01
1.674939065513347813e-01
8.032237105968338398e-01
4.598903730350627939e+00
1.187459613267194847e+00
4.808384657359805914e+00
8.634500178883222077e-01
5.792688179309065433e+00
2.921462624593723412e+00
2.686844183349470505e+00
-1.015208048058772405e+00
1.258822896544332437e+00
-6.995646194477451729e-01
-6.219926354196250173e-01
3.665611585337309464e+00
2.608449027317489843e+00
-6.116243412437230020e-01
6.244971280661999913e+00
1.105551118079493911e+00
4.499278996813504961e-01
1.589151074885292836e+00
3.233187493546324731e+00
2.380893965759994124e+00
-6.130796895028618465e-01
1.770993699222623619e+00
4.112221857802261127e+00
-7.592220273983425471e-01
7.146291574598059526e+00
3.068265899998388946e+00
6.494615823665249366e+00
3.384911256167129068e-01
1.895466473817242203e-01
4.484066068781769943e+00
5.767283884161825469e+00
5.979480720503429936e+00
8.530482740455509472e-01
1.723860716295825490e+00
-2.023494187248888299e+00
-2.224290841477632341e+00
2.561004908063630126e+00
4.499281479004963558e+00
-4.463405550021706247e-01
-7.962082120618836356e-01
-1.416394665140598974e-01
-9.109231900184617814e-01
6.246861096835516491e-01
3.014198840821389780e+00
6.673339360243156548e+00
-1.746599892782377594e+00
5.022231570329161343e+00
1.177738815675570372e+00
-1.775332926590874827e+00
1.835427509307763216e-01
4.969337385176828548e+00
5.081373158046599059e+00
4.717831043598700091e+00
4.267067405647001266e+00
5.573478436539254233e-01
1.874538300390242718e+00
2.729055879351999891e+00
6.502357414358755250e+00
-5.835603804421882757e-01
2.395266858905751306e-01
3.724563409464952457e+00
6.055098630770752166e-01
5.236325574803641913e+00
7.494665509115302271e+00
3.261202866278518187e+00
4.151664081563154696e+00
3.178209770272658830e+00
2.420670096651901915e+00
3.649903337693137573e+00
1.407338759904932957e+00
4.038588947863985368e+00
1.179852547244246708e+00
6.636595075510525632e+00
6.461151226249816304e+00
-1.307972978577877754e+00
5.403534094028943358e+00
2.043213496334393753e+00
-1.496022115608210967e-01
-2.301500406844046775e+00
8.494636698015121112e-01
5.730783497313467478e+00
-1.258244219037034206e+00
4.948139518691537120e+00
6.870331696928403176e+00
1.013974483304698637e+00
1.641741084668149497e+00
6.476299182091260320e+00
5.574785206744323318e+00
4.069884023191857381e+00
1.228754438329369592e+00
1.363997758119520398e+00
4.178256674186792807e+00
-1.764689093420331645e+00
6.321562765318779142e+00
4.451984399664128844e+00
1.261680625602664918e+00
6.303517310873942847e+00
1.644662786533181986e+00
-2.417107005538698505e+00
4.217714238832328988e+00
3.405190012879035777e+00
-1.807957803685932063e+00
2.572788511735859096e+00
1.557142664587019887e+00
3.779593176691825818e+00
-1.048438571691162835e+00
1.345439262558252302e+00
5.178373847399210916e+00
5.036221378311202201e+00
6.055497002073435553e-01
2.556149117051708330e+00
3.281943299672061443e+00
3.267685104624989734e+00
2.839850433016147591e+00
2.971046754163986670e+00
8.631469567647087615e-02
9.551300396796449377e-01
2.119171483351565577e+00
2.560410126150668653e+00
5.398309467343805679e+00
1.861071694362337325e-04
2.332737007775927296e+00
2.421386006051408302e+00
-9.743644070526205070e-01
4.399275177572127049e+00
-5.955265426367732928e-01
6.855590033975765607e+00
1.515561059743473216e+00
3.395528687440844351e+00
5.492042173723090670e+00
1.524291999529170383e+00
4.233728460092294199e+00
2.599113045410293310e+00
6.857249861176535788e+00
6.488039011877170026e+00
-8.344144189792839228e-01
1.006674142048684217e+00
5.971625678957948935e+00
4.933432552002779303e+00
4.567971253134842868e+00
5.526236985477790853e+00
4.189367744113555503e+00
6.563367442317730394e+00
4.692048557877800619e+00
-2.191136983399533111e+00
2.408013007303343223e+00
5.057387124961259417e+00
7.132562702306762148e+00
4.893522906828060570e+00
2.676930833935481147e+00
5.756296341732186406e+00
7.156865824932904019e+00
-1.248277669232779274e+00
3.465784107847733608e-01
5.315917524079058154e+00
6.928543018772876039e+00
-4.798362001570168900e-01
-1.633393039863761942e-04
1.325446918549113562e-01
9.228474526957635149e-01
4.526897443508524077e+00
-1.475995560687779040e+00
3.496691451801572370e-01
3.022616180558721055e+00
3.703353519512779357e+00
9.403776702004353893e-01
2.111793195374049859e-01
-2.609551440746393780e-02
4.262016368256904997e+00
1.958346126404137522e+00
1.386155133973137055e+00
-1.035442402301498088e+00
3.763765814733682546e+00
4.320563293095094792e+00
-6.182041329217407011e-01
-2.313417788216355575e+00
6.847745856967613065e-02
2.178076785018480344e+00
1.706118681703086004e+00
3.830213810117257367e+00
3.999366665859007242e+00
1.891682964713823800e+00
-1.148269636426364482e+00
1.570191574405299662e-03
2.944353810344864542e+00
6.860215340698271547e+00
-1.069662880878956113e+00
4.297455269674820499e+00
3.602451828358169905e+00
-6.149684303018929654e-01
5.577183731500085173e+00
1.078621304531814928e-01
6.285138913686258988e+00
1.013060106466383559e-01
-2.068259951869046986e-01
4.787420283717798597e+00
5.799079219433068033e+00
1.163699229616062425e+00
-2.164992611329676020e+00
3.281857796358879753e+00
-5.731042886835249206e-01
2.339834368572801360e+00
9.332241744923175375e-01
4.641490124446285392e+00
5.314862096622388066e-01
-2.298865592414984338e+00
1.736800033557675427e+00
4.850061763190849362e-01
2.042510378255115278e+00
7.218136784630857505e-02
-1.005452125146508724e+00
-1.061414626832793306e+00
1.533654246688728406e+00
5.904695975921839590e+00
-2.210148484613597919e+00
-2.486548751242176891e-01
6.144701278519436372e+00
2.621868005408198421e+00
-5.357491476461984092e-01
-1.741309015733677690e+00
3.571328413575304950e+00
-4.932548113145216462e-01
2.014807332043204724e-01
4.528884194130558427e+00
6.481550242490556002e+00
-1.058921460918949009e-01
5.048781509938722323e+00
4.214254057887096394e+00
1.192972028435045573e+00
2.453683181638797173e+00
7.289257486806175024e+00
2.717158080650690977e+00
4.605524664951587965e+00
6.435338725840946239e+00
1.543469993668199258e+00
4.739127047346579857e+00
-1.701593898789679038e+00
6.716812776098441518e+00
7.376158483809103217e+00
4.546572310905238723e+00
1.088493237004341196e+00
3.944446945131144133e+00
5.339447327117099462e+00
3.957718846820753811e+00
5.588401463980188666e+00
6.197062532849761496e+00
3.217429233207578676e+00
1.432053622355886624e+00
2.217816626883839959e+00
-5.323325289151137341e-01
-1.613600533264095027e+00
7.477521604580921633e+00
-9.731433543379530704e-02
6.615152963687558341e-01
2.803864290433024209e+00
-9.182900746205975295e-01
1.064136003075260462e+00
2.255284335833509957e+00
5.214302675447189728e+00
-1.315387681874432779e+00
5.454872286131173809e-02
6.360194549562612210e+00
1.223499974046779570e+00
1.943889291583758450e+00
4.558898918397444433e+00
-3.401762567494799328e-01
4.570897184474496555e+00
-2.233813190591682485e-01
7.503917120844633359e+00
-1.607464357251950915e-01
-1.160851307193690563e+00
1.133405107755986130e+00
1.769270359871888409e+00
3.222046570559440326e-01
6.420870273032814879e+00
-2.176244375007926557e+00
4.405197089475469951e+00
3.006964059656725752e+00
2.593667054665205640e+00
-2.179420341810192507e+00
3.681350545787152484e+00
4.522836148977777526e+00
6.786424839485576399e-01
1.484732783551596214e+00
5.567238873463427495e+00
-2.230569592542837931e+00
2.701686364495905046e+00
7.169710041793479149e+00
3.348187127030250565e+00
-1.851673270461384746e-01
-1.783556675069915887e+00
3.688143695516101772e-01
2.642462669868506531e+00
5.598639461019201846e+00
1.079639281831081377e+00
5.930111951968717321e+00
4.593136027010704225e+00
-8.587053658327210570e-01
-2.250389106421157415e+00
3.851558842519461123e+00
4.825883920011165173e+00
1.951108769646093144e+00
7.357668777897181656e-01
4.382445517473792407e+00
4.843371918890694516e+00
-9.538622445585431819e-02
1.952798609205708580e+00
4.042412468135792025e+00
3.978484440249985710e+00
-2.125676611606593713e+00
6.043040497558145319e+00
2.758020370781101960e+00
4.543497848021624819e+00
1.805686551085668334e+00
5.235506210743942290e+00
5.171357251975974734e+00
-2.880093860992145594e-01
7.542011190312207347e+00
3.986963028553615729e+00
