2.373992508783129551e+01
-1.590989618773208036e+01
8.613909899835078932e+00
-1.131708487182145006e+00
1.051116203558406426e+01
1.618880690458333049e+00
1.619003868531689250e+01
2.522749752262856759e+01
2.598239770709437835e+01
-6.557479766666730825e+00
-1.215900021640752016e+01
1.316188322045623948e+01
2.163001747685846965e+01
1.278690748244272868e+00
8.195382083229247883e-01
6.433371377618158249e+00
1.342142218506992180e+01
-1.027640426930494755e+01
1.565654399425217491e+01
-1.256258786315582654e+01
-4.071407244938072267e+00
6.251830982975391748e+00
2.899686514865896925e+01
-1.966575023361887276e+01
9.371344370302225002e+00
1.808463161179439282e+00
-1.385883155728446070e+01
1.998135897600653266e+01
-1.580354108211139419e+01
-2.740221780066296020e+01
-1.899600245455582836e+01
-1.298610720467430468e+01
-1.149486529923143507e+01
-5.842340624456241471e+00
-1.372094728128047336e+01
-3.381879698904931786e+00
-1.188143255171174673e+01
-1.014227479126935094e+01
6.735318145081883756e+00
-2.398655656776047351e+01
6.062312067563745188e+00
-1.959508665805437033e+00
-1.302654413243138265e+01
-1.737891068269504302e+01
4.469111573722273079e+00
-1.669377711824431287e+00
-1.967296569769828452e+01
-5.352907555227325531e+00
2.008049491846884393e+01
-1.165451656630586541e+01
-3.210426042228366583e+01
-7.843525701687219964e+00
1.007355045365912360e+00
-9.493992835608331404e+00
-9.422189668857491540e+00
3.374430630152772892e+00
-8.824934103378794248e+00
-2.141417980635485918e+01
-7.601495190181736916e+00
6.137613159924050876e+00
5.516191571941618577e+00
-7.781934681820601440e+00
1.849395397423437259e+01
-3.441350171692846516e+00
-1.930988216834731830e+01
9.167850606743641606e+00
1.285427509579854899e+01
2.534046374400921309e+01
4.755989121014728482e+00
-8.546552647197636077e+00
-1.018673839910223222e+01
-1.310781904879808479e+01
-1.673325105519537459e+01
-4.190674413479435145e+00
1.353682319680462598e+01
-5.248519217486915522e+00
1.018002355216629695e+01
-1.626792905919371890e+01
-2.141514732673038779e+01
-4.466094367514038765e+00
-4.280737148874848685e+00
-8.365157957032707259e+00
-1.993768430377031819e+01
-3.280100187298053527e+00
9.570314159771520224e+00
-1.914420053101849817e+00
2.890680262224751118e+01
-2.927857609385348070e+01
1.310928484470599642e+01
1.456195427045726376e+01
4.358951691938486306e+00
-5.210062813953150851e+00
3.047176687057229572e+01
-2.531989137819067537e+00
1.001966794834950747e+01
-1.504426628644643671e+01
-1.132454516429546487e+01
-6.978331739675745382e+00
-5.506623102786193158e+00
-1.382871177609871438e+00
1.797376927405125002e+01
-1.762826963714216078e+01
1.834198607328147546e+01
-6.217147573345911837e+00
-1.106249208654022453e+01
-6.360815375989083975e+00
7.662616128567592000e+00
1.090317380970614636e+01
2.159705458178721926e+01
8.294690858861031302e-02
-1.378448577053923430e+01
2.647676125943766579e+01
1.007249284851629056e+01
2.851619013706596206e+00
7.907957624120129481e+00
-1.313613931488917785e+01
-4.438836497303853434e+00
-2.905680184376031150e+01
-1.415067137207554282e+01
9.420847837368206967e+00
-3.185572691591929129e-01
5.660705120103024512e+00
7.148620890521442561e+00
1.715224554702037096e+01
-1.013853247167732263e+01
-8.460717542454432305e-01
-6.980659874770879014e+00
1.366354623584386729e+01
2.251466280818263499e+01
9.595369651867443395e+00
1.644193703942306684e+00
5.061829195715148444e+00
-1.721955714704591855e+01
-6.503752054455702591e-01
1.040848607910045587e+01
2.352573536460489834e+00
-1.103858926994000456e+01
-1.702232559671301715e-02
-1.513532827013708015e+01
2.230467866581290082e+01
-9.335396767358950854e+00
-2.409834156114264658e+00
-7.698830318366667314e+00
-2.704006877609153037e+00
1.403116444430314402e+01
8.695717990621233184e+00
7.426779807926244814e+00
1.395276992746536138e+01
2.563285636952002733e+00
-3.750498980506321800e+00
-2.338181329154486576e+01
1.058669965012995107e+01
1.824002361552975060e+01
-9.075836850451182158e+00
-9.297223967468163153e+00
1.497487972857793181e+01
-2.268619096372421140e+01
-2.222180304509939219e+01
-4.278783322344700935e+00
-8.436758428466802684e+00
1.697426444476376162e+01
2.496697865882124745e+01
1.205415394506381688e+01
-4.208686647646800338e+00
-1.366902781176386839e+01
1.986415530050878431e+01
-7.465618978263606209e-01
5.944349422599401578e+00
-9.701456531142113704e+00
-2.732839826568792674e+01
-3.017583660881257401e+00
-1.795032497481166445e+00
1.683747840981875754e+01
-9.294684846408785006e+00
-1.453036968256296291e+01
1.163941781045340917e+01
-4.149239869246727608e+00
2.013658494889686779e+01
2.366548926655886476e+01
-1.572421563209708495e+00
-4.694112058615083072e+00
-3.301688100153135963e+00
7.057381796195883794e+00
3.536078353095859939e+00
-3.791311202739677810e+00
5.767135689031213985e+00
-7.102489561754993019e+00
2.842990513457496604e+01
7.653013278830286481e+00
4.714679452031909079e+00
-1.886681392487172815e+01
-8.096379185298665959e+00
1.861350467837965539e+01
4.264652442787273401e+00
2.515148428721609264e+01
1.797213176781727384e+01
4.858760588824509341e+00
-1.057577837138601495e+01
1.324412787136739666e+01
6.026519562394739182e+00
-1.514960747365886817e+01
-1.276505907434402332e+01
-8.455737227405606404e+00
-1.616264792585242560e+01
2.876236951954020071e+01
8.010966014523546619e+00
-2.049949547864086696e+01
1.751520187900105441e+01
-1.103656656367172673e+01
-2.616050184362237019e+00
3.176566134400005126e-01
4.683774367600705091e+00
1.334496071134802975e+01
2.190676007948849247e+01
-2.351766287583515691e+00
-9.194083001364212748e+00
6.804472512692662178e+00
1.100140601746196012e+01
-2.182243970577950520e+01
1.298927975522192924e+01
-3.125413108205002288e+00
-1.808049567406346725e+01
-1.580063103668678792e+01
5.152379767608159966e+00
1.671473663153133771e+01
-3.889282266508409691e+00
-1.819029452683078674e+01
2.033269005241535865e+00
-7.118767830337198177e+00
1.720425532824079085e+01
1.035276971164427096e+01
-2.093898473129783611e+00
-1.012606153825571198e+01
-1.795429428384537118e+00
1.006979928568052429e+01
8.981859165673867551e+00
-2.709760836362555381e+00
4.581446098305022474e+00
-1.311191014143616940e+00
-1.367630796583662800e+01
-8.531548108741738190e+00
1.034200039783820557e+01
-1.933960521243196595e+01
-5.392233224146004034e+00
1.707493713364999621e+01
6.532013604880319235e+00
-1.654806969680383588e+01
1.834344699427992964e+01
5.366159993822250840e+00
2.675835670030983238e+01
5.936150585877882691e+00
4.679958355900382116e+00
-1.428641485894297602e+01
1.180306729594460080e+01
-4.496165573984654884e+00
1.429549183876062557e+01
-6.309715019766912292e+00
-1.239196123516168058e+01
2.626591187366553015e+01
-5.481748863507988290e+00
1.539202271849772785e+01
-6.173228082753070112e+00
7.720064005760683301e+00
1.390687420785853590e+01
-1.643012465920573817e+01
-1.467038088434001963e+01
9.783561236420311502e+00
5.700874332027424884e+00
1.354677491327606731e+00
2.461346421233466231e+01
1.352468775885774477e+01
2.580177759061399456e-01
-2.914877576794232539e+00
-1.777686842934402023e+01
4.501464533562263171e+00
2.167958841946098403e+01
1.730754994746249054e+01
1.615497233496300566e+01
1.140534239214569823e+01
-1.144267190345009766e+01
-1.660957508648878900e+01
1.902671887808838846e+01
1.529145405182825357e+01
2.646863160837698103e+01
1.984852548404455774e+01
7.262191906784778439e-01
-1.341634106000230986e+01
-1.125354877587390234e+01
1.433220993850783032e+01
2.123159780821444542e+01
3.821761279213461648e+00
-6.441087748583527173e-01
1.885053605974775337e+00
7.087560796584980949e+00
-2.474390240837310984e+01
-2.019800646992382909e+01
-1.390866053908510480e+00
4.425270420629153989e+00
-8.018720174313621385e+00
-7.156201430387170603e+00
-2.091670191033620085e+01
1.823677148596668474e+01
-1.160086156899260601e+01
-2.101011910933153715e+01
1.083608108603322506e+01
7.905177249297643982e+00
-1.486812239763690968e+01
4.424258703048963071e+00
-9.381124858689297241e+00
1.281375441103364210e+00
1.180869496630189985e+01
-2.141378269277438662e+01
-1.282310108761569722e+01
4.638476841551067764e+00
-1.034531789075607833e+01
1.226335725853504499e+01
-4.542479769795022548e-01
-1.152840803009667070e+00
-1.134461561771358618e+01
1.651940511750966323e+01
-1.523135336327543143e+01
-7.424097665423090575e-01
1.631179803298850572e+01
1.231432200651352105e+01
6.149987231868060178e+00
-3.112652027954703016e+01
1.779650503260528183e+01
-1.659132741780127418e+01
2.609047781276643718e+01
-1.134008652085524460e+01
5.834217455110866979e+00
-2.621200678374520976e+00
2.430289843957217499e+01
-2.349266265061149639e+01
-7.306954499223081712e+00
2.846100965984435049e+01
1.532454610017614982e+01
-4.416089968335001004e+00
-1.084439327954565613e+01
-1.433887563648062269e+01
-1.389525123094211523e+01
-2.014292705794182226e+01
-4.604304198604047826e+00
7.207879393552019565e+00
2.306626120658350487e+00
1.017465409042080182e+01
-1.964912497264055702e+01
-1.547551195617703712e+01
8.312315307062554837e+00
1.923350270111065186e+00
-1.318132717306227164e+01
-1.075071647728444191e+01
-6.365119067510107698e-01
1.017406888016407862e+01
-1.370570220614766299e-01
1.609956876893997446e+01
-1.152244369197878626e+01
1.774477147679111511e+01
1.727904272755098702e+01
-1.431180082920683105e+00
-1.355172274907063468e+01
-1.642380947422236659e+01
-2.318793606436234001e+01
-1.454253790522236045e+01
-2.277364681933512713e+00
-1.225848948274986583e+01
-2.980202304840304350e+00
1.142446514192727847e+01
1.910259429589066826e+01
-1.054788818621404545e+01
1.080139828356088572e+00
1.865850400793607378e+01
1.721708719132961107e+01
-1.209826524616215693e+01
-5.995617777778662116e+00
-1.274922724900100235e+01
-2.652847599670217704e+01
-6.256938838141238080e+00
3.062514251972203283e+00
-1.159477853575661044e+01
2.339597303515429871e+01
-7.988040785648649944e+00
-9.711185874119216521e+00
-1.433242459633666499e+01
-1.548203977899825645e+01
7.895009356223340546e+00
7.001294481345468057e-01
1.547044763719121363e+01
1.970324120778286670e+01
-5.421683043692119952e+00
7.563440353078966893e+00
-4.745523211218419135e+00
-1.755753134384725911e+00
2.434552820246683780e+01
-3.465973911592591605e+00
1.407911008760223126e-01
-5.558569708717477909e+00
-1.996076536932534395e+00
-2.105606234511161290e+01
-8.781124618368103540e+00
-5.237376330301451333e+00
1.318446641834459854e+01
1.462942860829144820e+00
-2.911091510803307614e+01
1.619412528756143388e+01
2.403069734465962881e+01
1.169336182658130241e+01
-1.032405387660936924e+00
-8.176559154314546163e+00
2.446871504099746630e+00
1.423072378031700680e+01
-1.096286725654829297e+01
-1.074056650700899951e+01
-5.534401624901676087e+00
-1.982501955371684232e+01
1.643426895040592228e+01
2.366398285035330673e+00
-1.223201513464186974e+01
7.984996920805528475e+00
-1.214950556636604517e+01
-2.791910353152565705e+01
-1.869357765092530599e+00
-1.514871724650219420e+01
1.429778176057460826e+01
4.148217440663337641e+00
2.432160121234971939e+01
-1.694346659190914295e+01
-1.182971104330371759e+01
-2.458639756293230505e+00
-7.422329493031050163e+00
-8.766854241270536363e+00
-1.483327276135325690e+01
-1.609658713582255274e+01
1.452020054057445009e+01
3.569621745535279445e+00
-1.331637636167292982e+01
1.221060824092023722e+01
-1.295733857076321982e+01
4.960838177668428273e+00
-6.078975592595661226e+00
-2.217317308452661351e+01
-1.306562619347474197e+01
8.476174434445169936e+00
1.429157120900342193e+01
-1.268032170570595696e+01
-1.141070152877857424e+01
2.095900735060600084e+01
-1.169224192344535851e+01
2.555366088295127724e+01
1.138580688000418206e+01
-6.910024329541748500e+00
-1.543133597896741094e+00
-2.234035285894084666e+01
-1.265681574534309561e+01
-2.475106437175601570e+01
-1.047573496430370454e+01
2.278515755320064784e+00
-1.327044588836031380e+01
3.960665062930360136e+00
1.676478291864322046e+01
-1.784805252854981461e+01
-1.347726348784487271e+01
3.427890499263810398e+00
2.248307247178914281e+00
-1.100216339561839618e+00
1.293833652447891325e+01
1.520958230005216194e+01
1.415791507735576715e+00
4.280733662376775328e+00
-2.414621243520272742e+00
-2.110485985625210503e+01
1.074451401744804002e+01
5.268528130728952874e+00
5.441075321653876529e+00
1.812754296808320476e+01
-1.018228834496475343e+01
-9.284778049968913649e+00
1.508003686512559227e+00
-6.853460979057985014e+00
-1.635399058112619741e+01
-5.817362910896939354e+00
-8.848116613330368807e+00
-2.173896156630678433e+01
2.650037343843017368e+00
-1.065857299753057674e+01
9.772238084528581226e+00
1.633320228620898718e+01
-5.113006724794665558e+00
2.009242500863236103e+01
6.151910207711487999e+00
-1.719560717406466210e+01
-1.657203093518197079e+01
-2.127378072011426724e+01
2.805236775648833714e+01
2.330057786497027905e+01
6.810781118655370392e+00
2.872145676085921195e+00
-2.808010559533510175e+01
-8.000300967052922374e-01
3.384905266067704588e+00
5.689320737133911621e-01
-2.596264276459613995e+00
1.080307269527315128e+01
9.138969841582508025e+00
1.565279623026344780e+01
2.613560225835506401e+00
2.360322083014693817e+01
-1.523146339534574878e+01
-3.501704691007176962e-01
1.624878856773484870e+00
-9.112960536091648578e+00
1.585085502611995878e+01
1.557865458339921361e+01
