8.102288578619841530e+00
2.446208296193410092e+01
-3.579684506063266269e+00
-6.516243576228994527e+00
-6.308668265921824059e-02
-5.322636656132708310e+00
-4.863769755945135387e+00
1.637551161957539136e+00
1.133795242792486846e+01
2.964634229272313348e+01
-1.041329202994079850e+01
8.570554046895480838e+00
1.274578774469487286e+01
1.099016315056447013e+01
-5.334574339439264179e+00
1.607047440959665607e+01
2.935305989695939388e+01
8.841522922357761161e+00
1.462838938141383949e+01
1.866192827705124557e+01
-2.497615232542917241e+01
-9.035291692698734778e+00
-2.770469876857930558e+00
-6.137104150098402044e+00
8.335558871971002759e+00
1.516728721129506141e+01
1.838603896191834508e+00
-1.684554724247438173e+01
2.026546003922562988e+01
-2.710400550356105498e+00
-2.625004291237173959e+01
1.304561689308371086e+01
2.103641985584698659e+01
7.951752199701203949e+00
1.493644309325306097e+01
-1.290052089468182572e+01
-7.719290604944475831e+00
3.574903116218614230e+01
-5.218300448725784690e+00
-4.623801951601997473e+00
-2.836455743967257348e+01
1.827039368812368991e+01
-1.315170277713308877e+01
-2.087132609930185723e+01
2.217958061003454873e+01
-4.251571482853698569e+00
-5.888771840615731890e-01
-3.059729871498447551e+00
2.940373214210367792e+01
3.440214326748971985e+00
-7.785381636110599857e-01
1.133990675265553705e+01
-8.677571294999921747e-01
-9.180446951208416806e+00
3.997364900599599480e+00
-5.432491186522518944e+00
-1.357201201585518646e+01
-2.620302261329662841e+01
-1.047045371823686821e+01
2.386606416457796342e+01
-3.058784564276427886e+01
-1.922873690933083424e+01
-2.532860965316251978e+01
-1.793702342459940269e+01
-5.709003692093176596e+00
1.765844394488554769e+01
-6.884417157561195211e+00
7.750202752608082335e+00
-2.299723511850395496e+01
3.340974751887222283e+01
-3.288985305917445601e+01
1.822864471388585628e+01
-1.693800979605484258e+00
-4.240646525471532868e+00
1.646920571083060736e+01
1.573078216623584069e+01
9.474938745721850353e+00
-6.626385946734032473e-01
-1.068232730474367997e+01
-9.657315606834437460e+00
-4.822126133067712317e+00
3.178971656249899524e+00
5.372503599644872452e+00
-2.212263640009653543e+01
-2.149703039057314413e+00
-1.480561982362096529e+01
3.486018288680170940e+00
2.729107557185912469e-01
2.899415080640743270e+00
3.406512843904080512e+01
1.900054085814224436e+01
-3.247641796640105838e+01
6.345237888458164832e+00
1.641872625040221578e+00
1.031375785882926266e+01
1.302446031918314873e+01
3.626194530646095870e+01
1.527005941611729156e+01
-5.728074560194535536e+00
9.771915638043317642e+00
-8.080222623988724706e+00
-2.478331616433601070e+01
-5.679050950245603246e+00
2.645862567782668862e+01
-1.909362298737903529e+00
-6.264809530177082308e+00
-3.428803151121464055e+00
2.797450493772117852e+01
-4.424978912726793112e+00
9.975827491759595489e+00
-1.758791533617277736e+01
3.251398934608431546e-01
-2.124408527230796651e+01
5.767761993136531373e+00
5.580105566528850147e+00
-1.411792888825228687e+01
-2.100153602508168404e+01
-2.438939937168932204e+00
2.148763799987563061e-02
-3.442048076647871113e+01
2.215779220081870449e-01
-2.261208235559259805e+01
2.728786427710296891e+00
-7.018333932213685955e+00
6.020780711075204295e+00
-2.847253856448780596e+00
-1.484868796780781253e+01
1.742536061282208948e+01
4.939597927057256754e+00
6.196025127490102591e+00
-1.118895166977787170e+01
6.441869091961173410e+00
-1.225199693782155208e+01
4.339262274599178681e+00
-2.218572400689192747e+01
-2.293705453536568584e+01
1.006662021106027538e+01
-6.676790945269019062e+00
1.325890089915981918e+01
-1.365175015003872971e+01
6.618455056982597284e+00
-2.174662243086054048e+01
-2.112836613559994703e+01
1.294110423831504875e+01
-1.184677675100422078e+01
2.577258845804145437e+01
-5.051020672003161849e+00
2.986746786983570701e+01
-1.349423846892869960e+01
-2.423118235693588929e+01
-7.917787835338899072e+00
1.897906803052977409e+01
6.892271768992017655e-01
-2.784794340579029992e+01
-9.668299131481674635e+00
1.990732159997321560e-02
2.539072053952338592e+00
-6.860805271867285171e+00
1.500777267721316832e+01
-2.961274929740856265e+01
-2.243043156762554702e+01
1.994639342532042292e+01
3.263892793180313845e+01
1.112986798746388217e+01
1.203115118820660001e+01
-4.098868133400131342e+00
-1.280768006892252231e+00
2.939264711559506793e+01
1.428267432706935836e+01
4.843401659975974383e+00
2.637617609813963782e+01
1.921384250792721105e+01
1.371205419727912300e+01
1.673322156153375317e+01
5.303744936865385284e+00
2.966990541455716368e+01
7.964499935496505145e+00
2.364759762484146677e+01
1.459475024717021086e+01
-1.172631400072838659e+01
2.320610177114210160e+01
-1.128104452926822887e+01
1.325626038177581023e+01
-1.402328728222409637e+01
-3.122417919189588886e+01
-6.934797423107234238e+00
8.998458545181442503e+00
2.043498392639871497e+01
1.178213873863690253e+01
-1.222100531373492771e+01
-8.028427637148070062e+00
-3.756164707439921813e-01
-7.559634888149076914e+00
1.557762258251199228e+01
-1.050275156086112816e+01
-2.060097716042779581e+01
3.210046797021594500e+01
9.308323132799060318e+00
1.757975256189226343e+00
-1.661562364591284080e+01
1.784460595431738739e+01
-6.873180273785884253e+00
1.759112979049844228e+01
-1.045462737542436571e+01
1.076302264588962032e+01
1.891399020202332792e+01
1.089311701284694323e+01
-2.423385221621902730e+01
-2.019458034993228068e+00
-5.149568557393564561e+00
2.111036780252504741e+01
-1.257884203360367792e+01
3.219631979137206201e+01
2.202814639258784268e+01
-3.362842791345614302e+01
3.266582791210953474e+01
-3.183781880560374589e+00
2.636600587276575425e+00
1.681155935404929380e+01
-8.675096743315549475e+00
-7.874261935294725845e+00
1.266550807735670503e+01
2.336571697588641428e+01
-5.630804249759314928e+00
1.451866342920602904e+01
-2.193157649545452870e+01
-1.872560160023060050e+01
-1.294838246246410307e+01
1.383316473504779509e+01
2.817795877964202589e+01
-1.205774529825664843e+01
-3.808815610018000086e+01
2.352180000665696014e+01
-3.567063102670377361e+01
1.483293973703825941e+01
-2.052245921953436181e+01
-1.101864380122825793e+01
2.104172604636328003e+01
8.149994950353914192e+00
-2.416150848320343059e+01
3.670953152329147429e+00
1.185474944277473242e+00
-2.412336454553788556e+01
-1.653574795781055684e+01
2.287986611472447862e+00
-2.800753749594421294e+01
1.146932321905453733e+01
-2.472942052419193004e+01
-5.584438504781260804e+00
-1.080786256746099383e+01
-1.852528248215288187e+01
-1.383122677510804976e+01
1.106065047934698953e+01
1.007001141747383599e+01
3.288176745411099944e+00
2.028482416091688378e+01
-7.206094301773660504e+00
-1.190171536395736496e+01
2.206341012834933224e+00
-3.764609864987428978e+01
-9.506231427558731184e+00
-2.641168636594916208e+01
9.799002180201419776e+00
-7.402419510310807027e+00
4.467623817085787152e+00
-9.022507865197205490e+00
-1.734133037951430367e+00
4.534645661190751298e+00
-2.778391987089068493e+01
9.186277535362798119e+00
-4.078653478212274308e+00
-8.133472658982668690e+00
-2.970343421909855763e+01
7.248458132992944059e+00
-2.319145313372697004e+01
-1.182062688748766277e+01
-2.038988891179424101e+01
-2.700363062322202978e+01
3.252858877833894269e+00
-3.698588014388845124e+01
1.506316490071948522e+01
-2.960284385387146244e+01
-4.338793673877695767e+00
1.187536236750859331e+01
2.314106714293762934e+01
3.274346507355146230e+01
2.002131708370762908e+01
2.602324585155933789e+00
9.355157680585456603e+00
1.548941722039702995e+01
-2.354296567374390747e+00
-1.880587129630490040e+01
1.613683250193240326e+00
-3.011168024957576606e+01
1.193349362610480568e+01
-1.926650122889704875e+01
-2.158974295769230523e+01
2.343243387021779256e+00
1.396806736597924470e+01
-1.905914417478662415e+00
-2.966064136889250591e+01
1.937331683295774098e+00
8.028417981079847721e+00
5.019460912989686108e-01
3.563309311276556457e+01
-3.478963426381422153e+01
-2.794544919345459633e+01
-2.193571855079127886e+01
1.961624250232510747e+01
2.034628253030926714e+01
-6.245732337496953335e+00
-1.614392755263125423e+00
-1.128399741091068620e+01
-1.568063228095390116e+01
1.793536905343451338e+00
2.131417726261456380e+01
-5.380773261694628218e+00
3.906481114723590053e-01
2.638088421497542413e+00
4.258357007396384120e+00
-8.869824790708541684e+00
-6.019696088946979273e+00
1.168555782721048075e+01
1.167579433729485316e+01
-2.492351317399830180e+00
-1.269962276170416260e+01
6.326410510875099646e+00
-2.703579699971863093e+01
1.967396879299462853e+01
3.293714482535477828e+01
-3.712003247126267524e+01
-2.732908021547649824e+01
-2.541943182423551661e-01
4.464418456623690190e+00
-1.397533441066822490e+01
1.010570681094721124e+01
1.323302976140912079e+01
-1.085846630411431590e+01
-5.977912058092336167e+00
2.399062623111969117e+01
1.174368563971150081e+00
-1.769605178515952559e+01
-1.871472378953945537e+01
1.308614070600484780e+01
-1.085293825137409129e+01
8.573734053166205626e+00
-2.126974072100252755e+01
-3.066737473390141844e+01
-1.949211119804629178e+01
-3.089039148199890406e+01
-1.152125927080447809e+00
-2.395851581498263272e+00
-1.800214381250670570e+01
2.425574655268464141e+01
1.038397564355193481e+01
2.775357061547026660e+00
-5.983006958867306935e+00
6.932698904199398271e+00
2.128939724093407904e+01
2.765855139759501924e+01
-3.347429659220139087e+01
2.253831530997277355e+01
-2.195455719896777325e+01
-1.285692102029010186e+01
-1.723754712745564177e+01
1.115903126849263316e+01
2.376411464965421771e+00
1.454612147672449396e+00
-1.579333303948548206e+01
1.282062907894847825e+01
-1.802359763680708582e+01
-4.154477567756011069e+00
2.353549316453602103e+01
-1.011632818366295083e+01
-1.533000699432852798e+01
1.102141839826181524e+01
-5.792328619260835865e+00
8.871068063001963822e+00
3.491485154715007866e+01
-2.037195832571706688e+01
-1.592100099800836688e+01
5.302998629101132622e+00
-1.219327875832902919e+01
-3.331261870728610575e+00
-9.461771363671225288e+00
5.111710271797150540e+00
-3.026318467743346474e+01
-2.678445253179887686e+00
2.280160848115428962e-01
-7.611261277016581062e+00
-1.604008492482769554e+00
1.393626945405416961e+01
1.847586322789663882e+01
5.035826776502631219e+00
-3.347863103089942172e+00
-2.452569158357580292e+01
-2.279790085486567719e+01
-1.989112356836777451e+00
-4.078507213489622529e+00
1.254506681354505560e+01
-1.721049634218697832e+01
-1.863414569660347553e+01
1.516172719286998927e+00
4.702399068213722444e+00
1.320565748290106001e+01
-1.721846867502298295e+01
-7.680334330660357978e+00
1.106826217117391309e+01
3.495536798312251392e+00
4.629212178159747282e+00
-2.535278621487187678e+01
2.289407517142100801e+01
-2.178353468245799007e+01
2.678624644220907669e+01
1.561947628445344094e+01
-2.116056004797586354e+01
-5.349364885549590554e+00
5.466797605805005844e+00
3.942199804168275534e+00
4.746539207421832884e+00
1.763624202800748719e+00
-1.173019506460525463e+01
7.325430480554331325e-01
7.919771139794328008e+00
-1.862409560478684867e+01
1.404146851348075131e+01
-8.725904813984023178e+00
1.027892663674866469e+01
-9.156349356882195423e+00
2.668687979007830791e+01
2.898568259282414772e+01
3.528881508565943648e+01
-7.053356894295539803e+00
1.809683073340634962e+01
5.013760042084172142e-01
-1.794168530876432044e+01
1.640991557019478364e+01
-1.738874566982471492e+01
1.388306284487879338e+01
7.733591326778679331e-01
-8.215107137844263718e+00
1.630671451557429918e+01
-2.401872315015143400e+01
-1.492496578959714526e+01
3.718483940699137236e+00
8.891534419210316287e-01
-1.051885355844705572e+01
-1.914578438143337991e+01
-1.141288345350027100e+00
-2.950406926692730281e+01
-1.985838562897924575e+01
1.112457956113001245e+01
-7.131425765957288831e-02
-1.336043702318433191e+01
-1.141118322644957317e+01
3.109738764092358565e+01
2.878280705054805821e+00
-6.040679903272177853e+00
2.160080221710302339e+00
-5.493448953725525996e+00
-1.946119077194670055e+01
-2.314020557242012543e+01
-3.191696764894120264e+01
-8.122208558311385218e+00
-1.680705284162722535e+01
6.395388033447325427e+00
1.644310416546423426e+01
-1.097841892912979489e+01
-2.847688498318055039e+01
3.596427860797480491e+01
4.299304793783065293e-01
1.040687412410399304e+01
3.496400465772239841e+00
-1.478163893720474675e+01
1.429654622783630202e+00
-2.265701726190427934e+01
2.346923270001724404e+00
2.215726533377345220e+01
-7.303794170831629629e+00
4.123308172586156672e+00
-2.372679578969934511e+01
2.740810053960439063e+01
-8.217315308612782587e-01
-1.815799510899676150e+01
-1.324923604722565074e+01
-2.689855152528595639e+01
-1.743047187726557468e+01
3.555064320246913212e+00
-4.863125605997318246e+00
2.150853327338310805e+01
-2.414660995042744673e+00
-6.239801933639164133e+00
1.475199876540837352e+01
7.072902084855314797e+00
2.513676928313087444e+01
1.532754051565325426e+01
1.496719087564915185e+01
-8.873650331634244992e+00
3.843847290055055055e+01
8.218710613431149170e+00
8.998402431681931546e+00
-1.350391898587428585e+01
-2.070757874969078216e+01
2.701755779487631060e+01
-1.483149435071052835e+01
7.651125316957937628e+00
-5.301002674158674211e+00
-2.417297045665186772e+00
-3.832737181725093478e+00
1.854643223282440090e+01
-2.167320292551956840e+01
2.848242836103929676e+01
1.711754878688893200e+01
