2.666757666203042731e+01
-7.762352491200822158e+00
-1.000166526101287445e+01
-1.014827623470849005e+01
-2.831301025606755672e+00
7.776595980860498969e+00
4.037752891599112104e+00
8.986207673003690388e+00
1.279159100487184730e+01
-2.884039667709714649e-02
2.662569337470380049e+00
-4.045208878913939543e-01
2.343254985690603576e+01
3.438202762640401033e-01
-4.286660314642020353e+00
3.433960957891855514e+00
2.024765371273127812e+01
1.459456595590644667e+00
1.102013364045002675e+01
3.626336025647049155e+00
-2.441748361881515450e+00
9.141454243354388609e+00
2.113204266708014245e+01
-2.350331440785186032e+01
2.119846036677598988e+01
-5.869815280669534729e+00
-8.576890130440375515e+00
9.118735639294762052e+00
-7.557024767875972771e+00
-2.053418373009026254e+01
-1.720550954505868191e+01
4.176493141206115922e+00
-5.129932711509653132e+00
-4.321921392642089188e+00
-7.009866126171559131e+00
-3.995773696573813538e+00
3.327738628458419612e+00
1.116902250528930551e+00
1.009730611822921986e+01
-1.330286417252631281e+01
-5.431245644697760611e+00
4.137374719429523395e+00
-3.299418112407785486e+00
-1.633995283538612853e+01
3.530513733496363216e-01
-5.791794113590896131e+00
-1.375239447004156546e+01
-2.770742289150561533e+00
1.999421751057475660e+01
-1.899442877585565270e+01
-2.261472951295423073e+01
1.932794722813589772e+00
6.880488309440991657e+00
-1.800074097911533144e+01
-1.540145777612201528e+01
-1.437970839937546685e+01
-1.216970867033745662e+01
-2.149727178906477576e+01
-6.224298298439450150e+00
6.584260259770111645e+00
2.393154302899034747e+00
-1.258632414016667411e+01
7.844140867962380526e+00
-2.272932475390746276e+00
-1.883620907835193847e+01
1.506656976794104708e+01
8.885280736287171521e+00
1.189704248206558646e+01
1.219944273731954354e-01
3.499732908217758620e+00
-7.013837461843877463e+00
-4.296880510798565922e+00
-1.988193858625675148e+01
-1.801990440547761807e+00
6.437599409994845701e+00
-6.072255391305198202e+00
1.561988724147558116e+01
-2.124696180017224378e+00
-1.606596166430132655e+01
-1.315951640901366204e+01
-6.064587486108770520e+00
4.980305019180519821e+00
-4.247794075425183280e+00
3.478073411342577970e+00
-1.912321341660096152e+00
6.537650610680600494e+00
2.492284834343278987e+01
-2.240940304500453806e+01
5.672867228231247338e+00
1.194530177397867021e+01
2.639085600928439135e-01
-7.069095526443192057e+00
1.789673841949286270e+01
7.273303353235235136e+00
7.951408533728418604e+00
-3.609843483334444159e+00
4.620307165457113285e+00
8.728272773356536618e+00
-6.357533980969812148e+00
-1.309877753686134838e+01
7.382823468391897848e+00
-1.722515296507113902e+01
1.822367683308794994e+01
2.572199898983704713e+00
-1.033249764700064333e+01
4.772196885194276206e+00
3.141689204566098681e+00
1.802267968118189856e+01
1.530588657761377647e+01
-8.416508980975720533e+00
-1.647470333828054834e+01
1.900411073179914467e+01
-8.208746896136098314e+00
-3.659179999740082678e+00
1.198974038241708229e+00
-1.277724993645384188e+01
-1.330643447398381340e+01
-1.702605144239678481e+01
-1.760213908428148954e+01
5.446756838306399118e-01
1.164338139439571762e+00
4.130133743721842166e+00
2.018926776575273152e+01
-2.793705166882524793e+00
-9.325926454195546000e+00
5.162907679250736237e+00
4.318495876922270327e-01
1.728530722427649380e+01
1.584168211547584804e+01
2.064722767767150913e+01
-3.380321723217896590e+00
1.092533311535270002e+01
-7.217931646198124440e+00
2.118854996378694011e+00
-4.242476752333679713e+00
-9.431319206164658908e+00
-1.497986488830138541e+01
7.292257016972669703e-01
-3.484265783689643570e+00
1.246574152973014549e+01
-7.445941736839188252e+00
-9.427807413583408902e+00
2.254209140387764876e+00
-7.355869885158661248e+00
2.789740686466238628e+00
1.910368344720193079e+01
6.155033292181997240e+00
7.752801162649646471e+00
-1.407116799384628791e+01
-1.759317782384638207e+01
-2.264282684797162659e+01
7.768951441269344116e+00
2.210651231602902556e+01
-1.868092832053238794e+01
-6.928858544899853200e+00
7.714762443948188775e-01
-2.045038757278023667e+01
-1.304971585587335881e+01
4.175844773162118884e+00
-1.471412128426702282e+01
1.089047275945119964e+01
2.396937042812422192e+01
1.701522958322001955e+01
-1.200268206837996843e+01
3.783234532385883142e+00
1.786490260808395192e+01
-7.882419041591163023e+00
1.562166180504384272e+00
8.198879097946630168e+00
-1.301027994387947473e+01
1.429722828705580184e+01
6.571211117656325484e+00
2.137099909320309621e+01
5.039968687600371311e+00
-3.861968817302738444e+00
1.236715588879767580e+01
-6.042537503582046554e+00
2.313292262592806026e+01
9.243498396534896244e+00
-6.347813585764612299e-01
-4.935239933782007427e+00
-6.114214762952272508e+00
6.456681440626077517e+00
9.136959890344158453e-01
-9.202909119750060540e+00
8.008113447307088961e+00
-1.395580963291586585e+01
2.581198998647494136e+01
3.071556034911772315e+00
-8.609966573180969363e+00
-1.994155570555767909e+01
-7.189957171870155150e+00
1.660868467613852317e+00
-7.529003394726544229e+00
5.452152702700338693e+00
1.870257616176388638e+00
1.121627639523102005e+01
-8.742150695548936312e+00
1.062082935159723007e+01
-7.583581334736813062e+00
-8.562509499034675287e+00
-5.648749786426272124e+00
-1.292900991468882665e+01
-1.561526750656152274e+01
1.992878100015063580e+01
1.146450670062932886e-01
-1.516537181536250500e+00
1.271317611492629140e+01
-4.221037979824480146e+00
1.204983781154334821e+01
9.034474408049895544e+00
1.205941254906214510e+00
1.842197238238536272e+01
1.491846972251725845e+01
-7.656397765912295483e+00
-3.638269662114119285e+00
-2.007108681857530996e+00
-4.931048778611994976e+00
-1.547533422377498624e+01
2.640170495101820336e+00
-1.733193422796732364e+01
-1.488241458919249283e+01
-1.341928581915220065e+01
3.627751495498308998e+00
7.727663038463376211e+00
-1.903178625706846105e+01
-1.250403751007610254e+01
-1.363408560237735401e+01
-1.511788090370804127e+01
1.864457801775031953e+01
-3.064733454619528175e-01
-6.488447399779616376e+00
-7.038489670543903287e+00
-1.504694568427134271e+01
5.932425227085559527e+00
4.252886749390292209e+00
2.376535508330576363e+00
1.499147230406096298e+01
-1.129523942509214862e+01
-1.678120479284743993e+01
-8.932316850535571007e+00
5.053898008700627997e-01
-1.327926658670149607e+01
-1.422371461424054928e+01
1.040164658173492285e+01
-2.148993885978562446e+00
-1.422033176298782564e+00
1.120519113260385780e+00
1.170966863406517433e+01
1.340520209790507522e+01
-6.063355543766213884e+00
-8.952110445365285329e+00
-4.597500637806895440e+00
1.752030538461735887e+01
2.595906702977167413e+00
1.347122374724788330e+01
-1.349568665089724107e+01
-6.543783020338224787e+00
8.194197655650548029e+00
-1.145999886822968250e+01
1.942620523745112848e+01
-1.635874900138850307e+01
-3.649908947549903360e+00
1.228734936761762953e+01
-1.267310195960701691e+01
-1.428311883355121381e+01
2.474296300184001041e+00
1.224433046836952599e+01
-3.854452873815560565e+00
2.427872051216408522e+01
1.457707820879628002e+01
-1.327177335687326121e+01
-1.421310173407596977e+01
-9.876218816132286804e+00
9.310162345067332978e+00
2.657416687345701689e+00
9.825202877554126246e+00
4.760327068014191809e+00
1.554251121810746383e+01
-1.139421952790845438e+01
-6.284681030374791533e+00
5.077358142907471006e+00
1.407127940989047943e+01
2.602785744855282246e+01
1.388848281668229134e+01
1.036974220413014791e+00
-9.320701964374876525e+00
-1.323655961960889726e+01
1.320836765005820723e+01
1.628011475049065382e+01
-1.137052072125922564e+01
-6.469577328374285230e-01
-4.330527022855910957e+00
-2.242388833980598406e+00
-9.064918841781235415e+00
-7.719705595567219802e+00
-1.487712838627468415e+01
-2.001575779298612190e+00
4.842490436071557269e+00
-5.936467557199421208e+00
-1.831023557279593561e+01
1.626473028365265350e+01
-1.050254675818204930e+01
-1.600804543594242091e+01
1.161101074731605109e+01
-9.429804705151880739e+00
-2.283949384122471571e+01
-8.651937536242151339e+00
-7.822585446746643356e+00
1.389373423592677881e+01
1.058050460966725126e+01
-2.335286111039833656e+01
-1.214326183320088148e+01
7.971983744387586057e+00
-8.405254691603332162e-01
1.677051648155158148e+01
-6.188897820316178411e+00
-2.591836491140774967e+00
-1.187969786244686787e+01
4.196747920682994959e+00
-6.020450443837106036e+00
-8.601005742093960293e+00
6.516649005258493332e+00
-2.260694788257211485e-02
-4.805428394274144921e+00
-1.822353934306842405e+01
1.981544311479838427e+01
-1.310907197754455211e+01
1.906663040202836612e+01
-1.685656657542629944e+00
-9.775928831081351689e+00
-1.531835092486464589e+01
2.489579019033674001e+01
-5.849432534571278097e+00
5.406293835365303835e+00
2.123468321824061888e+01
5.822373061595499166e+00
-1.917677984788259593e+01
1.772873962110899981e+00
5.608229506337799819e+00
-9.044764697418727906e-01
-1.754852688767684299e+01
-1.799871369142355348e+01
-1.450873601167046445e-01
-1.078626336270909292e+01
3.395448689567892586e+00
-2.155973486451197729e+01
-1.377388573441785979e+01
2.678238908196121315e+00
-7.777478183765616393e+00
-1.932345899727570071e+01
-7.266640819246148908e+00
2.098176032852784090e+00
1.114916927428119919e+01
-3.211255350412244525e+00
1.984106272201353249e+01
-2.210955087318152579e+01
-3.613185904454994102e-01
1.402033059421636096e+01
2.171912449256986122e+00
-1.205285192728686638e+01
-9.237143803228896388e+00
-1.824630157351685256e+01
-7.513875508962740923e+00
3.359433355970388391e+00
2.362489415655943503e+00
-1.117233096841924578e+01
5.905773603453987164e+00
8.761660787843204901e+00
5.089096096614539988e+00
1.493781748759900552e+00
9.646772025867946354e+00
1.043696738852448647e+01
-1.611775077868136918e+01
-1.001780333401141121e+01
2.795369351548394832e+00
-1.348038984361258485e+01
-6.489047812868733445e-01
8.325707449833018359e+00
-9.841340781935684845e+00
1.070408062776449754e+01
-4.136283146418705314e+00
-7.833194201193407480e-01
-6.603752214161033862e+00
-9.476441578608962857e+00
-6.034737403653167576e-01
-1.013461503339634362e+01
1.341243088685244800e+01
9.798026563719041349e+00
-1.353054221571659355e+01
1.469452828212487816e+01
6.731598041023502788e+00
1.086700680698790933e+01
1.425488047282053117e+01
-1.164143721589523750e+01
-1.481538014390500990e+01
-3.487382489916512895e-02
-1.365088624866267253e+01
-8.876134551003232787e+00
1.308720484321682420e+00
-1.764027649211433157e+01
1.191689061450449572e+01
1.887615268285593118e+00
-1.660976658915327420e+01
1.376912979485679500e+01
6.326473676759228226e+00
-2.815793768122183849e+00
4.849835850822181271e+00
-1.091024112233589705e+01
1.200085792625807812e+01
-5.137301711673927684e+00
4.398904577270371874e+00
-7.553792126639748972e+00
-3.237829191371197624e+00
-1.597663168451378368e+01
1.305635979723381013e+01
8.144334623103922866e+00
5.663204903879460517e+00
2.247744481811508876e+00
-4.047504319648695059e+00
-1.271302730892764998e+01
3.016746103253574063e+00
-1.471139682492025003e+01
7.124520609378961922e+00
-8.038325675250199254e+00
2.322040103909984055e+01
-1.744518937879937681e+01
-1.614756706464440583e+01
-5.235978838906589772e+00
-5.697077086476262764e+00
1.603524766145802971e+00
8.491813223366548868e-01
-9.274458834681887254e+00
6.762966960519598558e+00
8.513910775467728342e+00
-9.743774916282951892e+00
1.119451834979328453e+01
-1.713241116515913376e+01
-5.365021403618428053e+00
-1.100920165144593454e+01
-1.549830040611928439e+01
-1.159027126223865167e+01
-1.064417163810218625e+01
1.235116271329362547e+01
1.546956722268333806e+00
-1.315577761819086078e+01
2.169054057260130719e+01
-1.993891983649731614e+01
5.837959415397477869e+00
9.635108583966911056e+00
-1.946364358885075418e+01
1.083626526650248678e+01
-7.381023808648734530e+00
-8.465577672500970152e+00
-1.246804245144998191e+01
1.953351423282477128e+00
1.162798155197840799e+00
-1.392070365313744418e+01
7.755610020661116266e+00
1.900145803944843692e+01
-1.676494493643105699e+01
-1.960940538862333682e+01
-2.688626755988146044e+00
1.263258656121288936e+01
8.927524794861319890e+00
-3.456468287957882524e+00
1.314435310052687100e+00
4.057385312711268455e+00
6.741428606035313464e-01
8.878038990146208675e+00
-3.324812738578458493e+00
-1.202221712120362440e+00
8.637005554831368670e+00
2.477243115658325223e-01
1.331092752722615558e+01
-8.362873556284831977e+00
-7.363767117300632492e+00
-7.502528600182458263e+00
-6.918733190434572577e+00
-1.126146000568380856e+01
4.029260787537381816e+00
5.324878910412955690e+00
-2.172361613126634339e+01
-5.628871569370140548e+00
-8.036069676149281804e+00
6.444298862007912021e+00
9.898109175433447149e+00
1.287909677317689017e+01
1.635756351836833744e+01
1.597591604112784580e+01
-8.580337403757660297e+00
-1.709533194502125752e+01
-1.499521759475508986e+01
2.342680207939666559e+01
2.659955073204136511e+01
5.818588686810791444e+00
-6.154534549770360741e-01
-1.919924881688505991e+01
6.542858485448434180e+00
-6.446237725308137101e+00
-3.263280958118642161e+00
-7.565553966738626457e+00
-6.078297256222242595e-01
1.269337281810975071e+01
2.433406599445135043e+00
4.064787141166661399e-01
3.659875830869218305e+00
-8.780307965783336499e+00
-9.601162291964215001e+00
1.201998271742213120e+01
-1.214452810578431041e+01
1.851700702475648086e+01
9.690755382781077287e+00
