3.423216375053497984e+01
3.261738370981746016e+00
-2.857802323849746529e+00
-1.358970031378653687e+01
3.242376857590990369e+00
-4.721168170521416130e+00
1.408095202978888949e+01
2.438844464995007399e+01
3.211978437844055634e+01
2.172061253618859666e+01
-1.391989015347143521e+01
1.696318870121521627e+01
4.049578640701672327e+01
1.517483194444116634e+01
1.026938916554861692e+00
2.285463041957068242e+01
4.506905655506969310e+01
-3.249051586577209605e+00
2.958643519139752698e+01
6.270367043377774507e+00
-2.878593135926787383e+01
5.578502201312659281e+00
2.688356489056971554e+01
-3.231112706271500201e+01
2.204520400221740317e+01
4.786515124060244375e+00
-6.011651063797444294e+00
5.622794095963158156e+00
7.196935886803515814e+00
-2.981683940389669019e+01
-3.810815057407967998e+01
2.186506456849713231e+00
1.408623494160249834e+01
9.739392241887401269e-02
-1.616823562858371588e+00
-9.922857266781647922e+00
-9.727394212418182917e+00
2.137389364624431209e+01
6.142126174787918558e-01
-3.005641472174154671e+01
-1.627410160458035193e+01
2.234791195741105696e+01
-1.445528518733225809e+01
-4.060529159739428451e+01
2.059422806764284530e+01
-1.408123170168192928e+01
-1.451268680588363935e+01
-1.179167060147371160e+01
4.871487007884591947e+01
-1.182820626194238400e+01
-3.246594170558645231e+01
1.113747220888969025e+01
1.012930721126728884e+01
-2.696655178239159412e+01
-8.104778664898439899e+00
-9.922617679805703972e+00
-2.606547066931251422e+01
-4.802071338438395287e+01
-1.308547317286235767e+01
1.794681246008376263e+01
-2.081082979568802926e+01
-3.104496653332671130e+01
-2.240347833504472419e+00
-2.451033958462112139e+01
-2.525858455501161970e+01
2.618421160823312732e+01
1.172996509147775868e+01
3.116947719391878024e+01
-1.529229930860900311e+01
2.237200185739895630e+01
-3.900530271634804080e+01
2.929106120229704402e+00
-2.194189069758744637e+01
-2.059908350209518346e+00
2.129986486010324143e+01
9.492006489985861606e+00
1.946759339754979123e+01
-1.463325177372155395e+01
-3.072568733264640528e+01
-1.733951029371935704e+01
-4.630250846790758601e+00
7.195223023401744911e+00
-1.154144413546730163e+01
-1.970632247559810324e+01
6.041175572479119182e+00
-8.278746386116466738e+00
3.321650240252600383e+01
-2.710538209777123697e+01
1.605387034208143859e+01
4.197596804885223776e+01
1.761531225238661591e+01
-3.346694170895912634e+01
3.447820913815520782e+01
8.333817530692179787e+00
1.478929934732850882e+01
6.171044868711426545e+00
2.459478666009256642e+01
1.539493256798358800e+01
-3.462354005796804302e+00
9.330247723412199434e-01
6.998848863742644255e+00
-3.411700289930198693e+01
2.191444617306939335e+01
2.271162832873191917e+01
-8.557191094847190982e+00
-9.729500220324617032e+00
3.564021237490692329e+00
3.569102370338262631e+01
2.031826636799326025e+01
4.117890551879533234e+00
-3.514789109766323350e+01
3.055719976793325543e+01
-1.807595224479575791e+01
1.877352400681509437e+00
1.310391721008357280e+01
-2.786950866676962590e+01
-2.589891814145030935e+01
-2.601912403201025370e+01
-1.811501360991366738e+01
-1.851538513242324413e+01
8.619713800031632900e+00
-7.451836524585239374e+00
1.844287837160435117e+01
-2.696725378281215058e-01
-1.256769311496917396e+00
7.272845452312168391e+00
-7.647048709258264410e+00
2.868730363933967453e+01
2.269118355642933693e+01
2.615961773132025314e+01
-1.091985882944184283e+01
7.369873189475505626e+00
-2.104640199622856045e+01
7.493843812143211380e+00
-1.382684168351065068e+01
-2.785848720320899830e+01
-5.566182315551749582e+00
-1.105589707867480342e+01
4.597990915287653024e+00
1.033239831412245024e+01
1.441400552948870484e+00
-3.089291840655046784e+01
-1.678252842011401214e+01
6.555471753292295034e+00
-7.197481585425705930e+00
3.680764201467702890e+01
-1.869183612285610252e+00
3.080306876504926095e+01
-2.062530121812651984e+01
-2.716605380538979020e+01
-2.825886542764603604e+01
1.948332596179987775e+01
2.741414116432331127e+01
-3.223914725874190879e+01
-1.388435122723766568e+01
3.953985468287754657e+00
-1.945825372167345080e+01
-2.413768820957455929e+01
1.501358575692623276e+01
-4.073384602800372534e+01
1.296780853435230085e+00
4.307423711886664819e+01
4.432490778266931386e+01
-3.431945867525868721e+00
9.713874703139602218e+00
1.223702256976967107e+01
-6.831283884465207734e+00
3.004951969331344230e+01
9.298149099093869552e+00
-2.145279265466414387e+01
2.597502679341184262e+01
1.022752961708432906e+01
2.646706092750785899e+01
1.703061465067584379e+01
-4.955014704634393752e+00
4.243633981695221280e+01
6.846794662152859701e-01
4.469671096802649402e+01
2.924347990211278159e+01
-1.734367239522624260e+01
1.354345178233301539e+01
-1.891658911582891989e+01
1.904054984395246208e+01
-7.103354174848561797e+00
-2.881970762978387057e+01
9.390649637662853877e+00
-7.821290570287494859e+00
4.767374125606424684e+01
8.833032051823238362e+00
-6.040069756220077579e+00
-3.069389740691183022e+01
-1.626539220341695113e+01
9.254906612310584535e+00
9.618115819819308854e+00
6.954507491257267304e+00
-7.390940301303992044e+00
3.410786310919411335e+01
3.601231704132437983e+00
1.156317813915170944e+01
-1.035378000342370797e+01
5.610203879801481719e+00
-1.861755150367496725e+01
-1.785935770020749658e+00
-2.439669473290620871e+01
3.967391002411635270e+01
2.101557404261971840e+01
-5.987829072614289316e+00
-3.362821877767238732e+00
-1.125988740688531919e+01
8.587401236601621690e-01
2.591004409762791738e+01
-1.065237831910587119e+01
4.489989778199378634e+01
3.724887990171866647e+01
-3.679839054035898016e+01
1.629355066734952118e+01
-3.174870127153631927e+00
6.265548271626222743e+00
-4.370150469707802188e+00
4.738224816642215842e-01
-2.172923007736963186e+01
-1.242061009063092314e+01
2.544132767181181976e+00
-4.889902430497208741e+00
2.369315627469170238e+01
-2.945874863698281132e+01
-3.344918293979104362e+01
-2.010045630299469011e+01
-4.295155346243859640e+00
4.643762643160862069e+01
-8.352226826182459263e+00
-3.789523105587446139e+01
5.893918369062980389e+00
-3.498757376831918720e+01
1.824117270762847909e+01
-1.220376795025949690e+01
-1.363185967276817934e+01
2.680454694827361095e+01
-6.776160672795228379e+00
-4.207620184576168754e+01
-5.571126591814348217e-01
1.335106537684118422e+01
-4.032019844514253748e+01
-2.925693402835311119e+01
1.822858241568798121e+01
-1.579552316708562643e+01
-5.431898487303513434e+00
-6.047461830492586898e+00
7.399645770782484533e+00
9.968177312916125743e+00
-1.765891674336535289e+01
-1.600130369820541887e+01
5.746826881659764297e+00
2.990236720395806458e+01
-1.011771840722630600e+00
3.021715119677155315e+01
-1.091223045357710930e+01
-1.977116555879436888e+01
1.808944918128938184e+01
-3.885360402661870438e+01
1.225571769170731073e+01
-3.458227376437298517e+01
1.247179662140203504e+01
5.482690024971347498e+00
-1.787205891467947083e+01
-2.747175162012841909e+01
1.130165800891438721e+01
1.328942095987098071e+01
-1.794096991490360438e+01
3.670778014944748691e+01
1.112412168616562269e+01
-1.816364747451201112e+01
-3.003806111347422458e+01
-7.831096090274002108e+00
-7.378079342070932967e+00
5.668859469469197165e+00
1.401863167572201974e+00
-7.686858901804519917e+00
1.735588331159736697e+01
-4.196713290031265586e+01
-4.318423707531728439e+00
-8.998850583767968203e+00
9.072031271112720674e+00
4.034209326945791929e+01
3.197595130187671941e+01
2.505276393962641635e+01
6.910336757716862621e+00
-1.083562373934654488e+01
2.236488914149883556e+01
2.957498248675597097e+01
-7.706035045272543016e+00
-2.181173344434172989e+01
-4.121401941948711567e+00
-1.775146151887130941e+01
-1.040573000876067056e+01
-3.016672359042653540e+01
-3.026640696587362100e+01
-1.695379171690092335e-01
1.449134699724390885e+01
-1.911106772812836141e+00
-4.107982234799648324e+01
2.751266522770977474e+01
-2.692942604199103585e+00
-1.597578657723607165e+01
4.298828932235107914e+01
-2.810534690804758640e+01
-4.082504246155392025e+01
-1.937171053519899999e+01
7.108208020410010874e+00
2.151921434500765429e+01
7.927509707908498626e+00
-2.601290717856302592e+01
-2.291484128754112248e+01
-4.441358888862048104e+00
-6.953936141079338995e+00
2.738430957178128722e+01
-4.421188109859031101e-03
5.516663713661870361e+00
-1.205446806497132428e+01
1.750180289012280355e+01
-1.678224261994159150e+01
-1.500659205816521080e+01
2.311309435583737582e+01
1.993531409593481385e+01
6.151461412415429209e+00
-3.755730914737948467e+01
2.985621147450967783e+01
-3.533005131489720441e+01
3.573226745909965985e+01
2.039284071658380526e+01
-3.117033482146532464e+01
-3.684871409684618015e+01
2.937525132161067631e+01
-1.483179576764513996e+01
-1.426333338291464514e+01
3.475108020828139388e+01
1.472662652757328772e+01
-2.137209082770933222e+01
-1.579670168652048545e+01
1.239391872463737343e+01
-5.251681557442111625e-02
-2.932324716428273348e+01
-3.209570873118299517e+01
1.876379597754420558e+01
-8.846850912008697776e+00
5.681993000074101019e+00
-4.461120000247708361e+01
-3.711406385753108594e+01
-3.729121775015563856e+00
-3.021257052938245025e+01
-1.534758369410489109e+01
-1.825697917280940530e+01
-1.283633419792901975e+01
3.273012608052655992e+01
1.324310229583933562e+01
2.593843136182977105e+01
-2.143748885773337065e+01
1.273206928954034822e+01
3.941002939503773916e+01
2.537926798579114518e+01
-3.589911725005526932e+01
7.477159437080736382e+00
-3.993931673826014617e+01
-2.619360852693629482e+01
-1.141816620694348927e+01
9.586232978043085495e+00
-3.818382429328089245e+00
7.673412971114565551e+00
8.181368458574013403e+00
4.233027342703977070e+00
-1.750928796391272613e+01
1.804652474200148049e+01
3.243548573074043873e+01
-2.743964970146903326e+01
-1.664310527646865268e+01
3.518615433986681751e+00
-2.510514321730951082e+01
7.469400898252175125e+00
3.039819680710144212e+01
-3.407410367148693808e+01
2.044672645677380274e+00
9.780998291527538413e-01
-1.088335204632986830e+01
-1.712393395513412031e+01
-1.638265834254302433e+01
9.984111625047084715e+00
-3.317579552086490224e+01
1.091147868359490758e+01
1.733060627527342490e+01
-1.857249052936023759e+01
1.315226191990661420e+01
1.502571913342876542e+01
2.544726126007228117e+01
2.431668885800131363e+01
-8.842025369305225979e+00
-3.261666616454242273e+01
-2.067210109857759903e+01
-1.426032694246155330e+01
-1.316396587509795779e+01
1.002228649804472838e+01
-2.731465534943332685e+01
7.747189926079371958e-01
9.580960762056044189e+00
-1.840964730203640798e+01
2.775464037771207870e+01
1.623801169925442878e-01
2.190641147136517475e+00
1.401385393284823522e+01
-7.407665442634694841e+00
1.064271579565529890e+01
-1.203553836384180187e+01
1.948834239339505814e+01
-3.369635539820056636e+01
2.046375636760309646e+01
-8.166149249429061285e+00
-3.654431267935606797e+00
1.399855977182397737e+00
-2.233024235499883048e+00
6.197842657933705368e-02
-2.122166068073134682e+00
-2.111406345424728315e+01
-5.319905710269246413e+00
-1.843871140314504586e+01
1.265618663129849608e+01
-1.944763345811778521e+01
3.460131910435410418e+01
-3.196696097567781436e+01
-3.335675764789698405e+00
-6.274022318437033618e+00
1.801724243559539218e+01
1.775091689639096160e+01
1.938107282358207328e+01
-2.103104317034711812e+01
2.803757434824835570e+01
6.070393891624206617e+00
-1.947755878354581327e+01
2.609087858871659193e+01
-2.609477443952027897e+01
1.050339316334400053e+01
-7.073814197292286110e+00
-3.311076826724015376e+01
1.030333203520640950e+00
-2.037945535386879214e+01
5.846993365791334440e+00
-7.974082064917787704e+00
-1.977768526068523869e+01
1.643654100208958369e+01
-3.680957172455027404e+01
1.500551341202705657e+01
-1.247141791766894414e+01
-3.455983912901213273e+01
1.044965676984661229e+01
-1.594093864540477057e+01
-2.027873263593840036e+01
-3.042395356119341088e+01
2.032482239892523523e+01
-1.005632571942506104e+00
-2.243848917617386007e+01
1.019645125220105797e+01
1.686043596427404623e+01
-3.522046222309474928e+01
-3.747494816540010731e+01
-2.089736345865838629e+01
2.532744570434800835e+00
-1.155380634780100735e+01
1.040432625979480719e+01
2.139301613850537365e+01
-7.086001495849814091e-02
-1.585929927830543562e+01
3.211972997683174924e+01
-9.058228307334516671e+00
1.200916445490123152e+01
1.499853312776478731e+01
-7.500345411773793103e+00
1.663198434749624255e+01
-3.261575767993330999e+01
-1.057381349910512824e+01
1.177096956610037637e+01
-7.971301597045943765e+00
-1.960303436480534245e+01
-1.762492652093280299e+01
1.964587930722751707e+01
-2.903619640446176575e+01
-1.670339609107609391e+01
-1.803572670754802232e+01
-1.642748089838457304e+01
-5.551067017451032370e-01
8.817137585939981648e+00
1.239700592580318528e+01
2.397567776944686102e+01
-9.240298754793307978e+00
-1.821794069169153829e+01
-6.097796768064135620e+00
3.125319803659562012e+01
5.000000000000000000e+01
1.868054547901851947e+01
9.645897214765618344e+00
-3.386799441016022882e+01
2.950676936121115546e+01
3.143213032147642139e+00
1.012979712040633729e+01
-1.138116472140639246e+01
-6.492064278744138051e+00
3.124922054457466913e+01
4.020781068507993439e+00
3.667776502887761580e+00
1.171255761012148611e+01
-1.362152030775035882e+01
-8.321648161862661652e+00
2.068359796648505267e+01
-3.183349346380211031e+01
3.811534364960593280e+01
2.690538737866819474e+01
