3.863577478740022286e+01
-6.730647572555739089e+00
-7.555084864716548054e-01
-2.069049794702825906e+01
1.181703160764988780e+01
8.041434059769677845e+00
1.210609523750105865e+01
2.723184751196329501e+01
3.474342503205312482e+01
4.021685692649057842e+00
-1.659745807417123586e+01
2.043283168829401575e+01
3.705599290579463911e+01
2.483777445669531403e+00
-1.210527237357794661e-01
1.540072344794226922e+01
4.320052802771776612e+01
-8.737822086290954360e+00
1.870486977099655235e+01
-3.645451627138001527e+00
-2.053172895546580179e+01
1.325043260745110985e+01
3.683068103144435668e+01
-3.552387096919443366e+01
2.552573225924336953e+01
-5.230594936543297990e-01
-4.407474749832104521e+00
1.837193491218516783e+01
1.296728175290716933e+00
-2.809305436086740215e+01
-3.403558265839289021e+01
-7.588576819542566909e+00
8.594995968906431472e-01
8.747680483197960655e+00
1.949123424176072206e+00
-2.490062025879829832e+00
-1.172240086294220873e+01
1.196864782518810699e+01
1.549446527685199726e+01
-2.930988652528882454e+01
-8.870117306958512415e+00
1.390001724551112972e+01
-2.455408081370061169e+01
-4.073298969603928299e+01
2.506182699737864539e+01
-1.110273175572306315e+01
-2.127627977960958461e+01
-7.032157468741885964e+00
4.569412357523708579e+01
-1.326632153737571684e+01
-3.905801607985716828e+01
-6.839420496504736491e+00
7.434336159187850512e+00
-1.635843712945492712e+01
-1.145898589334353801e+01
-7.402850602504884137e+00
-1.254330495634636833e+01
-4.477205058951093264e+01
-3.517256889688432864e+00
1.825199746842059767e+01
-4.134612847611847997e+00
-1.537149285995705128e+01
2.337104457024082649e+00
-1.867265128022082621e+01
-1.955635444077778828e+01
1.692257662182302624e+01
4.462809578857275028e+00
3.286330998738068843e+01
2.243855216957221899e+00
1.758962505366208973e+01
-3.035930853515292327e+01
-1.356051518986377147e+01
-2.707965591833000474e+01
-1.652178105743942638e+01
1.905023718960279666e+01
1.523118380387600723e+00
1.704825335643391782e+01
-2.265819144930340912e+01
-2.302972172289468133e+01
-2.100925888855002555e+01
-5.537414651995881343e+00
3.641596850779272643e+00
-1.656608748467849068e+01
-1.812976792179540908e+01
9.243172729332059134e+00
2.777958314321509192e-01
3.723528427801083751e+01
-3.410727127271978532e+01
1.795283227965435913e+01
3.135720704373035517e+01
1.696470011358151453e+01
-1.775746233661918438e+01
3.944127912765512178e+01
1.276523753308025277e+01
1.666868458949224419e+01
-9.097950465203616943e+00
1.190483264736628399e+01
2.500294081451315265e+00
-1.441700236484364694e+01
5.261219756447133022e-01
4.150601898185414029e+00
-3.897242802646437809e+01
2.467828380709951830e+01
1.889639333392018727e+01
-4.664106583151891527e+00
-8.897175740142841960e-01
1.859006495609885690e+01
3.470960937762981757e+01
2.977852595306977435e+01
9.831277826425612432e+00
-3.835873692688063130e+01
3.363559431796731758e+01
-1.336420111773448838e+01
1.021584222864539981e+01
4.073585526194278827e-01
-2.942096835221968831e+01
-1.153699057802096917e+01
-3.671266067594287819e+01
-2.174711205252103241e+01
-1.202865990374986893e+01
3.522300902542937706e+00
-1.086545861386453282e+01
1.965592556821351877e+01
8.362538489266903241e+00
-1.410082859384232279e+00
-4.928460648257271259e+00
-1.033543942697126283e+01
3.747173393383663154e+01
3.124237978205403010e+01
2.310426026055115756e+01
1.788476038288138170e-01
1.343249263817253336e+01
-2.912249803772305867e+01
-6.788873314278241367e+00
-1.072731575499994250e+01
-2.203109575755016891e+01
-1.808829390784808666e+01
-1.375544214982886615e+01
-3.949637453887788752e-02
1.599569225064290379e+01
-1.331477140974535445e+01
-1.618301157795265510e+01
-2.076760267671288318e+01
8.961111746671335254e+00
8.486128929987948766e+00
3.158837698396168037e+01
1.347043268243544389e+01
2.881456395876334398e+01
-1.751563910040796657e+01
-2.580582318620123772e+01
-3.740236550003884020e+01
1.467704383491759756e+01
3.061606838738984493e+01
-2.996943076439822917e+01
-2.675216195891688287e+01
6.412394068676242398e+00
-2.128742733132055776e+01
-3.098281783062316208e+01
1.156045885943862572e+01
-2.951120430829396923e+01
9.508839628537316457e+00
4.794805758037946930e+01
3.154320976108841990e+01
-3.715479716822144951e+00
-2.068401503306340317e+00
2.468696269151833178e+01
-6.095610614777228875e+00
2.539031766406920099e+01
7.385914218175415158e+00
-3.159944498241938859e+01
2.024383792697477702e+01
1.001245421140170322e+01
3.245538862132512747e+01
6.797248203597050065e+00
-1.408712263661402631e+01
3.196553756970972415e+01
9.466902665829067587e+00
4.687672780860449961e+01
2.793781004693225611e+01
-1.675714208990575571e+01
1.491233324080428702e+01
-2.291656087821634102e+01
5.817190824486459633e+00
2.983716962292561448e+00
-2.943475280316138409e+01
1.260306263313800912e+00
-7.242503635525423533e+00
4.856771144207966984e+01
1.927527910216288376e+01
-7.393160359527904291e+00
-2.527567913788459819e+01
-6.851619878667413843e+00
1.239033669477360888e+01
9.324716050904605424e+00
1.761006288137232900e+01
-1.646157696163122353e+00
2.026085471652328351e+01
-1.807598540177309587e+00
2.436448298956615588e+01
-4.817430935404274805e+00
-5.806426716368555674e+00
-1.957592968062783001e+01
-7.200598076418685878e+00
-3.029944353682133595e+01
3.890727919970728976e+01
1.108960062777386213e+01
-1.008162132938472411e+01
1.173007449887849418e+01
-2.610062044545550464e+00
4.626013676457084500e+00
2.188205180255519622e+01
-6.619986199333368404e+00
3.338333744561693095e+01
3.507278203184660015e+01
-2.411295506318991855e+01
4.023481290826346424e+00
9.531464547687576783e+00
5.156336245453459810e+00
-1.714697878335260839e+01
1.297761450175478615e+01
-1.500301508117390625e+01
-1.181126510229614013e+01
-1.054713182252295667e+01
-4.426733838339870886e+00
1.795521585577183998e+01
-2.733747622020865720e+01
-2.262275789909091728e+01
-1.882955886146078228e+01
-4.493605060848764765e+00
4.352228985857016141e+01
5.548877490717949001e+00
-2.807437662633849840e+01
1.624350793086357214e+00
-2.532268480557463164e+01
2.479575111195195802e+01
-5.961664396341028294e+00
-2.809636821967501419e+00
2.986748496314939416e+01
-2.275402495886467591e+00
-3.121683317630222732e+01
-1.103438184713962045e+01
1.159556453537346243e+01
-4.004846336271307194e+01
-1.836729823394887973e+01
2.531620558576325664e+01
-1.387756198723088374e+01
-4.433224660486665414e+00
1.639107125813055177e-01
6.801264673264597604e+00
2.013167365610834736e+01
-3.200649783059731135e+00
-1.755393003712438826e+01
-9.059010828298823981e+00
2.742119045302480629e+01
-3.949023735705829097e+00
3.943903197716126385e+01
-1.863200577058002239e+01
-1.861171138178917062e+01
2.450908771482754389e+01
-3.652127328562791320e+01
1.323057852706342175e+01
-2.322609469355914058e+01
1.031554754898460402e+01
4.140166952148291557e+00
-2.653701725709860426e+01
-3.218140217457871444e+01
1.041282797185893116e+00
2.546556213622395148e+00
-1.175134332260680026e+01
3.477795513569128616e+01
1.803328275544714643e+01
-6.024837828828545128e+00
-2.516010475749974518e+01
-1.185353293476154590e+01
5.647776016855488024e-01
1.784303000704296949e+01
1.492907574446103069e+01
-3.596520143306847217e+00
2.926577662763295962e+01
-3.816127806288844937e+01
-1.253522366713220038e+00
-6.347154563547405814e-01
8.110178625733610147e+00
4.374560857817432691e+01
3.358929343865946748e+01
1.525685795464359273e+01
-7.779919943907700031e+00
-7.278257384886025250e+00
2.205937538240749518e+01
2.528339077522745981e+01
-5.244217230155570064e+00
-1.121288033562194641e+01
-4.184288798710440460e+00
-1.777059698404494270e+01
-2.498503839041664776e+01
-3.227097981583264641e+01
-1.534338272636828293e+01
-1.204089625439166866e+00
-1.020588955460134173e+00
-1.497302736831146319e+01
-4.442451502509346994e+01
2.379501257708862738e+01
-1.909206364069849826e+01
-2.062358949756273319e+01
3.883749557465712599e+01
-1.909892426399386522e+01
-4.037896384902818880e+01
-5.495192564214569586e+00
-1.007127892662167312e+01
1.067582110146235408e+01
2.231971504724525346e+01
-3.505644955735949964e+01
-2.631710747908084258e+01
-4.784282371088067976e+00
2.388937414758665057e+00
2.830298340527292567e+01
-2.038122089130432357e+00
1.573934648876807785e+00
-3.854678982928938069e+00
1.155797366461831643e+01
-2.989450217708776592e+01
-1.752698442588381766e+01
2.533679429322317844e+01
2.122459895761778625e+01
1.965438613581561356e+00
-4.068179592098842789e+01
3.314074494971941931e+01
-3.919935181955050041e+01
4.122861542812523794e+01
4.291523859096926685e+00
-1.718294528214268269e+01
-2.807263283292866873e+01
3.176078835387156118e+01
-1.970830405281089881e+01
-8.101029287282621283e+00
3.852209500733087566e+01
2.074264442834814304e+01
-1.558586495169300434e+01
-1.288932528950535783e+01
1.682115729329389353e+00
-7.099835812821439163e+00
-3.867780046824529450e+01
-2.076296840837292734e+01
2.147813066021444683e+01
-1.051238774370799689e+01
1.137233373882777698e+01
-4.211838646067020164e+01
-3.636358903028663292e+01
5.825925334161752289e-02
-1.217904629662312033e+01
-1.560768294857444261e+01
-1.011716314830691488e+01
-8.388537865140698102e+00
3.608187812248353055e+01
7.508347787206140822e+00
2.707140566625760414e+01
-2.567035712817158455e+01
1.562454622756384026e+01
3.947286853614535573e+01
1.716221645475715718e+01
-3.710570553342031985e+01
-1.147438198816189470e+00
-3.370294810172927669e+01
-3.251147141903749826e+01
-9.688718103411282812e+00
-1.432681766199166873e+00
-6.574438064436712637e+00
1.068210394309033973e+00
1.070057670485843460e+01
4.159969766782012357e-03
-1.662069581338668200e+01
2.292713592688376423e+01
2.476143033209115174e+01
-2.301890549189398172e+01
-1.047761465804039460e+01
-9.056671537057752630e+00
-3.169474039288731504e+01
-3.844218031695703530e+00
2.318262430030802079e+01
-2.498803612330611301e+01
1.196328945872286198e+01
6.253899814434035420e+00
-1.986020264137964375e+01
-2.253436970904535031e+01
-1.423738992586670804e+01
-4.605300711981641371e-01
-2.518758945967977070e+01
2.189716743488553163e+01
1.312193393162932864e+01
-5.752716041276549674e+00
4.468775398617211181e+00
3.030013585889399508e+00
1.577460475152479091e+01
2.632066520146423727e+01
-1.604785804125087623e+01
-2.361838288089110804e+01
-1.562346969161381338e+01
-3.787540543723281417e+00
-2.462878686849182586e+01
-8.474266036153906612e+00
-2.215564269787165941e+01
7.861798309736229839e-01
7.645206526722311935e+00
-2.972480753559529987e+01
2.759836616944035370e+01
1.066190025917599371e+01
1.234483103797748527e+01
1.894335816134520201e+01
-1.018386002382450073e+01
8.114415081287006615e+00
-3.691172732110864274e+00
1.078663020808081541e+01
-3.003358876726874982e+01
3.674943989056522753e+00
-1.275874879947440377e+01
1.077614642740979178e+01
-7.600538018614379610e+00
-8.815484928697259193e-01
4.497537945876615595e+00
-3.921831477775015173e-01
-2.998203222093266263e+01
3.829919945169578455e+00
-1.286695411971988534e+01
1.692155391231014505e+01
-5.471818494304073965e+00
3.361568216097123241e+01
-3.516763924998082302e+01
-1.143134006704890027e+01
-7.427790672430759855e+00
2.651632898517398473e+00
6.044560697329018240e+00
5.854577354003176026e+00
-3.076115920432359729e+01
3.170322622869743157e+01
-3.644317615839383961e+00
-2.769464847336563906e+01
3.255433470151449171e+01
-2.254247248861175379e+01
3.721301370021592447e+00
-1.993918681668439419e+01
-3.051901786791242444e+01
-3.972293049696205003e-01
-7.790296795481609138e+00
1.805817781382421572e+01
-8.960854661488170336e+00
-1.385008205951174176e+01
2.224708782331654788e+01
-2.847230517656833371e+01
2.212373996511338703e+01
-1.048660087060397927e+00
-2.941564530707938729e+01
1.963491267521121131e+00
-2.423053416468120957e+01
-2.994245780783347399e+01
-3.733279385344408752e+01
1.579790776264771068e+01
2.366299701398524746e+00
-1.424208991212690734e+01
-2.280271906020445272e+00
1.875237377268076955e+01
-2.448762859239755230e+01
-4.082131057530128260e+01
-1.837265795280245229e+01
-2.446217647349747892e+00
-6.001393939578143488e+00
9.868238540760621902e+00
1.680405049642349979e+01
-5.673698195699131475e+00
-1.741516351254190198e+01
2.203314506592562338e+01
-1.538363796634371994e+01
1.675496090048336839e+01
2.014638716202479429e+01
5.918593912221773223e+00
1.216604583372369319e+01
-3.372851194987097756e+01
-1.864449846558123980e+01
8.896915170209908297e+00
-2.154550536917765768e+01
-2.276421116454809734e+01
-1.519696521866955408e+01
2.064181294506873598e+00
-3.405601250458857265e+01
-1.597600198646751579e+01
-2.708283532909974767e+01
-2.054423180546791627e+00
1.092445214624281391e+01
3.047064551360826101e+00
2.111573804209929506e+01
2.813814652302224317e+01
-1.400678675865311362e+01
-3.095059202197542447e+01
-1.126246078726841660e+01
3.852224195621984393e+01
4.664197186301520048e+01
1.334739701747007246e+01
1.986344804195894653e+00
-4.093749664753269002e+01
2.045714164368830268e+01
-7.784736992893215302e-02
6.014429232296627958e+00
-1.361733653676834166e+01
-8.431408731112192356e+00
2.273898763882618823e+01
2.173421933456168631e+00
-5.900431217598004707e+00
1.570300823523785994e+01
-2.766452229811965324e+01
-1.044662958358893690e+01
2.606236689453751865e+01
-2.926491922498077969e+01
4.300003199887063943e+01
2.225234838078266364e+01
