3.675885838092847280e+01
-9.856653030522053882e+00
-2.160626264456816159e+00
-1.664485194711930660e+01
8.062504902810587737e+00
-3.679126508053720102e+00
1.687582451156205821e+01
2.645124886003866038e+01
2.753743114040526052e+01
1.158487603201662353e+01
-7.739751637196917500e+00
1.450601917927927786e+01
4.303944292145145312e+01
1.901715890292392430e+01
1.141518521061350810e+01
2.732611271846157308e+01
4.257357489221818980e+01
-1.337184987533458980e+01
2.374004580030062073e+01
-3.749128737813194334e+00
-2.353486766017603316e+01
9.687175983170412508e+00
3.318309476441845618e+01
-3.865991691891100857e+01
2.089564301099960630e+01
-6.740596209759075919e+00
-2.652074205956807873e+00
1.035368787653359135e+01
5.577133499297893593e+00
-3.043371318367418255e+01
-2.641418100184458240e+01
-5.247910947611032384e+00
1.340638339436141280e+01
2.844164913517843729e+00
-7.418616920650734414e+00
2.460583659418645652e+00
-9.850184533116141949e+00
9.144553949409583993e+00
2.551270418740855916e+00
-3.129023234069003934e+01
-7.630344518861662095e+00
1.935357918177885495e+01
-6.835323705896769297e+00
-4.237379090801410086e+01
1.807017782717288412e+01
-2.414537399895140268e+01
-1.726497080958264974e+01
-2.065509413587007970e+01
4.373789791025470208e+01
-1.397848959677347125e+01
-3.555866916552002976e+01
1.014695427110099502e+01
1.109909515123725754e+01
-2.937345353380736412e+01
-1.376687383720665281e+01
-1.145692150427293399e+01
-2.731392227957992347e+01
-4.350845911735442684e+01
-9.128005374994835108e+00
6.729383883946084666e+00
-1.310423665375547841e+01
-2.947483260628547441e+01
3.597961323034304826e+00
-2.762781378916474040e+01
-2.491740080960985182e+01
1.636053368325376312e+01
1.276078717429276566e+01
3.122796335108237997e+01
-6.335371654359533977e+00
1.787042959368795891e+01
-3.207497075428899791e+01
-6.376892093602151590e+00
-1.953473758765509771e+01
2.643870855339827131e-01
2.023620377553071137e+01
1.272585322395693197e+01
2.213096476707096372e+01
-1.801315204252210833e+01
-2.608190427800437661e+01
-1.244068034898067054e+01
-6.691560316676500975e+00
1.404521009729006664e+01
-1.884131234486697437e+01
-1.394803834367208140e+01
1.443510855799701176e+01
2.301597612677163340e+00
3.274991454028398152e+01
-3.045005423513525855e+01
1.167747797130130039e+01
3.489246859387209554e+01
7.208766181393599481e+00
-2.587903388885277423e+01
3.771969638595260221e+01
1.569505943100961076e+01
3.520577300376778851e+00
9.193852539842225724e+00
1.790736084960562380e+01
1.745013664164206091e+01
3.548710443234945444e+00
-8.827548172797392567e-01
4.726535908459737811e+00
-2.433191108129943814e+01
3.063295204284534634e+01
2.011861803751060052e+01
-2.276655644522499244e+00
-1.047478063663864845e+01
7.094679923016421697e+00
2.522243356376849022e+01
3.006416895853537596e+01
1.510619083420039033e+00
-3.841128942836569138e+01
3.379936601346943803e+01
-1.758393932890751898e+01
-5.436596656582267428e+00
1.099249639118858113e+01
-2.186913262449644435e+01
-1.869336747085008454e+01
-2.941662179783160624e+01
-2.644439776988578572e+01
-6.204027515700872186e+00
1.008689433553426795e+01
2.195744484819897480e+00
2.155478973334213322e+01
-3.617598276537329127e+00
-2.136846899858269921e+00
1.064986143405454300e+01
3.047165589986100542e+00
2.452603027444673955e+01
1.645097617623531505e+01
3.117723136409114204e+01
-1.237594097124279813e+00
-6.663166649866525404e-01
-2.278124866208636590e+01
2.440359221665922007e+00
-1.488730875314796265e+01
-2.896253669108484985e+01
-1.327495501630571084e+01
-1.500135629020817163e+01
9.421046054359628386e+00
1.066607094913428000e+01
-2.657101208874209419e+00
-3.159053087140665639e+01
-1.048017769132720645e+01
9.058394557107220635e+00
-7.383361664817819303e+00
3.823096654259020966e+01
1.589387989463375561e+00
2.021897755596056356e+01
-2.392657856009443051e+01
-2.344795270980878499e+01
-2.461743201694919136e+01
7.071147975330603686e+00
3.420309553152387139e+01
-2.518224376452387148e+01
-1.528969007515396328e+01
1.733153181450688862e+00
-1.973528644718030023e+01
-2.902245833405367037e+01
2.146300104426963173e+01
-4.115431036817894039e+01
1.393094742053773416e+01
3.913090644599500934e+01
3.571639372659836908e+01
-1.420453158440641772e+01
1.277528461230949830e+01
1.162460859729110751e+01
-1.297200339874962083e+00
2.697008304438266180e+01
4.371672948110180812e+00
-2.776784288886634400e+01
2.406338709086352878e+01
3.687384127451743154e+00
2.237271190794619713e+01
2.123774357949118041e+01
-1.281148511650832233e+01
3.815738367776938844e+01
-1.331369332915599557e-01
4.198132532295863939e+01
2.626208839097239434e+01
-2.127984202752606535e+01
9.724028258428916160e+00
-2.039249343528302560e+01
1.778241887518841224e+01
-7.005792447490179597e+00
-2.519835723292631613e+01
1.771998382804888195e+01
-1.794277697547018136e+01
4.455498832246931329e+01
3.996240933351700164e-01
-4.018832652215131418e+00
-3.523321228942639749e+01
-1.753194769285315857e+01
1.598413711540617044e+01
6.881680662287273265e+00
6.396211448858991844e+00
-3.719767328804877593e+00
2.910989117259200043e+01
5.067271945802112043e+00
7.307101893224213995e+00
-9.554600107894430039e+00
7.699785059030176626e+00
-1.294581068557201320e+01
-8.568936921432452891e+00
-1.718445371101778818e+01
4.019128420086749998e+01
1.167659428529852761e+01
-1.127318016284559121e+01
4.165138389220167880e+00
-5.042053941750133106e+00
3.685095283413886591e+00
2.091212112992670313e+01
-4.636890913515010482e+00
4.183325851968994868e+01
2.731086457537350043e+01
-3.470840969818160460e+01
7.890017955954839124e+00
1.755198410814372778e+00
2.759188993426278103e-01
-1.031159866683037052e+01
-2.762053696765427446e+00
-2.290142686032480768e+01
-1.580729296817408169e+01
-3.785506977642562276e+00
-3.322550357292044509e+00
2.148701342386164015e+01
-2.958067366115773211e+01
-2.874165517854290641e+01
-2.196686487660702980e+01
-1.134192872730363177e+01
4.695028405799304494e+01
-1.265363902860903522e+01
-3.284122218289651585e+01
2.386251300724829605e+00
-2.776950523509214008e+01
2.061074195173951296e+01
-4.881786118555773157e+00
-7.613401898753579644e+00
2.851959054093074997e+01
-1.401658219622636636e+01
-4.276401720264165363e+01
-3.578415046510116326e+00
1.303053347752665303e+01
-4.127863291764853670e+01
-2.550000882705505489e+01
2.661120728462110208e+01
-3.670159710326529989e+00
-1.188826565428333026e+01
-1.338048171271147169e+00
1.760888187209465627e+01
1.170308189537585264e+01
-1.950014461878887317e+01
-1.694479017586488823e+01
8.292910412305708689e+00
2.990068649427639969e+01
3.477673445098886873e+00
2.805051825159340240e+01
-4.909316677743305490e+00
-2.372849928725632651e+01
1.567913867351106205e+01
-3.327348284617120555e+01
1.519758700475593116e+01
-2.538023315945955716e+01
1.546867597110771442e+01
5.922723066179017337e+00
-2.731494350456257791e+01
-2.721678407207722117e+01
1.293190860668460829e+01
9.535441892056780944e+00
-1.125642691799210127e+01
4.028403411367409603e+01
1.948598157751979443e+01
-1.856985360217803205e+01
-1.835711444149023919e+01
-1.420455711893151829e+01
2.702541798646194593e+00
1.111144137880973659e+01
7.461284403658055453e+00
1.427984431834339318e+00
2.159096997475742796e+01
-3.716597775694773986e+01
-7.106034971661223665e+00
-3.080484820204908658e+00
7.913978221232568444e+00
4.387620884734735682e+01
2.662146048253687525e+01
1.119545153446854613e+01
6.023815369851703849e+00
-5.770284976450845704e+00
2.778418759118584092e+01
2.182148869917166678e+01
-1.460783348121598380e+01
-1.685770162077661638e+01
-2.386985586170773388e+00
-1.145043316474841788e+01
-1.480166969583915915e+01
-2.209356835880857517e+01
-2.757816763403091898e+01
-1.125643515995449206e+01
1.731700821232631426e+01
3.884095637441355109e+00
-3.251972796854987280e+01
3.498476194687236784e+01
-8.151116445461070725e+00
-1.794739897644434024e+01
3.628351695804590804e+01
-2.048023983872015563e+01
-3.834594353357507401e+01
-1.731755665945458844e+01
-7.599793396174447935e-03
1.419803578728534887e+01
1.619969283075707267e+01
-3.122123513193054833e+01
-2.916505475954990345e+01
-5.267315367737786858e+00
-6.809378023764395493e+00
1.637227224539630299e+01
3.689260054794019084e+00
5.640214337993377569e+00
-1.462251157456857698e+01
1.285469185952583615e+01
-1.461905501848701050e+01
-2.332464703176433929e+01
2.746274481109256271e+01
2.212961878830502371e+01
9.839056238652673869e+00
-3.401757452431844087e+01
3.019677274264846289e+01
-3.285602320973960389e+01
2.923699396278519202e+01
9.875501642599182617e+00
-2.372675444875437378e+01
-3.723234180638201707e+01
3.378521529148592606e+01
-1.360940089808112674e+01
-8.453906987704073117e+00
2.937214995212572433e+01
6.879908620114527196e+00
-1.884494980052304314e+01
-1.681314263702109457e+01
5.000907723455448206e+00
4.322218213342821969e+00
-2.303183072744367621e+01
-3.120901428410691736e+01
1.854898742110344756e+01
-9.483972258919060039e+00
-2.336780412121406414e+00
-4.751092691674930535e+01
-2.474142656895170944e+01
1.014253137760741197e+01
-2.175345081542950254e+01
-1.280861607557688586e+01
-2.531244714384943251e+01
-1.399873986428181638e+01
3.415765606542488797e+01
1.879700035883503517e+01
2.606934378972086108e+01
-2.199227971869009579e+01
7.903324450451641781e+00
4.117392286939006851e+01
1.617137784335996287e+01
-2.607985495031242706e+01
3.336817243257549137e+00
-3.157589113009537485e+01
-2.884802403098385426e+01
5.319074583998713024e-01
1.485971824782923534e+01
-1.049156592559942425e+01
2.837963012144314234e+00
1.871571692924145225e+01
5.236670917507289857e+00
-1.526674807203095696e+01
2.810433206340383094e+01
2.690525498764864665e+01
-2.310014931275733474e+01
-4.659844239200744198e+00
-3.734942885463709672e+00
-2.753688527862204793e+01
9.443490294146172914e-01
2.384452139771447321e+01
-2.970083045671635347e+01
3.243420276994591234e+00
5.664941447496218530e+00
-2.210948292979210805e+00
-1.379220041922588535e+01
-6.092541350899843167e+00
9.840222574819975421e+00
-3.394664078610558988e+01
6.611785721403862226e+00
1.254231069440643154e+01
-1.761752166278344589e+01
1.371524310856532480e+01
1.908619044052531422e+01
3.004874915335078356e+01
1.743962508782048815e+01
-1.477638020584725354e+01
-3.320621933206005139e+01
-1.937470142287268615e+01
-1.626629285889195131e+01
-7.950030018706300439e+00
7.184285698304080370e+00
-3.079095695863894733e+01
3.496952134464713424e+00
2.004469554294556133e+01
-2.057768967425681694e+01
1.938281313397015992e+01
1.218198688843429522e+00
9.153911942551538061e+00
1.951468638761319596e+01
-1.629186657262189186e+01
1.607341567987255360e+01
-4.963946675270918263e+00
1.813204427237043603e+01
-3.410700376433393899e+01
1.542650638098955085e+01
-9.739620150014729916e+00
2.154911067497991439e+00
-3.923170195070113664e-01
-1.891983201444261908e+00
-8.068987031063230120e+00
5.321607041002081928e+00
-2.599365295398357034e+01
-2.731592776770952469e-01
-1.547387815783650922e+01
1.664539676942503377e+00
-2.112453749442281392e+01
2.863558236525148004e+01
-3.713657486079735293e+01
-3.535702508866158666e+00
5.511479455895177182e+00
1.267917962124457176e+01
1.455347170639171850e+01
1.066146405356880678e+01
-2.713947623476427751e+01
2.262912170693680025e+01
6.123027175526573274e+00
-1.169004697239460455e+01
3.012369072446846019e+01
-1.566792597470031723e+01
5.807770315071394407e-01
-7.876585670582592513e+00
-3.886412376956454295e+01
1.289770603336172883e+00
-1.388717192799892786e+01
1.206209919401619857e+01
-7.190446922691876352e+00
-2.845659948594152056e+01
2.166523410705075037e+01
-3.286287629644023411e+01
1.334175890583419033e+01
-3.894595978605295272e+00
-3.323164433893327896e+01
7.327620062869435458e+00
-1.126711718829046305e+01
-2.284284251837622648e+01
-3.322680746455181122e+01
1.377470350157503276e+01
1.552648778837827592e+00
-2.686641889441325048e+01
1.188435550626023485e+01
1.638515434686922845e+01
-2.853141284499740138e+01
-3.915466703014138972e+01
-1.523686994698014985e+01
4.112538019235500997e+00
-6.593818834751850488e+00
3.913901753141800555e+00
1.412775919813172720e+01
7.576594624823087543e-01
-9.491999767198954885e+00
2.866023679286703896e+01
-3.761602095348735020e+00
1.344446599214448668e+01
1.629010057639231945e+01
-5.839197903554762092e+00
1.154583021725304093e+01
-3.225794696457993638e+01
-2.132858386619771451e+01
4.527713244365457967e+00
-4.410630251126683277e+00
-2.698324337318148736e+01
-7.829354372350195490e+00
1.198390152443129608e+01
-3.297211844925760715e+01
-2.115801541099570215e+01
-1.049452016333375326e+01
-1.292653226120638266e+01
-1.105963210609957059e+00
1.097766600622912847e+01
1.677630384501698302e+01
1.978075970614369794e+01
-5.579138213918547251e+00
-1.670341825408065262e+01
-9.738248526342744071e+00
3.214276288523242897e+01
4.845875072000254136e+01
2.133973728702565609e+01
-3.367983234793022973e+00
-3.063803880491279941e+01
1.619989783007663675e+01
3.287425228510223008e+00
4.574086839014256611e+00
1.966475138400625156e-02
-3.542787515981956403e+00
2.795587439793698081e+01
1.007289044391261967e+01
-3.798169687742422695e+00
1.238246857871247641e+01
-1.859783903639221236e+01
-1.598956936016555375e+01
2.156853369306330137e+01
-2.462610131745103104e+01
3.360342628146747757e+01
2.737471583697960398e+01
