6.372813785906338069e+00
2.268845374930936032e+01
-8.905386616027961111e+00
-4.410342642305295158e+00
-1.127234632357237132e+01
-5.179533391005328724e+00
-1.939428013286701002e+00
-1.163056759184073030e+00
9.697661543780277782e+00
2.687764958635537482e+01
-6.255280951713935167e+00
4.130478175383210271e+00
1.185700913608146578e+01
4.715847680165055067e+00
-1.063061456278315831e+01
4.744094946588830908e+00
2.217005492786434218e+01
1.465030250723059169e+01
1.665219281557985198e+01
2.143355398919392485e+01
-1.974787167998766790e+01
-2.628337989221819271e+00
-5.367887987151171103e+00
-3.650402574736396843e+00
1.078884362958398668e+01
1.195889506152782644e+01
-2.722302697523417692e-01
-1.121179277151762221e+01
1.299899833319113895e+01
-4.210110220291866767e+00
-2.446952465382162245e+01
1.709578418933222110e+01
1.489901665720071833e+01
-2.258874957423437024e+00
1.018257483913909311e+01
-1.726311786005664572e+01
3.233362979844841334e+00
2.922818116960634427e+01
-5.731242467923834738e+00
-4.841929496649015618e+00
-2.049249067001417401e+01
1.820364558549204048e+01
-6.796796164757211045e+00
-1.280954715844372060e+01
9.474956332349051991e+00
2.403186519008535527e+00
5.317319643222084835e+00
5.000265775345106078e+00
2.331629391999643985e+01
-7.110154203641059212e-01
2.824580864998438301e-02
1.397221835318133998e+01
6.795139579023036447e+00
-1.125920387769735953e+01
4.927254652601661178e+00
-8.032947196178128024e+00
-1.113180362060096229e+01
-2.228010377014761900e+01
-8.107865630609381924e+00
1.684798337797120382e+01
-2.219625119642639888e+01
-1.766501650296456205e+01
-1.457918644461436486e+01
-8.841037206088387279e+00
-6.914907320655736100e+00
2.248683093526230437e+01
1.990782098800579547e+00
4.992840528561146130e+00
-2.109470832320440437e+01
2.033965521512071462e+01
-2.367004678490087244e+01
1.861807402298144609e+01
-8.502437647847685298e+00
9.607027454552365953e-01
4.751955414432373459e+00
3.448711680310687200e+00
3.827157919388625373e+00
4.738492884109170689e+00
-1.327445775566247477e+01
-1.389439982996346856e+01
2.552744774618140866e+00
3.165306749167484668e+00
1.208192322399537488e+01
-1.362853109070552193e+01
-1.152622410626889149e+01
-1.376499256910214086e+01
6.559541873929397582e+00
2.209192095521537169e+00
7.697248295218997782e+00
2.342419817588812236e+01
1.762221896340690819e+01
-2.447022301955506407e+01
8.478134837948090308e-01
-7.571010617921842822e-01
1.513728616726903908e+01
9.410490032662778503e+00
2.657559095087495393e+01
1.217220498647071736e+01
-4.927130546318039706e+00
3.391813989339595992e-01
-1.488232225543484333e+00
-1.968811374430152128e+01
-3.464079367236919893e+00
1.833052713903283859e+01
-6.872879229624892616e+00
-1.103867260291622188e+00
-6.992573654750557921e+00
2.606831828226657422e+01
-9.237957767882598148e+00
2.343496808886314398e+00
-9.946033479933888088e+00
2.345079633169476097e+00
-1.687293362485674209e+01
5.324200256241660156e+00
6.881397855595885460e+00
-1.626225518749454579e+01
-2.203800961895501231e+01
4.389146168991509001e+00
4.515700731662988687e+00
-2.659523532938783319e+01
5.512155457882428777e+00
-1.431014206509597386e+01
6.218802387638731943e+00
-7.356453247369607595e+00
4.725250043068193406e+00
4.455853454781546930e+00
-9.359295427295379000e+00
1.325536093511153979e+01
8.095845244906307414e+00
7.771428650829427909e+00
-1.903539893331802801e+01
1.000452039068736809e+01
1.090426436046307401e+00
1.237595324082071357e+01
-1.144685864149877119e+01
-1.693077692132338541e+01
9.754235648607213705e+00
-1.776716357475358166e+00
5.122366011121336271e+00
-4.018165633218174548e+00
1.135786941872289901e+01
-1.762342170884198822e+01
-8.869185177722059166e+00
-1.001089107426196279e-01
-1.312915420455397708e+01
1.582262687435307669e+01
-1.019597184455685834e+01
1.931435765547524852e+01
-1.153755641151397526e+01
-1.771895141394008988e+01
-8.463262827891611551e+00
1.814128322208669886e+01
1.654484309399265385e+00
-2.103898569923500261e+01
5.901358512261367650e-01
-4.806486466121107526e+00
-9.583932970550250730e-01
3.876829440715887642e+00
3.778968390013112355e+00
-1.939720661324410145e+01
-1.951003721997706108e+01
1.642966747585820997e+01
2.958350668694700403e+01
8.995989409789274305e+00
1.156543056716531481e+01
-2.405474062591359541e+00
-1.132656276532646444e+01
1.544733481263298813e+01
1.654503136215986103e+01
8.488841391572009343e+00
1.898904382575832983e+01
1.226380715510148889e+01
1.088764893146452550e+01
1.157187441767615610e+01
1.443877886782033215e+01
2.360258869804049198e+01
9.595453216068392521e-01
1.880812476432841152e+01
6.612651160055193600e+00
-4.653172899254677475e+00
1.152388880896565126e+01
-7.563828749298465937e+00
9.541117372996431811e+00
-5.368858116906636724e+00
-1.625460153114772766e+01
-3.295154664062998506e+00
7.198925983631085046e+00
1.700953705996477083e+01
7.440410064994473771e+00
-7.627072639557731293e+00
-5.182354456839810553e+00
-6.647534534180600474e+00
-1.173422656366879124e+01
3.101489616616795786e+00
-9.262802010060596558e+00
-1.732063890011491480e+01
2.246022678730064115e+01
5.742941558923305934e+00
3.700543206401796681e+00
-9.884158760364023522e+00
8.185175724425342025e+00
-1.046176724960353965e+01
7.414325661103518428e+00
-1.369072638210560910e+01
8.672621309066400386e+00
1.741269970796925293e+01
1.309705231276316084e+01
-1.761508930216607638e+01
-8.788055894223887776e+00
1.004875690733932458e+00
2.088553431883082112e+01
-1.527225346074685319e+01
2.289144137714863803e+01
2.049111740292023853e+01
-2.205506680074307368e+01
2.106681037888129993e+01
-1.327873589346189220e+01
3.178186568817032764e+00
1.426671569942901385e+01
-3.673161296774878792e+00
-1.293541048436110685e+01
2.514370690897450800e+00
1.442597009090364679e+01
-7.314427419263147101e+00
6.622256967570628206e+00
-1.568349971198428250e+01
-1.564940791196784886e+01
-1.234116386912288732e+01
5.142359329935111134e+00
1.745143623799189925e+01
-6.818920964711281840e+00
-2.498536548229996868e+01
9.455271280969611780e+00
-2.675717359654876759e+01
3.474826366840133574e-01
-1.889344085302090548e+01
-1.346982772510390447e+01
1.077844971807837737e+01
7.972232373138155026e-01
-1.799451097036342873e+01
8.248603930645025173e+00
3.268330195352199041e+00
-1.121300755379708392e+01
-2.074484637081149785e+01
-7.952480277998965619e+00
-2.370334587440387963e+01
1.154158781682374979e+01
-1.687667113271906061e+01
-7.441156468482247988e+00
-9.957151027378159824e+00
-1.256083094576216297e+01
-1.125270161535561186e+01
9.472635229656148681e+00
1.357337448465869301e+01
-3.139431162032501277e+00
1.064602036243340422e+01
-9.333086292417185348e+00
3.667615378569664131e-01
-1.997894074225087024e+00
-2.377106802592991031e+01
-8.619380734305579495e-01
-2.826922815600674355e+01
-1.777009087521804531e+00
-2.893372437980730183e+00
7.350886995472279750e+00
-9.381284798058722174e+00
1.603083279810370243e+00
1.134035975777722172e+01
-1.620428253454056744e+01
6.610556538889468925e+00
-8.941638334933379895e+00
-1.359202090005343422e+01
-2.830297922328466953e+01
1.131930858600969003e+01
-1.455307004328743403e+01
-1.481001569611631652e+01
-1.324362012582058412e+01
-2.060818622376367060e+01
-3.298992452427356170e-01
-2.147846780107636278e+01
6.748518750151390577e+00
-1.964660329851278320e+01
4.728337678763239182e-02
7.074332702499120273e+00
1.197371081377018953e+01
2.725223272399091456e+01
1.113660726227927711e+01
-8.334565366536274666e+00
-3.505144508620716692e-01
1.462174671597654196e+01
-1.028260593274637813e+00
-1.809493064680810548e+01
-7.059674670053261991e+00
-1.817735056282161565e+01
1.184545662861271609e+01
-1.387959526670526600e+01
-2.222132812284395698e+01
8.956111640732743240e+00
1.157934128508757254e+01
-1.936912145287230658e+00
-2.032522967289742866e+01
8.713839709031248049e-01
1.094169464385248602e+01
3.577994425671782608e+00
2.520380766021065710e+01
-2.832957808441830139e+01
-1.841856276857996022e+01
-1.660884878990880509e+01
1.616034710797093510e+01
2.088841353852301097e+01
-1.062189949495741814e+01
4.309743940812822416e-01
7.963141997430867036e-01
-1.050374419379629387e+00
1.945510969778467825e-01
2.088828567937646596e+01
-2.932106645240367016e+00
4.838944292484590903e+00
-8.110843557398865755e-01
7.129359837702573088e+00
-1.741754581138074798e+00
-1.601806794659523803e-01
-1.262342082995751014e+00
1.099163441790949491e+00
-3.158593590159576081e+00
-9.148842693496142431e+00
9.606600882271308706e+00
-1.214881523916946549e+01
1.272693891275655886e+01
2.846742019092444309e+01
-2.897906985761547460e+01
-2.081918348694856036e+01
2.282577385412523086e+00
2.348624175274963477e+00
-9.174322319752228339e+00
1.176335014908922716e+01
6.305015002087031917e+00
-1.537199055876124731e+01
-2.002829316806483462e+00
2.315142229926682660e+01
4.684609940795525063e+00
-1.169425953064879309e+01
-1.993540059009791676e+01
5.937258047237762071e+00
-5.524270350262384000e+00
4.191692425050788984e+00
-1.356021434768245371e+01
-2.520808047621723347e+01
-1.975218009048319701e+01
-2.852812717480730953e+01
-6.713556608160331507e+00
8.915349841404278664e-01
-3.763597102997486843e+00
1.063609519758029620e+01
1.428514331354982403e+00
9.143372653215877222e+00
-7.496527361468388051e+00
1.055002322834774020e+00
1.170951790145524285e+01
2.478239884349055444e+01
-2.166861605796346169e+01
1.610390226059836039e+01
-2.052621143831544614e+01
-3.553920865597952172e+00
-1.641361654637988465e+01
8.003674051006839818e+00
5.603185975648592887e+00
4.338917793155076197e+00
-1.460510914006227523e+01
6.887365354631434400e+00
-1.198501898500528284e+01
-9.367945540942343996e+00
1.485342175507727802e+01
-1.657444104689073328e+01
-1.982707416442980275e+01
1.837657200734059870e+01
2.937564132143243967e+00
1.621387735897201310e+01
2.111104163750243856e+01
-1.939586617538792268e+01
-1.194628240925867146e+01
-1.385130691171625017e+00
-7.715665788796336244e+00
-6.091783813542413384e+00
-1.225257593489713770e+01
2.053149132241550490e+00
-1.867653715443601925e+01
3.236533966214061309e+00
6.262121603892282451e+00
-1.183708712568206778e+01
6.504448703235297558e+00
8.162590274378445088e+00
1.230313432196806644e+01
9.308019729775928397e+00
3.125951271122907826e+00
-1.994816382579686476e+01
-8.178942275370026493e+00
-8.668763048869735144e+00
-1.548563270101368516e-01
1.560113068883718768e+01
-1.066276787815696281e+01
-5.998439863509638315e+00
-5.840234603435625615e+00
7.071313345682405327e+00
1.729893210158280681e+01
-1.371648739908624037e+01
-1.363770290784017902e+01
2.084074759303213398e+00
8.720898539044718234e+00
1.824366551781224643e-01
-2.184014270283514136e+01
1.921169467247160867e+01
-1.314481302516175987e+01
1.974923744133793946e+01
4.512559944122727984e+00
-1.577835679700655191e+01
4.349055556915928378e+00
5.212788146361177155e+00
2.754630468287423639e+00
-3.544031229993315435e+00
8.130659887690228516e+00
-6.341721453568318623e+00
-8.840859756783942203e+00
1.061098461355843625e+01
-1.296327194680721107e+01
1.481339740828873630e+01
-5.468269534578048763e+00
2.764194094268802360e+00
-1.461683635177703167e+01
1.922529248483814968e+01
1.715778394594961753e+01
2.739591854068331145e+01
4.102568677233179528e+00
1.312009918646839424e+01
3.604317629548035029e+00
-1.009929472393914551e+01
2.905903943384792854e+00
-2.021092583763282136e+01
1.275170956122213539e+01
-3.312463779078456128e-02
-2.671639544202761840e+00
4.577820833320409122e+00
-2.470548910771331919e+01
-9.047909875332194929e+00
1.052228824834223531e+00
1.018475921772655113e+00
-4.181260149703462048e+00
-2.191912330613584459e+01
-4.128341758151130136e+00
-2.008187018884037656e+01
-1.994179088185903481e+01
1.146733012739669277e+01
-1.898113634676271033e+00
-1.428638781341362574e-01
-3.373760235396972007e-01
2.286375868204859785e+01
-6.149759748332378706e+00
-3.203161635137341534e+00
4.361590466988772619e+00
4.463721591751799167e+00
-1.962818782937340600e+01
-1.260917268126863178e+01
-1.717831054587036022e+01
2.038056341781803837e+00
-9.344823247028763546e+00
4.688420437973881860e+00
1.061569728903661058e+01
1.570619672636894393e+00
-1.494985065174888916e+01
2.263042074328767228e+01
1.694298529851920421e+00
-3.017451617790953833e+00
5.485038389079868182e+00
-8.947475674841236071e+00
7.169133801345374479e+00
-1.297105976453349285e+01
1.034816706097257111e+01
1.040764769352201569e+01
-2.832230580932929342e+00
3.292066728730958403e+00
-1.464297267806244207e+01
2.500664002549629572e+01
-3.521098378229993386e+00
-5.309879070007013979e+00
-1.143925338735228081e+01
-1.731251001342425155e+01
-6.976124907919903251e+00
8.321516319366217829e+00
-7.716407809450046784e+00
1.423253545401823317e+01
8.904442237153062933e-01
-2.733566296258175043e+00
9.741867859722333378e+00
2.812214199018448824e+00
1.976305523389358143e+01
3.612414685433165573e+00
1.727466193640370307e+01
-8.700613229404716265e+00
2.997689003936727659e+01
-2.277526751970441410e+00
1.151228613895126784e+01
-1.692608510042920500e+01
-1.038928843887704545e+01
1.629294000769517936e+01
-1.055214144993351510e+01
8.676086671278049778e+00
-6.800637660598951584e+00
7.105998609959620183e+00
3.165410297400747197e+00
9.286964944001120159e+00
-2.186324339902611058e+01
1.704603557129024693e+01
6.146827806178208675e+00
