-1.181205229017867708e+01
4.041290587436374437e+01
-2.847584639251549632e+01
-1.870499365040615203e+00
-2.884920132182148222e+01
-2.144775017173515153e+00
-2.787899050197039585e+01
-3.704391079768100781e+01
-2.628741760455641696e+01
3.630371452531134935e+01
1.946981051048058475e+01
-2.363970560314365699e+01
-8.550229539828016811e+00
5.496829204605660379e+00
-1.704216653663779368e+01
-2.112532400550570344e+00
8.320215077332846931e+00
3.410594965423456415e+01
-5.361981614805699792e-02
4.490942941965201385e+01
-7.691279755874504076e+00
-1.401191945144496032e+01
-3.669784838902189250e+01
1.289939558137164255e+01
9.074570820340063904e+00
8.373794922368283267e+00
6.606711969366131143e+00
-4.167125253960792008e+01
2.490050163530713689e+01
2.074120535823205103e+01
-6.081585872253604919e+00
4.317103718680078828e+01
2.448153154959254607e+01
-1.402681598436402055e+00
1.961693436485866471e+01
-1.781832765565181376e+01
2.173520305630410121e+01
4.197013379524707943e+01
-1.091340006609392788e+01
2.738490188405886272e+01
-3.786312706128972394e+01
1.566765343121947751e+01
1.491488303018006434e+01
9.979923964217718435e+00
-3.980097357959685667e+00
2.769381867317058266e+00
2.002740889151681358e+01
8.939782414345827988e+00
-5.770982329811644718e-01
-8.051473510417537227e-01
3.500804998885526231e+01
2.893010159295072015e+01
2.481843464947253608e+00
-1.098148337736257218e+01
2.938908924932512434e+00
-2.434756348873854392e+01
-1.037039921964998257e+01
2.137031963485711117e+00
-9.346657247357768483e+00
1.478226097939409556e+01
-3.094719546143582178e+01
-1.645464545425662095e+01
-3.684114727876503537e+01
6.964418695253797864e-01
3.819745094936003227e+00
1.967301673840627529e+01
-1.117547406668887078e+01
-3.075125922021009828e+01
-3.253348248602551962e+01
3.330346767630010163e+01
-7.515590350586599300e+00
4.080153403205761720e+01
8.121118479640479393e+00
1.106347739573740796e+01
-6.038426427588383660e+00
8.310461110343126734e+00
5.651021437939633074e+00
3.515053537453299271e+01
6.719173332398042930e+00
-9.065415863761792536e+00
-3.032052805913856730e+00
1.433584829697456087e+01
3.849703224085554609e+01
1.172908860732135850e+00
-2.756892365589720484e+01
-6.451232044305143631e+00
-2.204681883495518235e+01
2.918965301244641353e+01
-1.626629394804403006e+01
1.030314762571281761e+01
3.664883487183054456e+00
-2.364986845332378707e+01
-3.572461456134119118e+01
1.799360997944113194e+00
1.663348453077809097e+00
3.010129186420131475e+01
4.671854064609132706e+01
3.267952570935432277e+01
2.543242148968190008e-01
-9.395756569350680820e+00
-1.898555062256723858e+01
-1.180939872571748595e+00
-2.236865640018609369e+01
2.109037965708922968e+01
-3.997684525100432040e+00
9.929505326744560989e+00
-2.427419151871215774e+01
1.711992308440754584e+01
-3.444234637629485007e+01
-1.099349772592500329e+01
7.428503994745682348e+00
-2.991140695428640583e+01
-3.306999412500101698e+01
-8.822574333201764318e+00
-1.245761134406144777e+00
3.790029107249068829e+00
-2.869484862880714715e+01
3.706119827953331480e+01
1.102385725721358511e+01
-3.724603411574140921e+01
-8.024510941232563255e-01
-1.608948225122903608e+01
7.914057103801056314e+00
-3.605553249344522726e+01
4.520776718234309044e+00
9.312700170332178118e+00
-9.816057138010094718e-01
-2.214989268848505333e+00
-1.989455064208048185e+01
5.370888560635677322e+00
-2.231866706571690173e+01
9.419629374230922281e+00
2.264984511946752832e+01
1.633103631944240419e+01
-2.942371821562595002e+01
-1.982245034440020603e+01
1.744230562571674170e+01
8.087266386263323170e+00
2.208172969476518688e+01
-3.214320799846349530e+01
1.861324345593521912e+01
-1.839230868732744284e+01
7.507647135079274392e+00
-5.109898974659436988e+00
-3.005854533507340065e+01
1.636677159160775830e+01
-1.680697269025317553e+01
4.145820872453022332e+00
-2.124207961638672160e+01
-2.534227600541228398e+01
1.401980756518418048e+01
1.072828288979152944e+01
-1.447988426233631998e+01
-2.227848665519184834e+01
1.422598973098055808e+01
-2.058924329085229843e+01
1.459817470376339088e+01
2.724997458579666443e+01
1.257981738317653964e+01
-1.574805047503632238e+01
-3.694701074663056772e+01
-1.121570718545269330e+01
2.050621167662943378e+01
4.444231201503292539e+00
3.323000057901906246e+01
-1.938315865508003100e+01
-1.027366147833738097e+01
2.928650001316725593e+00
3.320185967757589651e+01
4.489207942767995974e+01
3.388130786691769458e+01
2.427550358004472741e+01
1.067055711158545250e+00
2.652261381272379026e+01
3.120370419881847113e+01
8.749894472374428744e+00
-4.861796442642216221e+00
-3.164409969029691183e+00
-2.140255860844418478e+01
5.595054040779999127e+00
8.375088208175640148e+00
3.508778755173260322e+00
9.881207736710187817e+00
-1.792223160625680123e+01
-1.556607046748516154e+01
-5.171588297863571881e+00
5.408655963401578504e+00
-1.272945070893170794e+01
-5.612184885778319199e+00
-2.452433437306921249e+01
6.418295494420434011e+00
3.667500904906141557e+00
-3.915293592978267156e+01
-8.922290413495822747e+00
-4.460960785181411836e+01
-3.716906905257995675e+01
2.676828940285619751e+01
8.260005556930316573e+00
-1.552315744273135323e+01
-3.013237500458010842e+01
2.451829482805281657e+01
1.302000139927746858e+01
1.473786037569317386e+01
6.566030728738923017e+00
-2.468631232140451459e+01
3.614187594118334346e+00
4.206543233115081648e+01
-3.601126227277347880e+01
3.376531620338319328e+00
1.186044734592770311e+01
1.744108169056303836e+01
-1.264922069605589172e+01
1.654816291133158757e+01
-6.297997666793406779e+00
-2.115479269467415691e+01
3.537664380172633116e+01
-2.442652559210737451e+01
-1.931086832014756638e+01
3.374692864548548243e+01
-2.811868872318045831e+01
-1.779810330918898131e+01
2.045895669168254472e+01
3.052993983366465613e+01
-2.803137793020383128e+00
-7.919276048502219112e+00
-2.236864334197596804e+01
8.272353666787921611e-01
-1.904238673024105566e+01
4.268560118902861689e+00
-1.283293574215491617e+00
-2.623239087228479960e+01
-2.174751779878468128e+01
2.236241488353485352e+01
-3.626010218721975775e+01
-1.076211657958622681e+01
-2.125884804009155005e+01
-4.097332414032393899e+00
1.156214540001327151e+01
-3.607236151614486630e+00
-6.488908256428430832e+00
1.028731293891119947e+01
-1.919685100477088824e+01
1.320814369371172603e+01
-1.790898194018792111e+01
-2.648455042736834741e+01
-3.057918720543665358e+01
3.391700693566141922e+01
-4.427745095534763919e+01
-3.517687743465145900e+00
-3.766682110172322240e+01
-2.985004020061715124e+01
-1.706472445871104071e+01
2.616261471079688761e+01
3.945750534894187922e-01
1.320605100141495569e+01
-8.830915810929539589e+00
-7.412802677319383804e+00
1.064876827495817224e+01
-3.491117137225621292e+01
-1.821148084012840229e+01
-8.562385645385617750e+00
-2.772494609677288580e+01
-1.555381946760604706e+01
-7.478955759403262959e+00
2.967104013205268132e+01
1.284944780954767651e+01
-1.032312074243500888e+01
1.636637712535065248e+01
-2.611186010007076774e+01
-1.270445880477091549e+01
-1.575192866027465044e+01
-2.348285783622733192e+01
-3.049311101650761202e+01
2.479732072360229722e+01
-1.704444446350657216e+01
-4.909578646172991512e+01
-3.851955262542659142e+01
-3.719468945167606933e+01
-1.240232462375113442e+01
-8.908114735238328308e+00
2.530917425578576285e+01
-4.336473029974487758e+01
-6.059859243040001786e+00
-1.714417852089265892e+01
-5.761230965424907424e+00
2.461995524483664610e+01
2.636399823257151809e+01
-1.651627353996097725e+00
-8.410217966574606407e+00
-2.435189244984435675e+00
-1.666982994765800896e+01
-1.087596459825834927e+01
-5.040999334282574296e+00
-2.724383560887190114e+01
4.820745035605415296e+01
1.665297802163988194e+01
-3.010084418923795369e+01
1.134041014070632514e-01
2.935337924077136051e+01
7.316771441774392315e+00
1.561004212321726925e+00
-1.695561828455094400e+01
2.309162080779749715e+01
1.810333921666507706e+01
9.202968646546892728e+00
-4.339563924193210198e+01
-1.144467992111272991e+01
-3.505439443921031284e+01
2.846969754961095589e+01
3.328543982484957553e+01
-2.542680816835691715e+01
1.854993281406645167e+01
1.049847636807358242e+01
-2.796982507042997668e+00
1.006526036336279617e+01
1.293702348554710824e+01
-1.368842096694465482e+01
-3.309336727074303042e+00
1.342496504417866277e+00
-1.583207914177911846e+01
2.405938589838405051e+01
2.995966556830111927e-01
-2.113019253591249580e+01
-2.210256081042564347e+01
-1.987101013624468848e+01
2.804385228626698279e+01
-1.139166377114099049e+01
5.595375009336343908e+00
-1.385640457905705603e+01
4.218016492373550363e+01
-4.518278179261807281e+01
-2.257178956760513699e+01
-1.790599764419153672e+01
3.776350612669877194e+01
7.891732404145614055e+00
-2.000380618652133435e+01
-1.040554218738906656e+01
-2.297053247429247591e+01
2.069858130656508877e+01
4.930581125605075954e+01
1.989728402587016376e+01
9.189582941346820633e+00
-2.327618714090488083e+01
-1.412314040964044182e+01
-2.007774004368358334e+01
-4.682588659117740804e+00
5.819511028997993662e+00
-7.175087273037433988e+00
-2.969020350130454489e+01
-3.669597814442862926e+01
-4.016340558929471172e+00
1.036191109298491142e+01
-4.856239547697718706e+00
-2.846792336608849894e+00
-3.920844388610831288e+00
-7.487826933347442093e+00
-4.890928026362324488e+00
-2.550820043142230276e+01
-1.205934604873307592e+01
2.066477842157999589e+01
-7.332385081625268697e+00
2.832168634696297715e+01
2.260147262504673904e+00
2.147592086080258866e+01
-5.523340114031725534e+00
2.701736724745813945e+01
-2.974197809449577790e+00
-1.344968930973742260e+00
-3.653274455319488823e+01
3.116622887013825505e+01
-2.889605247591518378e+00
-3.394167420669224100e+01
-9.876517659843386809e-02
-3.578794014142225421e+00
-1.956632592307311924e+01
4.023547341187273219e+01
3.196904818120754044e+01
2.093729494399687496e+01
2.502667026145017815e+01
-2.248872513393820327e+00
-3.563607090878607409e+01
3.118858870377465564e-01
1.144409423108884027e+01
2.018558355706683471e+01
1.573007010383534521e+00
-4.804543226660157984e+00
-2.313930090639459536e+01
-1.570619513741736739e+01
-1.579082038724350667e+01
-1.760680789770563592e+01
8.863380020039038243e+00
2.438626533789143025e+01
2.081546488544914553e+01
-1.989586419708940213e+01
-8.341033807852369364e-01
-2.601163162837433163e+01
-2.062649308458681219e+00
-1.691765331552637264e+01
2.509289026469419071e+01
3.233086781838620993e+01
-1.711323233172959135e+01
-1.552822616499413755e+01
-8.437949186094193976e+00
3.797825291887654942e+01
-4.023969402102913762e+00
-4.315949234527985112e+01
-3.838496533278041767e+01
5.848907611468163736e-01
8.433027304524799206e+00
1.067167918800452497e+01
-4.778804934288322670e+01
3.238757979200092052e+01
5.564350534673359050e+00
2.544242224026145038e+01
2.357565288341332632e+01
-2.992268130412062987e+01
1.228966751517569378e+01
2.833788028141729853e+01
-2.400652989389598702e+00
8.920944787471299264e+00
4.134415758775254801e+01
-9.318294296006236266e+00
4.328075651271277025e+00
-7.218145665849220904e+00
-2.912443053422625283e+01
-4.275858325535622839e+00
1.583389578296703348e+01
7.707217505243725952e+00
-1.293421254143522248e+01
2.469267535442732253e+01
3.555430449269827875e+01
5.000000000000000000e+01
2.618431668394123335e+01
-1.334769597862537438e+01
1.258451386153669205e+01
3.496343688537450589e+00
-1.071278059052274756e+01
-1.370512017755274314e+01
3.053651947163302793e-01
7.664001703615674899e+00
2.178882482860844050e+01
1.219662877655088806e+01
-4.500927596127623787e+01
-2.876721978507653787e+01
2.725225135323887571e+01
8.811526313194683269e+00
-2.096862511824553721e+01
-1.354525656087764673e+01
-3.912737874397527094e+01
-2.840672769679528642e+01
-1.691488405109928550e+01
2.853669725603946006e+01
3.214950882133962295e+01
1.550523148548052177e+01
3.110552694525722472e+01
3.358884024629739429e+01
-1.697881003536430455e+00
1.934659126244021365e+00
1.070963468832228926e+01
-1.003255302525853665e+01
-6.238739479948399946e+00
-1.398769606855630343e+00
-2.452635134153007357e+01
1.100808605438039223e+01
2.277317593265138385e+00
-1.953540639482412899e+01
-1.098101322712367534e+01
-6.853945011182887015e-01
-1.825968190581987471e+01
3.282784119260333000e+01
3.003564649512317430e+01
-1.950912333570803270e+01
-6.571660572453275506e+00
-2.508710819925635960e+01
-6.609441175915478084e+00
5.679508841422453713e+00
2.195251519328151346e+01
2.770605760722389732e+00
6.985953222733364498e+00
2.718929207996376363e+01
-6.591057895929139931e-01
4.556722661012867093e+01
2.048580649931484743e+01
-1.299003657051211036e+01
6.725627288513550184e+00
-2.603260730298924841e+01
-2.824425538183105644e+01
2.574914603702183058e+01
-2.205745944719281937e+01
1.576119279274908536e+01
1.453582285215885861e+01
1.211923326801110079e+01
2.591440742967475330e+01
-2.205159306402194019e+01
-3.890332593383902804e-01
2.791071471810404603e+00
1.388035507350722497e+01
2.684371368321096440e+01
3.544206410160478526e+01
-6.547114109544210692e+00
4.225777324566877269e-01
-1.505299735402733319e+01
-2.649074109635278873e+01
1.647796611372766051e+01
-3.223088267194332701e+01
1.293218543587450142e+01
-3.972600678018602594e+01
2.723718486005680006e+01
-5.629666977173805265e+00
1.157971031075073398e+01
-7.518731019507043811e+00
2.784241595089156363e+00
-6.014119990290225815e+00
