4.245867205849677362e+00
2.527705662185752544e+01
-1.119806351011684598e+01
9.325376342993152434e+00
-1.443934171871777750e+01
-9.679156435055176644e+00
-9.741511252445867797e+00
-1.055221740763452942e+01
-2.777855195449703274e+00
3.401549613424236895e+01
6.278631978591434404e+00
-1.138080126622929100e+01
7.850280351309670834e+00
1.564430610365606356e+01
-1.226322694006817926e+01
1.062478910408570698e+01
1.252638348559791126e+01
2.133913818049006750e+01
1.868575748346191290e+01
2.970521500644774449e+01
-1.099844338836415858e+01
-1.923451479890594484e+01
-1.315277593715135396e+01
9.333672722773727060e-01
6.951553983289990413e+00
1.720884514783892882e+01
-1.253888514618902406e+01
-2.922521397485976635e+01
6.784708208969448151e+00
-7.490619687608365496e+00
-2.214308795073245406e+01
2.816634411609638278e+01
1.570177376838553585e+01
-1.212123351205275412e+01
-9.372006455702646122e-01
-2.304058969390763778e+01
2.020467961637265830e+00
2.893962700895205842e+01
-1.473820329258290940e+01
4.586485753465460391e+00
-3.259264766677630121e+01
9.048287860444901298e+00
6.254355143846233034e+00
-1.396322979350003379e+00
-2.879846341906556972e+00
1.110823503519540623e+00
-8.550120224656367895e-01
-2.687297447642386317e+00
1.298002919353174178e+01
-8.245588061920052780e+00
7.209425937941936979e+00
2.581264704878532257e+01
-4.198091097458615195e+00
-1.993814662371006818e+01
-4.353936311931775549e+00
-1.370559242091428587e+01
-2.489544603276465651e+01
-1.256165119689893572e+01
-2.552343881368246414e+01
2.049353949498815552e+01
-3.356251365036270329e+01
-2.837786424194615975e+01
-1.847962254630808232e+01
-3.478246780743724287e+00
-1.791901781811161243e+01
2.649747113003709842e+01
3.749250943056694041e+00
-6.488101715994694985e+00
-3.563903169637363533e+01
2.166461806951546976e+01
-1.838548594089466448e+01
3.456746765135891053e+01
2.770624788779095127e+00
1.544761059518026514e+01
1.458824358252482511e+01
1.086379144070717473e+01
1.719339456304463454e+01
2.094704337954836149e+01
-1.696413200649698183e+01
-7.424305146491576579e-01
-1.126837401678626804e+01
-2.171656074080843268e-01
1.346595727092685024e+01
-1.754982082928314924e+00
-1.261702369555291625e+01
-1.518311681938404689e+01
2.307254965964062876e-01
2.765766656969525172e+00
-8.513409117191393705e+00
2.931614416905024711e+01
3.918082699458999230e+00
-3.534050878218238267e+01
-6.673763144444933459e+00
-1.006074844532747647e+01
5.610935381956551282e+00
1.958779668565084364e+01
3.479512062484316459e+01
2.731579778072944009e+01
2.716454992679061320e+00
-4.614714928851256559e+00
4.320154827056413183e+00
-1.075944283347919139e+01
-9.903364910364111040e+00
8.591431966514576857e+00
-1.773178432679581817e+01
-7.247354740012049490e+00
-2.606821981563898305e+01
1.847220798059068159e+01
-1.744690099545645978e+01
-1.266614856212412832e+01
2.323029815044485247e+00
-8.623975923274670663e+00
-1.468775388719018338e+01
-1.207607429540967559e+01
1.591211819825653606e+01
1.327361008910870055e-01
-3.535662662930702282e+01
1.038557522370897601e+01
-5.121685010184506837e-01
-2.505381001604382618e+01
-4.747935938549169066e+00
-6.534234656845136158e+00
5.221013937072306987e+00
-1.596157660889562635e+01
-9.634101788263521371e+00
1.027220230481742647e+01
-1.032255035260274667e+01
-1.008439166740700443e+00
-5.921823386560085112e+00
7.768713450342367821e+00
-1.984916682010862132e+01
5.780731652150613797e+00
4.931713516446286860e+00
1.978805786323012228e+01
-1.555733356664964617e+01
-1.073268228889121190e+01
1.593743542284248349e+01
1.332883981248662764e+01
5.090276342450749780e+00
-1.418928333955376786e+01
1.427014368829003388e+01
-2.253915303171952189e+01
-1.329225913430462924e+00
-6.158063656670535124e+00
-1.789028697639519550e+01
2.207288216341493126e+01
-1.547722788597273080e+01
2.020234558034066197e+01
-9.870156006819655659e+00
-2.260951450179401334e+01
8.076018650859282388e-01
2.345890530676939534e+01
-4.586787218128442589e+00
-2.675640110702188679e+01
1.210877450372777275e+01
2.507490141614745482e+00
-6.751993628910767598e+00
4.213510865882739154e+00
8.151295770216329117e+00
-2.512370407686840679e+01
-2.164866764534757593e+01
3.632883173182577252e+00
3.107448826631977568e+01
2.567801867047471376e+00
1.733515802392801675e+01
-7.472669520065792881e+00
-1.913068472166600031e+00
1.098299190178264695e+01
1.316588234290281179e+01
2.036335588460896417e+01
2.562593327198568716e+01
2.132844176813641468e+01
1.009369356507156112e+01
1.543591598689341993e+01
1.369266967410780467e+01
1.931458508558705489e+01
-1.512022411148256396e+01
6.476985699324600887e+00
7.949174113019154220e+00
7.060979594603622900e+00
9.915842065561193408e-01
9.665005548827586779e+00
2.624205295219385903e+01
-2.408013654081923960e+01
-1.625704334926696504e+01
3.415087655933248811e+00
1.456997984145971259e-01
8.856102374070019323e+00
-4.273531846086839892e+00
-1.551505983461214555e+01
-1.382874697126060681e+01
-5.122988537831304257e+00
-1.485097516973781495e+01
2.239902844541404647e+00
-1.898578819903850601e+01
-1.255632608438352804e+01
3.653607299817839760e+01
-2.806754748163299951e+00
-1.380625241121389024e+01
-2.470651314849161650e+01
1.487274602182719718e+01
5.324676246264736790e+00
1.525526509729418478e+01
1.125302513882452615e+00
2.176251879663013256e+00
1.675734670772551738e+01
1.516627625934660273e+01
-2.611559837309707177e+01
-1.241539701003673457e+01
-1.261864082131019416e+00
8.519443524659777722e+00
-2.126373737739278624e+00
3.144056830803995695e+01
1.285507940356260548e+01
-2.560984042242321479e+01
3.255961030088650432e+01
-1.734717973869256724e+01
-3.544042216571561710e+00
1.595312765180148062e+01
-2.263137332896244658e+01
-1.366870246762290719e+01
5.122136325211243957e+00
2.342538583539305819e+01
8.450911071426922661e+00
1.730578674891172852e+01
-1.882894785652504055e+01
-2.324963331987348525e+01
-6.264585843020711309e+00
2.378271126116558776e+00
1.150413687937215457e+01
-2.166855581153331300e+01
-2.383990473422958800e+01
1.727596614703628575e+01
-3.623129440950870617e+01
-8.368103107392244056e-01
-8.308783339638381449e+00
-1.053982395626559310e+01
8.360722293464725396e+00
-3.891185387052971123e-01
-2.036029043380602843e+01
4.291313411093497621e+00
-9.299882570084925248e+00
-5.340840187450709209e+00
-1.856508850820015510e+01
-9.395610707193768008e+00
-1.757848588019246705e+01
9.790374277280776028e+00
-2.339526526967094000e+01
1.774601131651088792e+00
-1.079552761685065576e+01
-2.854294257761657505e+01
-1.097872680889615538e+00
1.533931999439460014e+01
3.066088071489460276e+00
1.322159306289699998e+01
-4.105621787141330969e+00
-3.073344837800732421e+00
-7.852260215517304687e+00
-5.501774057242556637e+00
-1.852036554913790312e+01
1.937910791342403627e+00
-2.929027541841621129e+01
1.898538053047502672e-01
9.670330460580153442e+00
2.013280854925052665e+01
8.839572788259509650e+00
6.715952079913222406e+00
2.398775964882489120e+01
-2.880573467264424536e+01
1.005633700930547292e+01
-4.326823657655992861e+00
-2.086175080988014230e+01
-2.556642861842740544e+01
2.291996621811939860e+00
-2.062489001620954454e+01
-2.732232301549591824e+01
-3.007836997369921406e+01
-1.647203699860718729e+01
-1.292959652189919950e+01
-1.961276945828146623e+01
4.153880928767030412e+00
-2.358282222216998036e+01
1.123292728056911471e+01
3.100938478002170484e+00
1.547493062056966551e+01
2.692207001444894843e+01
2.167851417956001114e+01
-9.891893894601743398e+00
8.915793730892438873e+00
2.094151636889758095e+01
-8.755481203264828594e+00
-1.149223004899203460e+01
6.136274331102498536e+00
-1.521844994723534938e+01
2.852297645621820266e+01
-2.131713284696928667e+00
-2.996799084749946473e+01
4.772811348794327557e+00
2.487158885848282353e+01
8.978795828978945792e+00
-1.385842746017465288e+01
9.987464076877543562e-01
2.030241255853474058e+01
-4.215723668920858813e+00
1.541058580222929209e+01
-2.932821076543207894e+01
-2.033370713220307735e+01
-3.452367866681673547e+01
2.927394922138540778e+01
3.414708947809323547e+01
-2.236395041071732592e+01
6.232906581730382811e+00
-2.196201378160068884e+00
-2.952530911296939564e+00
-1.066715203339345663e+01
1.807351018055791769e+01
-1.423506277365788719e+01
-7.242386588903578115e+00
-1.534161936830099648e+01
5.475806510914381420e+00
1.596487134347103165e+01
6.330262972344527839e+00
-8.552787524455069956e-01
-6.892913279426529982e+00
-8.904416286606043229e+00
-1.427125028764024250e+00
-4.512042494049644858e+00
-8.858501484773952939e+00
8.771449514465679442e+00
3.265084350359002485e+01
-3.868951204130005550e+01
-1.976310876280667372e+01
4.896999107086656977e-01
1.397629821818328821e+01
-6.233741430168507236e+00
2.516585002056793030e+00
5.989385081243902675e+00
-2.082187190426458301e+01
6.059914330818216399e+00
3.099171399382227321e+01
1.579601897416118561e+00
-2.963890812349106341e+00
-2.326874338138493670e+01
-9.985688253820697469e+00
-1.337127224350570032e+01
6.830533398659554223e+00
-9.066414983467993238e+00
-1.765568942828164722e+01
-1.909583851703167312e+01
-3.702630195811885017e+01
-1.261104465914482375e+01
-6.487642877270275221e+00
-1.313295290693751127e+01
2.033334207361271240e+00
1.849151772975972108e-01
-1.345541076628819610e+00
-6.286533389276918626e+00
-1.965216595494986507e+00
9.666190357829549384e-01
1.561505224628160704e+01
-1.769064071993008724e+01
1.135658019937510232e+01
-2.106713021190987334e+01
1.191410740901166321e+01
-6.573462756170293630e+00
1.443474947085317694e+01
-4.373871876560826877e+00
1.747097753443446777e+01
-1.455926978202462863e+01
1.982740036694971764e+01
2.738603632527848220e+00
-1.567197827706130653e+01
2.393354011927661418e+01
-8.244142041687631206e+00
-2.392862371205570327e+01
2.535215146200664549e+01
3.465311478257703470e+00
1.329722631480251493e+01
3.063868952550789970e+01
-1.240347387043112803e+01
-1.179238189427485395e+01
-1.368519643897781890e+01
6.279472976845681842e+00
1.308867124742730681e+01
-1.537795014794918558e+01
1.470316698391108901e+01
-1.980010277069070312e+01
-1.117339060926897076e+01
6.705444355282963897e+00
-2.548037562714515758e+01
1.624409289169355475e+01
2.368120312160044705e+01
1.735084074945359589e+01
1.731161389163702324e+00
1.558276868836372842e+00
-1.986479716796786832e+01
-1.511589766660898704e+01
-1.738048634666709802e+01
6.248388030320285225e+00
2.867176178979670453e+01
-1.970980624587855345e+01
-4.106177553707077266e+00
-5.163416341909218943e+00
1.077468318566905481e+01
5.049738769794799964e+00
-1.736708571389587519e+01
-2.680047170765591602e+01
-7.546677329308117521e+00
-6.082550623237921172e-01
1.358443761569869679e+01
-2.940653982167144420e+01
1.537362647776284064e+01
-3.193839981529990268e+00
2.719739983221131752e+01
8.702848733494484179e+00
-2.000455016531943642e+01
1.710786330691509249e+01
8.519030333896594698e+00
7.583091182422350585e+00
-5.916695693860589245e+00
1.248557885698897962e+01
-2.245296303878054900e+01
-8.816257089751523779e+00
3.906709941715448053e+00
-2.902896510240753969e+01
1.677194571330167605e+01
7.188878057820481615e+00
3.908954379382542754e+00
-9.579903958237167672e+00
2.375028975077273685e+01
3.164848288427879197e+01
3.504151466219799715e+01
1.377039083993274460e+01
-4.515508706846645737e+00
2.192007292115418693e+01
-5.586627005795939738e+00
-2.361779272327027002e+00
-2.258430473366014724e+01
1.104671279403876838e+01
1.483324000597698955e+01
-1.735565152530696764e+00
4.860715319744386420e-01
-3.241765208059482006e+01
-2.547192646072944200e+01
1.368823463988668721e+01
-3.687436954777759013e+00
-7.000075203719767103e+00
-1.873910333072115009e+01
-1.072406078090247661e+01
-2.201254744982435341e+01
-1.421301169166500955e+01
2.828937399308377110e+01
1.359666548134721609e+01
6.418025801140295528e+00
6.915004163375890300e+00
1.660226959043578177e+01
5.194946186647406705e+00
-1.649631539361335086e+01
2.165323504164786073e+01
-1.189401252888181659e+00
-2.654345128030944778e+01
-6.660812235621456523e+00
-2.099586803568776006e+01
1.046191032292613698e+01
-4.601596027362056418e+00
-1.834746706933842120e+00
1.119119314891639050e+01
-1.864219439747593299e+00
-1.147045089924809247e+01
3.087599282232081066e+01
5.700390857183137427e+00
-3.917433069220308539e+00
-1.260292158337578883e+01
-2.932069267460831696e+01
1.405879111088658817e+01
1.035442298582012199e+00
1.592813771053457117e+01
1.071886364009275638e+01
9.920837940120307508e+00
1.576468239967552165e+01
-1.031320012424091459e+01
3.990879557969783775e+01
8.477535300182815092e+00
-8.929513839694060096e+00
6.024227161069070746e+00
-2.253121167303880767e+01
-2.011348557189702646e+01
1.449978691172535150e+01
-3.578851565432842108e+00
1.392666697682617638e+01
-5.968016911078628084e+00
5.212317432583482457e+00
4.151976775106014372e+00
1.749666561652972518e+00
1.695801345004586835e+01
1.662179058643344831e+01
2.027734660262984789e+01
6.456129898665928124e+00
3.404403645976022119e+01
7.713076871718506311e+00
-1.158487770777469450e+00
-9.507406350752432900e+00
-1.121613748115556319e+01
3.008039288660100397e+01
-1.098069520756148876e+01
2.420674805185218759e+01
-1.090200563081308616e+01
1.744919274222122851e+01
-3.618503386136069366e+00
4.119007644922390909e+00
-8.027595258263090727e+00
1.124409538424527000e+01
1.648886090786130865e+01
