7.185516869313225641e+00
2.404320106648984279e+01
-5.155061002229302858e+00
-7.818060281359265673e+00
-1.120758302261517514e+01
-4.779237652037018336e+00
5.166211279699140846e+00
7.063380361759072912e+00
2.204434469109104100e+01
2.576575804982363138e+01
-1.793443884031166391e+01
1.552540578942236493e+01
1.414847383207941789e+01
-3.149576882823517110e+00
-1.428326687023145780e+01
-1.350569199653364194e+00
2.637769366100962998e+01
1.398428330153874555e+01
2.103152477666677100e+01
1.838038124016682673e+01
-2.616703655150216434e+01
5.262070254601304953e+00
-1.215822453650851287e+00
-3.498886707689848663e+00
1.219561685419817820e+01
1.514612032377786477e+01
1.967271908869946628e+00
4.276440860617540807e-01
1.263356503853290036e+01
-6.136145177357349212e+00
-3.214269603166394518e+01
1.159969241422049890e+01
1.177616620161919059e+01
-1.751555194284883044e+00
1.474216277135850817e+01
-2.091224377397824696e+01
2.680887755011298168e+00
3.046149454610565499e+01
-2.701982837353952505e+00
-1.311822067092562349e+01
-1.379358592170436282e+01
2.314283742936360966e+01
-1.768722307861994381e+01
-1.764459481230959170e+01
1.492246524620865955e+01
9.308103220219656748e+00
8.547600951011837367e+00
1.338020814908330891e+01
3.102530714117341404e+01
3.595758190194864312e+00
-6.237758519423373116e+00
7.156419774076930196e+00
1.282885674614653482e+01
-5.850638986293489552e+00
1.274242620409152948e+01
-1.596262156170446644e+00
-3.603734185122760891e+00
-3.005214898833574111e+01
-1.545562698961226999e+00
1.848163511197262210e+01
-1.731254206661350992e+01
-1.279933588016861989e+01
-9.309661999387607523e+00
-8.925033955631541005e+00
-3.541476789442320694e+00
2.561535296494031400e+01
4.703410853212808718e+00
1.466690734385738892e+01
-1.639097970705441298e+01
1.583823999746326194e+01
-2.890481688706779195e+01
1.238053796473013080e+01
-1.736347740278460350e+01
-6.475999463757666774e+00
-1.953196816309343831e-03
-4.442840400212297425e+00
-5.513724476557015919e+00
-4.536757730886854745e+00
-1.690435266541440029e+01
-2.222237826668758132e+01
1.217614270777511365e+01
-9.960895278505716988e-01
1.162787449400975959e+01
-2.176115350782753666e+01
-1.382398990522807480e+01
-1.927921318569255149e+01
1.357394175043518914e+01
4.183412772830763515e-01
2.125704288244342877e+01
2.300654972013830957e+01
2.980227404846770867e+01
-2.092901996804290476e+01
6.669252817536850841e+00
-1.821230596605616370e+00
2.692544239977694076e+01
-6.319938251480721192e-01
1.957931156627064695e+01
-1.311915276101345285e-01
-1.145595698529496076e+01
3.583682446917450193e+00
1.496249736423294507e+00
-2.848533919344841792e+01
-1.944392155446251991e+00
2.056071913915187110e+01
-6.235923268756103255e+00
6.062066999525299593e-01
1.362401797380840662e+00
3.347389748282741095e+01
-7.676244341572456165e+00
1.075452420475772186e+01
-1.359223867293314925e+01
1.043285084702494458e+01
-1.317194657703866056e+01
1.830645514726525391e+01
5.797055821871012427e+00
-2.868988990624668034e+01
-1.771595379608938714e+01
1.414229152512191945e-01
1.124447325645581230e+01
-2.860046508486375672e+01
1.122854363838315095e+01
-1.957805435130712368e+01
4.307798050198520912e+00
3.125255528316209563e+00
1.118749588179839094e+01
9.920929208676056987e-01
-1.393481943510002452e+01
2.142347190528856515e+01
2.129935619645885936e+01
4.844917998262431524e+00
-2.379530991978633381e+01
1.541563534152886916e+01
-5.497184858536030561e-02
1.248808298711836784e+01
-3.026247016609950435e+00
-1.610844344568056385e+01
1.007474819491451967e+01
-6.775012144213739873e+00
-1.924656283396139145e+00
6.617582620421444517e+00
1.211502262790968842e+01
-1.331618688751950685e+01
-1.490102048356174436e+01
-4.432805056388673393e-01
-8.283046897785737883e+00
8.722612324006007611e+00
-9.855045641854722760e+00
2.323684211333923599e+01
-7.375265681218742486e+00
-1.306716164897755306e+01
-1.650207539421448644e+01
2.197328058344903923e+01
2.829760719949305781e+00
-1.854158120752746797e+01
-3.084228074171036837e+00
-4.962400580069051159e+00
-8.241913739345605450e-01
4.962027594722599133e+00
-5.486162835685739481e+00
-1.389790223479295861e+01
-2.086624137517619104e+01
2.580964631153899802e+01
3.224022298097143846e+01
1.743544199634585823e+01
3.329581514884040416e+00
2.310007059375315919e+00
-1.948528259026107889e+01
1.732078155269451258e+01
1.680899053220315409e+01
1.427221660131209546e+00
1.146868323572250148e+01
7.098811267728855512e+00
1.263510468768542694e+01
3.637547871446521697e+00
1.737476423001183434e+01
2.738880973115730910e+01
7.628376590227091469e+00
2.610866773627249415e+01
9.985971898177425032e+00
-7.711536458189833354e+00
1.547906268650140760e+01
-1.449734761531491500e+01
1.856266088381083534e+00
6.507297679371482957e+00
-1.364603119299675882e+01
-9.042172903800988593e+00
1.532374358967564376e+01
2.441766680166723802e+01
1.704492858786790066e+01
-4.912615253195156129e-01
2.810839382882051041e-01
-9.480596737548211195e+00
-9.380784986581822693e+00
4.409032745396871178e+00
1.494113583226322817e+00
-1.633290547672174853e+01
1.489056426419536194e+01
7.710926558189534319e+00
1.593211657518629920e+01
1.691691562620299294e+00
-3.011495622995497001e-01
-2.402088911690628592e+01
4.304534016525295215e+00
-2.617915568514512614e+01
1.526220857319275126e+01
2.379424285615023393e+01
9.735593806670550521e+00
-1.319793919236167312e+01
-1.353967275298278850e+01
-7.081172525431398412e-01
2.779564846475093987e+01
-2.424789211082318729e+01
1.823973856821331196e+01
3.132783145630421018e+01
-1.816128056726207163e+01
1.477337652378170674e+01
-1.384012314295641488e+01
1.312878676778719012e+01
1.287455247982658335e+01
1.099798254663939190e+01
-1.106655924723575879e+01
-1.755855592095279860e+00
9.239448816124493646e+00
-1.573249825323526352e+01
3.513605832197455925e+00
-1.017347603193559991e+01
-1.594670856442170503e+01
-1.149225890431070241e+01
8.468521749361499928e+00
1.905214154460182385e+01
6.048481513622149919e+00
-2.442989455201041693e+01
2.518616021800532678e+00
-2.094816216944591503e+01
-1.994136052720193675e+00
-2.563533403762212615e+01
-1.960828251247088616e+01
7.279274979251823652e+00
4.357366855697840435e+00
-1.601222062685637582e+01
1.236040404765971346e+01
1.301837413542257593e+01
-1.356369915158289530e+01
-2.357191288127571482e+01
-1.070702752120645584e+01
-2.886632120512088662e+01
1.098275505340657077e+01
-9.300143754680199493e+00
-1.757833578700097377e+01
-5.826048015228366239e+00
-1.013162221345922376e-01
-1.249166855376230245e+01
2.660030643662899763e+00
1.970117055128501704e+01
-1.640579510315083667e+01
1.785263875901877384e+01
-1.439921987209126542e+01
6.885034774301182381e+00
5.065153873415106034e+00
-2.505324944276558341e+01
-1.131771865376421715e+00
-3.103323627654261330e+01
-3.845391745057597177e+00
-7.020240477408243862e+00
3.741320879010402223e+00
-1.994256721069077543e+01
1.586516840856631916e+00
7.622793604412137825e+00
-9.089746143202603434e+00
4.858248659031026762e+00
-1.528097013145294625e+01
-8.852645324672160143e+00
-3.257871617275063869e+01
1.678724587364479248e+01
-1.454670213261556455e+01
-6.555626996283194785e+00
-3.291477189969519657e+00
-2.183204932497788775e+01
3.215256562047471789e+00
-2.198704589854758140e+01
3.998617216884134962e+00
-1.405558445195929806e+01
-2.713162603084604996e+00
8.595268700790811067e+00
1.252222253711769895e+01
3.234059675731690220e+01
2.825750631036235916e+00
-1.279279815437804757e+01
-8.193902951848826888e+00
1.720927811839504784e+01
9.154120425043764442e+00
-2.382706033848107552e+01
-1.518330261708723583e+01
-1.731892806320209388e+01
7.969822730463675953e-01
-2.589351843857621915e+01
-1.768233980079929069e+01
1.882024468533127504e+01
6.059197666604489996e-01
-1.025620631349547551e+01
-2.711930452767792232e+01
-6.076109972486349875e-01
8.587493832708460673e+00
6.655186024430705061e+00
3.152207023012782372e+01
-2.602186513650468669e+01
-1.602943626930118626e+01
-4.833746890119940076e+00
1.125834858067351263e+01
1.545314073716448888e+01
-8.444191166821916283e+00
-8.927277165898885869e-01
6.660087705282180082e+00
3.341641869561762235e+00
2.380376494117598440e+00
2.693748366352912171e+01
2.962552121031023944e+00
1.229308667822122203e+01
5.801155264459943339e+00
1.440084241860158443e+01
-1.251915138682973350e+01
2.831821970838973357e+00
-3.185269669535550463e+00
5.099247197097703577e+00
7.711115076506587229e-01
-1.853304447937200194e+01
1.833679829127973449e+01
-1.331518844061216100e+01
1.906904152236623418e+01
2.761744184124029289e+01
-2.243417639121749829e+01
-1.789095992892648468e+01
3.658415455736829358e+00
-9.558358284314394382e+00
-1.520113816063687295e+01
2.258231077123757302e+01
1.094473091187933278e+01
-1.248079727070835077e+01
-8.119686209443123914e+00
1.758928830058964365e+01
1.972939762263756336e+00
-1.916330177532967838e+01
-1.716985337955019020e+01
1.438716731393357406e+01
2.646725310953165433e+00
7.065806794701757099e+00
-1.419344388712264760e+01
-3.458249263261554063e+01
-2.438190007940773540e+01
-2.590040617025531944e+01
-5.913752792760377019e+00
6.553128803336115027e+00
4.010769278036910634e+00
1.185038729767886423e+01
-1.512918917112045847e+00
1.643019337989251483e+01
-7.008471812354855501e+00
7.965054659299461548e+00
1.626839349122911926e+01
3.218974937559819693e+01
-2.644636049378707909e+01
1.648202717450624277e+01
-2.642124863916190947e+01
-1.047017284426137707e+01
-2.755295238032755378e+01
-1.493715862748516088e+00
1.561937838427509462e+01
2.487314816186035671e+00
-1.541631110333738519e+01
-5.085839877793034702e+00
-1.910429240706745802e+01
-8.556249311765199650e+00
1.347773108055074687e+01
-2.448674609701532745e+01
-2.372039534191331356e+01
1.607130043327069302e+01
1.369406497036827375e+00
2.097784305953010175e+01
1.538759034015843952e+01
-2.616468664529102384e+01
-7.771275589268931583e+00
-1.250873032221022640e-01
-1.958380518020626937e+01
-2.029123892821597153e+01
-1.802301854967296535e+01
-2.443292777765634582e+00
-1.337631506533107029e+01
1.494280097018075537e+01
1.297505616757612756e+01
-5.618092332534693867e+00
2.723079412777209996e+00
-4.845371726405787172e+00
4.266672329884599435e+00
2.076611750346106078e+01
9.395264165873825846e+00
-1.624219071512496981e+01
-3.524148720237981536e+00
-3.266192365199586334e+00
-8.235925744153647088e+00
8.912218911598401405e+00
-1.396330014060062297e+00
-3.958886753531515978e+00
-1.212247842607602877e+01
2.401805488669907618e+00
2.973358901878570748e+01
-6.681039613860271231e+00
-7.918948245365939442e+00
1.305683629557485403e+00
1.835428325697996854e+01
-1.143983857311450691e+01
-1.570605674510073868e+01
1.749564098806442303e+01
-1.768481336425228534e+01
1.621462562407509722e+01
-1.607580832457941256e+00
-1.343329041989585448e+01
2.220239589230672550e-01
-1.035925626132595312e+00
4.959077467303330877e+00
-9.864976473263183721e+00
4.667712372329276604e+00
-3.998318442617332380e-01
-1.375536268037453880e+01
2.156057330718148535e+01
-6.877038959447006050e-01
1.865719648348888882e+01
-1.016779492598752910e+01
7.279468022084003564e-01
-2.299430629346705857e+01
1.711781597338401184e+01
6.216911207343244428e+00
2.175121432809413591e+01
2.058076326091651254e+00
2.573134021136486638e+01
-5.351309866710920460e+00
-1.530468373168103824e+01
1.768786065950045838e+00
-2.438348696704431617e+01
2.009137542233655438e+01
-6.561006445559286249e+00
-2.588448901534732727e+00
2.643530444805229251e+00
-1.986734942724207542e+01
-8.822725999409826159e-01
-9.960642723572711077e+00
6.282939928125273354e+00
-2.181640602683422969e+00
-2.552562331105340121e+01
4.702133241979758793e+00
-1.974484812895675390e+01
-2.184366544385647302e+01
2.139889187290442862e+00
-1.644096512843947977e+01
-8.543596818451106856e-01
-4.360089735083775508e+00
2.395837160244629160e+01
-1.480028349313933234e+01
4.848093291283063877e+00
-4.610850320881695552e+00
1.065122840453989994e+01
-2.095049465805151101e+01
-1.236199274388805236e+01
-1.293803223824689042e+01
-2.198324513924568180e+00
-1.431808126144598958e+01
1.445604806744262305e+01
1.601153000856257336e+01
5.651269369894919237e+00
-1.525717606139608051e+01
1.492158991260319567e+01
-7.038641920133251517e+00
-3.295668541507609461e+00
1.423724655960816676e+01
2.991184233000943493e+00
9.581100271321929540e+00
-1.919057133598994724e+01
1.301533771845905108e+01
1.252472700380010906e+01
-9.852503293451263744e+00
-2.312406294787756167e+00
-2.128535736991737437e+01
1.736302091139504000e+01
-1.015942550936679112e+01
3.042251189667155131e+00
-2.410770894683321686e+01
-1.307792692338669838e+01
4.405860438458965689e+00
1.793891433256199264e+00
-1.034314593084821610e+01
1.299704786236996767e+01
8.179553327027591081e-01
-7.377253963331284581e+00
1.031933505749547919e+01
4.836662347462507228e+00
2.198417970650203301e+01
-5.878473725912733983e+00
2.287285954792832854e+01
-2.138112336871908070e+01
3.045428682491760242e+01
-7.599543894943060707e+00
2.179541232571837384e+01
-2.545976083265740186e+01
-5.805022856143011722e+00
8.575255146397509520e+00
-8.119210138837715363e+00
5.071474758636576041e+00
1.197366090199807331e-01
4.171372921399019162e+00
1.320326486145864209e+01
7.449779437198330356e+00
-3.224713308072378481e+01
1.988736023898086103e+01
6.879455786806829565e-01
