1.379673434891414274e+01
7.836032955124316857e+00
-1.441377031191331781e+01
-6.122525273233812015e+00
-2.304511949102900914e+01
-1.213480172259099277e+01
1.456899836961042638e+01
6.910473394766547983e+00
1.338517342947994848e+01
2.298874633894061503e+01
5.943175697089131404e-01
2.374936766037635039e+00
2.719342395433285731e+01
9.286781663873298953e+00
-3.281824003680284818e+00
3.035299606024324248e+00
2.224232250124451582e+01
9.364983746451912339e+00
2.672028116882675874e+01
1.567985167429753801e+01
-1.960719857509160491e+01
1.237942865896184230e+01
3.423321983634565413e+00
-1.527950310974309645e+01
1.588059585447506095e+01
-3.087960876388521569e+00
-1.350636381822951648e-01
3.208842125240174425e+00
5.059433430769729512e+00
-1.683303172392429303e+01
-2.028069685299682234e+01
1.465275058039914313e+01
1.471378236602079426e+01
-1.722183184712242365e+01
-5.707323995133847916e+00
-1.362958188604909537e+01
1.575301464850466004e+01
1.300431498329379565e+01
-1.088604405106948292e+01
-1.902436163459866236e+01
-1.781798398039981635e+00
2.586713568865943103e+01
9.926824947734090188e+00
-1.634246159188670333e+01
-6.622532931803199574e+00
-4.917182378889087602e+00
1.076383463025656084e+01
1.120532262267559531e+00
2.481068736820681409e+01
-9.399743659714182797e+00
-1.091154016763739065e+01
2.567674744882123150e+01
2.506356725863486190e+01
-2.752749831078858023e+01
1.628917362018796666e+00
-1.389637465239194114e+01
-2.032388776689257881e+01
-2.741889403368423217e+01
-5.115459268106612001e+00
-4.128127135303287787e+00
-1.182791531882173786e+01
-2.750226543943302104e+01
8.505399627324692347e+00
-1.026953210040957032e+01
-1.621934183221998893e+01
2.772802715060569767e+01
2.423992566303621743e+01
1.301007314744527577e+01
-1.701058191986537338e+01
1.333514473469719519e+00
-1.793100077782067103e+01
1.261797027478361599e+01
-2.056259521739879403e+01
1.593463602280318980e+01
-8.015457772071357567e+00
-5.305775807189831994e+00
1.753309798424282917e+00
3.429673982059199489e+00
-2.406444096960169787e+01
-1.790341956978448223e+01
1.336363700676601241e+01
1.424221198611593309e+01
9.635835684848196081e+00
-3.221916148945439318e+00
-1.296295008184140585e+01
-6.845659689076761367e+00
1.935559973842129011e+01
-3.894012746166829686e+00
1.717174267914643337e+01
1.491836076999878458e+01
1.086622834773911705e+01
-1.805671541249447287e+01
6.935969870383750902e+00
5.031388100429836641e+00
1.329275970909944249e+01
1.400300767701290283e+01
1.284770843860732015e+01
1.579373406483736630e+01
8.965420316324021144e+00
-1.277251606816282248e+01
9.666621707167344368e+00
-7.978305161614763108e+00
1.673477699561935594e+01
1.153284010867974274e+01
-8.798253683371115130e+00
-2.458524358747496308e+00
-1.065918742329436242e+01
2.043685422980220778e+01
-1.095040121969567792e+00
-1.011545817583586171e+01
-1.236646089099742341e+01
1.959026127423624075e+01
-1.455232047745798951e+01
-4.206412731092193269e+00
1.608557657173430755e+01
-2.192086301173317864e+01
-2.528371785459777499e+01
5.989698965527402663e+00
-6.506791053694485072e-01
-6.551632657389333758e+00
2.234643165756112637e+01
9.081459754103747173e+00
1.781170726054212139e+01
-1.192426191229876054e+01
4.128287875708615218e+00
2.635839224407325787e+01
1.091310663267985603e+01
6.843509603524310592e+00
1.026729873596988796e+01
2.350803711102568627e+01
-2.666054899016065960e+01
3.642762021616483992e+00
1.531611456735120669e+01
2.607966254227670788e+01
1.207097263800406495e+00
-1.935401887105365049e+01
4.312416964632170391e+00
-4.071963179588784953e+00
8.644854516889424190e-01
1.430646229048319640e+01
2.096514139556896339e+01
-2.670077650101092459e+01
1.212553657615942626e+01
-1.414768985951124591e+01
-2.312130102801572207e+01
1.254047597775070955e+01
-2.130075432162427163e+01
2.520498471528682671e-01
-1.767433260575375442e+01
-8.000597118899285931e+00
-9.247993845238099198e+00
8.437458812735229685e+00
1.805367215563768468e+01
-9.049446737831111420e+00
1.493553322147663209e+01
-1.428667244713377471e+01
-1.009035068758421971e+01
9.472340681756193703e+00
-1.238049170645496133e+00
-1.963411873138951691e+01
-1.751664784681793208e+00
1.785117496596245701e+01
3.202984916284133021e+01
-6.137233384927405666e+00
1.986056297223204581e+01
-2.854581650646146329e+00
-2.238816115837506260e+01
2.873121029853621167e+00
1.494312337508473831e+01
9.469669190888865273e-01
1.142061375279619284e+01
-6.876066135524851575e+00
4.689579292950831757e+00
1.627885615949659837e+01
2.028599337341393039e+01
2.709299155009350102e+01
-1.180442000736322683e+01
2.097074082552285290e+01
1.608582983771157160e+00
-6.545660025410299454e+00
-5.898274561920089809e+00
-9.743121418549669954e+00
1.161004448826178503e+01
4.471813454428762213e+00
4.355742798333217536e+00
1.816292582642464026e+01
-8.306418172101672326e+00
2.242308396408745352e+01
-1.013513315402560977e+01
4.804647225642391106e+00
-1.612658954121602051e+01
-2.783685801906324997e+01
-5.205656686376535447e+00
-1.428054365550127613e+01
-6.866050816386660927e+00
-1.113952276313088419e+01
1.462603187419828998e+01
7.614963480996763678e+00
1.199162375972861128e+00
6.549719333899020057e-01
1.686855673692356561e+00
-1.754147553745679033e+01
-1.489096707256992858e+01
-1.580844175508865845e+01
2.019056496096713715e+01
1.593032527897457840e+01
6.724726003762214077e+00
-4.811608822186023815e+00
-1.936174192658470261e+01
1.003037820136631098e+01
2.447734055544663079e+01
-1.885458657256451431e+01
2.099237091255609755e+01
1.955739106294009844e+01
-1.738062116773285481e+01
8.610108976844017548e-01
-2.784983563603783452e+01
2.703865477016030638e+00
7.347329790312471687e+00
-1.523856829911117927e+00
-2.918419033246026473e+01
-2.190224551679195031e+01
-1.379687460418800526e+00
-1.234530622543952916e+01
8.995661805240473541e-01
-1.243584456780060066e+01
-1.955565663738312310e+01
-1.856753159547648124e+01
-1.611894697240616381e+01
1.712812132255973552e+01
-9.619162807873301801e+00
-1.402776372029260443e+01
-1.435527551837438409e+01
-1.487278047147413673e+01
-1.623078083147707673e+01
-1.521260778534525571e+01
-2.065467441982093888e+01
1.810915919843722577e+00
-2.195644809599856018e+01
-2.605178495197459299e+01
1.782618813184370765e+01
1.478032502167914686e+01
-6.274128448507568123e+00
-3.527038238246539947e+01
-1.028124828405385927e+01
-6.885713469006113030e+00
-8.018264718534240387e-01
8.194723132426418033e-02
2.206793266632054440e+00
-6.975107925272389764e+00
-1.352202601669313964e+01
-1.180286631154654486e+01
1.729851064942862138e+01
2.952102021606283699e+01
-1.022936965930238529e+01
-4.588613708325297580e-01
-3.626952055911722539e+00
8.473843788306787417e+00
-6.313954260127488283e+00
-7.639725965676035457e+00
1.749296058608794624e+01
-3.314644485216817316e+01
-9.319482698130563847e+00
4.468182842631463814e+00
-3.582790105974474670e+00
-1.817806398935275425e+01
1.769169636000596313e+01
2.277558562698354194e+01
4.869371648709332590e+00
1.771537701023882505e+01
-7.526640632459226765e+00
-3.030137806897190700e+01
-2.083730599826326824e+01
9.918058865771541832e+00
5.325010180809073290e+00
-1.189562605878051471e+01
2.768382557064050786e+00
-2.614750462420396104e+00
-3.927650723178572889e-01
-5.876426261012881014e+00
-1.344433440769824273e+01
-1.036985191834737918e+00
6.161351365551539061e+00
1.430060220400439164e+01
-3.591948888051007316e+00
1.357291449100446101e+01
3.831336120336040096e+00
-2.266415133105263990e+01
-3.496700024865809553e+00
1.343134063518868970e+01
-7.190431424637452551e+00
-2.384816969236026551e+01
-2.062357673491202092e+01
4.016703913039641805e+00
5.392729802674999462e+00
-6.954178925233378550e+00
-3.245386059472442497e+01
7.249318721228434015e+00
1.930738613179475749e+01
9.739168133994688503e+00
-6.388985488782260802e+00
1.864723204908527521e+01
1.468772637359639077e+01
4.654775067265916277e+00
1.675715164519694156e+01
-1.839998105120021421e+01
-1.052380335721583293e+01
-1.314332841822661635e+01
1.045472460218977062e+01
1.947911030143689004e+01
-9.951755904305350953e+00
-6.023348746852214219e+00
7.193411173388206237e+00
1.877881294987544436e+01
-8.533706947224885653e+00
1.296383842616783966e+01
9.823623335051891559e+00
1.805900564715113887e+01
-1.412372173527891306e+01
1.600319948217618560e+01
9.386532473720102132e+00
-4.586761766457520650e+00
-8.635206879587173034e+00
-3.681382455754992122e+00
7.523364502442298374e+00
-1.148516772779450434e+01
2.378639403372156380e+01
4.754173610893332125e+00
2.616492196006760196e+00
2.034331490599146264e+01
-1.888805489484063216e+01
-2.446575840748821307e+01
1.866775969645840405e+01
-5.910547504547679409e+00
-4.550274517258792173e+00
1.784508661242570327e+01
-1.182028814340085177e+01
-2.442336699485213458e+01
-6.946471115952704167e+00
1.686025512026458273e+01
1.789330957038511372e+01
4.037979598205367893e-01
-3.275838784097516054e+01
2.899877614108895330e+00
3.989805449331825571e+00
-1.364150459884228184e+01
-1.973115232538864561e+01
-1.351938877818460583e+01
-4.765543352989865866e+00
-2.908289260449827651e+01
-1.369438362183380775e+01
-1.173584506988382969e+01
1.169667000616409780e+01
5.124031571545586417e-01
2.544748536553001372e+00
2.682711999626444310e+01
-1.244193073032467112e+01
-8.462550454759679042e+00
1.289451828631239749e+01
2.140470751958875439e+01
-1.490376312720819385e+00
7.679479223225349926e+00
-2.276845333981236053e+01
-8.014144596077912297e-01
-6.923384605274229386e+00
1.494396072593831093e+01
5.829028341145146896e+00
6.581382116613575306e+00
3.173370390032800969e+00
-2.505102734231215322e+00
-8.290428813587183754e+00
5.656726628349062480e-01
7.113193690902640753e+00
-3.170722234842811105e+01
-1.779664674029795179e+01
2.415949197739450938e+01
7.535162328519383834e+00
2.693124659684241351e+01
1.415118343284071045e+00
-2.836232109697580483e+01
-7.264394421711592997e+00
-6.350843205244331102e+00
7.811798942092970321e+00
-1.280988041043739400e+01
-9.383420121727446883e+00
4.662476379002491456e+00
-1.359393067508958808e+01
6.789864078381626200e+00
1.789500864362555888e+01
-2.507501105880720615e+01
2.471167651578683433e+01
1.033764643307036835e+01
1.801803897429049073e+01
1.571168780853413693e+01
8.608699989141555875e+00
-2.517029129931753673e+01
7.568307434856826887e+00
-2.729919109343349959e+01
1.186068345103863209e+01
2.527611478238672760e+01
-1.161868660009559306e+01
1.658031359043575037e+01
-1.293161556085635766e-01
6.306076385925130978e+00
2.330966511864006918e+01
-9.161926686515919016e+00
-1.371879498172638279e+01
-2.442463967359863375e+00
7.132209243868345538e+00
4.074900922362871825e-01
-1.066495751414545623e+01
2.024814339626314563e+01
-1.436558551109944659e+01
1.571851011172164192e+01
-1.541693300684350021e+01
-7.838267083153802162e+00
1.855230049700055872e+01
2.391917390848092850e-01
-1.184798723799711695e+01
-8.992010422880028386e+00
7.264599320003227945e+00
4.102411396025352985e+00
-2.770106172445523995e+01
4.289507489926812411e+00
-1.434460628560340467e+01
1.813722627557667977e+01
-1.651978843766836036e+01
-4.753481894506748517e+00
-9.446244792019463432e+00
1.339553645383192304e+01
1.917880291206074617e+00
1.298768696276371060e+01
9.743405138227764439e+00
9.149583459389099005e+00
1.090097840317809386e+01
9.413656596998265513e+00
-7.589883668133523997e+00
-1.908101753858217364e+01
7.094975462058940252e+00
7.899636247251109467e-01
-1.340174850240857296e+01
-1.114944969979545419e+01
-2.524609849322871824e+01
6.174674414661431854e+00
-8.515332768165848165e+00
-1.728809850058221542e+01
1.374218429465241798e+01
-3.497517160078518117e+01
-5.988360722753625964e+00
-3.982284779937849351e+00
-2.967839145971913339e+01
1.011309989330047188e+01
-4.053731029875123681e+00
1.435876295980736472e+01
4.836022241916296593e+00
9.300608666833035443e+00
-2.074181061612164712e+01
-1.245266918142377222e+01
1.543597331630678582e+01
2.318335516953118258e+01
-2.569795623358061576e+01
-7.366187751090350844e+00
6.980248126971609679e+00
1.940782585584062758e+01
-6.206085175555600131e-01
1.029188663161860973e+00
3.150622309541198263e+00
2.489867827240436782e+01
1.003485250766100734e+01
8.893114578779901080e+00
7.608026557500465969e+00
-1.862415425582229034e+01
1.441558284535189216e+01
-2.562363552826248281e+00
1.578547272857862538e+01
-9.270314112238494886e+00
8.874087715864639847e+00
-1.030654052287884070e+01
1.127300955870357058e+01
-1.430556602522775478e+01
2.885162067263117081e+00
2.135730513900094252e+01
-2.013836989796142873e+01
5.565397687855103470e+00
-2.923686634548900543e+00
-9.226509938243907527e+00
5.290185274851523900e+00
1.961301575745896741e+01
-8.102215992848400106e+00
5.360367339817244670e-01
1.059862467695405996e+01
5.088389662347459819e+00
-1.190974744168016741e+00
2.983896785357572412e+00
2.517515329979779892e+01
-5.070025985343967534e+00
1.103041568288563212e+01
-1.414882531168311175e+01
1.125415771509261731e+01
-1.564037874142368878e+01
1.644602019319330566e+01
-1.006840597457179598e+01
1.033227410485143594e+01
5.784302997352185116e+00
8.046131614646704122e+00
4.276204198203394924e+00
-3.063895672000654713e+00
1.606338485239703573e+01
5.777540458533017897e+00
-1.622379070954870883e+00
-2.531741928007102871e+01
2.418561875530642169e+00
-9.847410794387272404e-01
