1.122091155528413253e+01
5.332254498223221617e+00
1.896541178551973417e+01
4.988897907159184797e+00
1.568539856058994530e+01
-1.902788723113150127e+01
1.834610436321324300e+01
2.790946206146458053e+01
2.915963074678971623e+01
2.243384723035684658e+01
-2.416684345144377488e+01
2.396731341115018665e+01
2.182323689644854880e+01
2.268021341356994469e+01
9.759831844969028225e+00
2.846750903540295496e+01
2.442576551145936037e+01
-1.234577133439579200e+01
2.696988327679675024e+01
-5.766018236822752385e+00
-2.882305062258761552e+01
-1.031035682387787489e+01
1.402758890241157985e+01
-1.103027789851739726e+01
-5.020532958363673970e+00
1.748298833746329706e+01
-6.239964321697897276e+00
-1.052958797972586069e+00
7.953122759294814159e+00
-2.058794626907488734e+01
-2.673529436053848229e+01
-1.050681736496029117e+01
1.753868509600388848e+01
4.117268955351107707e-01
-4.164226709192661247e+00
-7.785852911479828720e+00
-2.611883925430279518e+01
1.479678131856164214e+01
-1.463991297551135773e+01
-2.618355229519719174e+01
-9.344176957273511164e+00
1.414892842260577766e+01
-1.507217765313722424e+01
-2.842160885933984105e+01
2.229692415521557791e+01
-9.702850386201433253e+00
-1.027049433011116264e+01
-1.692254380923551338e+01
3.319797655318481588e+01
7.229106242912934022e+00
-2.002404620792316337e+01
8.389732978034501798e+00
-3.193122410812790690e+00
-1.116688265002368752e+01
5.880180841350238552e+00
1.285492528191829820e+01
-2.135004947778679352e+01
-3.098275957354245236e+01
-1.607303548484867406e+01
1.448566276729144420e+01
-2.808477628984509877e+01
-2.429253892349311172e+01
-4.076822901305618529e+00
-2.596734848765684234e+01
-1.517485464241027415e+01
1.181084062192891082e+01
8.155549172148290893e+00
3.002857063021899364e+01
-1.911515098449331163e+01
1.474006111603738134e+01
-3.854445114746305023e+01
6.252715194572424195e+00
7.733979568245388236e-01
3.038083226082100907e+00
2.736751919035711467e+01
2.116241523662839086e+01
8.884223552577175553e+00
-1.957917911633885311e+01
-2.452830028354790315e+01
4.254069436623986178e+00
-3.678396677210812982e+00
-6.275051124304283690e+00
-2.080425309361808672e+01
-2.655396183165163393e+01
1.784398106477598844e+01
-2.141014365059824698e+01
1.455345680850663825e+01
-1.459667800675636329e+01
1.182786313823886104e+01
4.084306696363310607e+01
1.711709311833892855e+01
-3.424141418769210077e+01
2.925169500640009801e+01
-6.746132336704874888e+00
5.999954581593890168e+00
6.965140052870552267e+00
1.565003721532796988e+01
4.254562942651084256e+00
6.358032979090729953e+00
2.054314305507793392e+01
9.903904524239294460e+00
-1.901306166196707892e+01
6.274721319349005455e+00
1.435656806044245570e+01
-3.368835516641830452e+00
-2.636116905141677336e+01
-2.178858271295602833e+00
1.511244103622814805e+01
1.131699169428387108e+01
1.359814325076793295e+01
-1.914356217056975495e+01
1.849700811938508593e+01
4.179809172577222398e-01
3.241134186954951701e+00
2.182139485598310102e+01
-1.353408878331765663e+01
-1.494661826903580959e+01
-2.045224469658572630e+01
-4.301284943004887396e+00
-1.433946885116615277e+01
4.158851341264210077e+00
-8.119499877045214475e+00
-7.612687613367775441e+00
1.288020098543908176e+01
1.919534586360072126e+00
1.446847618693269055e+00
-1.388718975274230161e+01
8.455956462186463796e+00
9.652509816606468007e+00
2.992487449569480873e+00
-4.864463095378425805e+00
-8.825904326800326771e+00
-2.373500815781998696e+01
6.582530461313375270e+00
-3.743479160336896427e+00
-1.313386654310649959e+01
1.243363099143009975e+01
-9.311867917273644935e+00
1.505978569928871025e+00
2.646196258115530497e+00
8.159559577141251907e+00
-2.393308558260724794e+01
-2.579446582892661510e+01
1.672489669949212043e+01
-5.037102177044332052e+00
1.969148742514526873e+01
-8.731953971426058558e+00
3.220475635854680263e+01
1.551548284832058755e+00
-6.317335325337772645e+00
-7.407007725834517942e+00
1.764767501654604587e+01
5.989401564065367722e+00
-1.407041922310088466e+01
-7.385630371620457879e+00
1.634661292367177055e+01
-6.122369956944112346e+00
-2.254218274859967153e+01
1.023851567749755276e+01
-3.121343783934720051e+01
-4.462014184537515860e+00
2.243909979433966839e+01
3.126064109513997380e+01
9.822135241910743275e+00
-2.100827186581874173e+00
-3.911915721482550623e+00
9.163131445695718469e+00
3.519280706186935959e+01
-1.157396017867435489e+01
-1.876005297174728881e+01
6.625317929776187498e+00
2.428145072298768525e+00
6.029249842848713570e+00
6.993958259282784695e+00
-1.089467496723855788e+01
3.509436879750515459e+01
2.415452581625309847e+00
2.272980214701227908e+01
3.557032527012127332e+01
-1.675846812522492257e+01
1.705081164468552402e+01
-8.172617743622495823e+00
2.235972724445882420e+01
-1.446056236645159032e+01
-2.096158636554935129e+01
4.749030981868742174e+00
5.795474791309018769e+00
2.890326585391190406e+01
5.452142285701057745e+00
7.948355288175932287e+00
-1.919458698984744061e+01
-1.192704884733623771e+01
2.078664461342702907e+01
2.674023610592885802e+01
1.286226227501042985e+01
2.765883536199268633e+00
2.926272996633962009e+01
8.763152823036733707e+00
-2.033257691057194450e+00
-6.405378784950528370e-01
1.342720299021649311e+01
-1.467845291885899428e+01
1.624892804566214011e+01
-7.195749958643709476e+00
3.065881141804548804e+01
2.875220557428760060e+01
-1.867295484445197218e+01
-1.561889695503251119e+01
-1.414028094257650281e+01
-2.185979347189111621e+01
1.026393224746684751e+01
-5.692146426840217543e+00
3.386103425353645946e+01
2.988070413832342354e+01
-3.324208344834456597e+01
2.241190828056467410e+01
3.847263398036282922e+00
2.019434034315517579e+01
5.788283595234489098e+00
-2.246263933042428107e+00
1.401259820482401608e+00
-1.133977782866743667e+00
1.744438597399157231e+01
-2.291104101777243329e+00
3.025603539544071907e+01
-6.459463130594059521e+00
-3.307930043831844102e+01
2.865760572203676304e+00
1.400970988903711145e+01
3.317149675102675133e+01
-8.081435524513075563e+00
-3.433097100752041797e+01
1.463107278008806134e+01
-1.975126349247495838e+01
1.870590590670013853e+01
-1.057877300669651532e+01
-2.002478831334205722e+01
8.951099033499907875e+00
9.217369313681643916e+00
-3.162485163718124070e+01
6.523777833557666384e+00
1.731901476507661641e+01
-3.670501025433610920e+01
-1.264965484590300804e+01
1.647615479457017784e+01
-6.866781592009026269e+00
-1.686723482645778205e+01
1.726510666769833335e+00
-2.791397305685514141e+00
7.591362239586885607e+00
-1.250446622632241400e+01
3.127528276730231482e+00
6.975804101435322480e+00
9.745110847148083622e+00
-2.037725425684200786e+00
1.735580620432448029e+01
8.605215640691596946e+00
-2.459693069938491305e+01
2.428119267681589122e+01
-2.791179309340346038e+01
-6.633573973308912741e+00
-1.645677728499722292e+01
2.758677537330729024e+01
-1.518074836573788389e-01
-7.529284031993455528e+00
-1.164454949455167565e+01
1.779904705203009030e+01
2.808159445325976833e+00
-1.776919371755862898e+01
2.092367455839105617e+01
6.528974445220256939e-01
-1.183450775289649926e+00
-1.095688185387317048e+01
-9.044112326506848376e+00
-2.256270162935913248e+01
1.345688324040038708e+01
-8.524794197487430836e+00
-3.447425195146514909e+00
-1.913724933019238961e+00
-3.719718425848766685e+01
-7.009833745856333564e+00
-6.923302408811807140e+00
1.330887191350385024e+00
2.090280669906248079e+01
2.890049955942475890e+01
2.658671146350751258e+01
1.847346205084782866e+01
2.174190917641553256e+00
1.820167987224421324e+01
2.341810134605417204e+01
9.202065593405848176e+00
-2.195275710139456038e+01
9.078277601540904129e+00
-1.067730086431373593e+01
-8.597244889097119369e+00
-3.139338194808154370e+01
-1.378108431192981698e+01
3.273780247791520992e+00
8.414322382932958533e+00
7.391084690737358187e+00
-2.880249116412226940e+01
1.841058311512091450e+01
9.145502985488420222e+00
-9.513678947673419373e+00
3.433764868471610043e+01
-1.119692586267552059e+01
-2.037463056818163309e+01
-1.144004447809415836e+01
1.903944811895830469e+01
6.611043348998649094e+00
-3.504440563321779223e+00
-4.549710208448047410e+00
-1.748862465233759167e+01
-1.669447358183560937e+01
-1.780554686519344187e+01
1.007580095814514465e+01
6.344170077845966205e+00
5.498178815175933210e+00
-7.425625456809839875e+00
2.370706853221908261e+01
-1.369553653871309962e+01
-2.355215340829666104e+00
2.852261796625910506e+01
2.967172931035662486e+01
1.794547478550411768e+01
-3.185892265879870067e+01
8.739609950313408149e+00
-2.985567424857677565e+01
2.594005808969232874e+01
1.928166181332065321e+01
-1.888294617858817404e+01
-1.899760710416259002e+01
9.102924573688042642e+00
-1.945549374502688522e+01
-2.935279626548664567e+01
2.069708208440918895e+01
1.735216195286088237e+01
2.714841534712789439e+00
-2.636773736785732325e+01
-2.919145312703584239e+00
-8.990199194727757970e+00
-1.510926480588322818e+01
-1.148088042729509795e+01
2.167820672390460857e+01
6.344918367829464501e+00
8.232242264125666509e+00
-2.851479060789813147e+01
-2.705881282197822912e+01
-1.275373786850629187e+00
-2.310681478813899048e+01
3.769718114894118344e+00
-2.019153526378767438e+01
-2.302497607114473155e+01
2.410751680059630075e+01
2.129789145285843688e+01
4.113827256645862462e+00
4.590054182603253707e+00
2.645624957427095580e+01
3.116048116177550753e+01
2.077497740283401129e+01
-2.900071577878505735e+01
1.090163339294082334e+01
-3.144930773918840217e+01
-2.313599614072200339e+01
-1.573275438747450039e+01
1.711618104245985705e+00
7.813366447575845086e+00
1.111116543959399650e+01
9.285042055349101986e+00
-5.977666373224288066e+00
-1.686990496342537682e+01
1.689125897476340299e+01
3.533934184896926922e+01
-9.634872563806823109e+00
-6.749942055419388964e+00
-8.033787938239669302e+00
-2.553881660055106195e+01
3.421828930214900311e+00
2.686410417342011669e+01
-2.837005372697623429e+01
7.203338785926831633e-01
-1.157219453899024586e+00
-1.229656768467931016e+01
-1.147465754460660037e+01
-1.387337144511976561e+01
2.288674729373393291e+01
-2.213453293757154228e+01
-4.969631603357463234e+00
1.691761240962190982e+01
-7.390638434566703552e+00
-7.999099165458716243e-01
9.201843719491378693e+00
1.278496412790419612e+01
1.773350902385547556e+01
5.407517081997845310e+00
-1.327545794455059536e+01
-3.088577429654966267e+01
1.789824710423900456e+00
-1.235688182975223981e+01
7.707183334381703332e+00
-9.765278571339777614e+00
-9.436614939144803316e+00
1.072310173642836162e+01
-1.282733956974939105e+01
1.503072656605954194e+01
4.963593244937982263e+00
1.168615164755042457e+01
4.934547258825496385e+00
-5.369389460828415395e-01
-4.529479175814117298e-01
2.439094528933551942e+00
6.317391514884384662e+00
-3.091989708623194488e+01
2.792173525638594356e+01
5.282250418745469744e+00
-1.589271326425374298e+01
-6.355942729480688058e+00
-1.945232267750706256e+01
2.734508863529605094e+00
-3.872755170206126252e+00
-2.193804352525349799e+01
-1.808048537970891445e+01
-6.662047781085064457e+00
9.012779514273752568e+00
-1.251585482112989212e+01
1.831359075452716922e+01
-1.591029947100427222e+01
1.572616903552695078e+01
3.112230787910327479e+00
2.680974827322252452e+01
1.725521887054802050e+01
1.296215553098266327e+01
-1.776691870742702406e+01
2.470281242823402579e+01
1.776943795299288809e+00
-1.341301384865566604e+01
1.918205144130989481e+01
-1.027530500833304217e+01
2.310574662431749005e+01
1.137611096477005646e+01
-2.857710683635044191e+01
1.058598151578604529e+01
-2.024528686890036511e+00
-9.477554800591072137e+00
-1.602369035924998997e+01
-1.160312409601992556e+01
-3.376428303915488982e+00
-1.591094953401764656e+01
2.306934617188129266e+01
-2.295991250777430537e+01
-1.020602846519715712e+01
-1.385224124756170738e+00
-1.558663234068752246e+01
-1.665122744457765691e+01
-2.991301966617811914e+01
1.045669750633244632e+01
3.168234283657803019e+00
-1.745585862708192337e+01
7.999523851624346094e+00
-3.066570555800993247e+00
-2.714405688429551944e+01
-1.858098315137751655e+01
-1.878650745216205920e+01
-1.389139143315635039e+01
-2.732338282493424941e+01
2.399605895109210962e+01
3.302363635673690112e+01
-7.526400116050588451e+00
-1.519954970845366660e+01
2.399062142807552789e+01
-1.771602952641659101e+01
2.387784556465884123e+01
1.759327687009815122e-01
-1.280181472506281892e+01
1.139155417480957055e+01
-2.638100259633992550e+01
-5.894465823449472452e+00
2.718517878674767019e+01
2.427230635834519035e+00
-1.163338455216305078e+01
-2.912225848698687258e+01
1.246055734160036366e+01
-8.506068383985379455e+00
-1.046149309480699685e+01
-7.871835580570120783e+00
-2.510155405389890149e+01
-1.113317464319879235e+01
-1.265281151323744524e+01
3.033047984076794990e+00
5.076002384709745741e+00
-1.053341410526122957e+01
-1.121898920161214619e+00
1.045165162187757346e+00
1.650024463557006982e+01
2.890205819500410200e+01
2.222151094763475498e+01
1.387650478565560519e+01
-2.099183901979155209e+01
2.320815244867236515e+01
2.091487532976135810e+01
1.244570185228997161e+01
1.718886843897351469e+00
6.399236140051343114e-01
2.653850235902244492e+01
1.189862949826262195e+01
1.018899902412277925e+01
2.264312476624303372e+01
-8.898488238520727123e+00
2.645565217932720259e+00
3.611674208938254083e+00
-1.729225387895967003e+01
2.221865855460099226e+01
3.019450960979553145e+01
