1.333019235338698394e+01
1.749276100147825730e+01
7.499387546511911751e+00
-1.056225955826021590e+01
7.696310539150516661e+00
-1.038078124931200819e+01
1.199515285108694229e+01
2.149546743928424064e+01
3.131471452611714312e+01
2.702839700118147448e+01
-2.707061343571973566e+01
2.755499450777718096e+01
2.330054571392214768e+01
1.091161669600608519e+01
9.969366470240856870e-01
1.973268282470297663e+01
3.835703071528126884e+01
-3.242136744295457618e+00
2.374244797545141239e+01
5.321331946217490838e+00
-3.691402847734325121e+01
7.085880836015547857e-01
1.056655465594509025e+01
-1.309781513656231766e+01
6.845067866297192438e+00
1.554253119588807408e+01
5.066661999425022600e+00
9.742802498209570672e-01
2.025739693327173541e+01
-1.154995811198153177e+01
-3.397553948848421612e+01
-2.585250377649174425e+00
2.155454643227501776e+01
9.689692374966632826e+00
1.411355197698141239e+01
-1.051118891401016953e+01
-1.579038524946759026e+01
3.132751133867449767e+01
-5.172879024644750245e+00
-2.344549585441940565e+01
-1.522711536939556254e+01
2.597775717724009326e+01
-2.432882543742671544e+01
-3.537330708875340690e+01
3.225564398897152785e+01
-5.708524339761012811e+00
-1.023956163299580169e+00
-4.180754521736261609e+00
4.371469082560365393e+01
9.505701677327159871e+00
-1.624031438430210272e+01
5.085596596703013006e+00
6.622923714167768594e+00
-7.501938524756781135e+00
1.157322379528000766e+01
5.679286953032089968e+00
-1.143340561964360091e+01
-4.045960315082400882e+01
-4.148393744268766170e+00
2.061326188154384909e+01
-2.659562556347518836e+01
-1.906831604256894508e+01
-1.454420428797306641e+01
-2.740817588973786201e+01
-5.670542717692306667e+00
1.742856820419949315e+01
5.463759125147191753e-01
2.829052051624223907e+01
-1.611947527406181280e+01
2.720067794367326997e+01
-4.455731004929661765e+01
5.554903859281203893e+00
-1.022453713633503014e+01
-9.740289844126671426e+00
1.706747366966610002e+01
1.417488360550510151e+01
1.818293724876362205e+00
-2.005897951067886353e+01
-1.897859015840738905e+01
-1.433575847937432002e+01
5.053712800473860511e+00
1.046939051828232436e+00
-6.713606164002719368e+00
-3.493744304927272992e+01
6.365087890208130261e+00
-2.021398820637020322e+01
1.564433234506432768e+01
-8.159955964585677179e+00
1.994979619150005590e+01
3.923762768539252477e+01
3.077484088456544953e+01
-3.185068467789055191e+01
2.394571972138516003e+01
3.169592937776002373e+00
1.791606348290662254e+01
4.971793252588263101e+00
2.595193071990266276e+01
2.465139140860642897e+00
-5.790335859683722219e+00
1.825365682447525728e+01
-2.390739764333083883e+00
-3.247762546390056571e+01
4.455589572396846165e+00
3.033171996509418022e+01
2.381274741344910240e+00
-1.284111273605500969e+01
8.148321272723102027e+00
3.244112265716425725e+01
7.529488153946964246e+00
2.181945418706065709e+01
-2.888394310329780978e+01
1.801357278625070535e+01
-1.508052900480771541e+01
1.685303151905547736e+01
9.748511328258302910e+00
-2.836889583560967054e+01
-1.441793733665145538e+01
-1.539178817031972812e+01
1.509357296561553596e+00
-3.067055806116200145e+01
1.002906592049049550e+01
-2.310406018859818644e+01
-1.132985923765446046e-01
7.453069526422325453e+00
1.379520441022220467e+01
-3.366839520736633062e+00
-1.593171617221199909e+01
2.542054948984649343e+01
1.888441362410260638e+01
6.725452112246799174e+00
-1.162889492881228648e+01
3.858132633034458081e+00
-2.075570123336458650e+01
3.459844749099040939e+00
-1.234752848049526364e+01
-2.558519922295128879e+01
8.961075219655910473e+00
-1.804226419599622844e+01
7.909245256743993480e+00
1.077759958165373178e+00
7.690837175526141323e+00
-2.363690439943839650e+01
-3.036273223460590032e+01
1.848240630795015704e+01
-7.766957787815258030e+00
2.245441996071804169e+01
-5.504686573908472269e+00
3.505973209070765506e+01
-9.477550387396902920e+00
-1.607615626039810763e+01
-1.631689438023943239e+01
1.919319913444535075e+01
8.458902250212375407e+00
-2.213772563073247568e+01
-1.602732808433623291e+01
2.958136191707069429e+00
8.036507946174609174e-01
-1.485201155321854571e+01
1.043482807256428657e+01
-3.124611284853812521e+01
-1.558304040134529345e+01
3.388025156895670875e+01
3.786661252476848460e+01
1.630080100427589684e+01
3.312721352285699083e+00
-5.320486001553419442e-01
-4.649889382122175618e+00
3.862139571736140908e+01
6.751262583311614662e+00
-1.376001829693304046e+01
1.621449148960165587e+01
7.512813411131865848e+00
1.334254344775030177e+01
1.156509926367101571e+01
3.236138314424366058e-01
4.067779357761708070e+01
1.545418275193574686e+01
3.591403744234240492e+01
2.649527034837046813e+01
-2.279347689936101062e+01
2.907805168485676006e+01
-2.251779529305527561e+01
9.450738567638254040e+00
-3.230517437467419484e+00
-2.962738148177996322e+01
-5.777311441355777788e+00
1.312335672773654949e+01
3.465750977549532763e+01
1.792162507607039856e+01
1.492999943015973940e+00
-9.953557435120337971e+00
-8.982985792870124442e+00
6.769559104519998982e+00
2.242017796830381826e+01
6.341635079599903690e+00
-1.501867566259656428e+01
2.666619419793831014e+01
1.535160560023705045e+01
1.236107825185324316e+01
-1.002464154818675013e+00
1.250633095652775495e+01
-2.366274157776823728e+01
1.305768269184921593e+01
-2.190235440101481856e+01
2.786988832567689656e+01
2.830963045323171912e+01
-3.154799549822826066e+00
-1.757012893368302286e+01
-8.139008220094886781e+00
-1.186422916421151541e+01
2.816138129481498709e+01
-2.070745621935482106e+01
3.298996927935174028e+01
3.609352855991068054e+01
-3.597789935107009285e+01
2.428353027937994568e+01
2.143552049889123623e-01
1.680673901801242209e+01
1.245553936847224463e+01
6.381911070283521781e+00
-5.786478154387957318e+00
3.825360094605898098e+00
1.708119822266466770e+01
-1.546906142466563949e+01
1.755967832098785664e+01
-1.570865886474462059e+01
-2.511876578669538418e+01
-1.156697642088898448e+01
1.641020639621882538e+01
3.888014900831547038e+01
-1.658743935437684058e+00
-4.235278062920280462e+01
1.559505715078843480e+01
-2.744671143538727875e+01
1.786439102638182419e+01
-2.606241794570344794e+01
-2.045145595775705871e+01
1.899231616029297243e+01
9.436285933092037226e+00
-3.081410961803071658e+01
9.149691379364114141e+00
1.844183331035968365e+01
-3.726717638809103050e+01
-2.076969110307426192e+01
9.181243185783003469e+00
-2.616791970250927335e+01
2.576725590083057682e-01
-1.021201040010319616e+01
-1.145311895370215183e+01
-2.215002076034743084e+00
-7.781199682219742897e+00
-1.411939715369894088e+01
6.814530664386467151e+00
2.010377688493950643e+01
-1.073906698054691589e+01
3.103034428279671886e+01
-5.555088597564356689e+00
-1.330102201163454367e+01
1.599778699727073672e+01
-4.139103338178193781e+01
-9.358079976808674871e+00
-2.717476508012578051e+01
1.726336270253239036e+01
-1.187554713435096687e+01
-8.774828923615359599e+00
-2.462046204332374799e+01
5.550289484699241882e+00
-1.674719695676984088e+00
-1.805025634063416362e+01
1.525209710155476728e+01
-6.099958676858996398e+00
-3.042165665822651022e+00
-2.829746564045670354e+01
6.673682631967906786e+00
-2.185778732997906815e+01
6.422574339266226673e+00
-5.814884642767786715e+00
-2.164064735110192572e+01
9.085608536186981610e+00
-4.325765798529641870e+01
6.419023382796616772e+00
-1.918427545021268443e+01
-8.036442941951271735e+00
2.148146103532030793e+01
2.701786075953920374e+01
3.573283154832455466e+01
1.435247325023389919e+01
1.057690467274554180e+00
8.270139848696331342e+00
1.936678164209327235e+01
8.254012399793211330e+00
-2.857272048827483246e+01
-4.647983734499781860e+00
-2.583552445652188467e+01
-7.387613672222997252e+00
-3.656116205375499817e+01
-1.765333212047129052e+01
7.599547590061384028e+00
4.928483625388771827e+00
-4.881525062532986681e+00
-3.847346910356046124e+01
1.104252332272398718e+01
4.554460912784641380e+00
4.819939764692193762e-01
4.705614739747375097e+01
-2.814704503708305694e+01
-2.743139155864907508e+01
-8.635022092663227511e+00
1.404855094888471001e+01
9.574259785836645165e+00
7.733846415451139933e-01
-7.534591294421296936e+00
-1.271889788174961211e+01
-1.489008057954302444e+01
-1.437188714792569044e+00
2.245367340444121851e+01
7.120589777099638695e+00
1.175058859790399879e+01
6.232853278640014594e+00
1.724540281252266993e+01
-2.348965732376581528e+01
-8.413257630768292472e+00
2.010700770795612868e+01
2.642867472962970510e+01
1.098632197061169080e+01
-3.036694475326818221e+01
1.939568868858943063e+01
-3.368975404729989975e+01
2.901052176502469138e+01
2.913172345554315257e+01
-2.779145061856166876e+01
-2.845722651744600640e+01
7.063668870729877369e+00
-1.534174973962522159e+01
-2.576381180589422115e+01
2.496770840956460802e+01
1.733148233512450531e+01
-4.147422472602180221e+00
-2.217474620295493182e+01
9.980752847615391943e+00
-1.350893859467191760e+00
-2.521185938862540254e+01
-1.752926398672171615e+01
2.909038542978751707e+01
1.703393704713775492e+00
7.909897077552450639e+00
-3.145432237261670494e+01
-3.967418292647644051e+01
-1.471000078426187940e+01
-2.767238326783267865e+01
3.078310826465937566e+00
-6.826071790083062751e+00
-1.524493374623822461e+01
3.229277027464604544e+01
1.691681340262404376e+01
1.284572756791724402e+01
-3.565977199176487034e+00
1.945092021541745453e+01
3.626394488379960990e+01
3.537921675447304892e+01
-3.886599931765586291e+01
2.257787409697861847e+01
-3.167984128293161561e+01
-2.916939639985712773e+01
-2.637608272979417734e+01
3.624803487466664365e+00
1.258455064895739639e+01
-7.367569905638617911e-01
-5.654836929928045208e+00
-3.810329484314593174e+00
-2.939140767200595405e+01
9.097700965458344058e+00
2.742917880408700171e+01
-1.934351711090050330e+01
-1.294528747855003559e+01
5.904334948617275813e-01
-1.631125598130469712e+01
1.136304976951510071e+01
2.935983492214610635e+01
-3.352090863523015685e+01
-9.382900366074018450e+00
9.305245680787088247e+00
-2.315127526834093175e+01
-2.156986782407654957e+01
-1.289701555140019451e+01
6.640895777240274356e+00
-2.945344452698490656e+01
6.714837467466139742e+00
1.044942472037131154e+01
-1.616218492615054458e+00
-5.630669288617248469e+00
3.229440603831122303e+00
1.501742534669274676e+01
1.920130642264010135e+01
2.614924573850906597e+00
-2.329350636740764457e+01
-2.426755637364017559e+01
3.410803490211776534e+00
-1.306962432531457097e+01
4.869782871770119925e+00
-1.020207775185334498e+01
-1.591367492476737766e+01
4.479971071484222023e+00
-5.985051736245203813e+00
2.635328619116192783e+01
-5.841238387143256716e+00
7.882780730455408502e+00
1.453679103663472461e+01
9.036493703660795518e+00
-6.360497617521332359e+00
-1.076746869593303302e+01
2.081809933156200998e+01
-3.595087916229833525e+01
2.662083325748008633e+01
7.881992422465010861e+00
-1.857232397074028896e+01
-1.289089013299742703e+01
-8.447387857485324503e+00
1.074282570001813042e+00
6.878983746300946223e-01
-1.213842625190090985e+01
-5.973019895846057636e+00
-5.578059553469302045e+00
1.556985618430172735e+01
-7.940431501826992644e+00
1.906795939047327693e+01
-2.228233460807890154e+01
1.236313470458998154e+01
-9.501536295175448288e+00
2.769153228393884092e+01
1.714103519347656857e+01
2.453601749455917513e+01
-1.825298452411881556e+01
3.603853171119671117e+01
-9.621656125713613505e+00
-2.114522709253889943e+01
2.217169641721403650e+01
-1.718861425376422858e+01
2.249834023247099424e+01
-3.679770062428332267e+00
-2.043583175204151203e+01
1.646168628999397754e+01
-1.314026962583773184e+01
-3.028653330964303336e+00
-1.452704930929730409e+01
-2.636479970311256693e+00
-5.160480319666859828e+00
-2.482674567939487886e+01
1.522109600699053544e+01
-2.882097936280852934e+01
-2.333430466424261596e+01
-3.463677516601812556e+00
-1.900172126566859632e+01
-1.960790680962707455e+01
-2.624521214802854630e+01
2.927039671993610170e+01
-5.574765628612574631e+00
-4.468473737329439643e+00
-4.834012621286312594e+00
1.051186696482410809e+00
-2.382961041402844060e+01
-2.786025429068855885e+01
-2.635790228205737762e+01
-1.575648471257218830e+01
-2.709791509150711875e+01
2.083905235704399672e+01
2.717716603428237931e+01
-6.519432146150954566e+00
-2.699704152868199358e+01
2.942347193339487887e+01
-1.159128534378868380e+01
1.735201430055562355e+01
1.484757676236276325e+01
-2.445774493072363498e+00
4.289250134848778373e+00
-3.663170345966253194e+01
-3.434697903583824541e+00
2.665088743765842594e+01
-1.139817558330212677e+01
-1.171631341718952513e+01
-3.247575645347374973e+01
1.547074424021555217e+01
-1.400725704367148694e+01
-1.296592503179241618e+01
-2.457329912014321494e+01
-2.598150738544745408e+01
-6.690169501514553474e+00
-6.813465398361657321e+00
-4.489438588956787157e+00
1.673195298845865864e+01
-2.481379104395017521e+00
-9.940506334774234176e+00
1.272657676273358618e+01
1.411947080357008133e+01
3.398735273070472829e+01
1.141530304824050290e+01
1.632777132150067700e+01
-2.759379034943058073e+01
3.458520928756399826e+01
7.709176256037430619e+00
2.137238565977541782e+01
-1.439047625114297801e+01
-1.123737675433837779e+01
2.175526988246021176e+01
-2.805673254486784174e+00
9.408396976625681418e-01
1.070763944644724575e+01
-1.124028898085638417e+01
4.444185293502144418e+00
1.639475928434023899e+01
-3.343693918938754450e+01
3.326074971685353887e+01
1.888864416306822136e+01
