1.828652316849961323e+01
2.187918910238964543e+01
-8.554046026133548253e-01
-1.058910042163465448e+01
-4.141027233093744542e+00
-1.432775241056287285e+01
1.440171956451131052e+01
2.001074826157449138e+01
3.256236639978189373e+01
3.695765497110738806e+01
-2.268418463806297680e+01
2.340507715286305768e+01
3.213665076649498076e+01
1.460386399692946213e+01
-2.851450774326266924e+00
1.943846877841582454e+01
4.425101208557906318e+01
4.178461359074084669e+00
3.364999047712072411e+01
1.512556203595551096e+01
-4.110590689199697323e+01
2.875208679657049515e+00
9.269819273134928039e+00
-1.756364204805732498e+01
1.382543999223444331e+01
1.501034410623401527e+01
2.173034774774720290e+00
-1.676842515360327468e+00
2.014341748791477471e+01
-1.800987605829086391e+01
-4.135560542421623609e+01
7.539310280660480146e+00
2.596066271114442259e+01
2.174757766670865067e-01
1.019215775170050620e+01
-1.808318056496974080e+01
-7.415126694424792220e+00
3.664715366158719689e+01
-9.962356887023190666e+00
-2.719795855296582232e+01
-1.897788152002285855e+01
3.363223370222077335e+01
-1.732547965576019067e+01
-3.754138887963303262e+01
2.541046082266659312e+01
-6.237707892047211544e+00
2.518868902731320247e+00
-3.065179118701372829e+00
5.000000000000000000e+01
2.962893493887676755e+00
-1.796626932088064876e+01
1.731732269554184711e+01
1.468954448692994674e+01
-1.986880539052580019e+01
9.705205125973336067e+00
-2.614041353716146432e+00
-2.104055979315430136e+01
-4.811065387795115811e+01
-9.267019832023201786e+00
2.010036292007950465e+01
-3.213884207007573934e+01
-3.096697154659668172e+01
-1.200570304268973132e+01
-2.790005251466475755e+01
-1.403997164887969262e+01
3.008113199612793665e+01
1.011686837696296948e+01
2.896184277269784957e+01
-2.539510114087094550e+01
2.746517516279405413e+01
-4.839452444585729296e+01
1.433437955050028734e+01
-1.718520065429747490e+01
-9.147816577910390379e-01
1.407644248948842858e+01
1.124396899738926692e+01
5.011134749857262705e+00
-1.327008055251121732e+01
-2.847194269149840906e+01
-2.013497093674340022e+01
7.680009281319421177e+00
5.968747124275864735e+00
-1.692785173684612232e-01
-3.193986997716013576e+01
-1.571477022758564601e+00
-2.233720654561507502e+01
2.187899793035177254e+01
-8.939913769803567334e+00
2.303640718834851953e+01
4.430683646855749203e+01
3.190843530820595220e+01
-3.963786561780143813e+01
2.301837135334901063e+01
3.244943464831621327e+00
2.227448396581790746e+01
1.164184676312638089e+01
3.248747499866189514e+01
1.178938888678862185e+01
-2.208574888232263334e+00
1.001505019618901571e+01
2.411277586125116557e+00
-3.400038528570346585e+01
8.994454252234504565e+00
3.204799128019762122e+01
-4.308415236025005868e+00
-1.260071063182520135e+01
-2.481090050692884574e-01
3.964815973765536228e+01
3.935089366557988910e+00
1.337029213627130275e+01
-2.991401975319779538e+01
2.233287161924218367e+01
-2.087503012545009895e+01
1.185335703872245716e+01
1.650709037129391277e+01
-3.366585240123663425e+01
-2.745793167498080223e+01
-1.034520765761555339e+01
7.129235621979645998e-01
-3.313242617867110340e+01
1.624274185391850267e+01
-1.807833614416183110e+01
7.931794231960807906e+00
1.867164400673715363e-02
1.190140017454013588e+01
8.067035359692177110e+00
-1.182255489672669313e+01
2.561122330078485732e+01
2.053757740671736087e+01
1.615242094799293682e+01
-2.323228578594840243e+01
6.542956816668166198e+00
-1.196022707593274248e+01
1.551222666311308274e+01
-1.252737231329541601e+01
-3.114824454267027676e+01
1.116674835542953304e+01
-1.516782442868100134e+01
7.444137165265374279e+00
4.842746350295492164e+00
1.609400820391341824e+01
-3.361895437470354864e+01
-2.237265780169633445e+01
9.556309894298401275e+00
-1.741792005260011678e+01
2.780355058292451531e+01
-1.448108081204500763e+01
3.417328734860927852e+01
-1.653664992185900218e+01
-2.098204772037843924e+01
-1.878075922915172669e+01
2.393875555757493601e+01
1.398393836984119787e+01
-2.740352731497813821e+01
-7.156253657524558776e+00
-2.265005154535565168e+00
-4.776483317828336794e+00
-9.121304999148307502e+00
9.484424750560869199e+00
-3.824568943920822051e+01
-1.733661158813330871e+01
3.783454359713984161e+01
5.000000000000000000e+01
1.235439990452002945e+01
1.245622210066574809e+01
-1.577363381947272103e+00
-1.327903260572210797e+01
3.626258719662753549e+01
1.388505757180724487e+01
-9.089814715810419443e+00
2.248354586632014218e+01
7.563691216158062502e+00
1.593147970642689870e+01
1.803454514993740077e+01
9.876721580003888334e+00
4.859263720524718622e+01
6.958584471263641547e+00
4.101387814697606871e+01
2.514338807799757092e+01
-2.106002419113066537e+01
2.327567624896495602e+01
-2.212151906452191241e+01
1.617110465295208144e+01
-4.216382172168223974e+00
-2.696312678455259970e+01
1.870780705271272382e+00
8.363746089884863011e+00
4.085826341811844031e+01
1.202226184854331592e+01
4.151530301442321047e-01
-1.694159690477030722e+01
-1.886900378254866695e+01
1.564348306867614724e+00
1.428371074387885642e+01
7.188078519510767705e-01
-1.902388075254767230e+01
3.408998610680291108e+01
1.526886630832288461e+01
1.020749047085816130e+01
-4.304510827333643874e+00
1.288176373300853328e+01
-2.689432922536333948e+01
7.659628125609074800e+00
-2.590374599270776201e+01
3.270912687840208832e+01
3.312775205328033223e+01
2.098470961868038387e+00
-2.029811505078634681e+01
-1.628599832287559224e+01
-6.299925476004865743e+00
3.535068956781259430e+01
-2.554227155960505158e+01
4.146426906828767756e+01
4.147824661486521336e+01
-4.142572154412833640e+01
2.600831909031626310e+01
-1.269559024146531812e+01
1.518145342526106845e+01
1.526215324863346723e+01
2.376406115418980391e+00
-1.829173872794268618e+01
-4.468489046568244305e+00
1.713362243676020569e+01
-1.683165175777099165e+01
1.822679703352326896e+01
-2.161854499896536197e+01
-3.279235515405112977e+01
-1.829100412882495164e+01
8.374715245908689099e+00
4.237714883200310112e+01
-7.516749758989192287e+00
-4.565893120962797269e+01
1.044071640765943698e+01
-3.521724105198327948e+01
9.580137007354728951e+00
-2.960780087753061096e+01
-2.691116609109525015e+01
1.892169154231191897e+01
7.499025570290029918e-03
-3.966057134764226078e+01
1.478513775366361926e+01
2.020595401617617881e+01
-3.587676038013502477e+01
-3.430233490921384032e+01
2.894932588906726778e+00
-2.850592543356176378e+01
1.685563323368469923e+00
-1.224031316062894348e+01
-9.012814749196223829e+00
-5.442392909591340810e+00
-1.559130508743608345e+01
-1.720698072797291189e+01
1.387814512628878560e+01
2.952946236191993989e+01
-1.151470926931136773e+01
2.707010168101676584e+01
-7.663527095047825810e+00
-9.451608906430799095e+00
1.129729861149814951e+01
-4.210327223446145695e+01
-7.433957083105084962e-01
-4.094348539666843578e+01
1.114636236009965131e+01
-6.925448189986042280e+00
-6.303185600223315532e+00
-2.761292664158918697e+01
1.207563823325705954e+01
1.080193880276618756e+01
-1.825699402025902529e+01
2.190943875726919998e+01
-8.470723375615015982e+00
-1.707936896598874199e+01
-3.703152228601985030e+01
9.752375071516084404e+00
-1.987927915704519322e+01
-2.644085502522116826e+00
-7.875002531809840889e+00
-2.235898947960502881e+01
6.601435499655003980e+00
-4.310967777770427034e+01
1.183934879971481280e+00
-2.033748113036224936e+01
-2.573246217111261558e+00
2.528115433450034288e+01
2.511416979679336237e+01
4.043793323177852983e+01
1.627880140557830657e+01
-9.606338184193589314e+00
7.289696876817821192e+00
2.565939049497907831e+01
3.235872809872631706e+00
-3.537448288939327767e+01
-1.117350138671769599e+01
-2.354696915617513397e+01
-8.240685275793850906e-01
-3.540280843880522355e+01
-3.201065818385553996e+01
1.046760859936413368e+01
1.463991516690768435e+01
-2.195011319136028760e-01
-3.897297748216033142e+01
1.677710181130743194e+01
1.178147208866148077e+01
1.002002208698428376e+00
5.000000000000000000e+01
-3.603561355012755740e+01
-3.159762873173645303e+01
-1.735468377917200655e+01
1.987293972091525518e+01
2.104432378421414285e+01
-5.873274803867047922e+00
-8.730153230437501577e+00
-8.851346070900646623e+00
-5.995945144201293431e+00
-5.682081088301380589e+00
2.814120596225605198e+01
7.370740290119023541e+00
1.574477337699474333e+01
-2.077888125127458352e+00
2.193719372802587486e+01
-1.532070381926211411e+01
-8.093981444196998609e+00
1.414106942520906784e+01
2.049333870562426796e+01
1.058674068547458091e+01
-3.176767456615068852e+01
2.591160796478845896e+01
-2.943781042313028351e+01
2.857845899138197865e+01
3.762271218615832424e+01
-3.708034169710863637e+01
-3.699464020332295888e+01
1.390601436991519790e+01
-1.392583093752521961e+01
-2.487607913124998404e+01
2.985529029352787234e+01
1.224186459464983301e+01
-1.638320508123310759e+01
-2.077627627423683876e+01
1.971780868588449209e+01
5.331885781248359990e+00
-2.339062679321953198e+01
-3.118833604289294925e+01
2.502254463799448558e+01
6.536961506844107817e-01
3.414105312757264699e+00
-3.654190321161648569e+01
-4.315591696250905329e+01
-1.782648828770210514e+01
-4.040936900344792093e+01
-5.073486139513214255e+00
-1.087090882607770226e+01
-1.044320385454440014e+01
2.895911550191978279e+01
1.509586534893585963e+01
2.176054565260886875e+01
-9.550105365999208118e+00
1.372172563808402401e+01
3.687212638036785961e+01
4.131988172128504289e+01
-3.781029254191496847e+01
2.378078381844818523e+01
-3.992383958423399548e+01
-2.425092525837493795e+01
-2.690145888315951694e+01
1.031932229952949598e+01
1.236630592437630582e+01
4.542156051234677250e+00
-6.004073791039694186e+00
-1.398092931220176638e+00
-2.830915194200665397e+01
5.814237263962276359e+00
3.029314358455874867e+01
-3.053964580898185943e+01
-2.212321222574076174e+01
1.332112455504971393e+01
-1.134626784232597174e+01
2.186528859100261002e+01
3.081990329547699048e+01
-4.182183100631548456e+01
-1.199139694940779322e+01
3.550298041671830163e+00
-1.703056374005348061e+01
-2.224188059205862800e+01
-1.769257987752996542e+01
9.244457867162779507e+00
-3.360577492800273092e+01
7.815246180822974509e+00
1.717430299333466337e+01
-1.457446403820937064e+01
6.912878864855919403e+00
9.729721334805851995e+00
2.214850991137198832e+01
2.370873801370029810e+01
5.393740039058144475e+00
-3.275811743904645112e+01
-2.029103970259730261e+01
-9.823270349491103559e+00
-6.910467508425725214e+00
1.744620476243056828e+01
-1.632329223569715992e+01
-7.932348281772938492e+00
2.566525058757271438e+00
-2.063449682077617808e+00
3.326966749763882092e+01
-1.055622493445875421e+01
-2.298759225813775231e+00
1.069391267185771000e+01
1.044904094842524955e+01
-3.373452018070153713e+00
-1.788904832455163785e+01
2.788092245112994760e+01
-3.720521894459501766e+01
3.254268885771710984e+01
1.708889373386426769e+00
-2.135195828612242863e+01
-1.699949685688260104e+00
-5.768075197329977755e+00
-1.815492729006912498e+00
-4.067007007431385546e+00
-6.449237493991589076e+00
-6.701508237059897510e+00
-1.698137657917713028e+01
1.662725815711878852e+01
-1.619874430426454381e+01
2.683126135613578356e+01
-2.496981924241128326e+01
8.713381616543358632e+00
-1.400852264424830906e+01
3.208659022357431923e+01
2.000458839391367860e+01
3.129673412190713577e+01
-1.052404231293646575e+01
3.472072556666608989e+01
-1.157927788194044183e+00
-1.662094065025006273e+01
1.645027023761109319e+01
-2.634363309451971347e+01
2.388318922122491017e+01
-1.542922026331595475e+00
-2.316047193815236227e+01
9.744776819233734955e+00
-2.587735037336019062e+01
-3.465513477086815897e+00
-1.385344365473235939e+01
-9.116817462532885941e+00
3.235174136693359515e-01
-3.802347708659262082e+01
9.900290725310675555e+00
-2.944672836102195745e+01
-3.405434796978987322e+01
5.111382632859161390e+00
-1.681225009426444927e+01
-1.117824087313270098e+01
-2.046308243270676286e+01
3.160182984796101380e+01
-1.189073892147879263e+01
-1.088736831804097704e+01
4.466941961492473467e+00
1.018502074111437139e+01
-3.471266088964391372e+01
-2.862714072065858417e+01
-2.360002998849384781e+01
-4.698145418182164690e+00
-2.419220734020726127e+01
1.839266363243869762e+01
2.663202062948397497e+01
3.346626880999806986e+00
-2.169821093812164392e+01
3.350335396961092727e+01
-6.938229038575514096e+00
7.524241373257481769e+00
1.692486171151315943e+01
-6.929387128985844413e+00
1.221525043844495428e+01
-3.550416849152121301e+01
2.680328413864643267e+00
2.082403384339156105e+01
-5.109725256521329584e+00
-1.339163925172120173e+01
-2.887916730138150712e+01
2.721599190330623230e+01
-1.921786666310799774e+01
-1.040836329051879261e+01
-2.254309479079056899e+01
-2.877585557816701822e+01
-5.983896629329969130e+00
3.703520697050620925e+00
-6.870400973248074195e+00
1.764523394225791719e+01
3.727101168154760558e-01
-7.045796726376373442e+00
1.074784345749932868e+01
1.459850914527203258e+01
4.229030348987056698e+01
1.026572327493249048e+01
2.162697102650510317e+01
-2.939109577327096900e+01
3.978473300140016988e+01
1.564040837145505236e+00
2.462883871627687427e+01
-1.858075925403090878e+01
-7.753639319277226605e+00
2.570192136377642100e+01
-1.313504028824063141e+00
5.961970520509481730e+00
6.755525018338268239e+00
-1.711550117226131817e+00
5.500490645115007737e+00
1.478760838045536730e+01
-4.042997327021132747e+01
3.243932456282306021e+01
1.852796406878896107e+01
