1.002416957061519298e+01
5.083037638819497772e+00
1.702197285545167915e+01
2.868842869495203729e+00
1.003954086045075655e+01
-2.594312987376159896e+01
2.521401623292769045e+01
3.013094986843431400e+01
3.010945008336389606e+01
2.725068258716247271e+01
-2.353790116121344766e+01
2.587251143688369837e+01
2.758729848495791259e+01
2.776930267226013882e+01
1.501995420461837227e+01
3.099449976191569078e+01
2.772787727309864181e+01
-1.450317476974248621e+01
3.199770817304622028e+01
-5.810420826036391873e+00
-3.531987851952817437e+01
-4.983506951004208929e+00
1.252236057931517621e+01
-1.350869525350780975e+01
-5.433311945373233698e+00
1.260393000893242998e+01
-7.503308583691108424e-01
8.940265939270446438e-01
1.287940146430958066e+01
-2.115215584502148261e+01
-2.498566663053541959e+01
-1.035709054769371562e+01
2.555915558969499557e+01
-2.742198622235434868e+00
-5.678913858547026905e+00
-5.897707122490082554e+00
-2.123560496739523984e+01
1.490495581928384183e+01
-2.086990628299154693e+01
-3.161172578907497410e+01
-3.785809199329577268e+00
2.343577976934263063e+01
-8.001709328401304333e+00
-3.266228357781750447e+01
2.027084352013352486e+01
-1.486069654271945240e+01
-2.331026193757892884e+00
-1.945855286634409609e+01
3.660112539697452405e+01
9.376172036958493550e+00
-1.964416664784573285e+01
1.704083261015991013e+01
6.279626710116581023e+00
-1.732086052006350485e+01
9.821286422540431715e+00
1.164487911303915268e+01
-2.563898164207688524e+01
-3.502408029018342006e+01
-1.303533728593625796e+01
5.641583967235661135e+00
-2.998548597160520757e+01
-3.047591326649182264e+01
-6.105573094938847589e-01
-3.224968771214964391e+01
-1.484037715099502464e+01
1.369438273890119717e+01
1.545433587411027077e+01
3.320453231985808884e+01
-2.117868574655872749e+01
1.286700427548290548e+01
-4.205543008743355671e+01
7.279904000012940912e+00
-1.133226523819125475e+00
9.818103896101185057e+00
2.132722201587029076e+01
2.250096604679742995e+01
4.934089328016433740e+00
-2.095307537233899353e+01
-2.713796567617882260e+01
2.141658632148846664e+00
3.881843767404227208e+00
1.597930514471237018e+00
-1.932113710593500855e+01
-2.821790687821738075e+01
1.754169237221407229e+01
-2.167382218808485206e+01
1.505746410342332808e+01
-1.081163259590856285e+01
1.664401541702915210e+01
4.045020237459911527e+01
1.839999158444594229e+01
-3.586127783907193844e+01
2.913751746189757341e+01
-2.609439665440660860e+00
4.607768508624474180e+00
1.477890835998296382e+01
1.648025699801760879e+01
7.889168045798243156e+00
1.470656413581906463e+01
1.965660095008307451e+01
9.729188361860089174e+00
-1.365361653873259229e+01
1.202658196331412199e+01
1.875398260349474810e+01
3.822673543455650247e-01
-2.918623491397386260e+01
-4.125751701920592041e+00
1.415538601690546727e+01
1.149384469214835747e+01
1.277017539524263157e+01
-2.232408834092739625e+01
2.323220453625229709e+01
-3.374582945261614952e+00
9.804087757577022444e-01
2.653940444121710129e+01
-1.752545532582877286e+01
-1.691704357752472987e+01
-1.505680789687225740e+01
-2.518842102224333246e+00
-1.238800763563031637e+01
1.466446804660070313e+01
-2.453684844053213965e+00
-5.276568064407229031e+00
8.085627405806242507e+00
7.734894204034993948e+00
1.158826199558491510e+01
-4.813327530823478639e+00
5.542722279348410552e+00
7.266432809599045584e+00
8.567932761942856246e+00
-1.020871147574619897e+01
-1.433900462957365818e+01
-1.697341480643016354e+01
1.357660828013531784e+01
-2.615050338837768606e+00
-1.987189915763108417e+01
1.510253510651639886e+01
-1.486352168377474214e+01
5.696707108872232084e+00
5.282126961910236673e+00
1.712772624502215990e+01
-3.252723123241628400e+01
-2.007941500279203950e+01
1.566358334879028291e+01
-1.538780144555781249e+01
1.964699930203964584e+01
-1.747452044098783830e+01
2.572502501141137543e+01
-3.212717769042299665e+00
-2.314973627959233227e+00
-3.268890722807348936e+00
1.272971333540743188e+01
1.022224825765275824e+01
-8.628895548496664958e+00
-1.166205491440294395e+00
8.692174604522641346e+00
-3.233956431303113277e+00
-1.733491051251366599e+01
1.162592357822384770e+01
-3.529254286973512933e+01
-2.954382569405709091e+00
2.207420712728648482e+01
3.573519734928943592e+01
6.957946301291158875e+00
6.012717588225434895e+00
-1.082301657848216081e+01
4.454026441136669234e+00
3.598274721679402433e+01
-9.989031106837479967e+00
-1.849981072984774499e+01
5.859027070117846847e+00
-6.041558978119020651e+00
-4.592985914457585750e-01
1.421492800982882443e+01
-5.127403123172648236e+00
4.169124864639924510e+01
9.097134962408404135e-01
2.456206950178400916e+01
3.248713552669465798e+01
-2.277663694154943741e+01
1.618244823484194228e+01
-1.292836204003335610e+01
2.343732445919441432e+01
-1.164197681929720574e+01
-1.550129419347234716e+01
1.289309801921938714e+01
2.947494393591952644e+00
2.986708270604461291e+01
-2.313001681536988485e+00
1.422476132393947523e+01
-2.118145360586668602e+01
-2.190333018178845492e+01
2.178058761819897882e+01
2.282564315686160228e+01
8.848423976828158288e+00
-1.537494095312091247e+00
2.902529853151375505e+01
1.657783557462214219e+01
-5.368207431413132724e+00
3.450215888087228677e+00
1.789198392822460448e+01
-1.911841636632836128e+01
1.094271488761185651e+01
-6.856264315658378905e+00
3.400645581322150690e+01
3.157949617869893189e+01
-1.817698871190863130e+01
-1.802644680882835715e+01
-1.754129714002544915e+01
-2.047425949066963113e+01
1.674978761781973446e+01
-1.249319984642114179e+01
3.542609260790889891e+01
2.987077383311734025e+01
-3.779113938007679252e+01
1.986142888192524936e+01
-4.120585168064025083e+00
2.093778179769864778e+01
1.123243190611028552e+01
-3.745150837344318973e+00
-5.604051864711657061e+00
-6.867445586520197764e+00
1.808944141290230334e+01
-9.415421946551440158e+00
2.679106577047313920e+01
-5.787733591300423086e+00
-3.490877264156884507e+01
-2.093444410302190306e+00
9.665915252209366315e+00
3.610153087471124422e+01
-1.300746433174759886e+01
-3.701564725786840171e+01
9.369147266327914281e+00
-1.769864788078771056e+01
1.204318908079174122e+01
-1.625948491035169496e+01
-2.711162246799327491e+01
6.560767281313381716e+00
8.026430026316120347e-01
-3.797565787704279217e+01
1.577362574364831005e+01
2.448822448197003609e+01
-3.708797840910347077e+01
-2.141910336901857903e+01
1.341222017179387649e+01
-4.449369100547500011e+00
-1.964676385940166270e+01
3.712857789280896270e+00
-1.747378815672853136e+00
1.159945657601028302e+00
-1.607702398806944188e+01
-5.378711813615524306e-01
1.658336119612604875e+01
1.752393130761684858e+01
-6.365967204087311870e+00
1.389888893828364047e+01
1.374741478974787157e+01
-2.078756725035928454e+01
1.858022596591996489e+01
-2.641955200480717991e+01
-4.922415087274004009e+00
-2.100590146485560439e+01
2.683845005644637638e+01
-3.467964409080039445e+00
-1.070565248829375804e+01
-1.644391741714535016e+01
2.472266822108618101e+01
5.271625735784780886e+00
-1.100548698003346715e+01
2.223461737402617189e+01
-3.587493111039698590e+00
-9.001522542390191006e+00
-1.033062130891706687e+01
-3.984042821500359821e+00
-1.877786527652571280e+01
1.145933553051494869e+01
-6.636308280090787548e+00
-2.728228537065014336e+00
-3.774258498982774768e+00
-3.516700270346286317e+01
-1.129427719938574626e+01
-6.564003793217729310e+00
-2.421997238229600669e+00
2.100663642132222719e+01
2.095727759628941556e+01
2.623899255226626792e+01
2.236072374310759869e+01
-9.377892281938926544e-02
1.473837566832783352e+01
1.995375120778133748e+01
7.366449729869906093e+00
-3.045806915347905530e+01
1.800216301888525550e+00
-6.418429531807205990e+00
-7.005724678422986074e+00
-2.981184515162365756e+01
-2.090773909216023085e+01
1.972514874359113435e+00
1.531339097704774588e+01
1.512499044975076856e+01
-2.305635868390313448e+01
2.469333232064366257e+01
1.530800539433089114e+01
-2.768511806588122681e+00
3.643743926902006081e+01
-1.287613451347648663e+01
-1.687102250295401262e+01
-1.200906420061811275e+01
2.186134813110452058e+01
5.845013857633404086e+00
-6.039384945473358357e+00
-2.656224574665309035e+00
-1.390139105800471953e+01
-1.243313735418846022e+01
-2.010090942173642858e+01
5.516297515637866411e+00
1.518212334928959706e+01
1.500541727488347021e+01
-9.255833818124756363e+00
2.719314108798563723e+01
-8.945971602708212345e+00
-6.308657269116814348e+00
2.563637237966335647e+01
3.068534917250578076e+01
2.508761105837477601e+01
-3.040243848838598950e+01
1.383665595057401987e+01
-2.385235765306986622e+01
1.888693293429834341e+01
2.369066797552828518e+01
-2.006738007022844172e+01
-2.526739580448819567e+01
1.111730726653360790e+01
-2.062864576047831378e+01
-3.113749307033148028e+01
1.990365651588921025e+01
7.401332626503695167e+00
4.464162611857673824e-01
-3.153437933727737530e+01
-1.627552336006758082e+00
9.564726736437805243e-01
-7.676699141330495024e+00
-1.891969998298836941e+01
2.493202894429650485e+01
1.170463925631023727e+01
-2.279244268579304844e+00
-3.235757835810839822e+01
-2.393805350892293049e+01
2.108441516714130159e+00
-2.861929532327190273e+01
6.239837993836538033e+00
-2.569980328219054044e+01
-1.935274240823385128e+01
2.315417338504994405e+01
2.674193020833470769e+01
9.847506503616109796e+00
6.174634616036478008e+00
2.156420907872079340e+01
3.472207612929952347e+01
2.616630982869226330e+01
-2.252332665309391757e+01
1.616750708504847012e+01
-3.168417535684323738e+01
-2.442681721338094292e+01
-1.539235674903161311e+01
9.319225514953444645e+00
1.166049250738952736e+01
8.462393647440933364e+00
1.260605328470377628e+01
-9.140827796009773465e+00
-2.172123304927642096e+01
1.962546066053367610e+01
3.236190760763658147e+01
-1.643612634085862823e+01
-5.020852532838532056e+00
-3.094734745180964808e+00
-1.981676219377605008e+01
1.199726941833143457e+01
2.187735127413134251e+01
-3.619110321780188144e+01
-5.530523873386655964e+00
1.161791133648137020e+00
-6.419631994801981989e+00
-1.500659358513115649e+01
-9.744553866358451444e+00
2.413766148976669967e+01
-2.573409651363090944e+01
-7.388910388326976886e+00
1.890804077493814361e+01
-1.178593297050147726e+01
3.843926235625971799e+00
1.222556833792389597e+01
1.903190422805722903e+01
1.726779640685566619e+01
9.926090897124950629e+00
-1.985865146108647394e+01
-2.746508244612342864e+01
-5.128558196072802389e+00
-2.970453907471885202e+00
1.539940031842803592e+01
-1.020773549734692409e+01
-5.959268270667465117e+00
1.527849684611788916e+01
-6.339755476238920551e+00
1.771344732112298459e+01
-3.332697857766504512e-01
1.159847309072452504e+01
6.313785692600667687e+00
2.537757328618894803e+00
-2.679662342046718493e+00
3.302928721159844372e+00
1.353287204724147585e+01
-3.644623959285684123e+01
3.326216655948070411e+01
3.443948277534246927e+00
-2.081899928062761518e+01
-3.714744934446187585e+00
-2.144640224833337427e+01
-7.124675112011949807e+00
-2.310406284555497791e+00
-1.789552175249583854e+01
-1.391385449021414900e+01
-1.184832025547091661e+01
4.054351581447335207e+00
-1.570068569182214446e+01
1.571361516665704983e+01
-2.117513186762422350e+01
1.925981271503340508e+01
6.024906970168821374e+00
3.211048832772651451e+01
1.553754487300970766e+01
1.407207079031205410e+01
-1.509746736999881023e+01
2.607203371644456524e+01
1.797008768888808561e+00
-3.674639668262720704e+00
1.559531265261868782e+01
-7.793103422778600020e+00
2.370907154471237277e+01
1.361697921014428658e+01
-3.251725670136641355e+01
1.084217809331775584e+01
-5.631007472846349060e+00
-6.850934709342766382e+00
-2.093619957814243548e+01
-1.832894389738521923e+01
-2.262428263168878573e+00
-2.282341492191234522e+01
1.882115647310875772e+01
-2.437557608738715231e+01
-1.657257232394937319e+01
-3.616643420525562647e+00
-1.425484609398446167e+01
-1.047750276952550053e+01
-2.664081633145971750e+01
1.194718893792816772e+01
-5.399793860098135667e+00
-1.931822325217648739e+01
1.113535009245170926e+01
3.916237386413854438e-01
-2.914614587498511256e+01
-1.746423581304652117e+01
-1.299064707832779675e+01
-1.046088867843534587e+01
-2.927209048190018237e+01
2.345962978632307738e+01
3.112916388362239672e+01
1.691218518416214067e+00
-9.458784298843774252e+00
2.350187077059221963e+01
-1.154800835296822470e+01
1.801515289306202305e+01
5.716810676872775332e+00
-1.171854330116507725e+01
1.058475107778793500e+01
-2.953854899253389021e+01
-5.684483613571238436e+00
2.274719268728473764e+01
9.639323564103762010e+00
-1.867285040504907556e+01
-2.585494831623807599e+01
1.516296401481125145e+01
-1.290617299380593153e+01
-8.792131142332458182e+00
-4.888583529212354506e+00
-2.975412154263689501e+01
-1.177415827280950111e+01
-8.409567976155145175e+00
-3.904899219406779309e+00
-1.276430356741862226e+00
-1.187938907940655042e+00
6.292655668734326468e+00
4.547566146901807826e+00
1.107519434535460334e+01
3.111535498905482200e+01
1.900381602408856452e+01
1.250430506109064765e+01
-2.092984836163907403e+01
2.008399113518821366e+01
1.620589844629209608e+01
1.910346755074644420e+01
4.587878976748228865e+00
6.059953301962451633e+00
2.290659917076263241e+01
1.717200094363494145e+01
7.008809276237016661e+00
2.108427529753036822e+01
-3.086521991242882734e+00
4.950623642968842830e+00
5.035663585020699884e-01
-2.228302809546114460e+01
1.658059391480762201e+01
2.672814556142728293e+01
