6.159641872747542379e+00
1.912559319573578875e+01
1.545687488517899055e+00
-1.207300831944328223e+01
8.078154656898092867e+00
1.692701125697269049e+01
-1.073272871002929207e+01
2.562751553018891570e+00
1.852382123411632620e+01
3.004332578219326422e+00
-2.226748319115564456e+01
1.674936210232895917e+01
-4.110003014313782899e+00
-2.220021730781380853e+01
-2.086689702513959688e+01
-1.063583718519002019e+01
1.799434590267196654e+01
1.097247316381363191e+01
-2.172207433277669963e+00
8.979575481227342948e+00
-1.015190213856986645e+01
1.815147069890940656e+00
4.168203849410957673e+00
2.493670152233384840e+00
1.121842138188991100e+01
1.834730482571866617e+01
9.591441028685352421e-01
4.786450993350889860e+00
6.644246394000816736e+00
4.956217220967616299e+00
-2.595886352834820698e+01
1.320741686341975196e+00
-8.102508931203111331e+00
1.744456679489745454e+01
2.666688630077310052e+01
-1.336669583851354304e+01
-8.420269191187237823e+00
2.528145159742497583e+01
1.945321144181509965e+01
9.935998406025206009e-01
-1.688665331233339373e+01
1.926501720501590853e+00
-3.866040943398141394e+01
-1.003103875623188657e+01
2.701709965018767434e+01
1.879632975809683160e+01
-5.795964197635008475e+00
2.111843234006421710e+01
1.988074404736615008e+01
5.832067184789039516e+00
-5.272052408019675340e+00
-2.397470321206067823e+01
-6.520430415510745092e+00
1.925010459631690196e+01
8.007501117833790261e+00
5.357603836367530903e+00
1.959037916845463201e+01
-1.648287132441623726e+01
6.289101947192335729e+00
3.206444057553208893e+01
-1.509795718113707608e+00
1.514239338518234490e+01
-1.784418769879929556e+01
3.332669741228123428e+00
9.001570572383798208e+00
8.180810015118410661e+00
-1.996578932332508316e+01
7.436719875242722821e+00
3.476631471840676113e+00
1.954036353549093974e+01
-1.627388262349613512e+01
-3.776710728998587285e+00
-1.258278960571610128e+01
-3.278136990192169264e+01
6.555930708818550556e+00
-8.875720221758278683e+00
-5.272790230995880734e+00
-1.042555028666998140e+01
1.709975362426241929e+00
-1.994751257701530278e+01
4.578471831920722934e-01
-1.493964269182062310e+01
6.377852801144243244e+00
-2.175136033956039938e+01
-8.485168758482217299e+00
-1.138201391130836271e+01
7.685376851462180525e+00
-4.361147048876169663e+00
1.273076853592749558e+01
1.221133508167170589e+01
2.830815754564470410e+01
-3.178897804013701034e+00
6.306125764109118848e+00
-2.453590348169910840e+00
2.725333855075220413e+01
-2.353875250984223300e+01
1.013872345481535575e+01
-1.828826156403051684e+01
-3.368918544940972026e+01
1.023475978495843464e+01
-8.127840012858627006e+00
-3.834592558634283677e+01
-1.376400955993282338e+01
1.493481631874156790e+01
-1.898891933037390345e+00
1.273546774382307945e+01
2.006600358660284655e+01
3.104867437661079066e+01
-2.346338358679595615e+00
2.273118686104571395e+01
-1.111593470330637956e+01
-6.334781404247493697e-01
-5.499547759955156323e+00
3.159208408563786463e+01
-1.644984385039252572e+01
-2.106934941132167083e+01
3.296890956598694800e+00
-1.357664283016995199e+01
8.970862076292142717e+00
-2.996519407020238290e+01
-1.024447543398839144e+01
-3.658171343906671780e+01
-3.069311485618008817e+00
1.678173022047468521e+01
7.350576027370017584e+00
-2.952783072360871586e+01
-3.065509296677451090e+01
3.234959533161142531e+01
2.721677105399565733e+01
-1.143499768425490259e+01
-2.227563224672898912e+00
2.634413671484959707e+01
-1.878995858132048724e+01
-1.537328511847606194e+01
-6.385711653935473464e+00
-2.344687209128210270e+00
-2.478497317894003515e+00
-4.390402319524945085e+00
-6.594369921693512993e+00
9.539327162442390318e-02
-1.470766562895639140e+01
1.442698250044095687e+01
-3.114682868740445798e+01
1.002135717317549535e+01
2.023803827552502810e+01
2.466605342945939583e+00
1.809501811024301787e+01
3.098131086925278055e+01
3.250593206305609328e+00
-1.651044198876937230e+01
-2.497425559437813547e+01
2.149723451466481094e+01
-6.370876301486660509e+00
-2.215730296419799927e+01
-2.684172753694531366e+01
6.890390488827804916e+00
1.752529005416455732e+00
-7.322622772021873061e+00
-7.218094808875513024e+00
3.529057993779403546e+00
-2.058530835826385541e+01
2.583129740529663820e+01
9.733182644154517504e+00
2.518987700998171420e+01
-1.852256964627230218e+01
1.854867539110425412e+01
-8.084841384909090323e+00
1.562278959419037960e+01
1.290335540814274395e+01
-4.431031417460118860e+00
7.673377224774426963e+00
2.050745211748402141e+01
2.325851532009545508e+01
-1.455284616312884083e+01
1.039201700422154317e-01
6.234467941914608957e+00
2.393393665321180208e+01
2.166498780381338918e+01
1.037699157060441024e+01
-1.407223162176975961e+00
2.470985162275707125e+01
-1.286842257257237776e+01
-1.503827204116531391e+01
1.014987476688528290e+01
-2.566404012234280074e+01
-3.309180128468086934e+01
2.462008472988344465e+01
1.723939854345040601e+01
3.958135643021699934e+01
-1.170662008797599185e+01
1.445230290533453399e+01
1.892191653150420905e+01
-9.764039861542649135e+00
1.455825137669886260e+01
1.294387929522853398e+01
-9.567465971865871666e+00
1.465139952171490734e+00
-3.977390047597324951e+00
3.051999900063404425e+01
-3.490671227343966621e-02
-1.139399921693067341e+01
-1.559448605247537500e+01
1.298931867343986823e+01
-2.775111686006485101e+01
2.992870593947607460e+00
9.124722913640660238e+00
8.084587981529963940e+00
-1.403073595717650335e+00
5.145317508925352001e+00
-2.131913813551221892e+00
1.434326812266397155e+01
-1.165210645458444105e+01
2.300632001737625387e+00
2.458198818226357218e+01
-1.361831496825047338e+00
1.179587676055901113e+01
1.317562554557638776e+01
1.006517669397021564e+01
-7.859910755761845280e-01
2.273260329255717238e+01
1.052299658404712801e+01
1.591538238165452412e+01
2.525168599461458996e+00
-7.096138695029999610e+00
7.110031706284019037e-01
-7.775924391748048947e+00
1.898212858946621395e+00
-2.289315964018975080e+00
2.133925830708938065e+01
1.056592499663777573e+01
2.462006277720442426e+01
-1.438236307957084392e+01
1.311932812019108496e+01
-1.454880405106014507e+01
1.674149433024246036e+01
-1.501019429205587130e+01
2.119252353199527761e+00
1.478188684573025569e+01
2.563794303186531920e+01
6.750998026006094221e+00
-9.968542182574083199e+00
-7.975893694638216402e-01
-1.247285674480348661e+01
4.074907395830365431e+00
-1.596079754232846426e-01
-3.369065564342675145e+01
1.950719765021887042e+01
-1.188269059401657302e+01
-2.254522914054707883e+01
6.656269339124385453e+00
1.841056835999263797e+01
-1.013286071726363957e+01
-2.275137534990776444e+01
1.093979556124025976e+00
-1.172940652183868337e+01
3.232218124710304608e+01
-2.650156355974313982e+01
2.067408042402917090e+00
1.564423620670383741e+01
-2.786251874631327041e+01
-1.139349122158119343e+01
-9.314841017542192958e+00
-1.970657027693292207e+00
-1.036241253116617145e+01
2.558546101017476815e+00
-1.446502539513826235e+01
-2.243394886702980173e+01
-1.266681630030348771e+01
-1.570948697196131860e+01
-6.135929600584596244e+00
-5.504320679873487165e+00
1.880598393263448997e+01
-2.721655852435401712e+01
9.457740226649626436e+00
-1.697996776549298659e+01
6.079940248155935478e+00
1.662319639560159601e+00
-2.522087277776369163e+01
1.583318776779552195e+01
-2.330473635339819083e+01
2.037332847256695345e+01
-1.376731720221015820e+01
-5.339152481656647353e+00
5.487681991664295822e+00
2.396634130320565248e+01
2.511766424034583167e+01
-1.143018915053300333e+01
1.740461615507939541e+00
-5.289767946322491809e+00
1.188100319164714591e+01
1.537801386264236214e+01
-1.646588536821127491e+00
-2.513407121067757544e+00
-2.914620628493339183e+01
-1.151119037597577943e+01
-2.860815509890042208e+01
1.051480070223346530e+01
1.737645880647269792e+01
-2.430581901166608461e+01
-3.339239838834755858e+01
-3.656357123796408359e+01
-1.871738882836518769e+01
-1.483257714615931633e+01
-2.188621319925040609e+00
2.548204007934931781e+01
-1.722374396090599191e+01
-1.820833425101963599e+01
9.657231598093218849e+00
-6.864428783449476157e+00
2.598045318612982157e+00
8.318907005320454573e+00
-6.711362690143005238e+00
-1.870038702058288038e+00
-1.009731224115030557e+01
1.847833799752793027e+01
3.063707719380153094e+01
-1.100857010726187468e+01
-5.456661696072423240e+00
2.274064382001728291e+01
-9.404094920626278054e-01
-3.289353046778681744e+01
4.902562795688382380e+00
3.815513545531388218e+00
7.006162790888211589e+00
-1.363098130578841705e+01
-1.760411395052337724e+01
8.320032102010124220e+00
-2.670427426143238137e+01
3.039771642954842434e+01
8.990430618468060686e+00
-8.846999536214525506e+00
4.433905266947135715e-02
-5.488153636688224424e+00
-7.847566411653041030e+00
-7.922076718725747924e+00
1.974955315801156530e+01
3.044103367175831920e+01
1.891311975490907571e+00
1.982327145096803633e+00
6.781782779457245169e+00
-1.788038507420467482e+01
-3.622842996461192655e+01
8.796653631303520626e+00
1.490921515901219152e+01
-7.024085216186790603e+00
2.717638154234296621e+01
-2.726548476447391067e+00
-3.654215009577319506e+01
-2.768113275128887807e+01
3.759293812266548684e-01
-2.390371615279313744e+00
2.517760290796854861e+01
-1.303532344848946423e+00
1.873631397678983035e+01
-1.151649608321261553e+01
2.269241705239721796e+00
-8.042699323612758633e+00
1.716279764700745147e+01
1.038205531496343781e+01
1.815370398938060248e+01
-3.770241738622347327e+01
7.265705676827614923e+00
-1.386081125773235101e+01
-1.573032106912015138e+01
-2.772030028576306648e+01
-2.107593403235976126e+01
9.139607266084325943e+00
-5.114590826706212567e+00
-2.306004911246788325e+01
-2.413052280206699152e+00
-1.498078574817135689e+01
-1.023003840333722536e+01
8.078954394386968829e+00
-4.369098260392391353e+00
-1.601366916153131115e+01
-4.643608706835941291e+00
-9.917403073726013929e+00
-3.698841223603565709e+00
1.804668664437072323e+01
-3.370791935234194625e+00
4.001855076826018376e+00
7.051531469303910171e+00
-3.808578561826612940e+01
-1.771743361302877418e+01
-1.676910938552125430e+01
-1.597636810279185227e+01
-3.003996205508393302e+00
2.395647207488902097e+01
-1.083295376434620039e+00
1.888828762084399671e+01
-1.966635399196519174e+01
-2.049778766014868125e+01
-1.385393029530498410e+01
1.634376780281263564e+01
-4.194820627005988456e+00
2.564301021047910467e+00
-7.079922184718249412e+00
2.248242832930830559e+01
-3.025344763279451854e+01
-2.129982893047022685e+01
6.160438583605298390e+00
-1.768461883374944676e+01
-1.885788666708820216e+01
-1.182148571486045086e+01
2.064060894993419026e+01
5.228046504600101230e+00
3.565671166593929797e+00
7.616374894529919004e+00
1.318534280158225869e+01
-1.239988767843998119e+01
-1.138646437695444291e+01
1.463322762613252337e+00
-6.926495740644654120e+00
-4.794750983628730978e+00
5.869898629083422747e+00
1.636660537698432449e+00
-1.851886249051489841e+01
4.520376987422125126e+00
2.211822726035089204e+01
-4.674374035250586701e+00
-5.715262507171338768e+00
1.906086409357797606e+00
7.360635800449500721e+00
2.927499548415090658e+01
1.748118411742711942e+01
1.362002129014522467e+01
-2.382033444761937346e+00
-5.577784613665507152e+00
-2.597161365422457280e+01
-1.349486921046171517e+00
1.541502433813612072e+00
1.167110752530335560e+01
-1.192698665278323489e+01
2.716810200622705906e+01
-1.942971445002917719e+01
-3.720544079887145728e+01
1.481581439297634972e+01
-1.885375461132472452e+01
1.302603541899473072e+01
-2.096489860367797675e+01
9.912124917742680452e+00
9.270776182400595644e+00
-1.541478690961533005e+00
2.327693003196039001e+00
-1.795176115699362640e+00
2.630506290360374066e+01
-6.859885237280579418e+00
-1.797286374857606006e+00
1.411493949983865548e+01
-1.306599475546082800e+01
-4.131613091638200785e+00
-5.639721033786514681e+00
-2.226970526752102231e+01
-2.115288694091327315e+01
-1.424666276232829887e+01
2.254813264844931098e+01
2.623738001017542842e+00
2.016404508886753888e+01
-2.556294573863609898e+01
-1.122660369916836487e+00
-1.402375606356379478e+00
-1.644043958774088310e+01
-2.415459586903352474e+01
-1.853482443876757912e+01
-1.008624347076039385e+01
1.406162445720849519e+01
1.340530787627305642e+01
-1.827687523666437031e+01
-3.123883531023574633e+01
9.003301160649137103e+00
-1.885544001960456484e+01
1.291414243547660590e+01
9.968725324641056318e+00
1.330460214738324964e+01
-1.265356561239308064e+00
-1.733901331097052889e+01
4.304546780516481874e+00
2.111772763037168943e+01
-3.436561976495475790e+01
8.681915952078902876e+00
-2.686799135877019395e+01
-3.320617612839143362e+00
-1.853876969810983155e+00
-2.563048071589378196e+00
-3.666772120541214974e+01
2.275782494701552139e+00
9.834138001856921107e+00
-1.310103883088554966e+01
3.120815444461655375e+00
2.582377326458080802e+01
-1.388024044864142326e+01
-2.743636023756917908e+01
8.306001639968364714e+00
1.327502367319797116e+01
9.819236548661145036e+00
-5.509660519496669906e+00
1.602425837460774005e+01
-2.219322970119441862e+01
2.823900722680122044e+01
-8.509496072517492848e-01
8.642241446389043347e+00
-3.002939324685182498e+01
-2.116571983083425224e+01
4.771696814524162278e+00
-2.242912838526997632e+01
-1.840845497554042254e+00
2.378714699600593008e+00
-1.839004083069083606e+01
7.320083837385062964e+00
1.912147871697588641e+01
-2.041149664548024134e+01
3.221148231725905475e+01
-2.398992657220588853e-02
