1.281533230391727329e+01
2.923613431106174687e+01
-6.053133480436507341e+00
-8.215979638982709332e+00
1.867641682425272620e+00
1.093964199896952749e+01
-1.607161415024594930e+01
-2.709676961394578143e+00
1.496800895515322338e+01
2.198491190499996151e+01
-1.448836569017504416e+01
7.758148825118873049e+00
4.952760662992794494e+00
-7.592202556955236048e+00
-2.293889258174063883e+01
1.627154319001888894e+00
2.805988110128130586e+01
1.952790102552297924e+01
8.410025370707742809e+00
2.425794045560577672e+01
-1.602354444943483003e+01
-9.788252381039917793e+00
2.740410064165459403e-01
-2.666620279287194251e+00
1.664913874070150257e+01
2.385640828693847482e+01
-6.269137873854567999e+00
-1.358847554037726013e+01
1.118660900398516134e+01
-2.055138397649571402e+00
-3.639260943043434082e+01
1.688401394377497411e+01
3.501829972702438454e+00
1.145129219060910941e+01
2.269444726436231008e+01
-2.221326991012021068e+01
-8.313778080206013499e+00
3.987564579217470850e+01
1.062771201142697919e+01
2.535413345278023201e+00
-3.662845127216819208e+01
7.151942178130390460e+00
-3.063612267933538647e+01
-1.449564633626592070e+01
2.527064401071264399e+01
1.213354749043338643e+01
-9.714672537167899691e+00
1.248458652267903091e+01
2.863211898276185252e+01
-2.065460339220656749e+00
-3.623980068748622330e+00
-6.035397937204429297e+00
-9.410412351485973659e+00
2.367417722945162950e+00
3.752484522162831126e-01
-6.065548751670455374e+00
-3.925654041891704082e-01
-2.501358205976496052e+01
-1.047394763262214923e+01
4.145652774822816866e+01
-2.220413494756903106e+01
-5.612845874009906311e+00
-2.861320442099527384e+01
-2.642783310421371823e+00
-4.852950675449889673e+00
2.182242914200655548e+01
-1.715574922127702706e+01
4.114700412923234296e+00
-1.718922669728640074e+01
3.456427194558922622e+01
-2.731121631027911789e+01
1.525565047868344948e+01
-9.593161717033211744e+00
-2.100402768671670728e+01
1.847611021832422296e+01
2.267136736188668067e+00
1.053156807150200791e+01
1.681454923544691837e+00
-8.568657103962650012e+00
-1.790531991471403472e+01
-1.022751826734319991e+01
-1.052354325442186678e+01
1.047681645714841636e+01
-2.062283324774835691e+01
-1.134734616562816711e+01
-1.574148729086496701e+01
8.891457765313035111e+00
-6.141055347352534000e+00
3.801434125910233774e+00
3.150734430556526888e+01
2.519005178700901126e+01
-2.582906590365751143e+01
5.492952316862485418e+00
-4.395696816711655686e+00
2.442243859692460717e+01
-7.200481231199184151e+00
3.296600314676501853e+01
3.741627405798077177e+00
-2.794366702661794477e+01
6.276852376738929706e+00
-6.792458790633901344e+00
-4.211376652114105212e+01
-1.463794725472508418e+01
2.102356633400196984e+01
-1.087084508619005874e+01
6.576634352512186865e+00
4.077363013725211260e+00
3.964387506806701822e+01
-7.339043096412460443e+00
1.256081771173753481e+01
-1.370962769277795701e+01
-3.771843226598868171e+00
-1.705688525593598115e+01
1.830292841045792329e+01
-6.230939549464608262e+00
-1.807038718938048660e+01
-1.871424344963837783e+01
-1.020121759269662931e+01
1.800264828892849778e+00
-4.174250611962008861e+01
-1.326298484428644997e+01
-3.634442294228922066e+01
3.484780366365129112e+00
3.064849634128620437e+00
-4.643331094806981696e-01
-2.060710260557109308e+01
-3.231943119499189976e+01
3.089591987937470208e+01
1.984573497237589379e+01
-1.529208742472896176e+00
-9.976892784908891088e+00
2.585304819897555717e+01
-1.858296546575126129e+01
-4.990938999778094853e+00
-2.004272679174465921e+01
-1.239501706821986460e+01
3.480068544108448236e+00
2.093434873101514881e+00
9.526004523120690237e-01
-1.038980786539530499e+01
-7.884369797314185746e+00
-3.665734658029109028e+00
-2.987029560564741359e+01
8.433196971397663333e+00
7.411914381414220543e+00
2.199319815107772058e+01
9.992714984412934598e+00
4.119477422322208326e+01
-7.174778896305802789e+00
-3.267096353758459060e+01
-2.364709957222460446e+01
3.158925211608635664e+01
-4.144681198557265134e+00
-3.941578037681060209e+01
-2.079633960483422328e+01
7.992247672287433602e+00
-4.149120701931494182e+00
-9.570364322521655254e+00
4.435649826858579559e+00
-1.742334865652078690e+01
-2.829219596675821435e+01
2.828742782208276196e+01
2.873399326607166415e+01
2.004922897182012775e+01
-3.726837558980115261e+00
1.366187335396329416e+01
-5.352351839241364928e+00
2.386408657385990750e+01
1.971517731055402578e+01
5.033714012633126345e+00
2.704211391415211097e+01
3.327056273297056066e+01
2.986372555205369395e+01
3.111309392240997340e-01
3.807217998561839067e+00
1.949616131531182361e+01
1.311064804827499586e+01
2.707562842539601888e+01
1.609684543457051120e+01
1.424073414286297634e-01
2.448272065976576073e+01
-7.842045319456637742e+00
4.146947358370752568e+00
-8.281358103485338518e+00
-3.792381006057392767e+01
-2.547188455023763964e+01
1.793429447334582960e+01
2.409811494356289074e+01
3.217053385329104742e+01
-2.280774599736437125e+01
-6.999060823901004369e-02
1.467095576995242823e+01
-1.569665549195809717e+01
1.576298805176310225e+01
-9.278855105554555394e-01
-1.684506112202539185e+01
2.700102660154375656e+01
-5.063172563008549787e+00
1.842996703704751837e+01
-1.877341609518571985e+01
1.456960100064584651e+00
-8.358443569352012048e+00
2.041643123829008744e+01
-2.326552962421675375e+01
6.653282565434160745e+00
1.594386187145713052e+01
1.542808176338972714e+01
-1.586238859186832428e+01
5.004906444537908783e-01
-1.401032624853925768e+00
1.829852879047840020e+01
-9.265946931610926640e+00
2.580853942411042112e+01
2.921340242467364590e+01
-2.088404385071752145e+01
3.163379065349023733e+01
4.774863369734738683e+00
3.560364808856952834e+00
6.567457055178863357e+00
3.934184170385414347e+00
-6.343479801466926915e-01
1.789748970654309801e+01
1.601241257573437338e+01
2.814717682708902657e-01
1.350300250321019035e+01
-2.362670586658082073e+01
-1.343101536696133280e+01
-9.040283322205013405e+00
1.898218705255165162e+01
2.208723389255831648e+01
5.569496403599394796e+00
-3.096675243416087753e+01
2.491959766187609659e+01
-3.865814861862116203e+01
1.993343513120673549e+01
-1.669186655654377205e+01
-1.530494275604695531e+00
2.430464733053685222e+01
2.116221108124382511e+01
-1.053608845896331303e+01
-9.769585250851385183e+00
-7.795181467422139576e+00
-1.971509508930524035e+01
-7.629254916507846929e+00
2.174189046922663238e-01
-3.985783641529145171e+01
2.253129303818232643e+01
-2.693946912418886441e+01
-1.408659365180117362e+01
6.080017686239358454e-01
-4.610147387716168055e+00
-1.254349790503419371e+01
-1.008285582802275115e+01
4.176981928110933495e+00
1.488329634355089581e+00
3.034448328169139586e+01
-2.566310255316143341e+01
-8.117317780546059680e+00
1.133575322841697641e+01
-4.066951271026101011e+01
-8.108341977581396520e+00
-2.591077994380895788e+01
1.375564635153573079e+00
-2.988599980789388155e+00
1.007372443836725040e+01
-8.990353806682065851e+00
-1.677683022317985007e+01
2.304739418472948387e+00
-3.429913460033051820e+01
5.346207437206061286e+00
-2.009269604096829198e+00
3.243043274216070415e+00
-3.986482814969900801e+01
6.127242806270274400e+00
-2.637813356936474918e+01
-9.771160000206471352e+00
-1.671320071193567003e+01
-3.223286201751950841e+01
1.059667816799346696e+01
-3.759311094300355904e+01
2.236958259762245405e+01
-2.830654476032792743e+01
2.343120761573032951e+00
1.235073072550619599e+01
3.437269185517762082e+01
3.714035710600941798e+01
4.382018803664131212e+00
-1.761130992898863212e+00
6.627242164653701195e+00
2.356563551893867725e+01
3.952909771285362694e+00
-7.309229205013267006e+00
3.755255124013181955e+00
-3.815303297097006663e+01
5.822531023681378315e+00
-2.664820597437005389e+01
-1.056985972922129946e+01
1.310079262594641136e+01
-3.882205191971181080e+00
-2.372155781117775319e+01
-4.398135400266279760e+01
-1.212075475257544355e+01
-4.476360583603153032e+00
-7.836525366126757319e+00
3.497115552006950168e+01
-3.543613705686905035e+01
-3.429010686416665976e+01
-1.538112993509849957e+01
1.001462287199110790e+01
2.371839340722929990e+01
-1.554844928761610845e+00
-7.209095297224948240e+00
-9.703845244028300954e+00
-1.419772460103418155e+01
1.098471205462888634e+01
3.824749279248298706e+01
-1.966839900854259682e+01
-1.123079020151815399e+01
9.782013706783388329e+00
2.102938597114984987e-01
-2.146718734513951077e+01
2.991349801888155469e+00
8.078072089166418834e+00
4.915897132927184998e+00
-1.792989825163571993e+01
-1.830770007630404450e+01
6.286175265183047145e+00
-3.457698094975529557e+01
3.506296992602177909e+01
2.687746885985316680e+01
-3.417685659571327506e+01
-1.656213893440354923e+01
-1.092070762499183445e+00
2.801923243997080704e+00
-9.332554429142156494e+00
1.960436504473304353e+01
3.130829617117143471e+01
-1.233005506706524557e+01
5.166551613925527420e+00
2.523609056015101260e+01
-1.452221735361576549e+01
-3.656989836931737159e+01
-8.670547831177437104e+00
8.688530129951033132e+00
-1.844066394517723140e+01
2.799227083612260003e+01
-1.369616861826355603e+01
-4.360126647640164776e+01
-3.288657344901125867e+01
-2.227115784818917277e+01
-1.045744648384465592e+01
1.519401565017717814e+01
-1.330998447931596473e+01
2.378828468663989781e+01
-6.884517750758064381e+00
1.957891648502361193e+00
-1.418608407425438145e+01
1.362454748480954692e+01
1.458100322460768439e+01
2.460717545505208648e+01
-4.703640910838333866e+01
1.337402365763596634e+01
-2.556939330980685909e+01
-1.063511149316973103e+01
-2.523182471539636751e+01
-6.770112417743355593e+00
8.556772710897178058e-01
4.551216058445994861e+00
-2.675929178755364646e+01
1.360663739307559439e+01
-1.254507841401027690e+01
-1.403845738061466619e+01
2.398132154219211998e+01
-8.058261647367842784e+00
-2.613940400079721726e+01
8.524585388285075283e+00
-1.097840319934915954e+01
1.063479883607463705e+00
3.870886573763020522e+01
-1.070736496033212148e+01
-3.724089823873420357e+00
6.982167751538668199e-01
-2.899190456348081213e+01
-6.445892866187250547e+00
-2.191281533389171798e+01
-5.021334393086576142e+00
-2.018798709423260718e+01
1.337614991563494016e+01
7.685791971511761744e-01
6.720802244797283720e-01
-7.680574114483341930e+00
3.473400084102564733e-01
3.162762259861942482e+00
1.388317457685923273e+01
-8.252267993722902872e+00
-1.392553662802303194e+01
-1.926599687215925272e+01
8.643620015870290274e+00
-2.365903796438718132e+01
-2.524688156587494348e+00
-1.229541031406215268e+01
-1.994822355012090398e+01
-1.505776244974390465e+01
-6.735393788067980836e+00
1.972886162422020107e+01
-6.812727824462619708e+00
-1.092393623710054840e+01
7.113406959009779484e+00
6.004090131339445691e+00
2.051660861142977410e+00
-2.920003568788389003e+01
1.270964183062454822e+01
-1.137677018520258088e+01
1.271694276915824418e+01
1.165516965728127019e+01
-9.291212294835673902e+00
-8.041834457856595009e+00
1.123012608909827748e+01
2.287796025482167295e+01
-3.569527815764260481e+00
-1.371917597867081895e+00
-1.176803055956943922e+01
3.018361961546830230e+00
2.556505047317500612e+01
-5.878102063838277047e+00
2.362352820760393968e+01
-2.081083940798237109e+00
-2.839727705913908551e+00
-2.537264342682149376e+01
1.338725391510294571e+01
2.423210416280170421e+01
3.294807748177571227e+01
-7.858666312039844115e+00
2.192991910212563766e+01
-3.455826227651726867e+00
-3.822056614081292736e+01
1.818430820009740501e+01
-2.966248255505639619e+01
1.490019053489999123e+01
-1.134914543981112445e+01
3.253166486490457032e+00
1.066828119672902631e+01
-2.174112083960269004e+01
-1.226593624798854165e+01
8.910823075619433098e+00
1.740189395501137426e+01
-8.171369189702346603e+00
-1.408495759455046681e+01
6.176932820222994280e+00
-2.454936381847600657e+01
-1.505392261533403087e+01
1.354138335787289549e+01
-9.932384998158852341e+00
-2.044075975670871514e+01
-1.336070759874067448e+01
3.196252287755795862e+01
9.105968326162681592e+00
4.210096111491644422e+00
-8.663573257396812721e+00
-2.307180925963400853e+00
-1.775147203339505353e+01
-2.511225921189485888e+01
-3.811883917241104314e+01
-1.058496204534992557e+01
-1.096435283917362113e+01
8.894618994043788973e+00
1.806819233858360008e+01
-2.047566335959718486e+01
-3.750851936987515245e+01
3.173368231848725429e+01
-1.190764149802971161e+01
1.270352027398528350e+01
2.078996410662924177e+00
-7.643879778523512414e+00
5.933389794964284647e+00
-1.843990635923536558e+01
7.710548255666580530e+00
2.563398252290947710e+01
-2.607683306970434245e+01
1.483089709938529666e+01
-2.945491503283506063e+01
2.164736171347554716e+01
6.922447354525544938e-01
-1.386368950084305141e+01
-2.860335562925444464e+01
-1.291550692348095453e+01
-5.821268880824639780e+00
-1.089031317473356353e+00
4.568633660129663099e+00
3.539509753073083687e+01
-1.690239735633534934e+01
-2.432838425971281637e+01
8.872030951010899003e+00
1.721986742027223727e+01
2.381299507910358670e+01
1.009857858739163561e+01
2.249542805494597530e+01
-1.699912766769385541e+01
4.647213512772168542e+01
5.783324671413140550e+00
4.051493618107841144e+00
-3.006376907078910321e+01
-2.890570502741561754e+01
2.686226414695973119e+01
-2.706334274161470432e+01
1.098353131313236730e+01
-4.610466309123353312e+00
-1.065788385622658296e+01
-1.479099762014264741e+00
2.472318736828390229e+01
-2.283218186472597466e+01
4.046771189962473159e+01
1.435054920297130820e+01
