9.590279153234995135e+00
1.259528060747823019e+01
1.176024662580099545e+01
-1.104920765801032445e+01
2.595094612142332835e+00
-2.396126069615824861e+01
2.986218713275864900e+01
3.245330682753379392e+01
3.908871970367167137e+01
3.042621459328935885e+01
-3.270700190858470080e+01
3.714171033415115630e+01
3.184034439415259499e+01
1.744095742912361402e+01
1.141225477892553641e+01
2.245653636849482382e+01
3.991007956655690236e+01
-1.179645366651175209e+01
3.371870664218184288e+01
-2.491199700662619421e+00
-4.785369860794625652e+01
1.109621361485011448e+01
1.163352286554722781e+01
-1.528139273777399865e+01
1.496668386165254105e+00
9.382002944842540160e+00
1.288335791205701497e+01
1.178758264542851464e+01
2.403960598126944603e+01
-1.503781080026392658e+01
-3.100189993520576337e+01
-1.044459804797730840e+01
3.070634423881294595e+01
3.070344249579392226e+00
8.846219897356647266e+00
-6.871018396047453791e+00
-1.217372099793266216e+01
2.490487267923030856e+01
-1.610608266730778837e+01
-3.772841613876288136e+01
2.021794268227239399e+00
3.925019356533476866e+01
-1.669370203926560947e+01
-4.210056407605468110e+01
2.938582473724238753e+01
-1.121184247549265223e+01
1.132924716345353744e+01
-7.377307981145484916e+00
4.860848007856453989e+01
1.640581099321451575e+01
-1.998448100803413752e+01
1.424667257964821943e+01
2.209611401993537072e+01
-1.317455483800756610e+01
2.178599267694482933e+01
1.163781026908338134e+01
-1.494897822042570823e+01
-4.667394299299751026e+01
2.721676046161945806e+00
3.663879524516623576e+00
-2.530632258197007545e+01
-2.541448219956870958e+01
-1.704945164500706767e+00
-3.702660836781807774e+01
-4.083269723163631681e+00
1.783694699548291851e+01
1.562075894395053410e+01
3.968999687590843450e+01
-1.529938803708419215e+01
1.601166443299393904e+01
-5.000000000000000000e+01
1.607963954088710068e+00
-1.399393733430871123e+01
-1.807899591785400162e-02
6.807484514194150904e+00
1.380360597481218576e+01
-9.633798688556083789e+00
-2.908864348264629740e+01
-2.520545759456705426e+01
-1.576533443595985773e+01
2.105864799398989362e+01
8.671526255560479512e+00
-1.009297656915993713e+01
-3.995937577541499763e+01
9.465237802638860387e+00
-2.365557840788496335e+01
1.894841594818726094e+01
-4.327769973986839602e+00
3.333874585575702554e+01
3.654917720513417123e+01
3.535130350730972282e+01
-3.060190444124832965e+01
2.866687329886195812e+01
6.326259105057893350e+00
1.785693038224982843e+01
1.125551780306438587e+01
1.735541781803439676e+01
-5.962922659896960909e-01
7.994876070699554305e+00
2.069222489894238493e+01
2.367114004887028500e+00
-2.310057263980517206e+01
1.499461696913355979e+01
3.297820010203513164e+01
8.765957732438209860e+00
-2.074841787648792391e+01
8.234744983691967946e+00
2.746095114678821858e+01
1.051920551050202590e+01
2.422046053481507499e+01
-3.249358515091638822e+01
3.025860208986624400e+01
-1.258690012393792301e+01
1.743040449316562501e+01
1.958912671855107135e+01
-3.666037478275252681e+01
-1.213579794698350867e+01
-1.085262559221194323e+01
7.305200580813284716e+00
-2.180941398065453996e+01
2.867259215968977060e+01
-1.205079349011447221e+01
-1.393211349752412787e+00
8.951823246524725164e+00
2.429393694094021328e+01
1.148984413444392771e+01
-2.719945818890572298e+00
1.924494644694040346e+01
1.936597241033260275e+01
1.118900936496123677e+01
-1.920880837244977002e+01
-7.074158338673974811e+00
-1.173370969032564659e+01
1.428051478022906906e+01
-1.626917030313734358e+00
-3.083681068629504196e+01
1.431522436683164301e+01
-2.818114627785768178e+01
8.396923310127149875e+00
1.232836115672100163e+01
2.214528871062154280e+01
-3.320348452455375821e+01
-2.348176410618873433e+01
1.705464302017561806e+01
-1.966221647521039273e+01
1.501105296481807727e+01
-1.969657916896871797e+01
2.443492867733374396e+01
-9.740487635996245785e+00
-1.319505264644845965e+00
-1.035624100195121855e+01
1.104003157337438523e+01
1.438388227313632228e+01
-6.565319323299924292e+00
-5.972365987011386324e+00
-5.211387558171196588e+00
4.834538671721290370e+00
-8.180044857301197680e+00
6.588574118997300388e+00
-3.236961077628521366e+01
-9.417592592440662713e+00
3.372636250675560632e+01
4.164049875381846277e+01
1.502244781937406515e+01
8.416348221894210724e+00
-1.047734538283784644e+01
-1.182571369822045426e+01
3.938212067317921594e+01
2.059164978604975715e+00
-2.000866452695029096e+01
5.032566517895496361e+00
-1.259677059641855834e+01
-2.482406433389030553e-01
1.585163699914228630e+01
6.775523999396803276e+00
5.000000000000000000e+01
1.415324454690100708e+01
3.738568461286688205e+01
2.569489841856899659e+01
-3.298280485272294982e+01
2.649159867930160317e+01
-3.004347220537509244e+01
8.881178305125459360e+00
6.085852293913141864e+00
-1.512849769270573574e+01
6.772942522166012225e+00
1.165601748505116575e+01
3.691903436073185674e+01
7.161037268853306159e+00
1.943945587998810254e+01
-1.110884520690737531e+01
-2.697756322601646062e+01
1.544017542142717048e+01
1.879295505518396681e+01
9.386956044682548850e+00
-1.483954700844641650e+01
1.981897715307441388e+01
2.772481466533065486e+01
9.835230354194855806e+00
1.454950548763491724e+01
1.463580810083196582e+01
-3.596935755236098942e+01
3.506481510403084201e+00
-2.314916705876317593e+01
3.705364529045466782e+01
3.574672140423692213e+01
-1.049158834076789049e+01
-1.722121424451043481e+01
-1.727419309465074804e+01
-1.460928339647455942e+01
3.585075592680004775e+01
-3.197335979529719197e+01
3.020903356171669429e+01
3.890373736453557285e+01
-3.827818759885728639e+01
1.402479790957673345e+01
-1.033929493065204497e+01
2.554421630463312454e+01
1.800450201352235524e+01
1.112452975662836252e+01
-1.174508773414304841e+01
-9.030088293822061019e+00
1.445118339404677954e+01
-2.839248246405767162e+01
1.291647315791821882e+01
-6.186525997493433238e+00
-2.877471048289968891e+01
-1.322955713034801306e+01
1.135089053998217423e+01
4.122790430624930025e+01
-2.741575691852254693e+00
-4.208293635487343209e+01
2.112990024473326400e+00
-1.510914739391672157e+01
6.029047059501245087e+00
-3.385824443262529115e+01
-3.481748151759664722e+01
8.619851013517745741e+00
-1.398172250715305154e+00
-3.812426712774048099e+01
2.578790557032006348e+01
3.606613645075634622e+01
-3.837071214706256939e+01
-3.192687651704899565e+01
5.329161139671882097e+00
-1.773986668997288518e+01
-1.084517655194478891e+01
2.825297075457974927e+00
-1.360352923277338277e+01
-6.896664283597900180e+00
-5.613834491175275332e+00
-1.462521516016698087e+01
1.761697945520128883e+01
3.177718042376518781e+01
-2.366522201002394610e+01
2.501349069194719732e+01
5.384449528960466580e+00
-6.397319060625164866e+00
1.376465976597442875e+01
-3.376289411009414465e+01
-7.143536492020309936e+00
-2.981335944246355396e+01
1.866828665412273835e+01
-1.720267176654903096e+01
-1.645265085588583531e+01
-3.427633722172696196e+01
2.017241607606733567e+01
-7.984001891220060543e-01
-8.726883429738307996e-01
1.637325066485207969e+01
-1.485098331131049321e+01
-1.008144803961339164e+01
-2.168434689634424117e+01
1.318399070659036454e+01
-1.522304012522928929e+01
1.221299476368520232e+01
3.658653681587288986e+00
-1.445246479280915253e+01
4.712767008989217743e+00
-3.671959977961565613e+01
-6.392870737878325826e+00
-1.009674421985857862e+01
-1.422921062582974372e+01
2.095900958881186682e+01
1.360089163160220949e+01
3.343304530598561541e+01
1.627179853388359732e+01
-3.330599686324909214e+00
2.209263286544498328e-01
1.442539052818045775e+01
1.279609376027445933e+01
-4.280112210618325719e+01
-1.674944889071950627e+01
-1.252903994201819415e+01
-1.326350141425225360e+01
-3.904255585834606990e+01
-2.243921546455420213e+01
9.569586810309175462e+00
8.859749556583615515e+00
6.455749154960429337e+00
-2.836377643754409306e+01
2.192952466937791201e+01
1.375678474202797474e+01
1.096295780574649825e+01
4.863294303737842483e+01
-2.157602588870132365e+01
-1.568669466919256905e+01
-8.224499291403262191e-01
1.585156653452078501e+01
1.097214521055676073e+00
-2.379672530152163290e+00
-3.559409354365648426e+00
-4.500171816932926561e+00
-6.490483910499364129e+00
-8.479533460761516039e+00
1.251842020525086951e+01
2.592619972501975667e+01
3.006089340413944910e+01
4.393939376577002065e+00
2.873153444688581715e+01
-1.990819194994299934e+01
-1.116089094752004485e+01
1.709116796521816184e+01
3.223836288775645187e+01
2.807386199236073310e+01
-3.316685144837350663e+01
2.857473425876220574e+01
-2.246317499539389928e+01
1.894861754195260062e+01
3.049746190347535446e+01
-1.994381300784692712e+01
-3.179150652731032167e+01
1.048630342795102877e+01
-2.630990920864529414e+01
-3.340195465149506049e+01
2.744735021340383696e+01
3.430679130787083864e+00
-1.360183980700881534e+00
-3.617840591953675755e+01
2.133463843268323501e+00
1.049048744761353902e+01
-1.332392516257388593e+01
-2.343997827082061747e+01
3.779498743485055456e+01
1.812814488138120339e+01
-7.846046362022626397e+00
-3.557180691732338573e+01
-3.426973368087463001e+01
-6.376218461013941408e+00
-3.069969855833762296e+01
9.736067175466942558e+00
-1.608061807296671475e+01
-6.772357315445553638e+00
2.837246034223093716e+01
2.579339894548753875e+01
2.254870348810908354e+01
3.563906742086842883e+00
1.824402423134719697e+01
4.251722409293789440e+01
4.260740681696346144e+01
-2.641515276854541838e+01
2.731966471257692319e+01
-3.319762395665335930e+01
-3.402695088630427733e+01
-2.868805945066645791e+01
8.642617861207682495e+00
2.400018268341951000e+01
-3.751819231090543383e+00
4.709556519589476409e+00
-1.825715417841206190e+01
-3.775461958435695919e+01
1.728746385464472723e+01
2.246023497031983140e+01
-3.036583294625079077e+01
-8.194249648455219415e+00
2.352329086319805640e+00
-1.077890381694493271e+01
2.445068502394337884e+01
1.486264332221989548e+01
-4.722780481038449096e+01
-1.351536369263176596e+01
1.163389004470658250e+01
-1.759095142835185754e+01
-3.291214595832933298e+01
-8.391777053191788127e+00
1.047673277287331928e+01
-2.812452280674623140e+01
5.850369079672233852e+00
1.874335709804584837e+01
-4.454247825894320556e+00
-7.720471109724655889e-01
5.484345192317761075e-01
1.803953000572708731e+01
2.386591792875483975e+01
1.493956923475484189e+01
-2.646165785959059136e+01
-1.744691122516140069e+01
-3.114310069667226344e+00
-2.497377617101406599e+00
1.222601180754288919e+01
-3.182000827468456805e+00
-7.520806026672289590e+00
1.060761615232517130e+01
-4.625402250629093714e-01
3.324681551801150192e+01
-5.881793573173389689e+00
1.449449289510840799e+01
1.359774493409773299e+01
1.706831073530184995e+01
-1.636477684474282057e+01
8.267703883931858400e-01
2.551912233895794202e+01
-4.555611826095191930e+01
3.209259337099325649e+01
8.563723320582994347e-01
-2.370373357726006702e+01
-1.068709677400428149e+01
-1.990620623512796072e+01
-1.364580589730486082e+01
-1.269674737015499488e+00
-1.124228498261555842e+01
1.557706840029368323e+00
-1.572919437064614101e+01
1.120706167835010802e+01
-5.066302734977377042e+00
1.458144010562818949e+01
-3.119570581751730387e+01
1.871014283629727970e+01
-4.565420344888828197e+00
3.359271224628641050e+01
5.921721864714982075e+00
1.691000991206587400e+01
-1.569840438929649196e+01
4.210512627426774657e+01
-1.313111717059056360e+01
-5.209601886517454261e+00
1.459046453079183436e+01
-1.091658763719618008e+01
2.760662614422548700e+01
6.178901417375399774e-01
-2.870311264264814355e+01
1.459226214873669392e+01
-9.686217501903030325e+00
4.929322908518827262e+00
-3.049824761180660104e+01
-1.246690083740118382e+01
-2.330929208931550534e+00
-3.290795493492358759e+01
1.669665364980403410e+01
-2.818815063242594476e+01
-2.850807834393982887e+01
-1.441619344042905482e+01
-2.489059596515519956e+01
-9.349037869565947290e+00
-2.464487210769518555e+01
2.507887619497796550e+01
-2.193714483166037255e+01
-5.241216550165525234e+00
-2.749099724021732527e+00
7.886827247381930306e+00
-2.632863823292786520e+01
-2.163421408808149238e+01
-1.070630679558616549e+01
-1.367249720790157141e+01
-3.360662678761440247e+01
2.717732011514659973e+01
2.857217900378530828e+01
1.016619014468030002e+01
-1.353110446390604693e+01
2.000889199541973085e+01
-9.073011936763016649e+00
1.046926211017804320e+01
2.456515369536687388e+01
4.833924360047461732e+00
5.026237938547062356e+00
-4.193684317206400181e+01
-3.203305516334658876e+00
2.081465176838844400e+01
2.657684574935217370e-01
-2.692594590026712709e+01
-2.974224429965657279e+01
1.139389652392337382e+01
-2.270029275028976912e+01
-3.854206483079103407e+00
-2.180462098535465998e+01
-2.973118373531134395e+01
-1.789923960916070200e+00
-7.492242175789861847e+00
-1.533072560408578511e+01
2.576038895893191238e-01
1.072132873078624016e+01
2.661162671219926779e+00
1.546811836983962962e+01
6.121097869745831588e+00
3.486108321088741491e+01
2.968431138499781241e+00
1.524203509998778827e+01
-3.234629144958228153e+01
2.360459738614349590e+01
1.313931507247303898e+00
3.553123553270268076e+01
-8.394802592796700935e+00
4.772845723816878660e+00
1.042497225547008100e+01
1.258823341359814663e+01
-4.978553398888166726e+00
1.684621974448677406e+01
-3.741735001733545118e+00
1.414127887800343331e+01
5.353851221882798939e+00
-4.122220840586035706e+01
2.072774243695117491e+01
1.240693293600918423e+01
