-1.394219151342764196e+00
8.696243310329698772e-03
2.106389811165198189e+00
1.400532129202081144e+00
-1.685890223037904700e+00
7.002191766689760399e-01
-5.845901115961460448e-02
-2.768361836027670719e-01
1.994635495340830289e+00
1.415737145622008697e+00
-3.481052984945964823e-01
1.144739073944918140e+00
2.108225505749210527e-01
3.677109367090256598e-01
-1.071225677770240026e-01
-8.268329022738809542e-01
-1.410063121885529736e+00
-5.162109542254107453e-01
-1.151884077361478020e+00
-1.078211691508500714e+00
9.577494871028227053e-01
1.396106233177420997e+00
9.405725826148492175e-01
-1.159290885967072526e+00
-4.619463565812225170e-01
-4.103996875471169758e-01
1.359212976694480268e+00
-9.890989787358872576e-02
3.494768990478638315e-01
-1.768607801292195081e+00
1.020264159989681119e-01
1.130372808980233401e+00
-4.343159371092850662e-01
-3.479697991751828923e-01
7.616365158761215781e-01
1.693044511234119476e+00
4.558628772513362293e-02
-1.035568229190002576e+00
-1.571085797400196604e+00
3.641513346688407537e-01
-9.778313404842631229e-01
1.030972312657373102e+00
1.584285358924697462e+00
1.607684632239746669e+00
-1.035500150885944048e+00
6.687739382824098300e-02
3.345340416257700511e-01
7.835169073798384787e-01
1.135627554704976561e-01
1.230569046874605554e+00
-1.301908257173163275e+00
-4.989964763681955517e-01
1.205201450170979349e+00
-8.286845473788391203e-01
-1.528519284353606622e-01
-3.114058408437259118e-02
-7.807104852284849628e-01
-9.881176440963699292e-01
-1.856961909250882670e+00
-2.728727799719559144e-01
-1.900853097186968377e+00
-2.029123929507721247e+00
-1.116626908347382319e+00
1.928863621600502398e+00
-3.733154556221318643e-02
2.108148165720658440e+00
4.484422042298463751e-01
-1.738574586053449167e+00
-2.034605477620345937e-01
1.628397579310290055e+00
1.736718645191953847e+00
-1.524311425164612377e+00
1.859815581136958329e+00
7.381531292110885545e-01
3.199071535476267769e-01
-7.947842400253319894e-01
-7.687993191703039741e-01
9.932822216053329711e-01
1.474139537612877859e+00
-1.646064143429701865e+00
-1.668599160320381358e+00
-1.476670555095043191e+00
9.010557786868291785e-01
1.630173411066074607e+00
1.022240049758931235e-01
-5.998109196001237819e-01
1.279833656802771280e+00
1.681113873725700536e+00
-9.544174484155139027e-01
-6.273765019186994252e-01
9.534662660598165473e-01
1.928564834406648387e+00
1.292597493839149791e+00
1.877185207840504688e+00
-1.243150873658009914e-01
1.263400441979256605e+00
-2.068034071904134574e+00
2.314401962678049429e+00
-6.174653439625368279e-01
1.995506105104670524e+00
1.234450953115768357e+00
1.213502529754430626e+00
-6.823644515917539621e-01
1.554260124119012154e+00
-3.755274199610525443e-04
-4.661061503391126237e-01
-1.480890296017713936e-01
5.563879206455446536e-02
-7.380729979102778060e-01
2.666953178351851861e-01
-5.252168397663616872e-01
1.637466276929880671e+00
3.736212044100089003e-01
2.241066634944893110e+00
2.992990047877333026e-01
8.252054350220081602e-01
2.546739439348320033e-01
8.468007737798233237e-01
-1.171096438622525326e+00
-1.247004920207230860e+00
6.871490247687850328e-01
-5.094885319960145154e-01
1.363709722828479798e+00
-1.492045491150051362e+00
-2.241941782847550080e+00
3.220933052454366674e-01
-9.467106694821953994e-01
2.067607866177645803e+00
-2.213343562954659394e+00
2.134983004212163138e-01
4.292535253459650590e-01
1.568880932740524869e+00
1.018650628042429673e+00
1.674860572363153111e+00
-1.887458415482341945e+00
1.551432664354618574e+00
2.118811118762518042e+00
-2.036632774108979582e+00
1.972076257230465757e+00
3.144838524998121443e-01
-1.413688710827534223e+00
-1.043211120740388242e+00
-7.593426017962192631e-01
-5.686570931651857563e-02
1.769528091089886068e+00
-3.179752345165454130e-01
-2.161209607202597027e+00
2.102639124678726823e+00
-1.720040816068786338e+00
-2.176179720213904822e+00
1.720807598959266826e+00
1.851227990327100947e+00
6.531173291870793207e-01
-1.218650895014544044e+00
9.246793662436090244e-01
1.581707875725787638e+00
1.878495765705798348e+00
5.413648834168824919e-01
-2.023127544161837044e+00
-9.302700253249138740e-01
1.089879220810120231e+00
1.727985271496033093e-01
5.785173773685539089e-01
-3.291658140677080624e-01
1.678150502541707390e+00
-1.123027226481664087e+00
-8.925333618757598231e-01
1.896730448987115736e+00
-4.072212714036123060e-01
4.678856802545894311e-01
7.033696872177088721e-01
-2.474260376017873853e-01
1.404092501693465778e-01
6.992787763090104747e-01
6.158742177003064810e-01
-1.301021673048601723e+00
-3.383353431736724204e-01
-1.984800504952644928e+00
8.630637102097384883e-01
-1.607270314123785404e+00
2.117162569080486278e-01
-8.120611355082019145e-02
-2.103867692661739675e+00
1.607184941750199769e+00
-2.022418806296168992e+00
7.479818366075896563e-01
-2.115092411717238718e-01
2.319449275811676259e+00
-1.849218989203107455e+00
-2.030751943656730063e-01
-9.716843695842136697e-03
-1.282060589897582759e+00
5.008024921733351675e-01
-5.662737030579538811e-01
-1.350371271055146316e+00
-1.274706905728979489e+00
-1.801685519301533311e+00
6.040222974202533734e-01
-1.318678306947818069e+00
-1.891620827856240084e+00
1.360383574055147093e+00
-2.084442064810733797e+00
2.067640029997218853e+00
5.003087795257421533e-01
6.345277836008156314e-01
-5.431927691185709506e-01
9.336668636587308612e-01
2.877325624126969572e-01
7.022299532439983949e-01
-1.834728122614908141e+00
4.997820895312719003e-01
1.363790040811627691e-01
1.940202664517370224e+00
-1.360824404442601221e+00
8.358006512322493364e-01
1.887594386725548468e+00
2.320280806872657919e+00
1.398623630183884359e+00
2.485963528804289169e-01
-6.642166818197825506e-01
-1.388184015688207928e+00
-9.788103358004196508e-01
-8.195750135038215589e-01
1.779181851733767417e+00
1.707201959151422699e+00
1.405944759186193771e+00
2.040332338268095569e+00
5.535010723082667283e-01
1.959111888298751936e+00
1.739490057040785409e+00
-1.940694263724672908e+00
8.183639382471952217e-01
1.196962102306486031e+00
5.664060967096595789e-01
1.368457033106230014e+00
9.710020434329909023e-01
-1.535209673834715183e+00
-8.665973875618169231e-01
1.933993456830091162e+00
-1.328602037547840453e+00
4.912309822254261604e-01
5.100266995136593096e-01
1.186674323483888571e+00
2.355752503702035483e-01
-2.201105357335892965e+00
-1.111140832179988269e+00
-1.808825656448498798e+00
1.838134748707687116e+00
7.929384104470917904e-01
4.782633910508806707e-01
-2.121704286036813158e+00
-7.738162411866511547e-02
-1.873334363613494702e+00
5.059233888364431664e-01
1.120731804500910478e+00
6.650338475117854031e-01
1.047807925436275767e+00
-1.027885285431997531e-01
6.913543146397413963e-01
-1.405010936199240223e+00
1.407558372883357833e+00
-1.931332997396765450e+00
-5.466425406589578984e-01
1.155759438388117566e+00
-1.196365016960569072e+00
-1.710226390038023236e+00
-1.146908651536039159e+00
7.532339241511651906e-01
-7.449110834629451006e-01
3.708122964210067707e-01
-2.234446853787402709e+00
-5.017124659271585685e-01
3.922859335362840483e-01
1.478435352691624516e+00
6.013173061752121740e-01
-4.952622940200486212e-01
-2.222699105878493953e+00
-4.722038544726006037e-01
-2.112268612041202864e+00
-2.332093856906032325e+00
-1.084995130263281204e+00
7.134756393279575448e-01
-1.345886822258159921e+00
1.424496988860541435e+00
-1.051044776510521306e+00
-6.355822952278860072e-01
-2.857284624970342080e-01
2.200873988734032061e+00
1.088835973051219597e+00
1.628031877710669484e+00
-1.519289394558663631e+00
3.252050202498866227e-01
-1.772373183483089143e+00
6.444733992862339278e-01
-3.555324992419421903e-01
1.681339002255619164e+00
3.191952569779381577e-01
-8.060899275577879664e-01
7.326302934845241310e-02
1.017511108602345615e+00
1.343164013230246923e+00
5.570746173620397812e-01
-1.932532826260429104e-01
2.131696018606534793e+00
1.465300868966363801e+00
2.239691337022087225e-02
-1.606384747050383588e+00
-2.241312550783669533e+00
-7.792231573439405423e-01
5.845768166725306969e-01
1.198663429565307581e+00
2.113104127774302121e+00
8.128266065854994338e-01
1.084647690026912414e+00
-7.598655839552579394e-01
5.875791799993557163e-02
2.214976317296391883e+00
-2.587780058755733137e-01
2.359150977908863744e+00
1.526149190827106317e+00
4.731757143896109241e-01
-1.694764255422369637e+00
-4.679909436539322343e-01
1.258727721304319758e+00
-1.176172834738396844e+00
7.733160290326344111e-01
-5.678797873499981108e-01
1.380391606813315519e+00
5.201696359463596764e-01
1.850903973564896887e+00
-6.938434479865556170e-01
-7.617958620291238603e-01
6.189542383267081505e-01
9.650191977022011258e-01
1.557746483960560369e-01
-2.311889970696363594e+00
-1.482698030691858460e+00
2.841301499441319933e-01
1.367284083708417697e-01
1.181749916488445962e+00
1.927633758557965926e+00
-2.077588496460826661e+00
7.484480408714988542e-01
-2.821963193045924356e-01
-1.305755317001483284e+00
-1.544671748250423970e+00
-6.614760719554109158e-01
8.424904596416169511e-01
8.744967611184675249e-01
2.302155960076923691e-02
1.211672121501439214e+00
-1.933569921769381139e+00
1.750878220047002998e-01
1.144244766744577646e-01
1.589201109379829724e+00
1.512379361375213449e+00
7.173161665348928295e-01
1.949172833304827712e+00
-7.130718214900788610e-02
-1.405378208799023643e+00
-1.265995261814474304e-01
-9.312594232891990842e-01
2.228788433318134032e+00
1.540965360031427700e+00
-6.713357570453322154e-01
2.287487674755165123e+00
-9.987415274601403326e-01
5.342378593664687259e-01
-8.602925331115960361e-01
-1.746202704222667990e+00
-3.745436260776529025e-01
1.101777867100471653e+00
1.070525553289218834e-01
4.863101121759250134e-03
2.020977595332816179e+00
8.070888253682619862e-01
-1.138763451673931115e+00
-3.409674361655943287e-01
2.785768382173481328e-01
8.595261451982052492e-01
1.644714839494193725e+00
6.937041575928235559e-01
-1.005740615517251690e+00
1.990821766870741527e+00
1.383262274173652884e+00
9.950781891458824191e-01
-3.582692302702978893e-01
1.077637579519858946e-01
-7.299116489611314762e-01
-1.166543660924084680e+00
-5.906168431032625676e-01
2.837336726423886901e-01
-3.379857721975998430e-02
3.685895680378594719e-01
8.574200415691910493e-01
-1.491907345511931382e-01
-8.778509905775617739e-01
-7.651008154893856883e-01
1.501501538633824850e+00
4.487488921000526432e-02
8.656735661855572417e-01
-7.667081570729177287e-01
1.357736724292857744e+00
5.263127160088831857e-01
-1.457850955064762033e+00
5.645413811485022748e-01
1.970038679283293348e+00
-1.170870421230425507e-01
7.744932128074530908e-01
-7.139242321787415690e-01
-1.160324909536694094e-01
-1.443657476857953537e+00
-1.372635240306834703e+00
1.028768907705722491e+00
-1.171802336073376694e+00
-2.872826632379137379e-01
3.162977602075356387e-01
7.923445343280191011e-01
-8.315090544911338810e-01
-2.076822507137245921e-01
1.322527293029374995e+00
-8.111305558989005959e-01
-1.972998844529021412e+00
-1.957767031565479598e+00
2.090635309627141503e+00
1.647998559238366134e+00
9.788782575546663978e-01
9.031530324412608834e-01
6.558974729033710815e-01
1.327994229458795417e-01
1.071472437861777038e+00
-1.752204490667074843e+00
9.446468687829776556e-01
-8.240413545007800877e-01
-1.609905476600212992e+00
-2.051488881607665959e+00
1.285583547321605735e+00
3.064021192763410895e-01
2.752529148589308861e-01
1.345909513358312992e+00
7.673299006144187473e-01
-1.534708380072078437e+00
1.631491190682481829e+00
-8.648531486619468467e-01
-1.201708091040099458e+00
4.460739582974966311e-01
8.113009467990304202e-01
7.763181349261945030e-01
1.302173726488016214e+00
-1.359166426620570078e+00
-6.102086722365056559e-01
8.280273897218570767e-02
-3.698344048176647192e-01
-1.894615603311695651e-01
1.687383423716012132e+00
-2.020621225478346439e+00
-1.620997499772658834e+00
-1.262825201239685668e+00
4.383638063780406213e-01
-6.480372075054692260e-01
-1.342479107251403292e+00
1.113910609513123262e+00
-1.864223724920121228e+00
1.066062347980033742e+00
-8.875319792398430607e-01
-1.010858033118173793e-01
2.066466133414547102e+00
5.113243569453747028e-01
-8.495448959264004785e-01
1.023355324778818520e+00
-1.039050754278404654e+00
-1.429671042633761324e+00
1.228318709885845017e+00
1.482818382785886513e+00
-1.075322547765532377e+00
-2.138685939575185380e+00
9.746431814617295686e-02
-7.384825012874385308e-01
7.785783153619743047e-01
-5.175622063456524202e-01
1.215588275673410656e+00
6.911624322929998954e-01
2.694990692115508679e-01
-4.772643376884300181e-02
-1.728855940207680408e+00
-1.805642654187229468e+00
-8.211130754558091382e-01
7.307546377057159148e-01
-1.737159492372277292e+00
-7.493970350185463758e-02
5.381693750085512207e-01
1.660196493653529615e+00
4.690326223523975102e-01
2.001793719103214464e+00
4.793783397683846204e-01
7.259861246181031902e-01
-1.919609476068139919e+00
-7.830716670068973428e-01
-8.966679709427518574e-01
1.650167928252669114e+00
1.817929981370869363e+00
1.697586015007956917e-01
-7.214211420192588875e-01
-5.282232062919955951e-02
-3.461165459548753986e-01
1.478184381031639738e+00
-1.004534020600046595e+00
-2.593266035050358909e-01
-1.522848143391391851e+00
-1.691671547082217231e+00
-1.233788201475434221e-01
-1.779285532904889777e+00
2.305607676354711089e+00
1.956937739061251236e+00
8.113118460164887580e-01
-1.201007640780887620e+00
-2.801656787472683874e-02
-7.568092553645122678e-02
-1.145710700952399907e+00
9.375259333074881241e-01
1.194990852679421067e+00
1.391298260398816211e+00
-1.140767045784601308e+00
-9.270522202116406874e-01
-1.201569582342870923e+00
2.433877064418492608e-01
1.345425176146517465e+00
1.667945917161083536e+00
-1.327178771977056471e+00
-3.732056151889988627e-01
1.878280457915273871e+00
2.291344076231918159e+00
1.582265379847102693e+00
-1.939790727318899677e+00
5.525241116735770674e-01
-5.728801225334301250e-02
-4.137979052880123021e-01
-1.299936721620391644e+00
1.856345227760758831e+00
-7.108771484160127940e-01
-5.612295122012689319e-02
2.057775312115807331e+00
-1.408181001808347155e+00
9.835696280594019569e-01
-7.755135837745088523e-01
-1.585710828870183775e-01
-2.015720924045636409e-01
1.472701218374171006e+00
-9.641580244660916676e-01
8.847194345605968735e-01
-6.720119171351610632e-01
1.577189207977948371e+00
-6.994265830882486767e-01
-2.900056884574855331e-01
-4.937640450767739608e-01
-1.081159009753396294e+00
-7.806565633101687496e-01
1.915422219174608642e+00
-1.018759097836986705e+00
1.055898323520649384e+00
1.705726984399532853e+00
-7.420780911930533463e-01
1.714362460176851677e+00
-1.681356460389377805e+00
-2.123806688128437870e-01
-6.881947750184203016e-02
1.276427811318981753e+00
2.054973106718554376e+00
-1.032874966551745821e+00
1.246466143020564132e+00
-2.991617929689596167e-01
6.592284694781724852e-01
-1.109278458423594849e+00
1.789531294214905088e+00
-4.250217196049579371e-01
1.160743910522965550e-01
-1.239442767934130885e+00
2.245962525305169599e+00
1.970172164252019797e+00
-1.444734742787627813e+00
4.816595295535002208e-01
1.795561643801134366e+00
1.961829481614127957e+00
-1.162757491950590083e+00
-6.997406783867630153e-01
1.403809154037615414e+00
-1.763271275835948337e+00
-3.171507322274091933e-02
1.319288024410488092e+00
1.990680167874536721e-01
3.300320287395575036e-01
-1.380951472309996486e+00
-7.556456303717808964e-01
-2.146471984004775457e+00
1.223594968966057905e+00
1.519551672803682862e+00
4.542731572415528163e-01
-1.123426555366495716e+00
2.043827942962604283e+00
-1.452945894269642935e+00
1.211236555216461674e+00
-1.685410349999813207e+00
1.537884602026360348e+00
-6.310147803239321007e-01
2.120417686529245671e+00
2.256100206331037583e-01
3.214326480958131782e-01
5.701680893322897958e-01
-2.172389774219204206e+00
1.435318908006793848e+00
1.578662881315537447e+00
1.227828440977205560e-01
-1.584356483308568819e+00
-4.267363657933316290e-01
1.744262839690851052e-01
-4.678531186256016383e-01
-1.201201818846848735e+00
-1.185685913695006199e+00
-5.242855971433542095e-01
-1.203171813973732185e+00
1.318946960101188282e-01
-6.705924410649579670e-01
2.265728024893948422e+00
-1.386816289287706727e+00
1.176274153240687070e+00
8.782217974227535251e-01
1.422177991691917498e-01
-6.466319255548409473e-01
-1.550212747606808605e+00
1.835207911799829894e+00
4.354654225422809333e-01
5.123692961101609100e-01
-7.865128254121058760e-01
-1.727187692618041837e+00
-9.300009223854370788e-01
9.737322550595202131e-01
-3.869802223269287467e-01
-1.531099985177018397e+00
1.310346953060802733e+00
-1.663583127922245719e+00
-5.231848168173680591e-02
2.097003751510881919e+00
-2.043701077326666393e+00
1.368504593062851882e+00
1.256973340891738289e+00
-1.403582403134361556e+00
-6.808275357207262957e-01
-1.810696137190210830e+00
-6.315220349467818295e-01
-1.836136500575912045e+00
-6.943378239184951894e-01
-8.392960186085609564e-01
-1.595388815936652271e+00
1.131504230725418836e+00
1.335206441727185833e+00
3.201762679537623058e-02
-1.379975198156764282e+00
8.583693204556395173e-01
-2.135846364472069325e+00
8.281065725467815497e-01
7.500506529831607594e-01
2.478762853898626162e-01
-3.748390656139131139e-01
-9.742574676291892999e-01
-1.758898204797214593e+00
1.275955771878818368e+00
-3.705072069550032765e-01
1.238255203545547189e+00
-9.493419877342006430e-01
-8.226033579508396087e-02
-6.788860116411843393e-02
7.585664055541503359e-01
-6.046386412947768463e-02
5.466335450542523233e-01
1.818136225043911480e+00
5.326401585020068552e-02
-1.208455516749247227e+00
3.202649887405684126e-02
1.362204971939582343e+00
-4.426197776941629414e-01
-8.821788817070705946e-01
1.654212485652299058e+00
2.022051392452564045e-01
9.205387048339730427e-01
-9.909086720054869346e-01
7.768371066991877072e-01
-1.497701978273675127e+00
-7.185069625288029727e-01
9.819029508492871372e-01
5.583516890119248899e-01
1.672698461886088950e+00
1.416818087683675564e+00
8.443995109600619386e-01
1.901174558079322452e+00
-1.805867983602595928e-01
-1.272033591885151083e+00
5.826524070852983073e-01
-5.463732448330675950e-01
-4.206959803947754040e-01
-1.487182008343176598e+00
5.584787788480580772e-01
5.393525396837564045e-01
6.687294567229375986e-01
3.706596844492091591e-01
-9.898239044604348891e-01
7.844817649103532631e-01
8.768584668197849652e-01
6.194763499438860066e-01
-2.151177063522320410e-01
-1.300105086554616207e+00
-1.803387975029697721e+00
9.646886218500902999e-01
-2.053906841408964290e+00
1.050261376391157242e+00
-3.128856751809596659e-01
-8.033800723795687659e-01
2.228688001661796037e+00
7.040582368487591225e-02
6.898798593029065174e-01
1.067755015507076521e+00
3.579166688064461255e-03
1.901146761505543736e+00
1.779280643117633787e+00
-3.364363946973467634e-01
1.787885821923874907e+00
-1.803441735318664030e+00
-3.704316058914756127e-01
7.283884354222180946e-01
-7.271229202957796289e-01
6.046162854939556297e-01
1.328036455094228074e-01
-8.613454550095873685e-01
-4.014232997230511302e-01
1.068326590817911814e+00
4.703787692494829642e-01
-5.112884085867666073e-01
-1.501751933208343104e+00
-1.814761918827029419e+00
6.901751834851754808e-01
-5.191527031001621495e-01
-1.212985024819600355e+00
-3.612772610250019056e-01
-9.024906576543223480e-01
2.523570068795075727e-01
1.383828424594506501e+00
-1.602354061695748122e+00
1.246015229239894495e+00
1.030569272358818900e+00
1.262248600831691547e+00
-3.912446033220744468e-01
-2.414829839323973104e-01
1.739563632173206642e+00
2.334702754197692798e-02
-1.258576469484672167e+00
5.997919390562316266e-01
2.278498207501620243e-01
-2.176474895089988149e+00
-2.018586719286211917e+00
1.361199513075817435e+00
-1.818954436397817176e+00
-7.088159372552338411e-01
-1.432099755383993145e+00
-9.046044195846389968e-01
-6.315840058559132331e-01
-3.163063787381599212e-01
1.759823330248233120e+00
1.922727310555494284e+00
7.026125094335435861e-01
-2.814540923721660093e-01
3.433452326810702004e-01
-6.041525433680581258e-01
1.762635848533964378e-01
1.007129180837340598e-01
-2.291695118033354017e+00
-4.010917153612600927e-01
-2.115119141422808546e+00
-7.855273549566037516e-01
-8.244581828113419775e-01
9.103642607396231767e-01
-3.286947321556201729e-01
-2.189553964237354045e+00
2.830186814861788136e-01
-2.095434163617287293e+00
-1.719219069700983482e-02
6.090934979569002650e-01
-1.918766331742251641e+00
-3.700397599928351156e-02
-1.187604131790651163e+00
-6.454790901928291191e-01
6.264005414436066843e-01
-5.303410680169040603e-02
-2.881610018665883288e-01
1.397743637164027497e+00
-9.264723594834034515e-01
1.065837174526716780e+00
9.657088788602727902e-01
-3.726743957346716485e-01
-7.754640544966884264e-01
-1.561895340950973043e+00
-4.109031926055273232e-03
1.146609954787258800e-01
-2.300866812510428794e+00
-9.989216574011248184e-01
8.359670422655955946e-01
2.206997791771843964e+00
1.180408234934807510e+00
6.217195745219870062e-01
2.058577681838831275e+00
-3.363218465715469563e-01
-1.098754563610258028e+00
5.333198873984361654e-01
8.459628374057936995e-01
9.760718548237079517e-02
4.779676570021882398e-01
-8.407517424604202816e-01
-1.661422175672400137e+00
4.133098510868196129e-01
-7.998022708175067663e-02
-1.532799151150347150e+00
-8.080504613747416798e-01
1.947356095932056164e+00
6.143481235731993451e-01
1.998558125250005979e+00
5.018979637408254035e-01
1.076591843637849877e+00
-2.806013088080394624e-02
-5.896379980468591242e-02
-2.277473109315002020e+00
1.082659060285129371e+00
8.849705742069104986e-01
-1.876151687886320474e-01
-1.693713694645325951e+00
-1.240979009570362113e+00
-3.444828375366082440e-02
-1.146700196526276194e+00
1.484014125421298402e+00
1.379348790470347197e-01
9.859621125705420042e-01
-2.394432214928521319e-02
-6.718153624358489395e-01
9.765141515754560686e-02
1.498409546599628328e-01
4.384658955015812154e-01
1.737286001052952500e+00
1.347397406657295349e+00
-2.066183724265598265e+00
2.263121668491617555e+00
-8.959371153812734079e-01
-1.379536457649201076e+00
1.122007546290447522e+00
3.483201694055537700e-01
-1.166516007525180143e-01
-1.426503791723702896e+00
-4.273208029263626528e-01
1.817439036873270908e+00
-1.247014198852490097e+00
-5.931651073664578888e-02
-4.327303707572092151e-01
-7.820013869770132686e-01
-4.428656450851518045e-01
9.681165607478448010e-01
-1.681501187981015999e+00
1.954858773190722765e+00
2.290339984224099013e+00
1.056907378134139819e-01
-1.675822523954644261e+00
1.157844018795870511e+00
6.831458962889334074e-01
1.309759182519205645e+00
2.306933734455749452e+00
6.531329222869963758e-02
1.181528967199057867e+00
1.847245651703389058e+00
5.857159945833965153e-01
-1.048227371589562917e+00
-3.453219341042945700e-02
-6.454469905012683029e-01
-4.134129414844469608e-01
-1.131596440667447911e+00
1.747229652713460091e+00
-5.380007141757054967e-01
1.207133679673687787e+00
-1.456312328666287126e+00
9.589378645296422476e-01
2.330272404769830885e-01
-1.638174717008891612e+00
-8.499533412819033629e-01
-2.145300627562448881e+00
1.526920062372383313e+00
-9.575086445914404720e-02
6.150542807095096265e-01
1.074372201809607574e+00
-1.085372300934874801e+00
1.264642392057615083e+00
2.273140180906035646e+00
1.251529856665875684e+00
-8.493146539706257769e-01
-2.225384802916759774e+00
-5.985916635410113429e-01
-8.291245578351391643e-01
8.867286425017884000e-01
-8.164027190407106005e-01
8.575761850974448208e-01
-4.904067919151717803e-01
1.285901534926089163e+00
-1.379199188078812366e+00
1.037909114667902699e+00
-6.278189487354861598e-01
-8.588504017244318334e-01
-5.837199254197269482e-01
6.186131832410435294e-02
-1.668661004523445790e+00
2.200508032831979932e+00
1.961638574464497964e+00
1.000691599206896321e+00
1.273124144263324098e+00
1.480835401760498549e+00
-6.127709184022371858e-01
3.783030164190757105e-01
1.744772628913545454e+00
-1.384838491960910467e+00
-5.823105065312237372e-01
-1.675260795468776376e+00
-6.586736205974306202e-01
3.164761533819291373e-01
-1.747722148553068511e+00
5.920857044756644427e-02
8.286838842874422184e-01
7.705128876439291119e-01
1.961913295060813134e+00
-9.019271987865371543e-01
7.973971553019678637e-01
-7.124153123183258884e-01
-5.909171367704715294e-01
1.777902222200619775e+00
-4.413984919735707280e-01
-8.525950406849158725e-01
1.932382667952477817e+00
-7.760598395720661458e-01
-2.094586196307031578e+00
-1.449105104516847931e-01
-1.396001951872800628e+00
-1.227415825189765997e-01
-1.001942803032174645e+00
-1.350703270094068209e+00
8.472334306097639711e-01
-4.072705118974617733e-02
-1.387250899251935010e+00
-1.501230337724302366e+00
9.065659455421259949e-01
1.217031691361521339e+00
1.365426620219304610e+00
-8.775739732106071500e-01
3.507250322347408300e-01
4.253658453268203132e-01
4.254230863348507086e-01
-1.088878487051420763e+00
-9.265116855724535583e-01
1.326807329169112926e+00
-1.961765707403582581e+00
-6.678764482328887198e-01
-1.525091945954146766e+00
8.768144999640465898e-01
1.000579763567928104e+00
7.460184592073986209e-01
-2.221970623641050135e+00
1.052323841906694923e-01
-4.423819017244241536e-01
-4.232082202072460220e-01
-5.108870715421955921e-01
-1.230543124616303441e+00
1.989438670099366036e+00
3.004071454575480971e-01
-3.096228909616822733e-01
-9.761659898534418289e-01
8.588199836648158225e-02
8.088064328678505888e-01
-1.853717994217971565e+00
2.041721291279188222e+00
8.035144329673968855e-01
1.857303324565898528e+00
1.115118111755714736e+00
-1.857757455429020155e+00
5.449798796565890058e-01
1.275764812590960418e+00
5.658807712903479725e-01
-1.172394625396389056e+00
4.210617410027115426e-01
-7.069105146701994968e-01
-1.030096968008499481e+00
7.372795077534268771e-01
6.230850983674596222e-01
6.125055519493738387e-01
-1.221364233246441167e+00
3.152718244855536867e-01
1.716861617409639607e+00
7.870386946971876796e-01
6.591441529386798948e-02
-1.154652837824854839e+00
-1.954117381022002498e+00
-1.500262939426184605e+00
1.881716535773099608e+00
-9.584600833292409305e-01
-1.599288588214859974e+00
1.305958173701718295e+00
2.764545090662293703e-01
-4.283078477757138458e-01
2.782218386768366969e-01
-9.273433386802745204e-01
-1.232235819739931237e+00
-1.276020636969238176e+00
1.401196564023093671e+00
-1.563170165452820726e+00
-1.495443212457092663e+00
9.676521110184541641e-01
-7.155283543885460062e-02
1.368426130155457443e+00
1.262444004335574022e+00
1.411549609234711511e+00
9.070024607993634191e-01
-2.068023865334822631e-01
2.718350081014087039e-02
-3.860058831985551109e-01
1.847602374826037064e+00
-1.056528441090859971e+00
1.766030606297790406e+00
9.944417984065312410e-01
1.216050136829631256e+00
-1.115489507846290529e+00
-6.854270059214133681e-01
-1.094320168756724776e+00
-5.756797273218499100e-01
-1.754511858478552178e+00
1.868033591695858142e+00
5.106042209516603592e-01
-1.370680046485681647e+00
-2.092547964391997528e+00
-2.077595187831446921e-01
-1.010357866037763674e+00
-9.347437124029678301e-02
-1.563683880814743521e+00
-9.134685834125102488e-01
1.085666631340499677e+00
-2.065639393920515765e+00
1.374464968166689616e+00
7.973724285062733230e-01
1.051022821059973467e+00
-9.976160640131137569e-01
-1.248455591778761864e+00
1.229100321628875392e+00
-8.086349857234411687e-01
4.010527389850242486e-01
7.024114617486567624e-01
1.124248718286144921e+00
-3.970846068454045863e-01
-7.291682986201610817e-01
1.344126426283489550e+00
-6.303161018301910445e-01
-1.002126285255293681e+00
-3.938535857535141460e-01
-2.770472985417882228e-02
6.867171415880513052e-02
-1.342632262256485021e+00
-6.608177590942840851e-01
-1.446874684924816634e+00
-2.615702631527865307e-01
1.009395510097981230e+00
1.107480452767948265e+00
9.590579780071735172e-01
-5.571631831693135695e-02
-1.995800354924547548e+00
1.949761977491641929e+00
-1.559974132084284371e+00
1.807839530076860157e+00
2.271524504839975478e+00
-1.331657966633548185e-01
1.243631222592674668e+00
-1.247241562318941455e+00
1.019843620026583686e+00
-6.595545500606236899e-01
-1.337361029156140191e+00
-1.274588424823261956e+00
1.599632553345564645e+00
-1.537076078887651409e+00
4.883337116943762268e-01
-6.583324129970149485e-01
-7.612576817481500058e-01
-1.289390084763548661e+00
4.508657925138415123e-02
-2.118955647950215848e-01
-9.115422032589348689e-01
-1.612329191901316072e+00
7.741931912899122636e-01
-2.230813118455157174e+00
1.554780396248136576e+00
6.242934316246397941e-01
-1.089777419526258839e-01
-5.673175376391377256e-01
5.807139697423817637e-01
1.950842813143792043e+00
5.942946467431955426e-01
1.538613686158408100e+00
-8.103992649012239369e-01
-9.215481696750495999e-01
-1.178711053993006797e+00
8.229370079275044603e-01
5.557466651076499176e-01
-1.817070784025247132e+00
-2.143295424645913272e+00
1.871318548239566226e+00
1.657797407392061828e+00
-4.917803822358042254e-01
-1.688513866379458328e+00
-1.361248889395487716e+00
-1.181005441235456477e+00
-1.899110528914849105e+00
1.662516217392207452e+00
-2.777675111670960817e-01
1.132621023968325424e+00
-3.844282378295780234e-01
-1.714679746440401775e+00
1.359174691186756156e+00
-8.671346517299678425e-01
-8.799049003682197778e-01
-1.274470865108211726e+00
-2.939814423732816095e-01
-3.762438544546666819e-01
-1.957936550307464163e+00
-1.537309244627935279e+00
1.848381649959671691e+00
4.939122370629824843e-01
-7.251382443423617374e-01
-1.704970272867268655e+00
-1.184524663751224338e+00
1.101421831391473205e+00
-9.683621391822283542e-01
-5.560731493163020289e-01
-1.483175894952972751e+00
1.691729929203118488e+00
1.244397052753996036e-01
1.816254383120082139e+00
3.918226878245878453e-01
3.880247975867501253e-02
-9.894734294819906850e-01
1.957867915698106032e+00
7.157465219057579375e-01
-5.024884385768197959e-01
7.044244264258274768e-01
4.905437415212752228e-01
-1.534399579712986128e+00
-6.742684306323853960e-01
-9.960798362472917944e-01
1.810551001292210138e+00
-7.071747878719172320e-01
-1.357846174819337115e+00
2.402408394802399982e-01
9.564522283068779274e-01
-8.599494163031398131e-01
-1.765589387973815150e+00
-1.491799260939292715e+00
1.054087362988003207e+00
-1.915578533577387610e+00
-1.533478239609247229e+00
-9.757310962956324829e-01
1.915421882897163641e+00
9.453329679951671949e-02
2.220469804559312088e+00
7.287953896244747654e-01
7.843949339479650007e-02
-1.290953301657578045e+00
1.628925650644504231e+00
1.505984028007373965e+00
2.046384690142041052e+00
-2.830418161447187941e-01
1.263488461259241191e-01
-1.675858644294756061e+00
1.533090263972130884e+00
1.239593637199892129e+00
-1.253440700372632222e-01
1.514062716894697402e+00
4.973188885377943791e-01
1.309162391764656874e+00
-7.704107845549890143e-01
-2.506262286694216357e-02
4.140146750165154543e-01
9.753222331761870478e-01
1.049481740399093255e+00
-1.158839654374799188e+00
5.117190519891758882e-01
5.973396760376692427e-01
-1.879554414270395490e+00
7.659504746245540119e-01
3.962632991884813549e-01
-1.147499232271924630e+00
-1.488951478351915547e+00
-4.100089892660729873e-02
2.069457437336415850e+00
3.480821038853907368e-01
-1.219473270232564133e+00
-1.081217391878332990e-01
-1.764635089611386043e+00
1.920528383486885815e-02
1.564027669610412730e-01
-1.127776414013651696e+00
-2.042827966967267095e+00
-1.634751811106500696e+00
-1.783362164426013585e+00
5.860105694907771223e-01
-1.776129784630558817e+00
-3.121441300405667363e-01
-9.115272790644928236e-01
-7.739865369973735199e-01
2.206330126781264944e+00
1.139455491828956113e+00
9.936679849540475118e-02
1.677749080136106130e-01
5.177215494111573335e-01
-4.800582095455210307e-01
2.001187491417923958e+00
-1.318187382280291420e+00
-1.317430736166618210e+00
1.314064089836991300e+00
-5.566031496397316758e-01
-1.860028251714962000e+00
6.724958972517001143e-01
-1.252847720640091200e+00
1.668060938665878012e+00
-1.188931518272233756e+00
1.426836978045785465e+00
1.352901084755357530e+00
3.076406254813797148e-01
-1.986737350169930139e+00
2.936329942844997376e-01
-6.650537986441404925e-01
-1.678745018787919374e+00
-3.724420888484241132e-01
-1.479526447714589743e+00
4.057193241919687665e-01
2.301551756517678626e+00
9.076290953209307233e-01
-7.178047695234424097e-01
1.648773741471161181e+00
-1.581387146131182142e+00
-7.798881587898405243e-01
-7.654978128993965569e-01
-1.978638028121515458e+00
-9.783869054258520492e-02
-1.655672732903469502e+00
-3.569064243933564029e-01
-1.841073648370814553e-01
-9.960208434874697758e-01
-6.773258005117188674e-01
-7.745025428888077101e-01
-2.352512673420480205e+00
-8.479052492257803664e-01
-4.941600956990708227e-01
1.652950481842633046e+00
1.848117176047292531e-01
-1.471367395361689034e-02
2.082960166940017288e+00
-8.689846357756358941e-02
-1.222719921017655587e+00
-1.706903620716278880e+00
-1.821113266357557769e+00
-2.519851716645611361e-01
2.269104323039780269e+00
-1.486266948047779035e+00
6.976157566446890002e-01
-1.987563141739536743e+00
1.455943299465387142e+00
5.756646853943960807e-01
1.176288067909007751e+00
4.118285775812218219e-01
2.712437956367876879e-01
-7.440095358055209829e-02
1.109327307519296646e+00
1.093239393715903063e+00
-1.897493526381543560e+00
-1.760416824168043348e+00
-3.287523447921349984e-01
1.543005156767005559e+00
1.368965155916894716e+00
-5.282867620701026112e-02
-6.520943765635554001e-01
-5.212434915917754097e-01
6.292003498200493539e-01
1.070318315139175525e+00
4.940075542562807343e-01
-1.477559177386319256e+00
8.348301473664836436e-01
6.211936372302258036e-01
1.418320167153234834e+00
-3.326850614022287544e-01
4.852039906852256834e-01
-2.974934325900564502e-01
4.005183000311420827e-01
1.831083746285015579e+00
7.702633108219805180e-01
1.942511323774395393e+00
5.979538011821947663e-01
1.029708783027638574e+00
-1.417896711587979475e+00
-1.466732965018560098e+00
-2.455941245445556476e-01
-1.228198701727744702e+00
7.858377907966414000e-01
-1.635433801704717638e-01
-1.677061501010395084e+00
6.535965297072454661e-02
1.424441760479099983e+00
-2.243630357107378348e+00
-1.327969092853623856e+00
-7.537634946507889566e-01
6.241827700702087256e-01
1.216116676007814590e+00
-1.443893781100197060e+00
2.006428335435217036e+00
1.686430252641574867e+00
8.601887586011303100e-01
-4.599681220982363428e-01
1.446126967845789757e+00
-6.635292484456023487e-01
-1.436635674160048559e+00
5.134182615332782973e-01
1.250569394329064110e+00
1.705976885550041899e+00
2.110605187285542250e+00
-1.349918003312145398e+00
3.003053977016882925e-01
2.338767816260462595e+00
1.450571728691363305e-01
4.281778978166341787e-01
7.837351415039597313e-01
-2.049875767614928179e-02
9.156292644793095903e-01
1.204746613845616210e+00
2.940101561555099607e-01
1.173022435398292984e+00
-7.710892383758611857e-01
-1.011365680887154728e+00
6.786066186614174711e-01
6.942669222022228581e-01
-1.630206314927189482e-01
1.667547835976296078e+00
-1.141004483216368826e+00
1.452041253786335417e+00
1.201790921732567519e+00
-6.462159624729979512e-01
-2.446310803202660367e-01
2.072088977731187498e+00
-1.773172189044952773e+00
-1.695841448044883570e+00
2.232203514276981160e+00
-3.918147458152816398e-01
7.034023398807018879e-01
-4.724035983113452630e-01
-8.853177915550647370e-01
4.232245239823324567e-01
2.716774901913678875e-01
5.524728177430171527e-01
5.602322567231343697e-02
1.126961568748807707e+00
1.522133738297615224e+00
1.509007728315111763e+00
-1.218990606890102413e+00
3.062578016996040375e-01
8.650396579129759900e-01
3.689301077167908005e-01
2.223297997803119763e+00
-5.305451464904455960e-01
-3.473649633715183427e-01
4.268946846853278743e-01
-1.418242616457574545e+00
-1.424665230410659955e+00
3.311992973833284282e-01
-1.727071733681840193e+00
1.712525356178336011e+00
-1.807461502807758080e+00
-9.182142132036323900e-01
1.647065979666875180e-01
-7.714507178316054592e-02
9.550333692066033109e-01
-1.542451849673535769e+00
1.725905824244956754e+00
4.690138140229871411e-01
2.870391843345281302e-01
3.095062864486832765e-01
1.578161344930510523e+00
1.849548640357139284e+00
9.579274851939771906e-01
6.105236874185449025e-01
-1.286902171317937160e+00
1.411029138331291399e+00
-1.509959992697615938e+00
-2.265498024273444599e+00
4.976913301314311866e-01
-5.097917451579281334e-01
4.013866570462152339e-01
-6.739732809924792178e-02
1.867802397847235341e+00
-4.321736013874186710e-01
1.926391001438933159e+00
-2.193887389785716735e+00
5.541018677901723422e-01
3.808550604386748972e-01
7.050895277616362478e-01
-7.761757497442651754e-01
-1.492064585391391418e+00
1.376218055861522238e+00
-1.970835726412456523e+00
-1.706481667069377206e+00
1.588596017642016633e-01
6.022515912433634711e-01
-1.331662644696137932e+00
1.544425017492212504e-02
-1.104428485374938873e+00
-6.585855453043700791e-01
-1.253276860000818171e+00
6.042973393384070135e-01
1.264991964382841338e+00
-6.122640246071187065e-01
-3.634448251152146980e-01
-1.511984685816087914e+00
1.021902275995190124e+00
-1.660691186657314411e+00
6.408370380590513449e-01
-1.333989339926213713e+00
1.134937691150757821e+00
1.742413018584213269e+00
-5.660836434778602211e-01
-5.893580744780617664e-01
1.565109036718776103e+00
-1.976829873454813757e+00
-1.382762211356847182e+00
2.130535301631482525e+00
1.398044437717200772e+00
-2.767688053219892197e-01
2.087884641324871282e+00
-5.396671652601794378e-01
-1.155558288132662703e+00
-7.712095446927920150e-01
-1.254148272676289810e+00
1.258207761761838128e-01
1.756143727256898046e-01
5.939776560184375498e-01
-1.175670074733198511e+00
1.284209847237034907e+00
-7.159925130248936398e-01
-3.940783773734830575e-01
-1.712690812073283109e+00
1.947661165698968411e+00
-1.983168304244229851e+00
1.424947164675259614e+00
1.230883961138591332e-01
-8.136242844912189298e-02
1.186198318852756728e+00
-1.188660789258743300e+00
-1.227030205639478844e+00
-7.465060620417967030e-01
1.499851959986079564e+00
8.682190815261776606e-01
1.740130640385986638e+00
-1.712961382222818685e+00
1.907183141234951584e+00
-5.732229163743234324e-01
1.887221696282786354e+00
4.191436924595546287e-01
-8.380083730071152814e-02
9.379060386474113997e-01
-1.034110892405327498e+00
7.200767101708249740e-01
3.491060222200808028e-01
9.278620975247537928e-01
9.408835779649784570e-01
-3.988486212610595771e-01
1.264335036523757339e+00
1.926075692016948615e+00
2.046539482929651044e+00
6.477498462314477123e-01
-1.579773632060653910e+00
-1.002378021261388419e+00
-9.686724972242313214e-01
-3.080696706628129888e-01
4.611578358775325626e-01
-8.124539826540262411e-01
-1.049766770149714645e+00
-8.882589956730768677e-02
-1.062841286255729933e+00
-1.769120835622564059e-01
6.764999349460687483e-01
7.556378817453888175e-01
-2.856224845416264202e-01
-5.820746101326204069e-01
-2.311984168885796720e+00
1.486639475731799109e-03
-1.284892401289941866e+00
-1.724082249696956115e+00
1.711155738531432213e+00
-1.069795383396685118e+00
1.048757090939655967e-02
1.124117110335486558e+00
-1.090322484683391657e+00
-1.842447258543584709e+00
-1.422055429406276161e+00
8.242180391608329160e-01
1.132423929380861338e+00
3.728710983932446155e-01
-2.940811917160317535e-01
2.316228839951907759e+00
-3.408585975246394284e-01
5.701571208786333500e-01
5.172099486383929801e-01
4.447317576685598794e-01
-1.224071121019076891e+00
-3.170012423830188553e-01
2.057746098445436544e+00
4.595243352791591462e-01
-1.541770778859514301e+00
-9.269326137870086413e-01
9.728671083852855617e-01
-6.077943410743573693e-01
8.343145046426396760e-01
-1.240277876797692969e-01
-2.057501207613031902e+00
-1.195560390868550371e+00
9.529086870362570849e-01
-1.658197737405079586e+00
5.921953033966254054e-01
8.072290073623200612e-01
1.103672305039880008e+00
1.537162909308555925e-01
1.529939940001375120e+00
6.193123242594023026e-02
1.530159599223797962e+00
-6.374683058893113596e-01
7.551245884783970297e-01
1.884618633077170813e+00
-2.232652709923450551e+00
4.576035145503434265e-01
1.443559312742306311e+00
-1.675809565134480650e-01
8.589356549977003041e-01
-1.498316445388994111e+00
1.197634004686563891e+00
1.553916732401976475e+00
1.719855918055415600e+00
1.181041554846229857e+00
-1.534661436770038634e+00
-1.343487003351966358e+00
1.782318407301588081e+00
-1.247326173786052372e+00
4.140553933395825226e-01
-3.245426487710707519e-01
5.376998932825296507e-01
-2.113307671026365853e+00
1.520839777752386546e+00
4.288956250693063410e-01
-1.781718195875929833e+00
3.436628218188886308e-01
4.170777404444301339e-01
6.277106683266975296e-02
-2.716325425784793524e-01
-6.381932500747549142e-01
-2.314109973977567236e-01
4.448013614102199753e-01
-1.549838281670067097e+00
-3.481624878463307482e-01
-8.930599151292399895e-01
-1.100235646864914152e+00
-3.490886802223869267e-02
-7.426063241683635852e-01
3.495849731307103525e-01
-5.731918077824236235e-01
-1.875847094914458779e+00
-1.786070950240660871e+00
8.364772783753560148e-01
1.148138147737655324e+00
-1.335801559226805768e+00
-3.056671414678762133e-01
9.611425251904748279e-02
-1.343622804195301335e+00
1.982328219366364941e+00
8.944201464888825726e-01
-9.614078142786182113e-01
1.665835136607098477e+00
2.029572180703129725e+00
-2.086378592039783708e+00
-1.797369932654392599e+00
-1.123286761485478458e+00
-8.433684274217254639e-01
-1.934883920978563765e+00
-3.716980506517133520e-01
1.041793005904247948e+00
-1.695946971242173085e+00
1.410898468463832600e+00
-1.165824734995419387e+00
-3.959731477426640112e-01
-1.534773946171182679e+00
-2.185300360106050110e+00
6.184265325149951309e-01
1.100209991064426518e+00
7.835689179625404677e-01
1.185123453445128483e+00
1.398656150011630572e+00
-6.692965115292075495e-01
1.656617136642877242e+00
2.311393265956267484e+00
9.383480077881873882e-01
1.150075905961487344e+00
1.217033594308928102e+00
-1.948761332960800008e+00
-1.264570691202537844e+00
1.610140542657243046e+00
1.006208098130442430e+00
7.777412362837443638e-01
2.245586453182735198e-01
-1.983879934262755107e+00
-1.765144248433940799e+00
-1.692902328453571137e+00
3.179978158819114498e-01
-5.209663421505084102e-03
1.470768930807836661e+00
-4.920153563661990859e-01
-9.012343123107031673e-01
1.373772167730141547e+00
5.923098674360041116e-01
1.198594699499075489e+00
-2.139490805536687912e+00
1.017944683616932799e+00
1.654098388220981874e+00
-6.476695886801540070e-01
1.111665273402469012e+00
1.888538738450531440e-01
1.746988458366786290e+00
-1.786872474413075285e+00
-1.434376594098125679e-01
1.300644657469831600e+00
2.335949993092443222e-01
-8.375795301912729585e-01
1.470739200610293729e+00
9.376601010704757044e-01
7.762672145613649377e-01
7.611901394778808339e-01
-2.010250425697277521e+00
-7.832250404781557762e-01
8.839603801708575403e-01
5.337173015328575687e-01
-1.628685614389352665e+00
-1.751027735767598070e+00
-1.638923888628259995e+00
1.177474177644636022e+00
-1.836221443352231475e+00
3.747040685192102316e-01
1.206803327175125062e+00
2.596519591529222737e-02
-2.079853977551886501e-01
-1.428707503697364878e+00
2.140910477119478017e+00
-3.186680628820344197e-01
-1.078016489902316355e+00
-5.549896813464396672e-01
-6.308442562909339912e-01
-1.257850579542668434e+00
-1.007068457099870251e+00
-1.118221584360512555e+00
-6.049502789630158972e-01
-6.719106456553403106e-01
-3.402329353457433925e-01
9.737023933528075048e-01
-1.389010712471829834e-01
3.752374958704844943e-01
1.014703416785918577e+00
-8.361489625081368615e-01
2.306144579884544576e+00
1.833330489622239767e+00
2.840830408139813912e-01
-3.669016219101335352e-01
1.170714183908849293e+00
2.344477552371728279e+00
-1.059958622061110134e-01
4.783967574692402636e-01
1.339780544175049215e+00
1.547256610397445442e+00
1.769175826610180913e+00
1.361574611261112011e+00
4.299122754304338656e-01
8.985027436006252088e-01
-2.080825051413500937e+00
1.197506748614300953e+00
6.287758629393023213e-01
1.443637739551029142e+00
-1.788547543898649117e+00
2.242469915931771141e+00
1.982579346239282003e+00
-6.400465854912518182e-02
1.782642895821602735e+00
-5.712850526199666490e-01
-5.547525619377644546e-01
-1.122099133424547812e+00
-4.296357601545262028e-01
5.404651343675128672e-01
9.938394573121858144e-01
-1.064461939648342348e+00
9.275491473391639374e-01
1.784463978671800177e+00
9.099387455686249737e-01
-5.360709361647604254e-01
-3.000816719594343596e-01
1.690135008593342647e+00
-4.989722315399180985e-02
1.563049878578992136e+00
-1.734972673431229850e-01
-2.990739492241427655e-01
2.112396683128920927e-01
-2.722495549239472012e-01
-1.087414020326241904e+00
-1.983711671147050382e+00
-4.508110670342571069e-01
2.059874081028381099e-01
-4.277319642032377800e-01
7.646940366915906395e-01
-4.168639113665202345e-01
8.643655045260514314e-01
-3.593771398212997070e-01
-1.283092939536390809e+00
-1.320924679238338229e+00
-3.737284692599471825e-01
-1.344508217356215063e+00
-1.773484442459837496e+00
-1.686638026717960592e+00
1.568926529619646182e+00
3.445283592356300773e-01
-1.025488987785060147e+00
-4.684728503485047213e-02
-3.552066947470127189e-01
-2.079072051883770200e-01
2.313229954068951599e-02
-1.201998264407236228e+00
-1.499804940357627459e-01
6.116302293285134084e-01
-7.840579645579364154e-01
1.810292478466646315e-02
-2.069794785417854222e+00
-9.445722057447145659e-01
-9.778168212461153530e-01
-8.858545147866800917e-01
1.553532090456108961e-01
1.190632750475881352e+00
-1.453812602237580798e+00
-7.560488591455083451e-03
-1.484367352745863400e-02
1.098066437475749169e+00
-2.139619703488588875e+00
-1.559227856110323884e+00
1.050691216267977346e+00
-1.628266711452740267e+00
2.080634521900101674e+00
1.585006030789291032e+00
-1.264941853289366591e+00
-1.424555786671214186e+00
-1.979370218891665090e-01
1.459075643705363134e-01
1.007287195649787748e+00
-7.988784560142274671e-01
-3.447977749693729166e-01
-9.069651937096576688e-01
-2.361915551852780126e-01
6.830885441714169559e-01
-6.643031649445196862e-01
-9.036369433321098654e-01
-1.386997947983514834e-01
-1.689168767074416877e+00
3.610919494686708475e-01
1.834389272579928232e+00
-4.377677895441447475e-01
1.864741467892576665e+00
9.823092202725440814e-01
-1.474285875566404336e+00
-6.259996405247107987e-01
8.910546194738611092e-01
4.618991450715412839e-01
-1.497919336726117212e+00
-2.792059427845074993e-01
1.053097487111811503e-01
-4.566687317221411746e-01
-7.230286498734708189e-01
-5.218408036761541524e-01
-8.478889347600278015e-01
5.227234234287339021e-01
-9.986805600814516737e-01
7.841916497827607913e-01
-1.365977295363149047e+00
-4.446132785345806582e-01
-1.666702498296520396e+00
7.432091729728220741e-01
2.761030623235978254e-01
-1.237895472761763482e+00
-6.086934525392511119e-01
-6.911889010709089121e-01
8.245320129731759096e-01
1.858619057728533974e+00
9.717804701058661010e-01
-1.892767026776352779e+00
1.490047093287495628e+00
-1.088785644254681273e+00
-8.052530327291780310e-01
7.214276130578811674e-01
1.468293227173038673e+00
1.396778725159997236e-02
-2.386990133243349632e-01
9.414082698719887787e-01
2.320390722305223363e+00
1.924454711878706981e+00
5.837796000348705050e-01
1.303553333533566949e+00
-5.555417481383502221e-01
1.236092614147431767e+00
4.708376958202400431e-01
7.304386321904212664e-01
-4.088661058970011197e-02
-9.052488545133119402e-02
-3.866208274220097607e-01
1.776843723473888303e+00
1.813232383331425446e+00
1.190655721636483477e+00
-1.876525432595617104e+00
2.289693342511167629e-02
1.992535616611536220e+00
1.986240211247309873e+00
5.981586463169721313e-01
4.049522283489572771e-01
5.670879855919519485e-02
-1.013456955997592779e+00
-4.478500303892190004e-01
-1.284939349551261323e+00
-7.309017302542768491e-01
-9.539648848134021364e-01
3.840650896202788545e-01
3.860222604262562029e-01
6.695820314604903345e-01
-4.160556969328110810e-01
1.245809008326782319e+00
1.504889927535606020e+00
1.587642812550682514e+00
-2.362007215305510499e-01
7.390310640906463391e-01
1.193464866379212452e+00
1.367264409225388277e+00
-9.627953495030032727e-01
-1.307743543290056376e+00
2.682564910194917829e-01
1.053056409984112207e+00
-3.070143931644162549e-01
-7.185300002358250282e-01
-5.504080857909956492e-01
1.603115171690356000e+00
-1.164878871701398033e+00
-4.267102023118791720e-01
-1.620770891311383188e+00
1.034929763277245840e+00
1.178259566376651080e+00
1.109310835479471180e+00
-7.969566465380584219e-01
-4.613781771988811897e-02
1.148378348182742315e+00
6.824118360680344608e-01
-6.952932554806245946e-01
-2.296768925563648978e+00
-1.829063102759231896e-01
1.136715078063241791e-01
-8.058583970941981534e-01
-2.184262397057517013e+00
-1.966545248183269035e+00
2.913617637984087239e-01
-8.169482536071779322e-01
-4.619961648016595035e-01
1.533254541958841699e+00
1.369447564756944402e+00
-1.281490287946821738e+00
1.043356185682409176e-01
2.036605397091806324e-01
-1.416246187019578606e+00
-6.208781933150211430e-01
-2.227968177688648410e-01
6.030156393888255195e-01
-8.138313207289238349e-01
-1.488932894336199464e+00
-2.265206771740573721e+00
6.882154042312276232e-01
1.259550719620420978e+00
9.697109053099683962e-01
1.962321261482234291e+00
-1.907499528402896161e-01
-1.230818915297064553e+00
-1.709964091286424459e+00
2.303464854715665311e+00
2.043579542623952250e+00
-1.553595758180859043e+00
1.524939336958786029e-01
-4.405264609122570008e-01
1.898864266962013936e+00
-2.285624932617297489e+00
1.485005966762878771e+00
-8.378360722152438100e-01
8.839231246130712094e-01
2.469351533517425423e-01
-6.640674852012597995e-01
1.849668341801134375e+00
-6.805929229682723403e-01
-1.202900604592631595e-01
-1.559809113739553776e+00
-8.437512111003817594e-01
-4.384109343434410277e-01
-1.147742428715420537e+00
-1.458508254233263912e+00
-4.533782115388564904e-01
1.391195829727905675e+00
-2.739397143850643701e-01
-1.818632467880813230e+00
5.565750104300146717e-01
-2.429485958605877016e-01
-6.259625009855476208e-01
1.543410296080926614e+00
1.332112543818912975e+00
1.569824481273458971e+00
-1.324766627910901384e+00
4.008175507144979832e-01
-2.213260078522372165e+00
6.164495249474510885e-01
-1.376114699268766728e+00
-1.649166366309449128e+00
5.613542704522789251e-01
-1.025735356693282530e+00
-1.613623957164450395e+00
-9.617925805500764369e-01
1.000025675382138601e+00
6.956971062692396401e-01
-1.026710079278852383e+00
-1.015382415714708664e+00
-1.568583726910760312e+00
-1.310258555202008957e+00
3.965444943703495539e-01
-1.857648576220473302e+00
8.124678528025777169e-01
-2.042031490304641927e+00
1.718826795082692094e+00
1.614906920100150245e+00
4.335255433793676616e-01
-1.810671560756811793e+00
-6.284366828963587892e-01
9.039529135424109185e-01
-5.044666422420682750e-01
-2.087864720102980520e+00
-5.580659057553347679e-01
1.207600043816007052e+00
-1.536602778403747038e+00
1.106440857511787890e+00
4.546346648578971639e-01
1.604001947861775079e+00
8.857291987165698544e-01
1.908784441954477273e+00
-1.749884144527187768e+00
-9.071218643988254726e-01
-1.520202682082144818e+00
3.730876560909663908e-01
-3.559674017473417607e-01
-1.733140279945723172e+00
7.049493832332522913e-01
4.432764766564289971e-01
1.435483234158719590e+00
-1.061601389489021940e-01
-1.643908183397027045e-01
-2.271321291139174914e+00
-9.417474113584809459e-01
-8.192573318714213571e-02
-2.091475296655838090e+00
1.313481902917974509e+00
-4.487968993839333010e-01
-5.645736738538253974e-02
2.183992206140121795e-01
-1.279309982074154028e+00
2.383375044738054171e-01
-4.931934051879958147e-01
-1.028264319820859640e+00
1.588588398964674298e-01
-1.547056846915073614e+00
4.478394218256473991e-01
-2.854171889765666492e-05
1.822122671618671141e+00
-4.678320911406155247e-01
1.518768737030541160e+00
-1.125663790097570782e+00
9.583351309659571271e-01
7.093304927028984963e-01
7.391275403109718312e-01
1.410024950376429942e+00
1.612693450992582100e+00
1.565786575208024445e+00
8.464000435394680721e-01
