2.227000000000000000e+03
1.123100000000000000e+04
2.913000000000000000e+03
9.421000000000000000e+03
6.723000000000000000e+03
7.752000000000000000e+03
1.136200000000000000e+04
1.161100000000000000e+04
6.917000000000000000e+03
7.656000000000000000e+03
8.551000000000000000e+03
1.158900000000000000e+04
1.196700000000000000e+04
1.155800000000000000e+04
1.122100000000000000e+04
1.160700000000000000e+04
1.200700000000000000e+04
1.192700000000000000e+04
1.151000000000000000e+04
1.139700000000000000e+04
1.174000000000000000e+04
1.182800000000000000e+04
1.177300000000000000e+04
1.168500000000000000e+04
1.188500000000000000e+04
1.200500000000000000e+04
1.156400000000000000e+04
1.198300000000000000e+04
1.188300000000000000e+04
1.194700000000000000e+04
1.178400000000000000e+04
1.225400000000000000e+04
1.198600000000000000e+04
1.192300000000000000e+04
1.189400000000000000e+04
1.200000000000000000e+04
1.196000000000000000e+04
1.167000000000000000e+04
1.168000000000000000e+04
1.170600000000000000e+04
1.176400000000000000e+04
1.233100000000000000e+04
1.153100000000000000e+04
1.211000000000000000e+04
1.164100000000000000e+04
1.197200000000000000e+04
1.201200000000000000e+04
1.191000000000000000e+04
1.154600000000000000e+04
1.130400000000000000e+04
6.595000000000000000e+03
1.173700000000000000e+04
1.205700000000000000e+04
1.154800000000000000e+04
1.195200000000000000e+04
1.208800000000000000e+04
1.216100000000000000e+04
1.143500000000000000e+04
1.196100000000000000e+04
1.187100000000000000e+04
1.210100000000000000e+04
1.220300000000000000e+04
1.222400000000000000e+04
1.199000000000000000e+04
1.193200000000000000e+04
1.245700000000000000e+04
1.210400000000000000e+04
1.183600000000000000e+04
1.216600000000000000e+04
1.185900000000000000e+04
1.164300000000000000e+04
1.208600000000000000e+04
1.212900000000000000e+04
1.157800000000000000e+04
1.191800000000000000e+04
1.189800000000000000e+04
1.242100000000000000e+04
1.203800000000000000e+04
1.155100000000000000e+04
1.195300000000000000e+04
1.165100000000000000e+04
1.177300000000000000e+04
1.195300000000000000e+04
1.192500000000000000e+04
1.227100000000000000e+04
1.204500000000000000e+04
1.173100000000000000e+04
1.194000000000000000e+04
1.236800000000000000e+04
1.206300000000000000e+04
1.180500000000000000e+04
1.217300000000000000e+04
1.173300000000000000e+04
1.188600000000000000e+04
1.148500000000000000e+04
1.216100000000000000e+04
1.238000000000000000e+04
1.205300000000000000e+04
1.179500000000000000e+04
1.197200000000000000e+04
