1.390000000000000000e+03
8.729000000000000000e+03
5.096000000000000000e+03
5.265000000000000000e+03
3.581000000000000000e+03
9.843000000000000000e+03
1.108800000000000000e+04
1.149700000000000000e+04
1.141000000000000000e+04
8.366000000000000000e+03
1.156200000000000000e+04
7.928000000000000000e+03
1.135500000000000000e+04
8.478000000000000000e+03
1.164900000000000000e+04
1.156100000000000000e+04
1.150300000000000000e+04
1.144900000000000000e+04
1.169400000000000000e+04
1.142000000000000000e+04
1.190700000000000000e+04
1.149900000000000000e+04
1.152200000000000000e+04
1.167400000000000000e+04
1.176500000000000000e+04
1.202400000000000000e+04
1.119100000000000000e+04
1.212900000000000000e+04
1.185800000000000000e+04
1.167600000000000000e+04
1.159400000000000000e+04
1.213000000000000000e+04
1.221600000000000000e+04
1.180000000000000000e+04
1.209200000000000000e+04
1.189600000000000000e+04
1.147600000000000000e+04
1.148000000000000000e+04
1.226900000000000000e+04
1.184900000000000000e+04
1.157600000000000000e+04
1.162800000000000000e+04
1.215800000000000000e+04
1.152800000000000000e+04
1.165200000000000000e+04
1.147100000000000000e+04
1.197900000000000000e+04
1.187300000000000000e+04
1.147100000000000000e+04
1.213000000000000000e+04
1.238600000000000000e+04
1.226300000000000000e+04
1.160500000000000000e+04
1.234000000000000000e+04
1.207000000000000000e+04
1.230500000000000000e+04
1.190100000000000000e+04
1.228600000000000000e+04
1.203800000000000000e+04
1.180600000000000000e+04
1.205200000000000000e+04
1.230800000000000000e+04
1.219300000000000000e+04
1.191200000000000000e+04
1.176900000000000000e+04
1.207600000000000000e+04
1.171000000000000000e+04
1.155900000000000000e+04
1.223700000000000000e+04
1.209100000000000000e+04
1.151500000000000000e+04
1.217800000000000000e+04
1.173800000000000000e+04
1.227800000000000000e+04
1.227100000000000000e+04
1.196900000000000000e+04
1.139700000000000000e+04
1.179500000000000000e+04
1.221100000000000000e+04
1.170900000000000000e+04
1.190000000000000000e+04
1.208200000000000000e+04
1.168800000000000000e+04
1.198200000000000000e+04
1.221600000000000000e+04
1.182400000000000000e+04
1.255300000000000000e+04
1.180900000000000000e+04
1.172900000000000000e+04
1.225200000000000000e+04
1.203100000000000000e+04
1.184700000000000000e+04
1.153600000000000000e+04
1.189100000000000000e+04
1.221900000000000000e+04
1.139500000000000000e+04
1.198500000000000000e+04
1.231900000000000000e+04
1.178000000000000000e+04
1.170700000000000000e+04
