6.061665365411602124e+02
6.994860756592694997e+03
8.280266932317356986e+04
1.925221537358233036e+03
6.076553280444175471e+03
5.407883121360071527e+04
9.803085344574223564e+04
8.714233354406157741e+04
1.304925798085635688e+04
5.527808099114290962e+04
9.866661340538019431e+04
6.824041319885742269e+04
1.206372945368447108e+05
1.161306989934410813e+05
1.418828313161692640e+05
1.548362005858100310e+05
1.534527996491438244e+05
1.555232681605865655e+05
1.553860021465874743e+05
9.604225109814805910e+04
1.554014279433315387e+05
1.549608813360522036e+05
1.547179222356539976e+05
1.557328285293176305e+05
1.234774037806537381e+05
1.956037495699053106e+05
2.654388344749586540e+05
3.241168667909043725e+05
3.448560500266565941e+05
3.849121281777310651e+05
2.593790078482829267e+05
7.459120903745676624e+05
1.065049948066609213e+06
1.123083707145685097e+06
1.184199893669940764e+06
1.326287479358828859e+06
1.459795756738062715e+06
1.497720997913475148e+06
1.480975791127456818e+06
1.485548476472558919e+06
1.531331700416867156e+06
1.568646137132481672e+06
1.564395049683903344e+06
1.124046987932121381e+06
1.496340070779278176e+06
1.568775027761308476e+06
1.568775028421526309e+06
1.568621940246886108e+06
1.568775142529675039e+06
1.568627306388046127e+06
1.427466736515659373e+06
1.568775448410146171e+06
1.568775027755738236e+06
1.568775027774645714e+06
1.568627370331124403e+06
1.568775027761308942e+06
1.568775027761308011e+06
1.568775027755232295e+06
1.568775027583293850e+06
1.568775027761309873e+06
1.568395628900523763e+06
1.568627306389461271e+06
1.568627306387377204e+06
1.568775107035678113e+06
1.568775027761399513e+06
1.568771980422485853e+06
1.567141310442172922e+06
1.568627306467481423e+06
1.568775177303330274e+06
1.568700424226217903e+06
1.568773525469037704e+06
1.568775067660323810e+06
1.568763488063132856e+06
1.568775027706361143e+06
1.568775027725211345e+06
1.568775036568514071e+06
1.565236373880004045e+06
1.568775032766729128e+06
1.568775027568853227e+06
1.568775027760357130e+06
1.568627306393926265e+06
1.568775027761189500e+06
1.568775027758967597e+06
1.568775027761309873e+06
1.568775027818107046e+06
1.568775027761309873e+06
1.568775027761309408e+06
1.566780984616785543e+06
1.568775027760641184e+06
1.568775027761308476e+06
1.568705380905487575e+06
1.568775068343038205e+06
1.568775027761308476e+06
1.568775028007677291e+06
1.568691461300626863e+06
1.568775027762433747e+06
1.568775097098774742e+06
1.568774486993574537e+06
1.568775200273113791e+06
1.568627306388090365e+06
