5.047205223832452736e-01
4.220753285740740379e-01
1.606472949596319921e+00
5.422718874961232061e-01
1.355776576464617023e+00
-3.100533388803574653e-01
-2.710479723186489664e+00
-2.889213033397644459e+00
-3.588206939799212236e-01
-8.466884547658271032e-01
-2.062156540662805959e+00
3.890327400729935547e+00
1.041762931164704753e-01
1.924818434760159569e+00
-2.657536199339690874e+00
1.604252016173992601e+00
-1.289571779244482741e-01
-2.790949353455918214e-01
2.096984897410376192e+00
-2.209644739170564698e+00
1.900649248803441438e+00
1.510957502856459911e+00
-2.945131996625357296e+00
1.745146714100018315e+00
-1.244403530771029942e+00
2.122083219134341725e+00
2.333544283881677117e+00
-1.095540553153955265e+00
1.838366862228706822e+00
-2.049842586473262784e-01
-7.221062534558742030e-01
2.182136163608412005e+00
-1.680472754465844432e+00
1.364926454153998492e+00
-3.643135296323649630e+00
-1.996453080445088180e+00
-2.551404887595556392e+00
9.956376267103506095e-01
1.153223656852572887e+00
-1.523256124330853112e+00
-3.272468958801925787e+00
1.164882265356159685e+00
3.493820845372210826e-01
-6.144051496398947876e-01
-2.630372184048292983e+00
6.713795095222954146e-01
1.351501733232998603e+00
-2.811020073274916875e+00
4.695436633129892456e+00
-8.925629224473397016e-02
7.084780725424266734e-02
-1.905065494843059426e+00
2.287542714436179736e+00
-1.173346066877031468e+00
6.346596085458671155e-01
-1.563008365161162594e+00
-3.254051424477274246e+00
1.591441496481587059e+00
-1.581284411491305164e+00
1.635788957973169921e+00
5.454809962780471366e-01
-8.448605356690217505e-01
-2.870466294302639998e+00
3.617912877680598882e+00
-2.494773224343385110e-01
-1.473887940482834225e-01
1.519935099444674975e+00
3.805554449977067932e+00
3.652321040591070656e+00
-1.448436126972818538e+00
4.337706007710151468e+00
3.595362050021826406e-01
-2.204368801584707604e+00
-2.556561189101822062e+00
3.177247026725455115e+00
2.107692319900756672e+00
-1.898584775807259373e+00
2.051344786425670641e+00
1.549868109053362808e+00
2.042153335056561048e+00
4.079299776681367007e+00
-4.841026472401637193e-01
1.418044907836144120e+00
-4.272300858416093305e+00
3.413164965264231299e+00
-5.391490614696774486e-01
1.203766453108197076e+00
-2.887436025823530983e+00
-7.132827378626043213e-01
2.303004369363645054e+00
-2.131925425589973333e+00
2.710471543685883944e+00
-1.530537561521000178e+00
-2.330155661612853812e+00
8.886475194654011034e-01
-1.845468249642328029e+00
-1.360952395321417097e+00
5.422206962903040051e-01
-2.092611426442125389e+00
4.852632987993175107e-01
1.157933898045655496e-01
3.532135309954366420e+00
2.135121074941213060e+00
-1.899629040428042259e+00
-1.365538763583326265e+00
1.625756065268824102e-03
-1.690050375307468933e+00
-1.888549249729569279e+00
-3.153470609287736259e+00
8.023936835929745826e-01
4.556512121777789304e-02
1.124810411567306545e+00
-2.232582196499137694e-01
1.563809316163844443e-01
2.052014520498451233e+00
-1.834173667475902381e+00
1.972713412781459397e+00
1.669568862900305817e+00
8.017306867280540317e-01
-7.498451762085984740e-01
-1.960463017303597510e-01
2.786795049567629690e-01
4.029959889434755027e+00
1.918951820487080795e+00
-1.558527320417618434e+00
1.570140176312087910e+00
-3.556749961105589275e+00
1.890472073702913036e+00
-3.628710121359984164e+00
9.566682334751428485e-01
-2.559870581404266154e+00
1.535180167717752120e+00
3.173241190848147042e+00
-6.150647982572596817e-01
3.086233195501380422e+00
1.849311679932126751e+00
1.935550590768546186e+00
1.636177284173880864e-01
1.786503651643496227e-01
-3.803312915191991550e+00
3.741102933803752251e+00
-1.241804950603504931e+00
2.578371819955844302e+00
3.295323630683645533e+00
-1.108449714825923582e+00
1.257127842499270898e+00
-7.807159492586155380e-01
3.252088638053260539e+00
1.334019307803223420e+00
-1.353182459927170456e+00
6.401943552544775429e-02
-1.517181262374174278e+00
-9.519248206194008688e-01
-1.488093040760230412e+00
4.415354064399195977e+00
-1.786509145611002936e+00
3.589492822108839576e-01
3.066304899032594733e-01
6.752204052513626209e-01
-2.348355025345481906e+00
-7.105432919583201112e-01
8.898005680561071884e-01
-1.752274753958324105e+00
6.449903323442063297e-01
1.609215595708459290e+00
-5.456773078817453992e-01
-3.495665569736794431e+00
-3.919211573810225779e+00
3.063515222372750202e+00
1.120005278549837335e+00
-9.884698444755732893e-01
-2.748712124184731209e-01
-8.608268985356328784e-01
-1.231187288038566585e+00
3.542384392406727756e+00
1.163552937266983278e+00
-2.603166087317809740e-02
-2.353047317242837888e+00
-2.098910477160781163e+00
-9.688198015314428702e-01
-1.516264931551700723e+00
-4.252254946104851996e-01
-1.371340163061059769e+00
2.540397445548463473e+00
-3.223059883117849189e+00
3.966942430914933482e+00
1.831816989551295904e-01
1.767591664605672186e+00
8.658527185530484616e-01
3.977083988857295083e-01
-2.684850141481527785e+00
4.001138302805102853e+00
1.996745251734468596e+00
-1.011050141796912438e+00
-4.181779388954351973e-01
-1.657537830904711740e-01
3.642505985232778798e+00
9.635375860027544093e-01
-2.003435010811949191e+00
-7.460674754494718286e-01
1.688876220280696394e+00
2.552366814809055029e-01
-2.524546643788463385e-01
6.070350625296221381e-01
3.526877576204597631e+00
6.598087107562733422e-01
-2.032993985562293382e+00
9.624579554415548799e-01
1.072650148877551501e+00
2.251083163647416008e+00
-2.007992582608904009e+00
-1.238286462120916642e+00
-9.819021701208141550e-01
-4.047177801743542247e-01
1.111886600206940301e+00
3.152429716442100016e-01
1.030536332799631971e+00
-1.302929147948223232e+00
1.393468837666941518e+00
1.269549517805828032e+00
1.514663714116073479e-01
1.680754565288166802e+00
-7.927654884981016892e-01
7.832076245003039006e-01
-2.447798548683248754e+00
2.287849195262388058e+00
1.328546725172388143e+00
1.107024510175462773e+00
1.120556861176221553e+00
-8.836844482994941075e-01
1.511878142044236206e+00
3.796707317312169039e-01
-7.515412737653726083e-01
2.960979496184861226e+00
-3.444923626653126902e-01
2.606538419882831192e+00
1.776236907989005687e+00
-3.780343055980909028e+00
-1.904076281228589629e+00
2.264828343888822815e-01
-4.975869018557261825e-01
-2.999424532082204387e+00
6.287698495835485346e-01
4.656578821196893259e+00
2.803187636716018005e-01
-9.822311682382780518e-01
1.595473065774180021e+00
-3.457806649169143931e+00
2.421908822097900149e+00
4.077547654011155487e-01
-2.130254673063691762e+00
-2.028397425443782431e+00
-7.574207805721577813e-01
-9.527718688451125573e-01
2.189563851154810337e+00
-6.652039645612273233e-01
-3.031222820185109246e+00
-5.883778550551683750e-01
5.620622581742527046e-01
2.985902527818606877e+00
1.343528531373872958e+00
9.632167328167273723e-02
1.060268555384227263e+00
-5.863199698445713537e-01
7.370141272398100796e-02
4.329362846967912404e-01
1.732005483524278411e+00
7.260896122001936348e-01
4.973371336418306754e+00
-9.705253329502516735e-01
1.048988356682364120e+00
2.935522813440925916e+00
4.367998396480324175e+00
3.738747029755277396e+00
-4.755164456005527285e-01
-4.121568121304561849e+00
-2.253906352697596205e+00
1.370914325456862315e-02
3.627160882049098589e+00
2.851098380616319261e+00
-7.457966083136664537e-01
-2.941141087977810376e+00
-1.377186338555696388e+00
2.708502716758109941e+00
1.167629432466707584e+00
2.513814020650357861e-01
1.204252298075863870e+00
-4.950213244728454143e-01
-5.989934844369884104e-01
2.164797212748149846e+00
1.562202427940658112e+00
-3.298784619119130568e+00
-9.105338346302769281e-01
-2.585515274404043495e+00
-3.891518018798318934e-01
-2.357951347747588855e+00
8.209148870586950864e-01
2.474730420741120263e+00
-8.734859933239924601e-02
2.946542136395242650e+00
3.510414509248661830e+00
-5.225094008909403342e-01
4.793371110571742477e+00
4.007670596369280247e+00
3.560775449530261483e+00
-2.700882478153000754e+00
-3.230071593479401759e+00
1.256309932210328384e+00
5.367244736675207406e-01
-6.305095685834718466e-01
5.069282815122901908e-01
1.130992479456653932e+00
3.103408111091686905e+00
-8.462943661723514310e-01
3.563691000705704326e-01
-3.995293869783429042e+00
-1.012495253625793623e-01
-4.056736719708036176e-01
2.122515386432015205e+00
2.188607012828803988e+00
2.252347057906681549e+00
4.264198956243578920e-01
2.922118362294980010e+00
2.841014727620193803e+00
-1.301127891998423269e+00
1.836262115907734582e+00
-2.627138342901782941e+00
-7.616884181347014504e-01
-3.419906266284613583e+00
-2.129273168032188579e+00
-9.493606855238700959e-01
-2.356211763703881967e+00
-3.150052276851953437e-01
-9.998387093279204052e-01
-2.969576191226117601e-01
-2.401771352327470854e+00
-4.595674126777433699e-01
-3.933757284028567724e+00
-1.980937645818342752e+00
-1.677225503458235512e+00
6.331775017315770526e-01
9.570603058552960007e-01
1.721497169988310816e-01
1.756192481724339061e-01
1.347602237943362979e+00
4.347361410706058749e+00
5.265363495056529786e-01
-3.159914258102482609e+00
-2.250934515239166878e+00
-1.394708833747779320e+00
-3.959881475968807241e+00
-2.956110980660699106e+00
3.566509460116655816e+00
1.520379151646866767e+00
-3.858622882953901101e+00
5.241260451460370007e-01
-1.774401685528261385e+00
-1.892934040632281434e+00
3.728575384683855631e+00
6.405765600215884703e-01
-1.052446752964966592e+00
1.376170440789992178e+00
8.471685100870924856e-01
-2.155955038784189703e+00
1.528480211320011328e+00
1.923551837661970687e+00
-1.489167052436321192e+00
1.186042960138909308e+00
-2.275408297878000585e+00
-4.478791516571085651e+00
2.673568665857106730e+00
4.423961875631242435e+00
4.367270522198595017e+00
-1.971536851349673380e+00
1.385453964168697816e+00
1.167005232415633031e+00
-1.461092401419112008e+00
1.334957789617559065e+00
-9.938547170354121718e-01
-3.291991445207821165e+00
6.424882888642429180e-01
6.087896119817193252e-01
-2.376672545974768624e+00
6.785135267878539267e-01
-2.182577421766109804e+00
-3.136982564528807416e-01
2.334858316947645562e+00
2.501009120064145108e+00
-1.957282239334209972e+00
-2.980392540858080253e+00
5.066441770854988036e-01
-4.303245348077542332e-01
3.009767192086375331e+00
-2.456369891130497862e+00
1.163206226914111241e+00
-9.758799714228514333e-01
2.094437230021330087e+00
1.532909066361298756e-01
-1.976804192822783079e-01
-2.037304196606458895e+00
-3.170443647906178608e+00
4.057437770202552585e+00
4.048908343803503840e+00
-1.646877349215645214e+00
-1.518470198822144290e+00
6.237086393465514078e-01
-3.960165989247164120e-01
8.635971439813294737e-01
1.187638611921376430e+00
-3.966587064435256327e+00
-3.618544982919335684e+00
6.250688030410147533e-01
3.219994031133378343e+00
4.349161248539312297e+00
-2.156600099261777981e+00
1.097812585686614995e-01
1.261969034809227175e+00
5.691606457761455573e-02
2.438096400083296089e+00
-7.752030704643537717e-01
-4.755348678728275047e-01
1.831600463883862773e+00
-4.090060935379184137e+00
1.028645521624417469e+00
1.749856814032471952e+00
-1.454119654426300201e-01
2.550166334510518773e+00
-1.016086144549820602e+00
-3.302811754593051319e-01
-4.300218482679660781e-01
-2.153978636092350740e+00
-3.508571869805813037e+00
2.099774392396192013e+00
2.343872017324191148e-01
-1.844537495502143187e-01
3.867159925710064172e-01
-2.840373321247945171e+00
-1.407559033037790286e+00
1.355593991486383487e-01
1.576592616081518017e-01
-2.744706347144844294e+00
3.347462709618840293e-01
1.135993563974263765e+00
6.383302527881662414e-01
4.573876056434032833e+00
-3.989671098582777908e+00
-2.851002206459158916e+00
-2.788768293394570108e-01
3.749649930710237555e+00
-1.760294293413114275e+00
1.928268606792827633e+00
9.065355326819943826e-01
2.451416555268917996e+00
3.360072346853293368e-02
1.166625063129100859e+00
-1.741177375564617602e+00
-3.441158517204204070e+00
3.101894898501377895e+00
4.425105559481096407e+00
2.720320388158024016e-01
3.424731945116723963e+00
-2.271177286121144334e-01
-3.242579861882411763e+00
-2.905676986646188453e-02
4.170822858124799026e+00
-1.627803225662984854e+00
3.937684729446038645e+00
-2.723997541867122507e-01
-1.227158921865552088e+00
-4.017426668678401924e+00
-1.084159748003747481e+00
4.194982572138128418e-01
-4.448567536291728075e+00
-1.277571136804212415e+00
-4.866203051257704360e+00
-3.351640352232578834e-01
-9.530890252115424843e-01
1.953730194466879233e+00
3.809288873114452301e+00
2.627929550695489169e+00
-4.824017195223406773e-01
-2.698192914031796175e+00
3.214165566207922708e+00
-1.329102693590769491e+00
7.276971056520853409e-01
-1.730970639648599096e+00
-2.502859628514042978e+00
3.689190121532382349e+00
4.439344259994019382e+00
-1.140969498878662058e+00
-4.598640992083335988e-02
2.825690585218421091e+00
2.014334828931088950e+00
-9.594956975396193855e-01
-7.190040648536264456e-01
-1.755392543100654734e+00
-2.322750630941411210e+00
-9.482390388934991421e-01
3.202584040488497763e+00
2.330950883196019063e+00
-5.725524660494132334e-01
1.335698522398331534e+00
-1.907644191523887756e+00
-1.113201016473257532e+00
3.152026771293087393e+00
1.466775286651889054e+00
2.934163145558245311e+00
1.510959927434694094e-01
6.251938248030421974e-01
-1.991216435683459629e+00
6.459200315132491710e-01
8.806444561548776306e-02
-3.194582076556482519e-01
1.731127735098059617e+00
2.610502212422360913e-02
1.366236761927335230e+00
-2.385126095794757539e+00
-4.018498600801729381e+00
2.551442732731401541e+00
1.971407304430069729e+00
-8.277398116673548856e-01
-1.680534044678863026e+00
2.445427608013527099e+00
6.603972632479084837e-01
2.247583048594053778e+00
-3.382724951606208563e-01
9.141425886512921650e-01
-1.740396792541692328e+00
2.401528144518712438e+00
1.367929999190751644e+00
3.258248278540804677e+00
-1.919160060769819154e+00
-3.202530909629182077e-01
2.082494928766765341e+00
2.993591828198331584e+00
-2.634494851992766229e+00
1.309665219391256130e-01
-4.503700110839205628e+00
3.497655749200843545e+00
-1.724219701501568114e+00
-4.175904531378362705e-01
2.306080267331021005e+00
-1.826228106772431747e+00
1.119805247291685291e+00
1.773610239434044722e+00
-6.260170194978638136e-01
-2.884060414099476333e-02
3.148707649140732201e+00
1.324765369466778253e-01
3.257022650983023127e+00
3.523797445123156180e+00
7.341933339013433368e-01
2.784809185979694846e+00
-2.066911073232878593e+00
-2.462727608915220578e+00
1.550381840038102865e+00
-9.441641263168492060e-01
-7.710655358638129897e-01
-7.893144097168169893e-01
2.436184537942782669e+00
2.796088870090729372e+00
-4.301423027336675808e+00
-1.901877911188079029e+00
2.452450029021393973e+00
-2.622508632772385440e+00
4.316697449759276495e+00
-3.417685613781455967e+00
-3.848002761028850305e+00
2.901454589972294329e-01
3.060722226485534492e+00
3.611301136882264728e+00
1.220246963716168587e+00
1.536889386805517788e-01
-2.436944696623528195e+00
-5.930398095771538536e-01
-1.739379427373562770e+00
1.723531000018545534e+00
1.453300061439479762e+00
1.096303822246876614e+00
4.818587018172593162e-02
2.155103874796391317e+00
-2.561523659865463820e+00
-1.916902492003353498e+00
-1.366581263776902144e+00
-3.322538036503281944e-01
3.077939094280655041e-01
2.686374051500571625e+00
-1.497806389499145574e+00
3.720346377115932412e+00
-3.572588870680251105e-01
5.094950449105839496e-01
1.756996394466030509e+00
8.405056836453583813e-01
-9.009105675543125358e-01
2.146642645660366000e-01
-2.839730991142930705e+00
-9.463268308140015961e-01
2.124161892477770763e+00
4.787418118580131221e-01
2.971501896997548187e-01
-1.023183914769578262e+00
1.384902423079543254e+00
-2.888009579525427029e+00
4.210636815967694346e-01
-8.941982241338255477e-01
-3.017946645262583605e+00
-2.480374835314822057e+00
2.507605216259704228e+00
-3.486459717539948766e+00
1.920031947394114091e+00
3.366286665214669682e+00
3.992124565818551574e+00
-2.158273367156231526e+00
-2.240900197662707427e-01
4.271053909414135319e-02
-1.598638185740024920e+00
1.008533198883930559e+00
-8.986180493601905184e-01
1.784266138822511394e+00
-3.209459278860400389e-01
1.898427372120528922e+00
-4.175830540345088160e+00
-1.551227212025713342e+00
-1.970064446581476503e+00
5.726485953005786556e-01
-5.628025858631113820e-01
-4.600271802015478251e+00
-5.015557128481473725e-01
2.346568025580124228e+00
8.121946287903414330e-01
2.409938537649405355e+00
-3.244701477860290950e+00
-1.528395912730295514e+00
-1.239364391136739130e+00
-3.132087416379734535e+00
2.915959805574612318e+00
-4.403322305894856292e+00
-3.453656455602676534e+00
3.277719992464724896e+00
1.212710147543074157e+00
3.106687401370676227e+00
2.424408081247458213e+00
3.217446774189376413e-01
-5.871692834539690153e-01
1.925660117804444127e+00
-7.594101224211327050e-01
7.115026916505282628e-01
2.262373984218220002e+00
-1.251765824780736835e+00
3.495205318034374287e+00
-2.975352584421480540e+00
9.765582437636046720e-01
9.087988176487868941e-01
-3.364610889004691074e+00
3.781331473387004038e-01
3.475799235795822284e+00
-8.957775373163556765e-02
-5.386375210523040025e-01
2.392404477732698709e+00
1.012593563752075099e+00
-3.637008163191684851e+00
-1.393984928829968162e+00
-1.813677524520121764e+00
6.797380362846494606e-01
-6.235760592182959527e-01
-3.304053613362847308e+00
3.288262743059981119e+00
-1.825939906242282973e+00
-2.712194757530559386e+00
-7.381014591785284296e-02
-1.134080382173197066e+00
-1.843648282262721594e+00
3.629242420993689322e+00
1.671533053587484829e+00
-2.774091441431641325e+00
-2.746768447822780956e+00
-1.159346597768737386e+00
2.872161707054798896e+00
2.564746773945378422e+00
3.722777818243850234e+00
1.023248850880236205e+00
-3.188518102076032257e+00
-2.622001859415518776e+00
1.025101378284309916e+00
1.954436000450352040e+00
-1.993813767409600146e-01
-3.484422975998962002e-01
-3.150031176866766813e+00
-2.556653076160390725e+00
-1.914288982242167592e+00
-4.088618170552970277e+00
-5.100738109934512821e-01
-1.287208712332024607e+00
-2.554598785371744007e+00
-2.153708636566449286e-01
-4.536593848067242973e+00
-2.101460335942309854e+00
3.067236880134565524e+00
2.890053008784208011e+00
4.349833437888243282e+00
-8.002361579333063801e-01
3.540055409214508231e+00
-1.478943506967134169e-01
2.195112982402386947e+00
1.073748038342739797e+00
-3.481103880676397644e+00
-2.246329903621997914e+00
3.054469340206955152e+00
-1.477771002769539432e+00
9.842221629775860237e-01
-8.261791697523612754e-03
-1.233272813677723789e-01
-3.393606013042193226e+00
-9.293711847102468226e-01
1.066349626876793799e+00
1.010081289641133750e+00
-3.168615843886300354e+00
2.270087988971938309e+00
-1.495636412143169558e+00
5.000000000000000000e+00
-1.236890369934116052e-01
-2.433789581754216336e+00
3.192446344398089053e+00
-1.431414127397328429e+00
7.939595304602757864e-01
-1.741473967726268945e+00
4.300167336572629395e+00
-2.255841399865883279e+00
9.684329605837476151e-01
-1.339954596529135067e+00
-3.480350121396780239e-01
6.450358029448866048e-01
2.189417042841590444e-01
6.358562355298778002e-01
1.376727673323498990e-01
2.082775978341743439e+00
1.015298005595531627e+00
9.104717493409442142e-01
-1.266566010392907948e+00
2.187960190178079856e+00
-2.051993966432238636e+00
2.505556572238089252e+00
-3.570573330166415094e+00
5.901080067249608874e-02
-4.099943237884753344e+00
-1.465907931476022164e+00
5.239059245053221403e-01
5.320793521607569687e-02
-1.444005271006014723e+00
1.668008497209299001e+00
-2.926646788629850171e+00
-3.767848486392243679e+00
1.284089610317047381e+00
3.312552949895035681e+00
-3.747023174239676901e+00
3.520044319638044428e+00
-2.559994978572051494e+00
-2.344685880605232864e+00
-1.763898828747217706e+00
1.253574435381386465e+00
-1.429968278568312101e+00
-2.123487886220445375e-01
2.622495540605747522e+00
-3.043650746410096808e+00
-2.095681395059657781e+00
2.255755101166261767e+00
-8.705103527948052644e-01
-2.300937841383969840e-01
4.275665963799308855e+00
2.709624979202795991e+00
7.273194808636791464e-01
1.375535733831845242e+00
-2.916710149738022118e+00
1.554499165697194485e+00
-3.305995751054902065e+00
2.304157936830462994e+00
-2.327531371676360372e+00
-2.460452029358954462e+00
2.143398109439394794e+00
1.692396262497975812e+00
2.936304892549070900e+00
1.800310130952183840e+00
-3.217776180624474236e-01
3.264491777979847242e+00
-1.338088143011854747e+00
1.436184813890342582e+00
2.191133771509212735e+00
-5.478183366967437351e-01
-1.967049473283442929e+00
-2.849773328522209326e-01
1.155801611920708183e-01
-2.287404348912147167e+00
3.158055840337794962e+00
5.329480642533379608e-01
3.169934498075319240e+00
-6.831775796079044838e-01
-2.159621556908422058e+00
-4.089593543988030433e-01
1.890649647889733664e+00
-2.869493266744594262e+00
4.092668265998407051e+00
-2.161723960500024244e+00
1.063368572392326072e+00
1.861005291572573661e+00
-2.601564052812793904e+00
2.048335150940881810e+00
-4.097788442908987250e-01
4.464320874500058878e+00
-4.070682432088741365e-01
3.664284084242837025e+00
-2.174222373698650124e+00
-5.447112193677972058e-01
3.580897002647203564e+00
3.759597682233199123e+00
-1.280734134732751883e+00
-1.361842913104664987e-01
-9.573865111141461881e-01
1.478449688358147718e+00
-9.768843705387997289e-01
-4.513360395980994255e-01
1.858190638419214835e+00
-2.979884327643395281e+00
4.611876668187830930e+00
-1.041320517829634973e+00
-1.155532479354794528e+00
5.682711614999016447e-01
1.508802472808787876e+00
-2.074828845660245946e+00
9.188458892143458456e-01
-1.240898680638891083e+00
2.466994926069259186e+00
9.718081539642202671e-01
2.176564257184145923e+00
-2.265334224473063429e-01
-3.206878776610828652e-01
3.837545639264362762e+00
-3.390235275020326178e+00
-3.943340027532761916e+00
-3.380711716267104983e+00
-4.260548294257588964e-01
2.726031495329408472e+00
5.974642482252878750e-01
3.448384746903590425e+00
-1.775281942130559898e+00
7.774722226703616457e-01
1.640959294275711855e+00
2.905778765661732876e-01
-4.190728837309662502e+00
3.287188485177779285e+00
1.036512759359556668e+00
4.016304760539899377e+00
-1.543003775443683168e+00
-1.767697959309589173e+00
6.293812806191025899e-01
-2.461440632438535836e+00
-3.092029856565661206e-01
-4.824651961186957827e+00
-1.439221733898951694e+00
-7.779666037602073203e-02
-2.148553280180002911e+00
-8.891221997129150623e-02
-1.258020091260174222e+00
1.181906708305906051e+00
1.909196633030354917e+00
4.339651429863817356e+00
9.204715282355842021e-01
-2.287355643533992122e+00
-2.068836978462438747e+00
-1.264213257788612488e+00
-2.869980689638407689e+00
-4.052033773943066741e+00
2.251348612941752592e+00
-1.388110473483444185e+00
2.706842952070102726e+00
1.239897971581208402e+00
-1.338450484919839756e+00
-9.162273513500380773e-01
3.461553131075147505e+00
-3.912743825433069311e+00
2.037372611134640188e+00
3.448222103236082248e+00
1.463623568026002353e+00
2.335237159163305876e-01
2.641502410529441569e+00
-3.032254750779771690e+00
-1.046454457700965790e+00
-9.640685033661009484e-01
-4.431542701746378654e+00
1.270889499471246076e+00
1.949150898053684244e-01
-1.021378555769738572e+00
-1.882859330254595953e+00
-1.499056160250615832e+00
1.926883936709207212e+00
1.630924846390037430e+00
2.607478013196447009e+00
-4.501178917780515931e+00
-3.167606809767687714e+00
-2.198817718156877987e+00
2.243593422440123497e+00
1.211899589951884515e+00
8.226730034235014699e-01
-1.961023776775230321e+00
9.354221334651313668e-01
1.826126965278527692e+00
5.056970929993331865e-01
2.309863355330259438e+00
-2.159316872732719439e+00
9.999259566720688497e-01
3.186328184925471874e+00
-7.910730369712437593e-01
2.723283554892848457e+00
-1.490008568891544094e+00
1.600975080635327785e+00
4.797560598461885206e-01
-3.372877833058991026e+00
4.255623872050549039e-01
-1.651170500591594426e+00
-2.479158335813695047e+00
1.111903847981360549e+00
-8.168941940221277065e-01
-3.271097321319065276e+00
-2.558440502820937823e-01
3.333717783029026549e-01
-4.792752808548854659e-01
-2.211810248427579229e+00
-3.925945442802689644e+00
3.144640682112012087e-01
2.897721769086604837e+00
1.256231076459533469e+00
-1.744271804703894091e-01
2.458768386716498000e+00
-1.444772465489310598e+00
-1.849630134165731743e+00
-4.178643696572831523e+00
6.285718802591189203e-01
2.762900043975148101e+00
-4.021578042809888842e+00
3.314873539646040257e+00
-1.026910180705646880e+00
-1.838335853887156368e+00
-1.714374536628263890e+00
2.927406611764086009e+00
-3.111592443465855062e+00
2.018480686561080262e+00
4.581787362728917401e-01
-2.547262010651728303e+00
-3.423658462715732043e+00
-2.147353795898246709e+00
-2.029473719179954116e+00
1.230620193267650819e-01
-1.604350385701320825e+00
-2.531105261093080649e+00
2.881595817875036047e+00
7.203027741061784894e-01
1.736600610779317932e+00
-1.541845533395607148e-01
1.782741849365976350e-02
-2.585683281596211192e+00
9.850606828768135870e-01
-5.462110704934604044e-01
-2.119959377898354091e+00
3.460517179692621070e+00
-3.329288075004734893e-01
4.601903901247821338e+00
2.050604766943076029e-01
-3.729478144453480137e+00
1.505230079825405909e+00
2.766267482257314114e-01
-3.774371685847848212e+00
-2.383216437779123176e+00
-2.077291147617904343e+00
3.809809607872969295e+00
-2.275628396901464789e+00
-2.360704721043020093e+00
-3.758610364546091986e+00
-3.430550989984515020e+00
-3.133083466267292394e+00
-1.031470406314860089e+00
-2.429370782605278389e+00
-4.463922094176346889e-01
-1.315908607823688570e+00
4.927260557232518323e+00
3.321411635892710379e-01
9.588003716080066852e-01
-6.621823564657010053e-01
5.845227548666978024e-01
-2.246851137986969338e+00
1.668730904114017477e-01
1.747523463241686059e+00
-1.387468147118242623e+00
-3.122274520310392099e+00
2.439358835426181926e+00
-1.914245041236608547e+00
3.215843952437282383e+00
1.484704727065468965e+00
-4.109157526420150752e+00
5.797308180270821509e-01
-1.045130420584686526e+00
1.546553208002978685e+00
-5.693515857224804577e-01
1.097133446730262918e+00
3.483892599210189900e-01
-3.478809034661836108e+00
-1.800032505212215916e+00
3.837031425921905381e+00
-4.916412542977361966e-01
2.971595200791661284e-01
4.584945297865727909e-01
-3.986620117036008271e+00
-3.173268126531985089e+00
6.337828385652253260e-01
-1.694540039974640422e+00
1.821251117317769008e+00
3.275690694011331061e+00
-2.726672436614629991e+00
2.691816560749459519e+00
3.381170219547161793e+00
-3.142984310585048124e+00
8.854482725657675246e-02
-1.184379157437265739e+00
1.036115036823605173e+00
-1.730849460142360741e-01
-4.950549295745965139e-02
2.790130162543951187e+00
1.708994516556934684e+00
1.459219290444809580e+00
-3.260222818805817990e+00
-3.239835407043518689e+00
-1.415415780590869588e+00
2.955881879493165165e+00
-2.117778546441035026e+00
1.960760947765730400e+00
-5.173632537774217610e-01
4.159971595173777459e+00
4.313368034489597491e-01
-6.277633819048027419e-01
-1.566756415674175340e+00
1.496221823513064209e-01
3.003172153211014717e+00
-1.866219818134674746e+00
-2.155902650139820409e-01
4.531330767717648200e+00
3.685757564893444638e+00
3.013691138818938242e+00
3.488520930894729588e-01
2.349412004491008510e+00
-4.014772654276477226e-02
2.662117714900062104e+00
-1.671867772830526455e+00
-2.120562733342791439e+00
-1.721673793687810150e+00
-3.750967553932093690e+00
-6.611827835908421491e-01
3.026082820651382121e+00
-1.554591871872832431e+00
-3.122718360434793006e+00
-2.221355367573639938e+00
1.204768770419162749e+00
-8.112496461531071290e-01
-7.968267651228897464e-01
2.528525494086137471e+00
2.858780407809437207e+00
-1.048369210607393853e-01
-1.835681283651228846e+00
1.649281893842227120e+00
-3.269442892421538627e+00
-1.074113248023369493e+00
1.894061104863382639e-01
1.437366579876732331e+00
-6.426902336988158382e-01
1.381215251837632607e+00
-4.250290970963330750e+00
3.473067706485506889e+00
6.946701752613595460e-01
-2.554872435224788685e+00
-3.219676904733007383e+00
1.872244898586523654e+00
-1.288969385152285430e+00
-1.993618252436695215e-01
1.728204356422649468e+00
3.346380597812533608e+00
-1.524616990814804396e-01
1.417916879908275973e+00
-2.016564626272065563e+00
3.381807984598923511e+00
-1.735577672436488861e+00
-1.163378748336304724e+00
1.397651464262712473e+00
-4.040791028622470193e-01
-1.227799759072174535e+00
1.412240599950942865e+00
1.801885594407151459e+00
-3.383837148468781031e+00
-1.095567990084571619e+00
3.795895758582501500e-01
1.369898470773211585e+00
8.469530535552394213e-02
-1.440615706310517385e+00
-3.695762216822382484e-01
2.840630616425667831e+00
-7.181116084999086269e-01
2.401689412536267554e+00
2.989874507137862736e+00
-3.019961851775274209e+00
3.755212147619889862e+00
-1.511544114148776430e+00
-2.703644404044634797e+00
-6.786383540321860863e-01
-2.759962833769304069e+00
2.617342520098127068e+00
2.126131350398685171e+00
1.318698149664916386e+00
7.378824745785026451e-01
-3.774800330039917995e+00
2.358419503939419570e-01
-3.355697149103700205e+00
-2.750626949585068814e-01
8.400448981907917556e-01
-2.038268272936873959e+00
-8.421182141690479739e-01
3.237847295316035101e+00
2.565959125046761713e+00
-2.520455985715483571e+00
2.182529749761425997e+00
3.643811502700572191e+00
2.301234361073227319e+00
-1.361596733839462559e+00
-2.118128140221559264e+00
3.714278842340322129e+00
1.207623554083799178e+00
3.732437404851097540e+00
2.711601891390795771e-01
-1.134068811800293730e+00
-2.893545709368679830e+00
1.245812186091875162e+00
2.975908954255822358e+00
2.017181608624378342e+00
4.571987272772526367e-01
5.742906574331012592e-01
6.259949794472294826e-01
-4.123628793147326554e+00
-1.821222909079472707e+00
-1.530196014951976657e+00
-1.018216172428483279e+00
2.470499104562944304e+00
1.811550760468695564e+00
1.117541062977528199e+00
-2.706746226370385422e+00
4.189059443475995792e+00
-1.506995660450054508e+00
-1.320002851629497709e+00
2.705640311469565518e+00
-2.588398518663320935e+00
5.218986235377540694e-01
-1.174798089281610114e+00
-4.568534888584915521e+00
-3.259254840916563811e+00
-1.625351039925584384e+00
1.191815184284332751e+00
-3.164499819343848941e-01
1.271745034068882063e+00
1.498116066269795432e+00
1.216844610545868122e+00
4.119094890372840823e+00
-1.255766181058408648e+00
-9.582611109469896249e-01
3.273050457817825887e+00
1.112338804790331537e+00
3.944910591202573258e+00
-4.023768681494974686e-01
2.048470715750564608e+00
8.725323474030748372e-01
-3.554714577298213385e+00
-1.046523727782786573e+00
-3.631122375813202741e+00
4.110598678500521075e-01
1.683244085267554979e+00
-2.416516486689861853e+00
-1.657181032365798057e+00
-3.352045045798126122e+00
4.247974833232799341e+00
-2.548825716174856204e+00
-4.398993250982089265e+00
4.002934728671924347e+00
5.519438917517671683e-01
1.791068606694439680e+00
3.297594713955891876e+00
1.602567515760540573e+00
1.145346074297126648e-01
-1.733917761435254334e+00
1.724651443695883302e+00
2.702253012565312140e+00
-1.851404263535598282e+00
-3.862708732197086547e-01
-2.214881147303020992e+00
-2.607349232134623662e-01
-1.941853902440588975e+00
-2.135225650610426129e-01
6.217251354328636737e-01
-2.445361847357653939e+00
-9.517024987740265729e-01
-2.600718215847098946e+00
4.559928627339633778e+00
-2.821494637864497612e+00
-4.413527059209103598e-01
-3.148536547179938694e-01
-2.275372729819710393e+00
-2.657015195847524769e+00
2.221590436675571212e+00
7.662319875721435025e-01
-5.000000000000000000e+00
-5.419343522794237700e-01
-3.165590968958174045e+00
1.124854782329961722e+00
-2.955311900202381103e+00
-3.235129431179419424e+00
1.527524587864524719e+00
-3.158449698830117391e+00
-5.466457853089012886e-01
3.102487511644589802e+00
1.712279992629204273e+00
2.360691321650193686e+00
-3.062275750287551723e+00
-5.248882905621981010e-01
1.020050711125270126e+00
-1.017280284228680998e-01
-2.258575490976815203e+00
-3.426887124685820130e+00
-1.547770913243153856e-01
-8.586603667276069274e-01
2.586628099087260324e+00
-1.198759262334903930e+00
-1.000728105822226155e-01
-2.780395775490191568e+00
-3.802718639447801863e-01
2.572797988928883228e+00
2.042520846993052253e+00
2.635724613660498150e+00
-1.045639546094634387e+00
1.206377459204208691e+00
7.794212336748298497e-01
-8.250994347115190308e-01
-2.665917585764194797e-01
-2.190653854579322601e+00
-1.138842305465152638e+00
-4.906918835288207603e-01
9.125737810454310761e-01
1.519770532361842896e+00
9.925103992246882001e-01
-2.557858918918011426e+00
1.705892055612645564e+00
-2.381032844773331547e+00
-9.967109271059193532e-01
-8.202092777102123478e-01
-1.433732144284739718e+00
-3.809851609831622188e+00
9.326113564732363415e-01
2.448385160532721372e+00
3.699369288448613347e+00
-1.475393747678720224e+00
-2.334110820826726940e+00
1.012247608650282515e+00
-2.135435318814733918e+00
8.692528381041553232e-01
2.370592613210753541e-02
-4.139829300700887060e+00
-3.107255430285371212e+00
2.637677149139074473e+00
1.701432317695111607e+00
-2.333601985296245296e+00
-6.377331578776619381e-01
1.087716722800495361e+00
1.963694422036987852e+00
-9.328066397114023189e-01
-1.366076160031806097e+00
-1.795276362338351639e+00
3.321394830276798160e-01
-8.161829057743998916e-01
2.564986205837495703e+00
6.198710216075875579e-01
-1.710790997143736281e+00
2.936057175422950749e+00
3.266232980518431361e+00
1.444469871256963245e+00
7.687559474723570929e-02
-2.547006874821917677e-01
-1.005463684423348880e-01
1.773292315104741945e+00
1.854718567772835058e+00
-3.597429274763401796e+00
-5.126643665208714395e-01
-1.625632921469195136e+00
2.282913254760574162e+00
7.482973213074037844e-01
3.186179963533874115e+00
1.382014981662189612e+00
-1.179262013136128218e+00
-3.236481307190552936e+00
7.131483850851729756e-01
2.187182604611006553e-01
3.139500762916867416e+00
-1.100623845870730033e+00
-2.426563691706543402e+00
6.901345655589814498e-01
-1.899659134996509735e-01
3.670946404839680710e+00
-2.124731226444149801e+00
-2.125633424450048992e+00
5.533580633033707841e-02
-4.792671923929145095e+00
2.678773525763978647e+00
-2.331856479628337642e+00
3.842165464971673217e+00
1.785452731451819375e+00
8.147015189146156189e-02
-1.423340003903946993e+00
3.420353699181154283e+00
1.465593241154836690e-01
2.512085755327149172e-01
-2.941989668032956473e+00
-1.722524091885254904e+00
1.233921083514122330e-01
1.086187209583533431e+00
-1.131572916088261493e+00
3.669087176833347286e+00
-2.746742136532124956e+00
-1.059424026594996349e+00
3.083443330155207107e+00
-1.555383221041874542e+00
-1.380179538776638459e+00
-3.263197468324504413e+00
-3.935394374288527786e-01
2.643616063927366255e+00
5.748496644454430538e-01
-1.084764143006238246e+00
-3.752964932110163243e+00
4.180399728149460259e+00
2.212884265252085925e+00
-2.421993636964323127e+00
3.256566629140033697e+00
-7.780363509480352491e-01
-8.868349635477574822e-01
1.126550594138187478e+00
1.307105074709927095e+00
-2.867354989146040367e-01
3.242496731396627752e+00
3.822517476514981638e-01
1.174754746927924032e-01
-1.005241448378777491e-01
2.152112969579205171e+00
-2.311881279337702821e+00
-7.192041374920581376e-01
-2.309649464704394806e+00
1.975363044946334412e+00
1.696443649424974609e+00
-2.918190952246080272e-01
-1.127406484795407948e+00
-1.784040329931325886e+00
1.728859408318914603e-01
3.361162727318529164e+00
9.197434959041235203e-01
-2.537082939483950916e+00
2.381328176955416431e+00
-5.132653312690580449e-01
1.266307352507848094e+00
-3.314968017348519425e+00
1.357014687277696474e+00
2.107229919071680335e+00
-2.161049033723107637e+00
2.649841074388366025e+00
5.432299215137303960e-01
-5.643373174568733219e-01
-3.868674457260916633e+00
-3.362966871377377487e-01
-1.747158664309271803e+00
9.932420853747325751e-01
3.846056200591752017e-01
-3.593109253404671577e-01
-1.458367308790613048e+00
-6.839107208261507864e-01
-3.034030966816265718e+00
1.277958763994280211e+00
-4.348111652042714326e-01
4.816424498672331467e-01
-3.061792546425742945e+00
-1.367860091756595509e+00
-3.870181765994848533e+00
-4.792640437084737748e+00
4.001854363436851969e+00
-2.906834177984239709e+00
1.906657524310250373e+00
-5.445640884077231902e-01
4.515069989126638816e-01
1.574343780754938749e-01
2.144807557491663630e+00
2.622321648453134202e+00
-1.329857889347432209e+00
-1.642617767462729361e+00
4.729352689352985806e-01
1.959888715645927704e+00
-2.066903525061134506e+00
-2.043113052961246012e+00
2.990127643822821923e+00
-3.841034504010720330e+00
-2.878988025581972643e+00
-4.886633905299198943e+00
8.458241937734563010e-01
2.773885793455822757e+00
-1.707320494402094546e+00
-1.328764488195621762e+00
-1.662612664905624094e+00
-5.974161099000268038e-01
-4.292722523116986544e+00
2.891436439337962128e+00
-1.275800302639238382e-01
-9.572512566214887997e-01
3.469892510003074193e-01
-2.763408963390346251e+00
-2.193308742258340160e+00
2.237398970143408050e+00
-1.214449606147364857e+00
2.144316342697406341e+00
-1.709058320583768165e+00
7.754180526467013834e-02
-1.445930918650759622e-01
3.328749183151586521e+00
-8.773748381420336528e-01
2.640579853882140782e+00
-6.717328859248272721e-01
-1.268641049949684962e+00
-6.292535199599607054e-01
9.466801328743379429e-02
1.016747818977056461e+00
1.085706049826477226e+00
-2.537819960623659554e+00
-2.152506448200480982e+00
-5.107675790787364889e-01
3.141864732544126682e+00
-2.646910571087151443e+00
3.529819240623361054e+00
3.189168222798560492e+00
2.564966595764803792e+00
2.096484015502795728e+00
-2.249488704910835857e+00
-9.544154812510807773e-01
2.133011997259043113e+00
-1.101258472068320060e+00
5.175557621261752672e-01
-9.946000132575081309e-01
2.246127766430319639e+00
-8.965470313025036830e-02
-3.812035422250481531e-02
-3.471777374883673772e+00
2.430658525536505188e+00
4.632579407331990140e+00
1.619309719467702635e+00
-1.164347111134247381e+00
3.034249816211929129e-01
-1.051899726524232470e+00
3.195063079117527849e+00
2.490011721436260927e+00
2.087638375394872625e+00
-4.016410141297770409e+00
3.015663827296402033e-01
-3.321034513182414827e-01
4.096657446446606343e+00
3.247692343910566493e-01
8.803213065640473900e-01
-3.566190018512612525e+00
-1.111862061674617763e-02
-4.467671737026733148e+00
3.503853960523093392e+00
1.759157936639072162e+00
-3.487256213129157345e-01
-2.815046442561479179e+00
2.143849314241904835e+00
-6.039276986246724377e-01
2.481537303676394579e+00
1.565840385047341243e+00
9.286792943113741927e-01
1.909006006206467099e+00
3.971754218942473713e+00
-1.190937788249416762e+00
-9.280864553098977510e-01
-2.812547272065124560e-02
4.853957804810482557e-01
-2.044354284640728991e+00
-1.960335281081606595e-01
-1.674802452665533625e+00
-3.031029126605933932e+00
-8.200664860569464309e-01
1.276100923894833095e+00
3.047003987503948963e+00
8.851517055130209144e-02
1.376133498596344928e+00
-1.091323291746923996e+00
1.096370636069897486e+00
9.888584457113509529e-01
2.387600079110678841e+00
-1.243434642126896694e+00
1.313513366767757873e+00
3.718487188640287044e-01
6.527143965897854727e-01
-1.523867007283010722e-01
-1.489561432242363814e+00
-3.119992942250159995e+00
1.926467557217785398e+00
1.257459608110967686e+00
3.020354335705334847e+00
3.037735598939859116e+00
3.944111112435242816e+00
7.967802130224068691e-01
3.873258313498265437e+00
-4.987780111075706735e+00
-3.909897389032908066e-01
2.992725016888510225e+00
8.570140399233565631e-01
1.336885890339778449e+00
6.804066657209499880e-01
2.661144049128981948e+00
-6.602859645560057444e-01
-1.202832502629949119e+00
3.964889729887604020e+00
1.718184795846273261e+00
-1.046139043004647995e+00
1.194870695248714476e+00
8.685229327188910275e-01
-3.942892735198154419e+00
-2.987110974942615016e-01
-7.630875240108956348e-01
1.980762657531267124e+00
8.099758320025305380e-01
2.136686227215625067e-01
-5.935787542478418999e-01
-3.274248660568226388e+00
-1.816582491595858606e+00
-4.350688254266135147e-01
3.175370707677810600e+00
2.019315218253048272e-02
-2.372989060618293955e+00
3.030663907250694677e-01
5.615108195993645523e-01
1.055597431706183364e+00
2.695923829473239053e+00
-4.294571271769559218e+00
-1.494522867248211373e+00
-1.547358313646665096e-01
1.410027546116761066e+00
1.295628234571616133e+00
9.852880460996926715e-01
-5.780325666163781406e-01
-1.997031166575546468e+00
-1.920536457303811950e+00
-2.954336104935308960e+00
2.318202079658362891e+00
1.162133699164126455e+00
-1.769544945973492212e+00
7.488690105659934204e-02
-1.141039766420737678e+00
-3.998497768282643250e+00
-5.469710388338366869e-01
2.004125574676935528e+00
3.644557402841828164e-01
2.152800583360034992e+00
2.198747017212525634e+00
1.788174188535615272e+00
1.040056839809128775e+00
1.345062718478637898e+00
1.558481477206914434e-01
-3.094787652799890765e+00
1.380406969082126345e+00
-3.632902084977428281e+00
-3.583683930765543924e+00
-2.267161169561852319e+00
9.740706255657052282e-01
-7.595032391005132055e-01
-2.183121977260240598e-01
-5.615861595734719103e-01
4.740603396200036457e+00
7.047500762732301638e-01
-1.033988910136862671e-01
-4.936196525192340090e-01
-2.194336712725278637e+00
1.580447864576680850e+00
-2.224680094823021648e+00
-2.137345207168432903e+00
2.591715843753963355e+00
7.049203110075943357e-01
-3.862498558878108668e+00
-1.452817319510126826e+00
-1.949695020312173455e+00
-3.796243282756118553e+00
-5.586042270082121064e-01
1.380465895807409638e+00
-2.815368567623812712e+00
2.173215785732363514e+00
-8.623791958787387912e-01
2.640038016603174498e-01
-2.975777343630872096e-01
3.496056395384290028e+00
-1.155120279756547408e+00
1.947517964021042047e+00
-2.646450929988968692e+00
-4.961136071711766959e-01
9.459651430641846659e-01
4.343620642973338164e-01
2.309320207562743477e+00
-2.131481687036173689e+00
-1.242215623682447756e-01
1.916796016897432509e+00
-7.372202685203141925e-01
-1.259501411021470840e+00
-2.505466633366113527e-01
-1.887662435991771304e+00
-4.473844474022570239e-01
1.124961971084808887e+00
5.127124437890735464e-01
-4.654171713149075629e-01
-4.141950852306899300e+00
-2.816067904385539666e+00
2.259224777280017804e+00
8.529860766021748475e-01
9.001166665791942023e-01
1.505693315086217510e+00
-4.445596451180756858e+00
1.439066895968216464e+00
2.606573489734120841e-02
1.083886976020631110e+00
-9.076553340607009801e-01
-2.835780087346817524e-01
6.042521764904211778e-01
-4.277417680368529318e-01
-3.384919994231776474e+00
3.466575005856055824e+00
-1.854745187305525178e+00
-2.471663219219140117e-01
-1.620259719632013429e+00
-1.830265805864325745e+00
-9.197716335738839177e-01
-4.603725002318548754e+00
-3.543512424195824906e-01
-3.280720291517784659e-01
-1.515656240507873065e+00
-3.172932102143868338e+00
-3.410935271064554630e+00
9.697958750744017919e-01
-1.223413745361639826e+00
-1.989829979703787721e+00
-1.922576491914411712e+00
1.764799641491396898e+00
2.099362880030987810e+00
8.822368954813510911e-01
-2.388023191311019477e+00
-2.139191730167657735e+00
2.168886067934185924e+00
4.587750947092700926e+00
-2.412399351332563668e+00
1.417478227540972746e+00
-6.190169981115989373e-02
4.943175606846308412e-01
-4.517843368702818552e-01
-3.663669887807197156e-01
3.061918138162035063e+00
-1.746269069869641477e+00
-1.872277054393673090e+00
2.341864851472027276e+00
-4.133820626205428894e-01
-1.525076006838371079e+00
-1.536681705550135391e+00
-8.774929747597521867e-01
4.380952476039771781e+00
3.247958755968911149e+00
-2.901443046028298056e+00
3.868468110113703062e-01
-2.165537240110348538e+00
4.315871324150309718e+00
-1.620082508077912209e+00
-1.381632454252911479e+00
4.102069142822466929e+00
1.797992294585340822e+00
-4.999251880803384118e+00
-1.188250562267699095e+00
2.595906729162434701e+00
-3.584122331773703429e+00
-1.367503214576626824e+00
-2.919254617324659407e+00
-2.456820603932182046e+00
-1.646474043521392705e+00
2.140098659825289573e+00
-2.455247224867225242e+00
-1.492169754458338105e+00
-1.728224273678846679e+00
-1.127919462160320574e+00
-9.954878162339859671e-01
-4.697473647779787598e+00
-2.246956057037006182e+00
3.613403036202246454e+00
2.851682578839760396e-01
-1.348684351755951027e+00
1.607991650784938997e+00
3.982552311179878402e+00
3.177482342475022037e+00
-2.306894726518566863e+00
2.923617432794145543e-02
-1.261844804116833973e+00
1.328066979824545690e+00
4.094525670406550688e+00
1.173740129574520452e+00
2.694822441791451695e+00
2.282668954847903997e+00
-6.037029322387441610e-01
2.843334072869279083e-01
-3.871876467083277262e-01
-7.228898487339243673e-01
-1.452031106004163519e-01
3.501759938371808545e+00
-1.300595315587685263e+00
3.108778758842134948e+00
1.945925777882657748e+00
2.013419297493621585e+00
-2.693294367176500614e+00
-3.875783248419368832e-01
1.379615264718470513e+00
-4.387784213659445598e+00
-2.745048194822606202e+00
3.183626712163238892e-01
8.179936992860881162e-02
1.837779872587215202e+00
1.070248462467437101e+00
1.368359685387207314e+00
-1.678130744612186476e+00
2.083629848708362431e+00
-5.938314434405604914e-01
2.499696926908587358e+00
1.236129306584143883e+00
1.556623900922789794e+00
2.088022476496160351e+00
-1.116928669971704036e+00
-2.146149844345530688e+00
3.425231580615671234e+00
-7.132663907499416922e-01
-1.658151206856575577e+00
2.738981161687901178e-01
-5.038228549666889933e-01
-3.672597397314719458e+00
1.341641556441375727e+00
4.726677857918563319e+00
-3.714680011995845632e-01
-5.889854802694998170e-01
1.088874303793804899e+00
-4.605061723704622523e+00
-4.344957765358276269e+00
1.344816640274402175e-01
-8.612117755799726382e-01
-2.156520171440396982e+00
4.186675215638777203e+00
-2.240889341690497361e-01
1.524481762380824890e+00
3.085062685261251048e+00
-1.380846956491463828e-01
3.080103872758041206e+00
-1.230907275051575489e+00
2.313018214296354458e+00
-1.419106558508600457e+00
-1.868673211693179681e+00
-5.707373842147669407e-01
-3.308405789732054014e+00
1.581800922443830082e+00
-2.365775801136079437e+00
1.197825016968025125e+00
-1.342447709661311883e+00
1.702418980258357806e-03
-8.576772620931034652e-01
1.433242027973210320e+00
-1.617293649583343651e+00
1.216093581174621185e+00
3.068810464138088889e+00
6.010792510631537411e-01
2.325673930262341926e+00
3.416960385593336369e+00
1.081786643039047036e+00
-2.425299380195037102e+00
1.271291363746827052e+00
-3.060217790593136478e+00
1.849976667401971753e+00
-9.610941763843179331e-01
-1.397326657077980983e+00
-1.399906606599647496e+00
1.746430366341286344e+00
2.146812158798061532e+00
-2.824076325245661323e+00
1.197220820862558988e+00
-3.111646664157873943e+00
2.744471916237758435e+00
-9.926639429226389311e-01
2.756607039151046656e+00
1.894649709762557421e+00
3.062533288527454545e+00
2.146542849089255967e+00
-2.510725296343307100e+00
9.341470653915298072e-01
1.814667805907939524e+00
-1.570912455077768222e+00
-1.623351768584602617e+00
-2.210968306171525732e+00
1.818762750111275750e+00
-3.787681718680675047e+00
1.089157791539124176e+00
-1.164212891456148924e-01
3.153487811165421206e+00
1.506433831876292651e+00
-2.077972382535969942e+00
1.262629134044952472e+00
-3.103467379414270866e+00
-1.524334396085478716e+00
1.529969520633146729e+00
-5.203047199282284652e-02
-2.477854735885678394e-01
-2.618920822112503544e+00
-3.017659998666847976e+00
1.136151134314948408e+00
-9.075062148811099405e-01
-9.094525509870896585e-01
-4.028890110965469340e+00
1.506248586904643361e+00
-1.759224487327326614e-01
4.477328011292893706e-01
-2.471314804310961399e+00
1.805822021717862214e-02
2.237581727142972987e+00
2.260689431592552978e-01
-1.634141979103697295e+00
8.819819017878884893e-01
2.037919895430977846e+00
2.848336978578411838e+00
-1.346510928676474261e+00
4.772154356914226625e-01
2.743619874842209150e+00
7.414304580199608807e-01
-1.422202176773126769e+00
6.368324784825922791e-01
-1.968518334985354112e+00
-3.451127030546823793e+00
2.098038599022254758e+00
-1.615794956652132797e+00
2.048340220868251293e+00
2.666381387657906998e+00
3.257187609256995131e+00
-1.301383942640683689e+00
3.696549967583067087e-01
-1.241332682860163406e+00
3.180599118353761412e+00
-2.601486307361185801e+00
6.280318761907714986e-01
3.908307312472931727e+00
3.163261419337910496e-01
2.951630469433970561e+00
-7.019817639928351838e-01
2.604793002013934711e+00
-4.016280117319386278e-01
1.514983915586601171e+00
1.295259019033647263e+00
-2.728879486038811475e+00
3.602872065171764504e+00
-6.944180673771960244e-02
1.674252117993580313e+00
1.654300863593142878e+00
-1.568241515857051738e-01
2.024533848846812312e+00
2.646292746376778027e+00
-2.557707522838017056e+00
1.594656110605914279e-01
2.139093597233211241e+00
2.075431227077160656e+00
-3.723279440069049429e+00
-3.169201029153916327e+00
-2.384939444453674895e+00
1.443105156122288513e+00
-3.106418047778442215e+00
2.054251660860067830e+00
3.909952890950512128e+00
3.420324460456994231e+00
-6.359493917198442148e-01
2.383663031584077885e-01
2.645524032711112916e+00
1.042269678356408491e+00
2.020935052211378036e+00
-4.440787937914173256e+00
-1.824953485127567276e+00
2.563947256984999257e+00
3.715458402504928870e+00
3.598391787479894077e+00
-3.572150486295711413e+00
-1.812888273087347901e+00
-3.204576287139509372e+00
5.159281371129562643e-01
-1.321607919432610245e+00
-1.164142653150816997e-01
-3.692773202843490310e+00
-1.562326949127657016e-01
-2.002091518333652953e+00
1.297468372319325880e+00
6.880623057106287632e-01
1.505531365528397281e+00
-3.955506513490938403e-01
4.160312928728341575e+00
-2.389968522324234623e+00
-1.386063706218589431e+00
1.855424333888899824e+00
-1.101125335161776242e+00
-7.422026674773718469e-01
3.137465522777333149e+00
-2.424448846846813943e+00
-2.190918852668113814e+00
-4.164541421478974215e+00
-1.888694982791053079e+00
-1.004285088944154580e-01
-1.636871157462595150e+00
8.830468652779677186e-01
-4.228207621013870821e+00
2.672856751409565135e+00
1.488610588738159990e+00
8.707732927916911336e-02
-1.405222475909300606e+00
-3.905429126234114534e-01
-3.667642583806207668e-01
-2.516151396030605891e+00
-7.525568017534851606e-01
-1.494537074110701802e+00
-2.925381214376080230e+00
-2.309340083900208729e+00
2.938924511490244029e+00
2.372691351085238765e+00
4.709876374849919500e-02
9.775274993309190918e-01
2.634798874353494469e+00
-2.329520239287536931e+00
2.967044953192402801e+00
-3.402782732101563568e-01
2.763956078273308137e+00
-2.286047720034968478e+00
-9.352598939291656421e-02
-3.472024993671780635e-01
2.615719816810830878e-01
1.037658996832870884e+00
2.656355693193197531e+00
4.433486212688730888e-01
1.739496161824307663e+00
-6.515998699713865250e-01
-4.161330254708603071e+00
-4.434760683666486791e+00
-2.921424554982223754e-01
2.441139410754140648e+00
2.014655767620057603e+00
2.768658322042178099e+00
-2.889874207210510360e+00
-1.397195115732766446e+00
2.683387526118716337e+00
-3.856338576868374002e+00
2.807961550934006567e+00
-7.539683155924690183e-01
6.692663688881523854e-01
-1.737707520997036958e+00
-4.201767301131177135e+00
4.253553638557487915e-01
-2.285185749328149996e+00
-1.205356039493209686e+00
3.844408635971419130e-02
-4.354528296486481764e-02
-1.842779580459813715e+00
-3.203127040079083887e+00
-1.959605212770905158e+00
2.347683064784513718e+00
3.310356474794367898e+00
-3.984250014273836182e+00
2.153195529395425467e+00
-4.989734935576599639e-01
-1.514265948037802900e-01
1.900562339561004066e+00
1.182091680309423687e+00
-5.878077707355267023e-01
2.017859154035806846e+00
-6.750413818575848879e-01
7.241355823844033424e-01
1.918194901025357169e+00
-1.948389924034587217e+00
2.223005566853101911e+00
-2.355296076592762411e+00
1.402639456674688034e+00
1.639537318163617030e+00
2.321489970286396698e+00
3.215153718310784114e+00
8.146355827674440775e-01
2.843347691821483281e+00
9.125715876445328334e-01
3.807272084633922304e+00
-4.065721627923992720e+00
-3.610291613130394595e+00
