-6.395722657400082674e-04
-2.418343691521988408e-21
-1.350652666007753054e-05
-5.320816508082074909e-31
-1.094216618046540998e-21
-7.319949361740650412e-10
-3.109419325806451334e-02
-6.115969287028917334e-06
-3.061496555460120342e-30
-6.400111675256486355e-05
-9.251336293867665249e-34
-2.147993200384076563e-39
-7.467798600325371849e-02
-1.238078719349077484e-05
-1.669381090980757084e-67
-7.042677496640728576e-07
-1.614320280630937576e-02
-1.115520346976244382e-52
-3.138739214585238266e-64
-9.341107723471944537e-14
-7.790604458206140580e-07
-5.598871341664839595e-61
-1.439675405204993842e-62
-6.902102339862621684e-52
-1.588479797283336020e-09
-3.192999675678949875e-114
-1.663896165741035696e-06
-6.910123249824937920e-42
-3.553338133505353001e-04
-5.425595056823935712e-11
-1.389047390483370675e-09
-2.801554954509374820e-17
-2.911570420503876029e-54
-5.475275512317614746e-116
-3.725760836588355683e-24
-1.624020710357156655e-25
-2.286126127195472682e-07
-1.285116370927662035e-91
-8.681722605362309382e-23
-2.791247383008398381e-118
-1.738050473747979136e-71
-5.625821868688687616e-51
-7.429714710670288925e-16
-1.696613913543561980e-32
-1.998696795906690895e-09
-1.450131008766274209e-48
-8.603252870127580416e-09
-7.384208785658190446e-77
-4.675575068860609065e-74
-1.147718970082858555e-49
-2.444230430701769761e-75
-4.531433840642639197e-33
-4.379511944169729826e-115
-5.840643739415005220e-19
-2.491001077807011225e-04
-1.006068853486968730e-72
-3.689101118227449206e-49
-2.015460739789599674e-32
-1.212942429629371584e-46
-2.699376410224991581e-52
-1.421613259455449177e-17
-3.864987416990123965e-26
-1.710478152048735544e-07
-7.763543550677736769e-22
-2.230596185576152649e-35
-1.217300468950750320e-109
-8.464550810307405434e-31
-2.557693132796610341e-89
-1.431572960637134195e-89
-9.795337600864956607e-22
-1.868075314854135985e-08
-3.525630617233841336e-16
-3.444511869482554377e-93
-2.587247973260894028e-09
-2.124715115237714527e-11
-3.166152017434814264e-28
-7.101446636809338683e-08
-1.164976762110639400e-78
-1.331404578811572743e-87
-7.164687066496832261e-36
-5.344408247017101503e-47
-1.546416469566866643e-21
-4.537031732565603660e-33
-3.624056714335940042e-53
-2.325183011246352888e-33
-2.321827024661008577e-132
-9.264377771166420992e-87
-3.255058821980860688e-127
-9.214204686803311815e-10
-1.679916893690409548e-27
-1.127970460768492912e-06
-8.051077692901311496e-23
-1.848760630456536362e-16
-1.302757250511000353e-40
-4.537377888962455181e-36
-5.227939857689773147e-23
-3.790734648324159435e-24
-4.963372015290436852e-04
-1.824400436988474702e-148
-3.252060159907398486e-65
