-5.250713539342912398e-25
-1.239499059326977822e-72
-1.934300366941060217e-57
-1.370846667254692465e-23
-8.111462889336524745e-36
-6.320996093800066897e-25
-1.285455929926302513e-82
-8.730066847487472318e-46
-2.618465212643716148e-28
-4.391459830875206275e-73
-1.024786136615558260e-25
-1.354773089106299057e-51
-1.204750238828440827e-32
-1.765834704379489753e-30
-3.078150565152975096e-02
-6.135904007663386247e-75
-6.027762415605082483e-07
-3.344408766129006314e-22
-6.125242434451034645e-27
-3.315339652797542360e-27
-1.227773289325818613e-17
-9.752293162181645776e-12
-1.971479077746404775e-10
-4.584587331466133301e-08
-4.954664160980596795e-58
-1.428237619605366874e-60
-5.227845647031135491e-06
-1.605132654526008942e-39
-6.574552595269214714e-32
-5.240805539066637252e-26
-9.169833643090577526e-55
-4.927991790884593984e-47
-3.628715860885581805e-38
-1.241397016882089951e-20
-1.564450325035191252e-08
-1.399272160632151557e-36
-1.995133052366876092e-13
-3.531777553220042539e-27
-2.315780801592500712e-17
-1.374577206432020685e-80
-1.116192842200425250e-01
-4.424398481146824165e-04
-1.939113369797218179e-33
-1.234250923567757074e-24
-1.537129736213324318e-15
-2.616513478284985743e-17
-1.786632695855902684e-53
-7.670654405917080865e-02
-3.994737217366905753e-08
-5.451399567439520984e-06
-1.263582808276731742e-35
-1.221635151634206418e-48
-6.528791827110954822e-29
-5.997836269723699271e-51
-2.217882373619558023e-59
-6.605247794606501870e-24
-3.603694200055387605e-27
-3.286728478528254847e-68
-5.459372057632036330e-11
-5.300725692467926804e-03
-4.266916133984287416e-05
-4.697780050741867505e-11
-3.145135160020092894e-31
-1.291008046834181928e-61
-3.640416801813765336e-26
-1.283160057974599832e-18
-3.594844482230470315e-19
-4.458259370712532609e-10
-1.332319375272186220e-06
-1.346740189385036432e-04
-2.447619873042069228e-42
-2.797694344229804810e-41
-1.925543774553730355e-13
-5.249498385541630731e-45
-7.891671407854918424e-47
-5.601945922392822268e-56
-5.167331538832983907e-66
-2.647647483932022214e-47
-3.707956534998210329e-04
-1.261578261866449710e-02
-2.676218722399881130e-48
-2.964081666859044451e-25
-1.467683735617429455e-14
-1.360829439085034173e-38
-2.198938352883110390e-15
-1.645181563684066634e-11
-5.992915664082303471e-15
-8.071997272178795737e-48
-2.527168566086793112e-17
-1.639030000551760168e-04
-9.522408639789271421e-06
-1.131642469910524045e-17
-2.396620676090458799e-11
-3.183189404953986207e-15
-9.437290988578862915e-67
-1.054367246655679670e-03
-2.155685378567682385e-15
-2.597277436356996464e-20
-3.047124264369951928e-10
-4.879987232192474712e-50
