8.344707851053733805e+00
9.100754519544906884e+00
1.913048113370564351e+00
-9.157899888372668329e+00
1.023568525573453059e+01
-1.230491616986881809e-01
2.705612722275033377e+01
5.596593802317187283e+00
-1.069547252266112025e+01
2.126687146805629425e+00
-1.214497274101824331e+01
2.383066430385191836e+00
1.495310430899969845e+01
9.536046488642348606e+00
2.285922915346304762e+00
3.275865344951903069e+00
-1.071339085226065180e+01
-2.766748902254789755e+01
-7.237515243257433895e+00
-7.418669299672032480e+00
4.615927220543909471e-01
-2.607043219136896539e+01
7.399726902571842402e+00
-4.723691875302620247e-01
-6.643771629214199947e+00
-7.725179838710133140e+00
-1.243224820396072516e+01
-2.187184102542038389e+01
-1.559918117708299690e+01
-1.205777457254227159e+01
-2.892771765399551498e+00
-2.728600449738694067e+01
-3.107934491351812767e+00
-8.018606000011388346e+00
2.104825134418958044e+01
-1.572730951471908156e+01
-1.250384055971349540e+01
-4.428963337787877208e+00
-3.340896048135313379e+00
-4.652202717996409831e+00
-4.127816280942504079e+00
3.640729314697445318e+00
-7.633141309170362376e+00
-1.054421932624284608e+01
1.161261887575511054e+01
2.066193426055032489e+01
-7.343731453904247530e+00
-2.300870566418397090e+01
-7.597382583739843653e+00
-9.284273891561980463e+00
4.444242506314708407e+00
1.488369958755072275e+00
8.527419002856504449e-01
6.674435789913637507e+00
1.043261835301998275e+01
2.590136419697128645e+01
-1.123454709742917146e+01
-1.966786705674654456e+01
-5.191639672824408080e+00
-8.274978521080527116e-01
9.171142257404405029e+00
9.611614950863689444e+00
-5.056366600121101840e+00
2.607057216439888236e+01
1.052910800305431138e+01
-1.813875724325152916e+01
9.627370074702596980e-01
-1.610349287873209789e+01
3.276463174704755943e+01
-1.277224596381202559e+00
-6.369522704558505666e-02
1.835883262514380476e+01
-1.514024703176774267e+01
-3.049692381858612578e+00
2.428141593145949173e+01
-7.214154703689871440e+00
2.154224559823273921e+01
1.964387980013277968e+01
-1.395551000582833723e+01
-1.765030197294372982e+01
-1.715889108427345633e+01
8.304147374004486437e+00
-1.839418749700693212e+01
-1.095532109478873650e+01
-8.279399375158142504e+00
2.247533761122330986e+01
7.021743426516856346e+00
7.072329131466105423e+00
7.435746672159190496e+00
-2.135860187920981446e+01
2.181163280283557526e+01
5.499823533851568413e+00
-2.378279804671604580e+01
1.935647700022930451e+01
-9.820755865775929294e+00
1.928260695606851982e+00
9.076813582322074581e+00
-2.180836586996150572e+00
1.509354896913551158e+01
1.333058546880033646e+01
-6.291684493341165307e-02
2.417105836542752684e+00
1.844260859922893303e+01
-1.928781707411830837e+01
2.687813097782398586e+01
4.500577784813287963e+00
-2.240022110590392757e+01
-1.789168815355533582e+01
-6.691369119905843377e+00
1.358217831616863691e+01
-2.472467697013300381e+00
-1.272951307718113156e+01
1.351308149068655950e+01
1.825688780488013663e+01
1.572952503386792955e+01
3.544693696645840930e+01
-1.795101667295860182e+00
1.733966295532727031e+01
-1.612760536793075516e+00
5.176367678046268850e+00
-1.066114322403814896e+01
2.908735360409679060e+00
-8.086836825867614209e+00
-2.323577403673052899e+01
4.064362949458967478e+00
1.951479489045775040e+01
-3.129700444082380173e+01
1.162866244927697323e+01
2.173536467791127791e+01
-1.695562820676457250e+01
-6.007359950211977662e+00
-2.669080066327504852e+01
2.670659759495684682e+00
-8.047858446559743584e+00
-4.188127004139296616e+00
-5.165733585943655726e+00
7.836750420708959552e+00
-9.715990583461660890e+00
1.804408701424510753e+01
-1.262379721272979083e+01
7.900007551624653956e+00
3.007623149886661906e+00
-1.808413024735919805e+00
-8.511579529247590870e+00
6.884893551400566025e-01
-4.229645431898489960e+00
1.727328456571424908e+01
-5.285412089006513270e+00
9.680300875829317420e-02
-2.767146630760244364e+00
3.098051569696515628e+00
2.494417075057442901e+01
8.059782783754407376e+00
-1.223883852069231892e+01
4.160515090029505814e+00
-1.490132528635292886e+00
-2.317733000412616207e-01
2.112681922073352325e+01
-8.321286370190208004e+00
-1.961538539730863917e+01
-1.064228123492731726e+01
-2.554394098004181046e+00
-5.861784920815829025e+00
-2.483748548517008459e+01
-1.099871295142869343e+01
5.985475174746994753e-01
1.705392074341860109e+01
-1.973924568849516703e+01
-9.947129612063520199e+00
-2.715801546584232895e+01
8.849020298038681176e-01
1.939033205150931849e+01
1.238475403388026308e+01
-5.514410818955965965e-01
-2.172733391741964581e+01
-1.624609792307016676e+01
2.191169637486665067e+01
-7.771205579618104764e+00
2.693660605395209018e+00
-1.193531931183745343e+01
-3.879955926721109449e+00
2.284473667171987188e+01
1.497807254140404609e+01
1.985535664398229017e+01
-2.568769434354326719e+01
5.610558763734793786e+00
1.710761981950686561e+01
8.727229780362364409e-01
1.896564902044710266e+01
-1.534801450163433856e+01
-6.877022132639794449e+00
-8.343542722138479917e+00
1.522269835377861114e+01
1.457171706058736049e+01
-2.794610411650149118e+01
-2.203754642677340314e+01
-2.209418378763889734e+01
-8.146808680970281102e-01
-2.097699451609796739e+01
-3.172695054846883522e-01
2.666544340018239723e+01
-3.054225069591986497e+01
2.147295351688647713e+00
-1.162077594085292276e+01
3.433919721418696724e+00
6.367556217580094824e+00
2.654102646561362633e+01
-6.384386625713453611e+00
1.654860627480655921e+01
7.242706026819057286e+00
3.175672249914494216e+01
-2.003291197241942712e+00
-8.521414674223734664e+00
-1.851887706336916750e+01
-1.256589926909880717e+01
-2.597530810052221639e+01
-1.830916054079764166e+01
1.024564841492674816e+01
6.213904519515836000e-01
-9.837085404330473182e+00
6.115669692799919233e+00
-3.566549476653612771e+00
2.402743054942348522e+01
9.175817554185591973e+00
-3.183581666278492150e+00
9.752571944173581642e+00
-2.312221357662401644e+01
-9.451090780527309221e-01
-5.212359802159141964e+00
-3.135973975824377646e+01
-1.743522401972540337e+01
-1.012445811894730241e+01
-6.595389158338868185e+00
2.254842282070669057e+01
1.169692751394735097e+01
1.263766398946653169e+01
-1.839817340135816437e+01
1.259219251663987649e+01
1.382226985311789491e+01
1.043038351933012109e+01
9.784071708516037802e+00
-7.398792864674717862e+00
-3.530568020056888656e+01
-1.292610982488088212e+01
-1.407315693454659566e+01
-9.138390582507980753e+00
-1.478287988447527823e+01
1.850848637161547572e+00
1.434313303948349017e+01
2.908008343455747990e-01
-2.250523729337680123e+01
-4.266179505282828188e+00
8.461281192269453300e+00
-9.017859965276628031e+00
-7.199911927680787471e+00
-1.493033781553571515e+01
-1.049911277746220151e+01
-1.989843965733829734e+01
-3.303443324783259527e+00
-1.383251321746010376e+01
-4.718217430171925741e+00
2.045626624281979389e+00
2.023279623181883835e+01
-2.289142821901930347e+01
1.916598450595094505e+01
-1.094770593049509699e+01
8.812867138123223754e+00
2.027858642472905615e+01
2.398456539196494930e+00
-5.699443114667403165e+00
1.422863966964517601e+01
-1.678544763154503983e+01
5.875570446170286232e+00
-3.899407896303650034e+00
-5.522280924064972396e+00
-3.430287240976696239e+00
1.816032446761596475e+00
1.566949522215161039e+01
3.443402143649684888e+01
2.751962450811826955e+01
2.384690488998587909e+01
-3.416945417837382593e+00
-1.469948573845999107e+01
-1.809369757484679653e+01
-1.799460029839694641e+01
1.205863391348214009e+01
1.783126084976615289e+00
-3.324326107262080399e+01
-2.957186921840741078e+01
-1.243609878293601412e+01
1.189848968631748960e+01
-1.591836157899216175e+00
1.206232181140760673e+01
-2.041495374165792498e+01
9.375643354075521074e+00
5.541447508313837034e+00
2.768370504538010834e+01
2.469640444562206483e+01
-1.436933359485692563e-01
-1.208018569621927440e+01
1.045538041573670540e+01
-1.776352401634444789e+01
-1.536858661893668909e+01
-1.238164005617702657e+01
7.431363491537588573e+00
3.721137751643559000e+01
-3.119026823633480561e+01
1.871680699900475986e+01
1.070052638296667169e+01
-2.295740915445325570e+01
-2.077203710151902527e+01
3.525854305304235936e+00
-2.315148705055499079e+00
-9.092181361049043176e-01
-2.201174739612261533e+01
-2.855427084156367101e+01
8.778216296554930409e+00
7.394566634245038017e+00
2.561403219622491179e+00
-2.288014202963015009e+01
-8.544548482655180521e+00
1.888796896801108005e+01
-3.956886259363329827e+00
2.583301182173968868e+00
1.006540417584520242e+01
3.530346233114137533e+00
-1.570688331327592380e+01
1.867533187781907600e+01
-2.624078708565215123e+01
-2.551076532608267300e+01
-1.564415517702742875e+01
-1.402008376684754865e+00
3.530366524303254039e+00
1.719172493388143153e+01
-1.898754718612440229e+01
5.740920698444980985e+00
-1.693313322022224554e+01
-1.270772886945608349e+01
3.119917882944214682e+00
1.882503291586581895e+01
-4.877630340077004689e+00
-2.001444116638176496e+01
1.009550511876009438e+01
-1.143010661795177185e+01
-2.909224186326337502e+01
-2.179370744440787178e+01
1.100967698170769182e+01
1.203073724954440138e+01
-7.433878617868252547e+00
2.526391921041039268e+00
8.398420623045169009e+00
-5.299935105236421862e+00
1.459266898641000409e+01
2.535990532623108606e+01
8.591250204568900983e+00
-5.544419418533820476e+00
-1.862053888601831630e+01
2.508027354256761043e+00
2.715639903077568817e+01
-1.057833225396763766e+01
1.177350347756270565e+01
-1.035739574962293830e+01
-1.319840034300385412e+01
-4.339393395200488612e+00
1.327099559338545021e+01
1.588898235280800009e+01
-3.633001459701901581e+00
-1.553761126252069147e+01
8.232428793762338159e+00
2.507062751414240154e+01
-3.251405010605596146e+01
1.456460681586001726e+01
-5.094683110346537092e+00
-1.993479850317533320e+01
3.481634065812741596e+00
-3.544384670327701770e+00
-3.266214978775688849e+01
-2.713490412752868508e+00
-2.611612909514960279e+00
-2.773269003768046304e+01
-4.198930881985923236e+00
3.765547178607398848e+00
-4.929937842106362211e+00
1.237956171219566670e+01
-1.190487750165259229e+01
-1.848629662156281839e+01
-1.491639001807633491e+01
-5.591017892021838520e+00
-5.837572926911747118e+00
9.538179024741623380e+00
-2.906557656510776866e+01
-2.226766258704614287e+01
1.026874971084865962e+01
-1.343234475301407826e+00
-6.056442801074993554e+00
-3.089209758302857267e+00
5.193282019949506889e+00
2.576470141782833423e+01
9.874573014568085227e+00
-2.832409858138550973e+01
1.496118875775771073e+01
-3.187458702462379279e+00
-1.393758332328669525e+01
-7.779526433853618528e+00
-1.128089986577157333e+01
1.948977452449169334e+01
4.655888330323257662e+00
3.908949137568804133e+00
-1.101249608620259579e+01
2.947642229067668040e+01
1.099433791694934826e+00
2.506664202375019102e+01
1.126509088474192311e+01
-8.157381208305167775e-01
-1.011737411613233917e+01
1.496291149335374371e+01
3.376717951730292100e+00
8.019097531610498208e+00
-3.073639582620906197e+00
-1.443942720848422567e+01
1.020882053378071674e+01
4.901570492543747548e+00
-2.449384881406886194e+01
1.684886543867284558e+01
2.595780185219804537e+01
1.993482373604167890e+01
-1.777672040598240244e+01
-2.194608156743086269e+01
1.757622394449515468e+01
9.951800345591443886e+00
3.059943310245884618e+01
-5.437861875377741683e+00
-1.039481158610195166e+01
1.650910524517104250e+01
8.910304478067175182e+00
-1.909638510977107018e+01
2.313014012951310860e+01
-4.091730179407960577e+00
-5.071587677049535614e+00
-1.314558583924734592e+01
1.244406515924057999e+01
2.443239360422893469e+01
4.345438460451035212e+00
3.214807595498768933e+00
2.163177729567580343e+01
3.632244490226490541e+00
-1.979487774917141962e+01
2.633898798071008684e+01
-1.260563536222747416e+00
-2.738907603912679178e-01
-1.111803192541700014e+00
2.730722383403383446e+01
1.589630180981261276e+01
6.790956890799130008e+00
-1.205465636512654726e+01
-1.475053824178965556e+01
-2.499963903099661877e+00
1.008153193373060219e+01
-1.456016729688182210e+01
-2.693297335857259966e+01
1.858793667851941223e+01
2.412419743929689275e+01
-9.486271644898337740e+00
2.841121426900549807e+01
2.359772846930950152e+01
-3.115198567296324583e+01
1.743904036946572944e+01
1.047807080548004421e+01
-8.942884910756035310e+00
-1.554158707352747371e+01
-2.984937341931292920e+01
1.219857063324481317e+01
-6.900956086935664757e+00
1.199923055959195750e+01
1.699284194625417399e+01
2.413947433383441421e+01
-2.907239616370337387e+01
-1.693209029966300250e+01
-8.739911665491860049e+00
-2.475479267074233292e+01
5.905300792539215138e+00
-1.159192857053336922e+01
3.024391663735968905e+00
-1.200178597639336431e+01
-1.684763797273574681e+01
-1.177038694950771713e+01
-1.816366127059587754e+01
4.988218886981613309e+00
-3.131255150808748056e+00
-2.375495549769027903e+01
-2.817923838833790739e+01
-7.816772043823874583e+00
-1.392894277978303563e+01
-1.850265400675324301e+01
-1.239371723188762076e+01
1.198464517417703235e+01
2.062260106712687957e+01
-1.206981217627654246e+01
9.067312244078429728e+00
6.339542005737783370e+00
-2.038321000527050941e+01
6.489571659484319355e+00
1.562659034285532300e+01
1.249456842546194935e+01
-1.350510194058531965e+01
-2.529572564326922901e+01
2.325849571240155456e+01
4.109791165857309636e+00
-3.122218195743946012e+01
-2.337802944034332242e+01
-6.946084244958662168e+00
5.645491042842841978e+00
1.524166315617740963e+01
