1.930334012998116577e+01
1.968722355744871777e+01
-1.194313375631633534e+01
6.333310817881354637e+00
9.713109805086084236e+00
-2.515329081153078050e+01
6.966246424165923656e+00
2.448434108245223229e-01
-2.352705940999808121e+01
-7.814458932608800978e+00
-2.823169810649896050e+01
4.134899273464334613e+00
-9.490409045940353394e+00
2.555918005254854108e+01
1.320476915143687791e+01
-1.094495939674627749e+01
-3.976863794861273504e+00
-3.410235005680479503e+01
-2.377572935098939411e+01
-2.951680678254916046e+01
-2.454699052312595597e+01
-1.487099925214151597e+01
-4.986292125271880593e+00
2.327581024717900959e+01
1.197293914020129080e+01
-2.224676501373647497e+01
-1.559384064447802842e+01
-2.987088127715997743e+01
-1.955462946226361964e+00
-3.625219686121255336e+00
-3.087384177133617058e+01
-2.919313732953494167e+01
-3.433113542914298932e-01
-2.060729224235068102e+00
-4.650697441975353286e-01
-5.562978049247533363e+00
1.028999375224894663e+01
1.137182709973332351e+01
1.222843515593413599e+01
2.522487881572429558e+01
-2.973104321691522145e+01
8.785874179687034768e+00
-4.115903662360580029e+00
-3.204038728898218835e+00
1.246361157572649603e+01
2.823879816854599767e+01
4.078213965102492011e+00
-2.454757214987456493e+01
-3.142851539894243018e+01
-2.291373817711745886e+01
-6.780385150776545800e+00
-2.812307989369627492e+01
-5.995694460574405582e+00
-1.210406772218943416e+01
-2.307393302518411105e+01
1.780436424123287509e+00
-1.211892864942741710e+01
-1.507087966290892922e+01
-1.898519704177498113e+01
1.221870257845115759e+01
9.624979951196820593e+00
-1.209031059733760571e-01
-3.653987000071161617e+00
8.624497714410381377e+00
-2.148368243033317526e+00
-1.379498138932937223e+01
1.639136058863613243e+01
-1.589234337865674007e+01
1.442807240176958317e+01
1.167475096544382751e+01
1.250890176421250999e+00
2.629076423865677725e+01
-3.391476690521338355e+01
2.866374645413843325e+01
3.083780728396931181e+00
7.458177373723394510e+00
-6.569314011772675599e+00
1.878468741321334790e+01
3.463073530265944555e+00
-1.181772853660705636e+01
-1.629611060177066406e+01
7.725112390683385399e+00
8.747328904376360015e+00
1.350030223908533600e+01
7.791209253083195563e-01
-5.835127707191105628e-01
2.042313898353893364e+01
2.992111745365595254e+01
1.067815014046831124e+01
-2.234796775079097486e+01
1.276136000378144786e+00
-8.849346836953287720e+00
-2.357730492594224003e+01
6.938025478151367054e+00
-2.379843064144055020e+01
9.197230044687977113e+00
8.381260423080448163e+00
-5.611565133961832430e+00
2.306851815995095478e+00
3.419421911963858918e+00
-1.744590306336342422e+01
-8.109463225135790765e+00
-3.258799412277717522e+00
-1.170578321953722423e+01
3.612193661904353803e+01
-9.965223192839886224e+00
-2.194336961937523256e+00
-6.489209401240287889e-01
1.462224564608371224e+01
1.435013108649508240e+01
7.434415871096149431e-01
1.156516911563160477e+01
-1.807701446212510632e+01
7.121344090255753656e+00
9.903316949640291966e+00
2.758378595511095455e+01
8.015303304267362705e-01
5.932315157566513619e+00
1.319660720090820405e+01
-1.572702783039095209e+01
-3.403731340550802287e+01
-2.317278654323146014e+01
1.125533726748226826e+01
-3.362194898502226437e+01
-7.653483228640396874e+00
2.753637953812835804e+01
-7.748260857257882606e+00
-6.501701507368387922e+00
2.860822272816938039e+01
4.253262155985005677e+00
-8.265276085389274385e+00
-2.747225486821617224e+01
-2.031618578852636858e+01
1.090294321168685343e+01
-2.322806989334753069e+01
-1.261656605494778205e+00
-1.393318790748968894e+01
9.481810670046286305e+00
-1.393870314947500333e+01
-1.882196316580383666e+00
-4.600518015378739278e+00
-5.171383067947559198e-01
3.092787358007966247e+01
6.273697931882814771e+00
2.832616121342863380e+01
-2.956024936659105151e-01
1.487655380414192052e+01
-1.063980347398219806e+01
1.242660319383621470e+01
6.341582584917233589e-01
-1.606400888770487256e+01
-5.994185210795137664e-01
1.940631164232374317e+01
-3.148760234356266352e+01
1.730677963994405388e+01
1.015604613179038296e+01
-2.554072514513855552e+01
2.186108245783455573e+01
-2.338610292237716237e+01
-1.849847698238654559e+01
-1.947772785812136220e+01
-1.017546501923668245e+00
-9.138479160783461452e-01
-1.610500631911065028e+01
2.156635546024126882e+01
-1.002112763789902772e+01
2.121573373412363139e+01
-3.892436089834873769e+00
-6.373785863874161350e+00
-2.884579340917350265e+01
1.835703009293123955e+01
1.152577162246388554e+01
1.139780241568784191e+01
-1.827651295915412888e+01
8.391241423608356342e+00
5.165180067666639729e+00
-8.759129388118012116e-01
1.341345035034937894e+01
-1.804810467128734786e+01
-1.432637377203739959e+01
1.391984270808601565e+01
2.226630256740853042e+01
7.576240032969124627e+00
3.739088686066757816e+01
-1.446187844071999962e-02
1.379295772537816589e+01
1.404939135382917925e+00
-6.243527756908157755e+00
3.719755365426068749e+01
-2.371848170851599491e+00
1.260385330585005192e+01
1.519528753809323973e+01
7.156374753624852758e+00
1.163205198390934214e+01
-3.658662401489857530e+01
-2.008026780776971520e+01
-9.662355446886614629e+00
-1.464247486222278383e+01
-2.995881225671091386e+01
-5.453405445343193492e+00
1.455530799135667053e+01
-3.216701243988616454e+01
-3.683886115870151912e+00
9.496222401809554015e+00
-1.387190483206030223e+01
-1.535294891976275267e+01
-3.901197546415858142e+00
-3.671037880624488992e+00
1.627648521158701556e+01
-1.732830422254983205e+01
1.820838180456945565e+01
-1.781345140574163111e+01
-1.861695313025265364e+00
2.880551601800362960e-02
-5.834650215396301576e+00
-5.421851680847126431e+00
-2.116024992068367183e+01
2.634276669293598161e+00
2.020990980309282747e+01
-1.613876430377155202e+01
-5.191582024763718550e+00
6.100417559120742794e+00
9.033726056443072139e+00
-7.339045413864688783e+00
-2.238811069154602151e+01
-1.384313136116998066e+01
-1.556110098502909977e+01
4.154198668870691336e+00
-8.053676924310586571e+00
-2.926871313597889568e+01
-8.482685195424025437e+00
-1.834876083874726760e+01
-4.869396198989051072e-02
3.000662083204844066e+01
2.862142322522954885e+01
3.838929973897855064e+00
1.295332993151360057e+01
-1.437051562208925048e+01
8.825993774167827155e+00
4.972781286048721938e+00
-2.471272643002102143e+00
-7.454070554388223968e+00
-2.788821134857478157e+01
-2.924307143296650580e+01
1.266958424471316391e+01
-2.446968903031050502e+01
-1.737174215663780075e+01
1.933164710429609556e+01
2.970074376018648366e+01
2.743914440885355077e+01
-6.288466599617400732e+00
-1.076328385575921942e+01
1.491959856839643805e+01
-8.851569168681358235e+00
-1.396686998835832583e+01
1.362470751852725925e+00
2.916864221921663614e+00
-1.282134932387604209e+01
-7.333306633393867457e+00
-2.669345910490491036e+01
-2.115204910955366557e+01
-3.206355446108932483e+01
1.723310388512531688e+01
-2.021613255776528106e+01
1.492795163410232817e+01
-2.806571493913961746e+01
-1.578116322351170453e+01
2.371984718285658289e+01
6.107714363446824279e+00
4.711504265980593686e+00
6.658460512927035779e+00
6.041727527265436493e+00
-1.940478338358828836e+01
7.742696687537964806e+00
1.408964526319377342e+01
-2.293804187815088369e+01
-2.330562178888216351e+01
5.056803641397713989e+00
2.292965910235670890e+01
2.450515165017786501e+01
3.853318597587691841e+01
-6.331920376782896653e+00
-1.532579405488874613e+00
-1.622917581314891322e+01
-1.071446226773504407e+01
1.064969145263353312e+01
8.912910081920855987e+00
-1.644388183219264477e+01
-2.631241399714340901e+01
-2.306196981459188677e+01
2.907493152790161162e+01
7.107937709696933837e+00
-4.247892413129363831e-01
-3.691941804774550207e+01
-1.412282829377032556e+01
2.163699747183383693e+01
1.015301406805247808e+01
1.299026646250302974e+01
1.286987840654630588e+01
2.021159521498994138e+00
1.726841320975495364e+00
-1.213067254718264820e+01
-3.697139886705807044e+01
-5.034081330247524022e+00
6.956070094645937729e+00
1.494674662409268251e+01
-2.545267183718101833e+01
7.880703924616426548e+00
1.261606942147115262e+01
-4.302610143335243720e+00
-2.943426891731549944e+01
-1.288065884054485366e+01
2.383766307457271694e+00
4.360155882600182053e+00
-2.311613068702143892e+00
-1.832574525165908597e+01
1.354713391864827088e+01
-4.928515943547772338e+00
-3.000261669647851193e+01
-1.495150079833111079e+01
-3.991244682554913936e+00
-1.153737154834834655e+01
8.010371811469354952e+00
-5.577865796244530827e+00
-4.442048887999675344e+00
1.575622488579779201e+01
-2.679626424992169831e+01
1.147275328412688822e+01
-3.468117273917529531e+01
-1.735422722728812062e+01
-7.803871753858459215e+00
1.066219124278933350e+01
3.046641332270449709e+01
2.251598662716169486e+01
-2.410561289087794989e+00
2.768860728040209551e+01
-2.333880540087879396e+01
-5.039963817829764992e+00
-4.604772874858362286e+00
1.526917995355974256e+01
-2.720388582419273149e+01
-2.504112057654037571e+01
2.288897553712733668e+01
-1.547272848129446032e+01
-2.138181236721509038e+01
-2.416438946770425744e+01
4.011221695723079961e+00
1.801638193556115652e+01
-2.726769858675460512e+00
-3.597340459693171510e+00
1.492768843401874790e+01
-2.682413226003667717e+00
2.046183014136070710e+01
3.395002277104748600e+01
1.846848827146824590e+01
8.843332657807678743e+00
-1.762666172082580829e+01
-7.549518592082087309e+00
2.787521541122750079e+00
-2.729752282480513159e+01
2.914816549421566094e+01
5.748175780730470308e+00
-2.052378291986542891e+01
1.612633466519966419e+00
2.139638091616177462e+00
2.391059249171031809e+01
5.827517231644527840e+00
-3.138859375118103756e+01
8.242713875551203273e+00
8.456683847181963642e+00
-1.324300603198768300e+01
-1.650218494365643807e+01
-1.888388593360862444e+01
-4.031084762269117050e+00
-6.158603877665960624e+00
7.182891735175367387e+00
-2.093237588847834019e+01
1.785641683771630994e+01
2.004005659356104729e+01
-8.589240062365774975e-01
-1.893890155668665898e+01
1.718343819098758729e+01
-1.393489748294059183e+01
2.956600184368427620e+01
-1.053956238023198466e+01
-9.397965298293719627e+00
9.260243782021149173e+00
-1.169155893762161469e+01
-3.113653944463760581e+01
2.574053630701615702e+01
-1.698672160717620017e+01
-1.841645104560585366e+01
-5.786039591969242224e+00
2.519588486169152475e+01
-2.880291068280984490e+01
-5.200248997826335540e-01
-1.328663464934614780e+01
1.126227518167844011e+01
5.436620619377826813e+00
-1.658333610001854908e+01
3.117161789686639395e+01
8.306846137891213289e+00
-6.062083697504974111e+00
-2.931692091986577253e+01
1.725308748769329270e+01
2.694080032574446193e+01
-6.768781056709556765e+00
1.306883056162967449e+01
2.458371274226597336e+01
2.313474788290253059e+01
6.770658871352516428e+00
1.907227661140382224e+01
-1.010345070753414376e+01
5.607913102539477279e+00
9.850870510419603931e+00
-4.347308317596677796e+00
-3.663601638797899795e-01
2.647456180499678169e+01
-8.628953174416245986e+00
1.290310568286422210e+00
2.202583302126990361e+01
6.585208973426702528e+00
-2.895807722684857666e+01
1.369307245087465219e+01
5.084057800073203737e+00
2.244389240247748774e+01
-1.363217919275163581e+01
-1.844332828571110738e+01
-6.057114616460019363e+00
3.818531686415934701e+01
2.691539751005444714e+01
1.169649430566305170e+01
-3.465309647371583424e+01
4.443561897637884783e+00
2.567742409768025880e+01
-3.319064377987876924e+01
1.780018560050469034e+01
-1.752636780915823067e+01
-2.172906775156781123e+01
-2.923892202768179516e+00
-1.451396060661481613e+01
1.494904979807834877e+00
-2.277697874965666713e+01
-1.957522491660701291e+01
1.228825215868987186e+01
-1.052783016011375139e+00
-1.194412238390272307e+01
2.811848579465502951e+01
-4.654102204678736143e+00
1.324931489352835001e+00
-3.750082273195495475e+00
1.492322326367967378e+01
1.957509711702704180e+01
1.408204360973881819e+01
8.535205066330043167e+00
-6.203582003435698766e+00
1.742074168474385942e+01
3.939281562655523317e-01
-1.310677297187886836e+01
-2.505054796049407173e+00
-8.461709221093443034e-01
1.794030072883626303e+01
6.559567027131215866e+00
1.372809503195085057e+01
2.957265360352975847e+01
-1.888746439976899438e+01
-4.320723409762500467e+00
-7.047960855676095093e+00
-1.940624240099047171e+01
-1.056856377014842963e+01
-2.219622965552829896e+01
4.276938286875818562e+00
-2.996193872651772949e+01
1.670297702605610368e+01
3.320344612475246038e+01
9.214589535953976451e-01
-1.421548548332028616e+01
-3.408675829930878365e+00
-1.958613330312656231e+01
6.002799383097226382e+00
-4.982981126777730196e-02
1.460718136823476243e+01
-1.775099288547171028e+01
1.532111795285619849e+01
1.592108932866970861e+01
-1.350079949857018846e+00
9.027199445471254080e+00
4.800251030329370394e+00
-2.939288967477342496e+01
-1.418907795426311935e+01
-3.067918315514105387e+01
-7.369372316566128234e+00
-9.261410094016255812e+00
6.074955517520194803e+00
-1.087433939506961877e+01
1.849516406150502235e+01
6.610567252666044169e-01
-3.922853192505712627e+00
-1.964459216265253616e+01
1.032075265057904545e+01
-1.475722711200263859e+01
3.408448719826245110e+01
2.297091193590181035e+01
1.393617728045171589e+00
1.206163531269416467e+01
-2.558042576916047040e+01
6.605464115141082004e+00
-9.221521767176625417e+00
-1.128254152136718602e+01
7.154740322750427595e+00
-8.630947300725551941e+00
3.572155210394814162e+01
1.403565085104553134e+00
