-1.450820965486935421e+01
-2.036623489273897647e+01
-2.081786223883224807e+01
5.370437922327731428e+00
-1.278174931322244845e+01
2.856803715146341460e+00
3.498058115533432044e+00
1.105568721768591445e+00
4.381057715663928320e+00
-1.129947063761306225e+01
-2.131878002133397842e+00
-8.151653994470350995e+00
-1.287338918627412454e+01
-6.197454501853250974e+00
-7.676245856313762772e+00
1.629780246366728136e+01
2.574171977396034094e+00
1.662440520767866303e+01
-2.836184295760105556e+00
2.181909317372637247e+01
-1.484331542835297313e+01
-3.010607342842483547e+00
8.776024448822283830e-02
-1.394608091521599391e+01
1.534680613009065553e+00
6.331134862919064688e+00
2.601305762989147752e+01
2.104869632008806946e+01
-9.400103828762773617e+00
1.857419835074696834e+01
-6.919990360874336943e+00
4.282691253367111983e+00
7.895577021959638842e-01
-5.746404542922718406e-01
-6.344109608698758507e+00
1.694403976379753374e+00
-4.294704804971722467e+00
3.965646329740557974e+00
-8.948213052767926001e-01
8.794939799810876480e+00
1.046389668466378708e+01
-1.669112200146587099e+01
1.138051557756596566e+01
-8.309202845562992934e-01
-3.285641487687190221e+01
-1.124614457337074214e+01
-9.190524693913729948e+00
1.551321879296953909e+01
1.663512488808093792e+01
4.049281705387606678e+00
1.202722366988847824e+01
1.810145023376243500e+00
-1.756109307963187405e+01
-1.148052099176125296e+01
-7.547852569881875695e+00
-2.771216741161596886e+01
1.157755627988385783e+01
2.489338836212601791e+01
1.357186676520063884e+01
-5.423974420470919711e+00
6.061865308680935982e-01
-1.086234765506650746e+01
-1.744202919471584323e+01
-1.658403398209298985e+01
-1.905389143191641566e+01
7.558653394147228255e+00
1.280927270398473894e+01
9.954823920902519774e+00
-1.891815562763930103e+01
-1.624016727466857191e+01
-2.892628914771254856e+01
-1.513152703773859287e+01
6.409603112734330921e+00
9.189582634851163334e-01
-3.180526149051089391e+01
-2.608230694568057118e+00
-1.289954518734375455e+01
2.864243806813782101e+00
6.541134004328718277e+00
-4.923810462778099861e+00
-1.049206107862852377e+01
-1.048745846696495931e+01
-6.311947180126267654e+00
1.024146250284218951e+01
-4.136016457568103988e+00
-4.832859295944416544e+00
-5.659887995105492564e+00
-1.793715373656941381e+01
-7.524807334624199484e-01
1.436038593574131994e+00
-1.821984897002532122e+01
-1.140214691798715307e+01
8.734295244632093613e+00
-2.472656920926105073e+01
2.880866058085534576e+01
5.010780905342990366e+00
2.697594869301589426e+00
-2.174729952478351436e+00
-1.027339902604153821e+01
-1.061431250710904095e+01
2.576065859284155124e+01
-1.063508205947235297e+01
3.760250880810446006e+00
3.097268742678264175e+01
-1.732549860850026135e+01
-3.390768376391044114e+00
3.077623629569292518e+01
-1.057841837578645539e+01
2.346139153824530865e+00
1.912607454643122651e+00
-2.864296231304038542e+00
-5.737704953192107382e+00
2.102675952882535171e+00
-1.923942932404268547e+01
-7.136646371054432336e+00
-1.351180864172544460e+01
-1.821948983173219005e+01
-2.707945717594796164e+01
-1.514650108039381848e+01
-2.293307340177495135e+01
9.223483662534718519e+00
-4.542609366885962174e+00
2.361142470254218040e+01
2.612253833903017153e+01
-1.250689060588497625e+01
-1.195135186550939466e+01
9.033546113106204700e+00
1.615407065527034547e+01
-9.498678717436270347e+00
2.885353690227844936e+01
3.110961755077249791e+01
3.215069259137283098e+01
-1.824244096900045164e+01
-3.688498325055377336e+00
2.363492795630762089e+01
-1.674762102320643464e+01
-1.246470512598364166e+01
-1.128701387237492071e+01
5.259275081647921013e+00
-4.987359479655125938e+00
-2.340028979812468535e+01
4.132485980838616513e+00
-2.270267461315945923e+00
9.194332037850493577e+00
-9.636868346192173362e+00
2.792215726357518690e+00
-1.047818934913692601e+01
1.786632189073623067e+01
4.364021311531715241e+00
-1.252615675865902034e+01
8.847804351345587293e-01
3.022642611828842973e+00
1.469644022216614587e+01
1.407391123596418936e+01
1.883835375433541515e+00
8.613892952534740743e-02
-9.377835850454673050e+00
-1.531540012507416293e+01
-2.696741668643639400e+00
-1.087023348294744807e+01
2.259978772987183504e+01
-4.761923387877089908e+00
-6.887495287448956560e+00
-4.852114200638034447e+00
-7.372259555347611126e+00
-7.784911605826700054e+00
-6.368769357138575060e+00
2.403656488417446724e+00
2.362582137485087230e+01
2.285065720843866188e+01
-4.142709309775412407e+00
4.067589943178148815e+00
7.458128287927266342e+00
-2.844011346286208664e+00
-4.870256611459559792e+00
1.923565478465243928e+01
-2.685150485984165769e+01
-2.616530752503059887e+00
-1.754739103504121545e-01
-1.377477947797865454e+01
2.138695231337034386e+01
-9.896331877580813341e+00
-2.744662516997415835e+01
-8.727140493338545468e+00
2.281140136313464950e+01
3.126456101390374442e+00
-5.306317660328097929e+00
-8.822032065709926485e+00
-9.673343921879393292e+00
7.621019120205716035e+00
6.513409047097127313e+00
2.140642844504267828e+01
-2.863079329769855974e+01
-3.091221553878857975e+01
1.732511047365095180e+01
2.964131497738122789e+01
-3.719387315564773644e+00
-5.313975271728011762e+00
2.298143102683236805e+01
-1.699605197860388728e+01
-9.026418586164822955e+00
2.913229354854280473e+01
5.192455543824081587e+00
7.274050248648414652e+00
-1.662317607545347187e+00
1.120171136183434157e+01
-1.127728064036826083e+01
1.025110033583067803e+01
-5.776132496501638514e+00
-1.282023186291849015e+01
-3.047059643608314161e+01
-1.430148432009779924e+01
2.844617492404182713e+01
-1.530865785523062073e+00
-1.098451632550003865e+01
5.249961487516941361e+00
3.099067074534163169e+01
2.010610170056888535e+01
1.095033450889451387e+01
1.173137478221158858e+01
1.194464248140574369e+01
1.334491946982676325e+01
-2.173037791109039318e+01
-1.336143435035822336e+01
3.777174055621159710e+00
1.913558852084908324e+01
8.326575813711180274e+00
-1.798852430164013327e+01
-1.895383642727189510e+00
2.419115147603565674e+01
-8.390825562524966585e+00
5.741932832908034356e-01
-1.310932405191675088e+01
-1.887843903767405607e+01
-9.809098970128388828e+00
-1.253667811555596501e+01
-4.394953462502769526e+00
5.456782255262993431e+00
-6.983532770521271971e+00
1.373881307042397992e+01
-1.589254792447283648e+01
-1.143972772927865833e+01
2.135238428508530717e+01
2.210614393599632876e+01
-1.602981973600265064e+00
1.412352443999506590e+01
2.519113127003750208e+01
-6.059062615826974252e+00
-2.366303832611172808e+01
-1.278852996004432896e+01
1.645391151521579332e+00
7.061766984241302225e-01
-1.857110483990439320e+00
9.426815607842868872e-01
2.982873388810268978e+00
-2.491148960383661404e+00
4.991309254246381499e+00
3.528531006648663038e+00
1.261861705547164547e+01
1.006119225730265043e+01
-9.469543579560237845e+00
6.012471393085050408e+00
6.134859097663067473e+00
3.023749024097293159e+01
-5.032197651136748107e+00
-2.656182959907198438e-01
-1.991344839930050625e+00
-2.976630212161851929e+01
-1.435881819524215075e+01
-7.070083346759254539e+00
-2.969412265494764114e+01
2.476502353020902092e+01
-6.911254672387599385e+00
2.244567608945557424e+01
-8.918389586517740497e+00
1.504887976493337476e+01
1.887807881201599969e+01
-2.211434294770400655e+01
-3.246249066231239055e+01
-1.916481260507428885e+01
-8.659644913845369274e+00
2.082941063734924114e+01
1.608280129754125198e+01
1.460866464923633146e+01
-3.466255554301795883e-01
-5.942655566253144173e+00
2.447970080780291369e+01
1.058732320761175316e+01
1.799801969420008163e+01
1.101760873494595216e+01
-7.097321270547141125e-01
-1.974625229050877451e+01
-1.152728640216225386e+01
2.208315765306315370e+01
-2.371298125594839590e+01
-4.873752613395865296e-01
-3.173869966195536207e+01
-2.728844226179072407e+01
-7.065855888218678160e+00
1.415399726777192768e+01
1.365959701543309990e+01
4.106107572280706108e-01
7.009651530586225476e+00
-9.235067780405195492e+00
1.360887838889901502e+01
-1.936336447731873278e+01
2.134590372160826632e+01
-6.430458896883841646e+00
-2.028137821083092263e+00
2.135948356899075407e+01
2.420486203659099544e+01
1.642358715279469550e+01
5.946733285075687547e+00
-2.998126362108742171e+00
-2.010851246120445524e+00
2.151881208273314883e+01
-1.133109428149441555e+01
7.343162160781943726e+00
-5.444129825646292886e+00
3.367466652857285681e+01
3.008819307647726760e+00
-1.634758023045567654e+01
-6.668471678456789675e+00
-2.652657676095125439e+01
1.865620344808827724e+01
-2.057914762685813415e+01
2.333271835930760574e+01
7.478192773890057765e-01
1.553492490733101761e+01
1.541089686841313267e+01
1.805922025327819824e+01
-2.532529877342102509e+01
-2.915436595173659384e+00
2.326486989081857359e+00
8.216517018212130097e+00
-2.345507802022626009e+01
4.790664509209605626e+00
3.008886441746874141e+01
-1.308845564409742224e+01
-3.121066057961443363e+01
-7.930609352256659861e+00
1.230621622779239743e+01
-1.043883330787498664e+01
2.704406787924338573e+01
1.083347991336458449e+01
2.266304077903448899e+01
-1.760644105382458235e+01
1.445833911044451270e+01
-1.096009303182613337e+01
7.410256387361968677e+00
-1.770968009624198913e+01
1.838259624189821295e+01
-2.310577473242743096e+01
-1.275150500222926553e+01
9.801422944842450136e+00
-4.568427107764762241e+00
-1.617592299927650856e+00
-2.447104844991686079e+01
-2.772971042565686162e+01
-1.236009796206310796e+01
-1.478492145771923560e+00
1.988032943707341360e+01
1.594725468132740787e+01
1.656501333514735563e+01
-2.396739584659920297e+01
-2.300311010790681010e+01
7.797722387308489544e+00
1.574402939910868326e-01
2.131312430144564019e+01
-2.756515741277987175e+01
1.548946660456775248e+01
6.171620529293022628e-01
1.366025520809014182e+01
2.308875121602646630e+01
-6.624868604078592682e+00
-1.759213962757232963e+01
1.231433479298063105e+01
1.350575912435603954e+01
-2.006240783805405314e+01
1.462157121724499120e+01
1.124154515497778561e+01
-7.911695830388524087e+00
-1.307034960727388295e+01
-1.118430974564695646e+01
2.676577523891978672e+01
1.454149080563912833e+01
1.665356934652263021e+01
-1.551463549383165486e+01
2.859335854307168745e+00
1.292635419625653981e+01
2.398085887283963302e+01
2.644180826742707779e+01
7.376870116729563165e+00
6.341159738628086018e+00
2.374826496191619185e+01
-3.603184203995972723e+00
-6.269164945054598093e+00
-2.790588789446787743e+01
-2.611985674172615290e+00
1.482321974226817929e+01
-1.317950520992936703e+01
1.042551636330232157e+01
2.370999265301499292e+00
1.237597322395265564e+01
1.030378869181664925e+01
-1.039300537386102974e+01
1.438852951278956027e+01
-1.714498009619082808e+01
8.391006065113145951e+00
-1.628404737139118907e+01
-1.953870067167055424e+01
-6.006385142088745965e+00
-7.404850488665296382e+00
1.531641730391451972e+01
4.869110189377309439e+00
-1.889803091748318309e+01
-2.856690027596742709e+01
3.327310915432413196e+00
-1.015456439378278475e+01
-7.357576338085735301e+00
8.461191917041972488e-01
-2.156752030202078174e+00
1.523104746187063085e+01
-2.737426070039668602e+01
-2.187791784642596582e+01
-6.163906060501332718e+00
-7.932728330113882009e+00
6.429212707401532612e+00
-1.059222477117832284e+01
-8.318339093066299483e+00
-8.448830257339537297e+00
1.708257162640107651e+01
2.271636891810679515e+01
-1.932442935622783864e+01
-4.969117470507391943e+00
5.592950336526925526e+00
-3.105613990937900937e+01
-1.592816094599287879e+01
2.247938129743751290e+00
2.274926821070118876e+01
6.662277584354825422e+00
-1.725825185328002220e+01
1.202057551288483239e+00
7.924590549670199380e+00
-1.193783865741863082e+01
1.546291457346036680e+00
2.876020326528990267e+01
-1.979452420918296340e+01
-9.606483238236883437e+00
2.568492461360169443e+01
2.009591472295446124e+01
-3.234731102167704364e+01
-1.239577726421167370e+01
-1.950980036161431741e+01
-4.005194376915866883e+00
1.949127477987192947e+01
-1.083663525308710973e+01
7.571725402000183180e+00
-9.598014771016472935e+00
2.968522154150130632e+01
-1.899358027110196190e+00
-1.894112575315698521e+01
1.144531174110363736e+01
-1.748981782378893968e+01
-1.993340081751297532e+01
2.550730227799211036e+01
-2.565703340018791323e+01
-3.343394305273683642e+00
1.494797971902087852e+00
1.913969444477656623e+01
1.617086901501585317e+01
-2.738152853899528338e+00
6.721928372382919292e-01
-1.788653198462528593e+01
-1.093826314641872699e+01
-1.372792746293682598e+01
-1.206458106725776247e-01
-7.079814345500047068e+00
3.064204000005588568e+00
9.112556900282697825e+00
-2.732685962735970975e+00
1.061720502541962929e+01
-4.445885016528002609e+00
-7.085424510728515202e-01
2.534038222933475026e+00
-4.604358472520438283e+00
7.830046928728116029e+00
-1.300215227131562301e+01
-9.703178159321133478e+00
4.780271744554241309e+00
1.085532786374445635e+01
-1.024580108626958008e+01
3.546183029640083362e+00
1.307160733018093168e+01
1.175705552463524128e+01
1.529038505144806948e+01
-3.412249100171479199e+00
-7.858794525178041113e-01
-1.419917271943548087e+01
-7.075058196189260684e+00
2.529084617576465632e+01
-1.757081347691863726e+01
-7.987528860280690424e+00
3.256908246987066491e+00
2.277405544133964099e+01
6.172721895167342154e+00
-1.764751378163190054e+00
1.578195042847579543e+01
3.851218231832518768e+00
9.736739313867282419e+00
-8.132252585810064716e+00
-1.575416494009964197e+00
-8.879706652315803694e+00
