-1.504041126423729935e+01
-3.674691994941952800e+01
-2.104002373796030767e+01
1.493329701037048096e+01
-2.741664828726992909e+01
5.143993853376883862e+00
-5.672074133640521154e+00
5.649951590540155166e+00
2.396222486835675625e+01
-1.424593835195814506e+00
6.682264938198365201e+00
-2.118499028253738103e+01
-2.774941419514718177e+00
-1.834400953342631979e+01
-2.412090629341029313e+01
2.825267683573081001e+01
2.033711314345765686e+00
2.847790672801353651e+01
-1.726452783168859639e+00
3.023881687583667599e+01
-5.805907757735894847e+00
9.002814759569830017e+00
-5.337774249874918553e+00
-1.296181960548730672e+01
-9.679066080461652177e+00
5.131121176764722236e+00
3.035863208478539832e+01
3.163615115702309311e+01
3.109534758431806267e+00
1.666091545251919115e+01
1.063384396027018397e-01
1.807411606033666374e+01
-7.139026707672108785e+00
-9.084746127106569702e+00
-4.810505515525029807e+00
6.747783671461519361e+00
-7.640502319693503352e+00
-1.881781831523809956e+00
-3.619090600155075776e+00
-3.026600622705544197e-01
1.795572648566209750e+01
-1.934839712065420514e+01
9.669647716812725946e+00
-6.776387963817128934e+00
-3.229942917909266953e+01
-3.159143621149705794e+01
-2.990383842373624645e+00
2.179123192959262667e+01
2.641468401638184105e+01
2.127093547651344352e+01
2.172841827559707895e+01
1.596954948275502773e+01
-8.096842671898258459e+00
-4.010603431260086893e+00
-5.178487818614080140e+00
-3.152981843706681531e+01
8.077145628123652443e+00
2.263610548287371671e+01
2.515084400016579025e+01
-2.009784419672055833e+01
-1.526666851598060504e+01
-4.377272757097557587e+00
-1.339441857316919027e+01
-1.648924954445323010e+01
-9.068666693669044321e+00
3.886696181929991667e+00
1.613590451959252903e+01
1.320048999693547387e+01
-2.726578779631331173e+01
-2.118724411799742668e+01
-2.543134066105261581e+01
-1.582149171692570633e+01
1.987091067216498175e+01
-9.717505701095504378e+00
-3.262589626686600042e+01
7.321188838463207560e+00
-7.193234384416044236e+00
-9.520372447734423815e+00
5.201903398833607639e+00
4.500441803787637696e+00
-4.727178302263524756e+00
-2.754837189448712209e+01
-9.179880620194005303e+00
6.004410296211680986e+00
-1.551359050870379264e+01
-7.260960384053689154e+00
-1.681751190682947339e+01
-2.523260382696672721e+01
-1.880062708662412163e+01
5.509434950886792137e+00
-2.920676714753120962e+01
-2.781121693970192155e-01
1.564064509626804522e+01
-3.817260462240139418e+01
4.123332631122622161e+01
5.269667950640624099e-01
7.310626296861464368e+00
1.434499666833178821e+01
-2.278469761866184840e+01
-4.411768217198748232e+00
3.163276665897275564e+01
-5.349703359216242404e+00
-5.324765271774367648e-02
4.084063495321083792e+01
-2.758952086979392604e+01
1.152092098756940430e+01
3.457946891363978636e+01
-1.233880907329667309e+01
-6.253264183890522077e+00
-4.342385335951661318e+00
1.411207311214091931e+00
-8.681973381206333329e+00
5.186762436679700272e+00
-2.607737361077588290e+01
-2.511007396568031780e+01
-2.803508716158652447e+01
-2.418174276956857227e+01
-3.772130495451192189e+01
-1.265924355490828646e+01
-1.875372714345432001e+01
2.168446041986075556e+01
5.677925637227232869e+00
1.841925862247380508e+01
3.343216372247749746e+01
-1.266128088552520126e+00
-2.641148675738943652e+01
1.167949537955228578e+01
1.046999335351590332e+01
-2.108290457722714706e+01
3.001568253574045286e+01
3.583728402733987650e+01
4.642012545799265411e+01
-1.004224277400401633e+01
3.836546229132522967e+00
2.573786988157378630e+01
-6.955790043451884230e+00
-1.643275516405435610e+01
-2.441231870942225157e+00
5.984425575002703113e+00
-1.148830974350853040e+01
-3.063177884176902666e+01
1.420878397530003667e+00
-1.238949804203641492e+01
-4.665814338037520770e+00
-1.088270740988961194e+01
1.326732568680060353e+01
-1.194690191382213840e+01
2.767104696695629684e+01
1.192318192715683267e+01
-6.629776689620058505e+00
-1.994585912660561178e+00
-4.059818243989234077e+00
5.357050525039142030e+00
2.016401406834731347e+01
-8.821394817778312358e+00
2.499442269638684877e+00
6.807627400529035810e+00
-1.718285484467143931e+01
1.641497460000013575e+01
3.433934786839074604e+00
3.861254074906372580e+01
-9.145517830386694413e+00
-5.218088726061807847e+00
2.510534420871600503e+00
-1.144869897835479833e+01
-7.073004772407358587e+00
-2.607218419717904467e+01
5.475581125814358074e+00
3.212702186527586434e+01
3.623094615831379883e+01
1.803308459744954462e+00
-8.493257259129855186e+00
2.085078444364164341e+00
7.897088444762069059e+00
-9.027736034050946046e-01
1.402427999517712465e+01
-2.963559184729274065e+01
6.579574881316077040e+00
2.594736555749442175e+00
-6.966839012391623953e+00
2.115501110041560651e+01
-2.834406806437586468e+01
-3.071876402486234880e+01
-2.278705172321671668e+01
3.059066246220612584e+01
1.483723548778137058e+00
-5.318857558669144225e+00
-5.728434838825791076e+00
-2.471751897828263722e+01
3.861416569502907237e+00
1.298585707431736580e+01
1.477786119822178534e+01
-3.695654849501319461e+01
-2.939667025410912515e+01
3.163700612342393015e+01
4.523096785893139327e+01
-2.635496988222300274e+00
-1.099773779043123767e+01
4.262869552800758299e+01
-1.418165974444301014e+01
-2.554326606563346758e+01
4.609059974744459964e+01
-6.850909460545224761e+00
3.990594888825000908e-01
8.832824548735963788e+00
1.455639098303886669e+01
-1.906714919456590351e+01
2.541990801680721290e+01
-1.345314844833348644e+01
-1.391108784996301040e+01
-3.495608660775683774e+01
-2.200945893525876329e+00
2.109626200967625209e+01
1.176195736204746822e+01
-1.141524597625519277e+01
2.876026444250925351e+00
4.337401840239996886e+01
1.136390139716445447e+01
3.147274328163504720e+00
2.680142417844677993e+01
1.703966994454501105e+01
1.314911982267019397e+01
-1.873414553567542384e+01
-2.095163993689283899e+01
2.078926303060497105e+01
2.011971409255950505e+01
2.054261238532080824e+01
-1.638664954985515010e+01
-5.827741895460050614e+00
3.965315972926929078e+01
4.607159840617967461e+00
1.818546923047441055e+01
-3.665913612644033037e+00
-2.263691268761258613e+01
-1.219353836657147383e+01
-1.404135333115084450e+01
-1.956397674638409967e+00
1.191174926290305791e+01
-2.144587460077586627e+01
2.432974686056574853e+00
-2.463160624068275695e+01
-8.197738426238522891e+00
3.322893140798730371e+01
3.287374385557671985e+01
-6.336494413806576631e+00
1.630632662144790856e+01
2.163779948988454294e+01
-1.732680688347651454e+01
-3.589349346022960674e+01
-1.997260775069256056e+01
1.603402887220299533e+01
3.299012081177508549e+00
-1.144184492669214848e+01
1.273489017994116068e+01
-1.121906024146476000e+00
-9.827557012178509410e+00
7.649330128469024714e+00
1.110720773348582213e+00
2.671525747343611101e+01
2.496812658014087560e+01
5.628703382082214546e+00
1.439749590006063329e+01
-4.696035002717735551e-01
3.721796247338167518e+01
-7.050311486281671591e+00
5.134455678707837478e+00
9.447254593931901923e-01
-3.618030014964131169e+01
-1.561979035324973353e+01
-1.681019860859255743e+01
-2.657610132986545182e+01
2.593921291347294300e+01
6.840958729836600583e+00
1.321494945919301500e+01
-7.492620816355056945e+00
3.002034969897658812e+01
2.525776812347884004e+01
-1.658667344947962619e+01
-4.225355997595965363e+01
-2.291966002693925475e+01
-2.487653661801360627e+01
2.118648785743746998e+01
1.676705890886391614e+01
3.101259268584422557e+01
-1.288235028649822311e-01
-9.017879435528392662e+00
1.656108858710636866e+01
2.074564170132919116e+01
3.553486420342299823e+01
2.609921288843294462e+01
-4.631512468886299416e+00
-2.605578973770142781e+01
-1.692261113362750535e+01
3.833101019401100018e+01
-2.334007517060285153e+01
2.120466242749976971e+00
-4.005318812863502842e+01
-3.663539000026471371e+01
-2.485865315419502508e+00
2.257601808141373567e+01
1.065079102030268388e+01
-1.779726337045097750e+00
2.559375310876778542e+01
-8.301036761927768737e+00
1.714612598080478278e-01
-3.007545780125821011e+01
3.111995316959317393e+01
-1.173543370719286116e+01
6.417060347126550823e-01
1.733947097158275596e+01
3.782956023558435277e+01
1.745569510547662162e+01
6.506180921660309480e+00
5.915781882214552923e+00
1.003394673899725831e+01
2.866790026344091302e+01
-1.516711478600261387e+01
2.369767442579828298e+00
6.257248211203744859e+00
4.512336504050489339e+01
1.584447238635760868e+01
-1.661092901928185483e+01
-7.914555537716275069e+00
-2.690378175139941774e+01
1.499847521692916530e+01
-2.418446614960514296e+01
2.823610086511931172e+01
-1.244703883918325715e+01
3.379620141708593906e+01
2.783964014487234806e+01
3.313545185906899349e+01
-2.174616372184663504e+01
-1.367668178580547789e+01
-1.578096527300215968e+01
4.052452582630884592e+00
-3.206191457264762334e+01
1.977449703053345331e+01
3.426151451712607354e+01
-1.791986202113298532e+01
-4.414030586634197562e+01
9.505511156506969428e-01
3.203184450811973250e+01
-1.758161410140605341e+01
2.559256832390195768e+01
1.447666544683558243e+01
3.237500229193963719e+01
-1.719805615983357683e+01
5.444290089525992471e+00
-1.049696343679992339e+01
7.913274724973881291e+00
-3.378329642232638719e+01
1.659561572402701302e+01
-3.581978034411780243e+01
-2.614417473801191605e+01
9.708648724610995373e-01
1.837483700349409332e-01
6.267700763868212732e+00
-1.471955438883316702e+01
-2.868196581446002114e+01
-1.027985291335468787e+00
-2.205232969302911528e+01
9.188902564185141841e+00
1.830717459189105512e+01
1.294690970339023295e+01
-2.751621438165673794e+01
-2.608615440699254151e+01
-3.450180756447693398e+00
1.279674470069211623e+01
1.281706416866897769e+01
-3.407327964282565347e+01
2.689012553398542593e+01
-1.414982551466209770e+00
7.632214780101840290e+00
1.629471964234242876e+01
-9.995255031419233660e+00
-2.564378888399583190e+01
2.023688874624673417e+01
4.042700380129005566e+00
-2.476631645652974711e+01
1.941051037313744132e+01
2.638988232663635358e+01
-5.078758142289188982e+00
-5.875446508034237070e+00
-2.768993701383558559e+01
2.264596461277025696e+01
2.429245120033984051e+01
1.202971892645414442e+01
-1.097011329418356951e+01
7.807657427544434370e+00
3.692635039933975349e+00
4.152425400275200218e+01
3.833539230313309076e+01
1.194709447295488047e+01
-5.900923757615210263e+00
3.639264864436651692e+01
5.668189103777024229e+00
-1.141898787891237532e+01
-3.355015570329867103e+01
-3.408221872676250541e+00
2.372827868192675282e+01
-3.342500522633520887e+01
7.217158686400580336e+00
8.956237719639979389e+00
2.739354577158228210e+01
8.639745872180689901e+00
-3.215672335566700468e+01
3.468975974131858209e+00
-1.378223635333748121e+01
-9.781744803161984692e-01
-3.347907672948771562e+01
-9.057419462316786962e+00
-2.166986947093174720e+01
4.821977065193365775e-01
9.100077109667935815e+00
1.346541026314101686e+01
-2.174580229746162630e+01
-2.976555719999944927e+01
-4.002253477284028804e+00
3.001350931360214247e+00
-5.330852405451345533e+00
-2.641333229963208851e+00
4.745471075699200014e+00
2.434803377873984687e+01
-3.352413228760244124e+01
-2.751362684388202595e+01
-2.525676889697361460e+01
-2.433431173506612311e+00
2.669883629078059073e+01
-1.612887577817321016e+01
-1.957026149593979980e+01
-1.882936558598613530e+01
2.035489836612829606e+01
3.563549045509724067e+01
-2.056022248882132430e+01
-1.427230162199327879e+01
2.531004578965561791e+01
-3.694086301059158473e+01
-1.178884576091687819e+01
7.713261227547896226e+00
2.631599345624628938e+01
-9.843067224281298877e-02
-3.021032057751478206e+01
1.024347665923663442e+00
2.411586562463028827e+00
-1.972034720625517323e+01
-9.860923765553344822e+00
2.544180367406816856e+01
-3.040864780498903741e+01
-4.683280592400521414e+00
1.857441678636494942e+01
1.656686567345033723e+01
-3.620202333965366392e+01
-1.314296338427902811e+01
-1.509320731652452707e+01
-4.891933430990384579e+00
1.916889677290295424e+01
-2.569645411356139419e+01
1.027347656363632922e+01
-9.367913911159959639e-01
3.122212311096819803e+01
-2.174969792390889722e+00
-3.642486339623306435e+01
1.857401946355128075e+01
-2.361720227171466746e+01
-3.128623109311461548e+01
3.405115823189535718e+01
-3.197386091549225995e+01
6.297557886758951895e+00
8.217295155343229851e+00
2.564694942103703568e+01
3.210208819193856300e+01
-8.653180866775670665e+00
1.477180392446042845e+01
-3.531437681549726904e+01
-3.104913471102646128e+01
-2.348719913279415650e+01
7.286594996480452835e+00
2.293018154316115442e+00
-1.528886982910321990e+00
1.524915031216769989e+01
-7.368456475758549118e-01
1.167116409648252073e+01
-7.873784124124007633e+00
-6.971527330348401108e+00
5.601892745937817608e-01
1.036035681956415289e+01
1.416369622137294471e+01
-1.261391500815254574e+01
4.056568515037497491e+00
4.505454056272775176e+00
1.913929638448746573e+01
-1.069080424524059936e+01
1.921170592988008252e+01
7.296293422175324395e+00
2.982917927900365385e+01
2.202797118652753738e+00
-4.344170658090988013e+00
-1.495096295124795915e+00
-4.392636812035142668e+00
-2.455167017821821673e+00
3.401486892893964864e+01
-2.866586401550744867e+01
-1.974346717089985503e+01
-5.067590783668002530e+00
1.523987390492906968e+01
2.667067728159533146e+01
-9.409356820538214095e+00
1.586569221559952325e+01
1.337587270369967740e+01
5.788800815848695436e+00
-1.517307451728016332e+01
-1.130858486009644537e+01
-8.251551341039856879e+00
