-3.386320545175199470e+01
-3.244340497808413204e+01
-8.221381131241699336e+00
1.165512750865168812e+00
-3.695784361549573305e+01
1.436615744067306366e+01
2.782445351472638606e+00
2.724241702263476839e+01
1.793429858847325420e+01
-1.334464154280585291e+01
2.302034969707558787e+01
-8.145190769335876269e+00
2.457069046630302012e+00
-7.616821583515218208e+00
-3.310842551553453461e+01
3.247853724840774703e+01
1.230980115169144540e+01
1.928075963529336434e+01
-3.226263410909133711e+00
2.610970473980927409e+01
9.536887383397207429e+00
1.446740177927040349e+00
5.927782243796372086e+00
-3.020749632718371913e+01
-2.375990722021711576e+00
1.893084836458294262e+01
3.974795717778407322e+01
2.498943766881764361e+01
-1.083795236454414379e+01
4.573204174136499489e+00
7.236054803633983568e+00
1.780846663434967070e+01
-1.440802807524700313e+01
-4.917818908508230891e+00
1.938508713725303778e+01
2.004013827391094082e+01
-3.074946295274167340e+01
1.371800707323259871e+00
1.142997445477784879e+01
-2.052222819438438961e+01
3.832821584630580958e+01
-3.672921295784463069e+01
-8.635546592436007529e+00
-2.324326155828084950e+01
-2.920911846955382529e+01
-3.248634759371971370e+01
-2.403226032941537227e+01
2.548312281830710901e+01
2.675819561657326062e+01
3.244637785864685497e+01
2.021813112345995478e+01
1.928350835010492403e+01
-2.007210974981783380e+01
-5.086660223997228059e+00
8.137415008824454787e+00
-1.111710784367886617e+01
-4.269445082594714336e+00
2.181092947778294899e+01
4.439861039471378490e+01
-2.646945935206900202e+01
-1.389481556927751882e+01
2.511877953314254341e+00
-1.382356566331804970e+01
-1.200714958655410669e+00
-1.338602495921428925e+01
9.758480023323471642e+00
6.419108155854715392e+00
-3.585611563002757407e+00
-1.798034367568406111e+01
-1.403547395369617590e+01
-2.786451277976637542e+01
-1.822319289481739091e+01
2.452953088771451462e+01
-2.679493983151722247e+01
-2.173109369149273817e+01
-2.298412688495695022e+00
-3.869213125459310731e+00
-1.833470263905492459e+01
-8.023026958019180199e+00
-1.504233464509170659e+01
4.859764659131116105e-02
-2.512494295005843270e+01
-1.508349259720924351e+01
2.577357046898995918e+00
-1.934482975958515993e+01
1.806555787682000869e+01
-3.695094659610758470e+01
-2.060893109800472445e+01
-1.105130530689613977e+01
-6.031528118509413616e+00
-7.558344679833609803e+00
5.522462098383805085e+00
2.345012085159061144e+01
-3.207136053570843615e+01
4.476273032111630812e+01
-2.287080955392421089e+01
-6.525070787781686477e+00
1.542612520429808853e+01
-1.310812569325963040e+01
-4.940628409716431690e+00
3.961336833106943800e+01
2.585232702644404412e+00
2.402793004569471691e+01
2.672637943730873644e+01
-2.603452702799852148e+01
7.792063529293372426e+00
3.164861442836223659e+01
-1.611882156439260427e+01
2.954805713316297044e+00
1.004971448632466036e+01
-1.917101051141483126e+01
-3.199167061108607513e+01
6.096421382701002756e+00
-2.391184803275611159e+01
-1.902770464080101931e+01
-1.755735393602954275e+01
-1.479885196767082789e+01
-2.490814468087345546e+01
-2.927768760501905376e+00
-1.624845061549125091e+01
3.693691423190766443e+01
4.722309915119708990e-01
1.105283802840418161e+00
3.280259628069592281e+01
1.656242911629112768e+01
-3.414459695332651279e+01
4.197876693771171119e+00
2.138958138172112911e+01
-2.370975114554595464e+01
2.485426985290715152e+01
3.094601579848279016e+01
3.879845368604790679e+01
-9.780691767851365626e+00
-1.451220107186209418e+00
3.685731097343747820e+01
-2.129977760869188330e+01
-4.841893776044614128e+00
-3.715500004636581366e+00
1.819770103337499734e+01
-2.309854440727693259e+01
-2.368041121551445372e+01
8.729303501355460071e+00
-2.751419398317289122e+01
-1.141790750760230111e+01
-2.636481656992193479e+01
2.660869540551755108e+01
-2.255298747079287836e+01
2.026854026459449187e+01
1.468635250246754254e+01
-1.873215841284919847e+01
1.932282951563580298e+01
6.424302247627835527e+00
7.454901045284358929e+00
3.057895470212608302e+01
-9.660987855446357742e+00
9.779459788551434940e+00
1.366666183441901694e+01
-1.651517815636831443e+01
2.533785847184691420e+01
-1.324859285415911359e-01
4.458306793184809180e+01
-2.507484742754170171e+01
1.352667041558691352e+01
2.745901193587542366e+00
-1.514108502619214391e+01
-1.321799025393382720e+01
-1.418350442891715346e+01
-1.773932749250787566e+01
2.671643393323907389e+01
2.552141691434269433e+01
-4.484721350515634697e+00
-1.616904051386778463e+01
6.308482664099301473e+00
2.608550378228027000e+01
-1.749594430110710164e+01
-8.252802516101290564e+00
-2.874554301589112271e+01
-5.901421248321589985e+00
1.755641255679387314e+01
-1.875339755692849764e+01
1.156945877310426596e+01
-2.697229874043711817e+01
-2.444705232097788183e+01
-2.289777769500355831e+01
2.190101211131863579e+01
-1.302284558065157682e+01
5.679643188448153523e-01
-2.314837489813648119e+00
-2.675350323435829480e+01
-1.792354439021892887e+01
1.425910866216409545e+01
9.544236727405930765e+00
-3.197069822181111221e+01
-2.300516529537901533e+01
3.330986122427941609e+01
4.055032572247756661e+01
-4.435719329493622354e+00
4.718837622858586656e+00
3.604005024609438124e+01
-6.391602641676662699e+00
-2.699091609388868562e+01
3.884113782474345555e+01
6.847669781919854870e+00
-1.561823716742804180e+01
5.147295421147532579e+00
3.312800995971156226e+01
5.678806451272606637e-01
1.743098436624038072e+01
-3.974050080565817211e+00
-9.614749030376877670e+00
-2.770442910509299139e+01
7.494884742171862513e+00
2.093151052718199878e+01
-1.208213114921619535e+00
-3.786436969203840874e+00
-5.843886465761450211e+00
3.771225684916478826e+01
1.861864664108242096e+01
-1.714418252647183749e+01
1.652646249222996744e+01
1.723141242849600019e+01
1.900200731490015471e+01
-1.064112067849949028e+01
-1.891907099469102249e+01
3.369449867519391262e+01
2.563695117846098981e+01
1.028229475356325651e+01
-1.712444086159393919e+00
-1.669666874841870907e+01
4.308398597129897212e+01
-9.338908488569465760e+00
2.364891812277524252e+01
-8.806001349942569334e+00
-2.091929365615299830e+01
-2.248846216853180735e+01
-1.638255492033957950e+01
-1.319494721520862868e+01
2.342604228192972471e+01
-1.883206561664849232e+00
1.643802735150102023e+01
-7.231761617661177866e+00
-1.701098260385636962e+01
2.529537448600629546e+01
4.714478876652887607e+01
-2.732956049825717315e+01
2.527855670425468304e+01
1.576341467743689861e+01
-5.751734489878465695e+00
-4.589665623018161966e+01
-1.876627305654498912e+01
1.572232198730246466e+01
2.302626538111563548e+01
-2.573535591837729086e+01
8.722866557907153151e+00
-5.346034725089879203e+00
-8.788529314345410626e+00
-1.237917676543218448e+01
7.461739406141063569e-01
2.827398335190075329e+01
2.865371018362861832e+01
1.284909829908984591e+01
3.040258996065578856e+01
1.377976505743956182e+01
2.987042985866642653e+01
-1.975325548599569103e+01
1.112691257740024753e+01
-2.311747177539238862e+00
-4.333144444022923381e+01
-2.811637582360064869e+01
-1.567440078967420902e+01
-2.181895527732613616e+01
5.265653556972182514e+00
8.218626270140084955e+00
5.280016050328185884e+00
-1.997659177082756798e+01
3.112057372516319731e+01
3.797993900339899653e+01
-1.579547105271546314e+01
-3.125088333458517198e+01
-2.580634448984602969e+01
-2.408424599556024859e+01
9.759180347960239033e+00
3.381738405908841116e+00
3.041129986666759066e+01
-1.899243542075266333e+01
8.732991114116259723e-01
1.126990018745654965e+01
1.577710912608685589e+01
1.850315926419877144e+01
1.821423590539774295e+01
-1.691858454739149664e+01
-2.320306378093807709e+01
-2.988680338333848852e+01
4.727626548591807421e+01
-1.192643704054698617e+01
8.639807576861002758e-01
-2.466141568999854528e+01
-3.795315712729197344e+01
2.295652490528965473e+00
2.336748743800001193e+01
2.965248552630474421e+01
-8.753294507759683540e+00
2.800798598288649544e+01
2.485812164656728385e+00
-8.498658330647764103e+00
-1.436529878104933999e+01
3.611914009192405217e+01
-4.799667766842397043e+00
6.954885300277467763e+00
2.265102012983987834e+00
4.963355560485553042e+01
3.877004984618363892e+01
1.448198784563088282e+01
-1.824646957449758133e+00
8.342982410379050862e+00
1.051712581452422057e+01
-2.126675063063356319e+01
1.321417860854149495e+01
1.304123437662288154e+01
4.260842300548588923e+01
1.966743779764684064e+01
7.275872735473896569e+00
-1.274249539633341755e+01
-2.398878307147304767e+01
2.513666195992827568e+01
-2.325911000321815436e+01
4.182937734582895928e+01
8.416725983634250952e+00
2.636915027416857527e+01
2.778887993258058486e+01
1.979228582015085181e+01
-2.892537129876690472e+01
-2.729363983378314629e+01
-9.202519980331757665e+00
8.607561175000320475e+00
-4.443134661525479601e+01
6.194837932145603077e+00
3.186926480331923983e+01
2.637233827453243862e+00
-4.385546412079123257e+01
-1.535357143743809161e+00
3.090731654678515383e+01
-1.980039318507493817e+00
2.681721311200320201e+01
8.726466202920960313e+00
3.863466195727198738e+01
-3.706802695975795814e+00
-1.538185313767407081e+00
-3.091279135358859875e+01
2.286024931401502158e+01
-3.194284181822660784e+01
-1.855063587082632637e+00
-4.110839327674638355e+01
-3.289093003591261777e+01
1.014440193867777396e+01
1.233419053343954630e+01
1.453720753071617366e+01
-7.906831815940428498e+00
-9.923004560535389373e+00
2.015956962048079504e+00
-2.635099864546306847e+01
5.309131412669863437e+00
3.052046548706684348e+01
-3.082654019935553436e+00
-3.708419789586811532e+01
-1.615072853179059109e+01
7.023236121987764591e+00
5.841671294319603192e+00
2.050902968379521951e+01
-3.655859472940579025e+01
2.621107254045773516e+01
1.089336740098232781e+00
1.238674793105114702e+01
6.543145693398457752e+00
-2.557171265859262732e+01
-2.596488495014100906e+01
4.908489586593653087e+00
-2.313848364753425813e-01
-2.933591920010616505e+01
8.241038410440239659e+00
2.166065037304038299e+01
-1.222847311069211429e+01
-1.939952425665126157e+00
-4.287086927437337636e+01
1.179776429618172529e+01
1.286635807880358584e-01
-1.817382374076139229e+00
-7.668732170755774291e+00
1.086695124854553285e+01
4.916564581242823806e-01
3.574650413090918732e+01
3.973683120213731002e+01
7.204987093378399265e+00
-2.200628058182095259e+01
4.127594933467500482e+01
-1.234918112543578417e+01
-3.002619864453649257e+00
-2.557679645807494495e+01
1.225437824419945798e+01
3.039337976385859008e+01
-3.652940869042836880e+01
-1.396242304575213922e+01
-1.048955682825061331e+01
3.120096832919065832e+01
-1.395272973289433338e+01
-2.976442617582397787e+01
3.946776367711166245e+00
-4.874261094832377239e+00
-1.373508247125376869e+01
-3.655283104615906353e+01
-1.132449818720605350e+01
-4.388838548174078369e+00
1.165697822233473602e+01
-1.387739020759426012e+00
-2.888237017289846165e+00
-2.226489866739045809e+01
-3.351858701569807408e+01
-9.088556069940437965e+00
4.713879228520113429e+00
-2.213658861977066294e+01
-1.852739652886910093e+01
-1.076999517269222650e+01
1.919314306140300630e+01
-1.892133082038509428e+01
-1.909758502061285057e+01
-3.283910622449435124e+01
7.057260079763963745e+00
2.324170851353063938e+01
-1.482352076824511755e+00
-2.602732132058738301e+01
-2.078569307995008586e+01
1.726207891241867287e+01
4.390635632540750066e+01
-7.807583213248712184e+00
-2.383786344444850158e+00
1.957378982261678857e+01
-4.323081663809657726e+01
-1.051020165882796675e+00
2.921327333180586550e+01
8.032970136794922666e+00
1.511191026665495940e+01
-1.400602655561127818e+01
1.247435048253211676e+01
1.117775985645976533e+01
-3.029295828330818097e+01
6.815462051264496779e+00
1.578163105455769255e+01
-3.841038432689245496e+01
-7.716086415497997564e+00
1.516885407240843620e+01
3.248400210740479110e+01
-3.086204156781812102e+01
-1.494278344876530440e+01
-1.898260000913563061e+01
-3.041400355067413841e+01
2.456399999756848729e+01
-3.401784805136514933e+01
-2.163977362296449769e-01
-9.733772038030799933e+00
2.342503860032958585e+01
4.743435717169120380e+00
-2.743521603408997578e+01
2.099902955824067874e+01
-2.880745509629107914e-01
-1.996907725741582240e+01
2.264210661578115946e+01
-2.143254656381480672e+01
2.440003551208131682e+01
8.772431229491608917e+00
3.101558218343511442e+01
2.164023093184653135e+01
-1.399397369057228957e+01
1.548794133047242383e+01
-3.413318372267895029e+01
-2.578515948995360674e+01
-4.191407438724652934e+00
-6.388342394171971250e+00
-1.888071654198925131e+01
3.804022520783775008e+00
-3.820011877242912135e+00
-8.245859604475725746e+00
8.746964568982839694e+00
-3.505850665229594654e+00
-2.468159266352415315e+01
-1.137579962773590836e+01
9.382611030240759931e+00
1.135908588987206969e+01
-1.262547356267339183e+01
1.535910740104297645e+01
-6.151856027731376741e+00
1.201327994898354490e+01
9.576294765729826963e-01
8.352002487489528448e+00
-4.390057083794545179e-01
2.484035706551247813e+01
7.516748796288098333e+00
-7.195593056987860336e+00
-5.954266459659983468e+00
1.465059858147637328e+01
1.372154390717788175e+01
2.251535090421708674e+01
-3.047919186608200093e+01
-1.486462841257734624e+01
1.530742105038235934e+01
4.118723451120210655e+00
2.716176620215482274e+01
-2.481349558081177520e+00
1.685515483017911720e+01
5.329270040837627676e+00
-9.718922446692538131e+00
-1.322051910622328563e+01
-2.226372375232200795e+01
-1.785235081130662138e+01
