-6.126667827344014938e+00
8.435110928723112522e+00
6.693742780854826435e+00
7.204227635795710682e+00
-2.460529284942809625e+01
-1.187263580264968965e+01
-4.237429470998731063e+01
1.486382643552779825e+01
-4.127135026294212139e+00
-1.782998060793259754e+01
1.708554859139901794e+01
1.158091756471753797e+01
-1.682764320249487611e+01
2.306620279990744393e+01
-7.360386795232656709e+00
-1.562741197197089349e+01
3.466411785911769528e+01
5.995679113709449837e+00
-8.418294631315283993e+00
-3.219950616860239734e+01
3.198191645738148736e+00
3.207413006652369347e+01
-2.078709299962625323e+00
1.625546934892506101e+01
2.450348862705048703e+01
-2.429975518140651047e+00
2.989075738923929748e-03
2.292746656071066980e+00
2.416139724260411015e+01
-1.460600204133159963e+01
-1.236793647095554149e+01
3.114487144699874932e+01
-1.671056448526124427e+01
1.911066728458766306e+01
-9.679501868832339539e+00
4.019646044884679270e+01
6.730296035782167507e+00
2.814661894899825256e+01
3.677772895332842040e+01
4.222217007280107737e+00
-2.336373563026285183e+00
-1.437688096287006800e+01
-2.527217988488564160e+01
-9.145041251377335811e+00
1.711335311422146788e+01
-1.287667910770824165e+01
7.957959894212663698e+00
1.063187818038170462e+01
-2.866103340957389989e+01
1.020296363757194058e+01
-2.434866911671494805e+01
-2.568915603746518173e+01
-7.685762463211432305e+00
-2.401663395473823570e+01
-2.221773604009586478e+01
-1.311092431263195124e+01
-2.079590510572012363e+01
8.923029951048576436e+00
1.044336678711202637e+01
-3.349006497321042275e+00
-2.289312206110671255e+01
-8.802643477036511399e+00
2.613049939294104718e+01
-1.935178324003795680e+01
-8.984853358497225884e+00
1.834017187282296391e+01
1.858297025389511248e+00
-3.680145090221273563e+00
-3.783481449202640334e+01
2.449833156213433938e+01
1.890085987936581091e+01
2.486991711730837551e+00
7.642407297000566757e+00
8.150336037751650053e+00
-1.600147946661257237e+01
2.576498870025689314e+01
-3.601784327351769832e+01
-3.451654943210628090e+01
2.046571266717700155e+01
5.392230637347715572e+00
3.425085847947872253e+01
-9.830448853833694045e+00
4.461534379921502591e+01
1.723594819342645224e+01
5.996753475989599735e+00
-1.315427038133190507e+01
-2.169178112490504517e+01
3.348134856511184410e+01
-4.748295142016232262e+00
4.364551800533348569e+00
-1.371065936447271127e+01
-7.009343590725499951e+00
3.347336285470332484e+01
-2.062785720802504841e+01
-1.339956346761266559e+01
-2.734201662648039388e+01
-2.075571031230190044e+01
1.048356736198336137e+01
-2.511099200780873630e+01
-1.992828630961532710e+01
-1.948478397826556119e+01
-4.301539496594131151e+00
-1.831010726625751417e+01
-5.802911081629424928e+00
-4.945011646336539002e+00
-1.356009087525696089e+01
2.348125171480293716e+01
3.735486750756031427e+01
3.217881442074724418e+01
7.672955092113689091e+00
-1.900191810719463703e+01
1.510798557272127596e+01
-4.487586760751597836e+01
-1.065279268352454523e+01
-2.453600112230198604e+01
-2.724213159422966157e+01
2.620970777331390877e+01
-7.521158071095328523e-01
3.839960128684214169e+01
-1.012363513631522238e+01
-3.120520065805649779e-01
-2.811105097511413931e+01
-6.796656566334348781e+00
-5.365692213917384379e+00
1.781935284688826471e+01
-2.549248284399276443e+01
4.130157997343557952e+01
-3.547930812483897256e+01
-8.892668621196108347e+00
1.909887756849487062e+01
-1.968063564403653842e+01
4.695678592156937725e-01
-1.311234043827877116e+01
2.380046101229292788e+01
-2.124596900690154300e+01
1.065525813566485880e+01
-1.875137674249175390e+01
4.277683362399248779e+01
-4.367698379781512585e+01
1.165539695100454765e+01
-5.266659485805980978e+00
-1.254019020101346626e+01
1.285966564803084822e+01
3.073778854738328903e+00
1.856313066523338762e+01
3.048174618999163954e+01
-3.040997551779278751e+01
-2.109493136763872556e+01
1.819565379048351872e+01
-4.008388892905351497e+00
1.375505782065097549e+00
-4.794091749953287263e+01
-1.599727515678935674e+00
1.055102049689537580e+00
-6.586205321280075964e+00
1.726136327497916056e+01
-4.734374413210353794e+00
-2.315279318163106836e+00
1.574836537456849328e+01
3.012159162313197669e+01
3.044007271878115262e+00
-2.114358636926954205e+01
3.728154492873774473e+01
3.824533904393170758e+01
4.362052262820708393e+01
-6.655050199973032932e+00
-6.119951056300507730e+00
1.231893973132410736e+01
4.460173594599417868e+00
9.280141012758633678e+00
1.515177508561096431e+01
-4.686046155587450812e+01
-2.311381931538082313e+01
4.828459610394141066e+00
4.018407565982991514e+01
-3.758716897766660736e+00
-2.934801286566992573e+01
2.402346796570613208e+01
-1.458316942454208487e+01
3.916392274265547258e+00
2.984882054141522190e+00
-1.959964989135821156e+01
-6.935200624110926526e+00
-4.570120654542364491e+00
3.653807789572807962e+01
-2.268473435528603943e+01
-3.148828541571710815e+01
1.251686488148550325e+01
2.271952664202977701e+00
-7.808096283491430256e+00
2.731530410039033541e+01
1.482922986084510342e+01
9.436789800136580197e-02
1.493475461994589182e+01
1.182096796849229037e+01
5.585113436690249955e+00
3.050067785068388559e+01
2.858509921931272402e+00
-1.079269215531311943e+00
2.348981569441919248e+01
-4.535743423559686249e+01
1.161373864102471742e+01
-2.111400272445955295e+00
-5.344966016922612084e-01
-2.608637458004794496e+01
-7.508699776360437284e+00
-3.095948794214084643e+01
4.253997678491948875e+00
-1.383555044539168932e+01
-2.705237045819303177e+01
-1.740870875892395020e+01
1.680546461782095946e+01
-5.961890449443089324e+00
3.506350899765303097e+01
3.752155048886784527e+01
3.104903411802361290e+01
-3.214912809185506148e-01
-2.922143620039691569e+01
-1.088479117768211069e+01
-1.326037662354690383e+01
-1.398413079959740912e+01
2.105970465036755002e+01
-9.166225485958690911e+00
-1.660079343524631668e+01
7.701505010007160479e+00
-3.833927431770439398e+01
1.178009430570649130e+01
3.904853299294408941e+01
-6.617567469829118920e+00
2.769174578871742654e+01
2.595693731236464430e+01
2.237810202235607449e+01
1.430946449204564885e+01
-2.237105958205034995e+00
-2.189752112307168375e+00
-2.662842622136152926e+01
3.954158582045667458e+01
-3.262847735752233547e+01
-1.837307844831187253e+00
-1.155722683368757231e+01
-2.417616844132730591e+00
-2.955985492239562973e+00
2.779021864559936716e+01
6.110216372971208898e+00
1.165623506372342888e+01
3.037300968793630318e-01
-1.398863527243653238e+01
2.539397303413967677e+01
-4.808812256308073074e+00
3.856619670402004374e+01
4.787760980669195021e+01
2.646025057254261981e+01
-1.487373426541708454e+01
1.940529562312698886e+01
-1.774885906742078134e+01
2.647312759296485751e+01
-7.818273920682379696e+00
2.489116141187976439e+01
-1.862637241246304143e+00
-2.083884038594838728e+00
1.445384865518958861e+01
-2.058852581673208348e+01
-1.211691968255213681e+01
6.470727377763772381e+00
-3.385111567723608061e+01
5.890744899262266188e+00
-4.221551080665593503e+01
-1.167541068206686816e+01
3.091317709597340979e+00
2.188691658839928778e+01
3.909989501593713612e-02
4.578764010484377422e-01
-1.619665983636619444e+01
-1.684215982646632881e+01
1.125856586335892473e+01
-2.120397750463525099e+01
-2.619562336906020050e+01
-2.405290696621399604e+00
-1.678603136178129773e+01
-1.953679714962538938e+01
-9.033172423599239664e+00
-1.977038244443602011e+01
-5.819150972430783497e+00
2.558289357063365799e+01
1.382891202011663268e+00
1.068436939998862556e+01
-2.215271246250179971e+01
3.891320604198008937e+01
9.802050094409800352e+00
-1.378642619580114115e+01
-7.691057811878266648e+00
1.648092758896618193e+01
-3.589494466408491746e+01
7.352850543242375636e+00
-8.002351870245490773e+00
1.795454944258932528e+01
-1.507706279284616357e+01
-2.167135088622872274e+01
2.176062545523896574e+01
1.862369344604104526e+01
-4.630251739376802789e+00
6.697884908501983148e+00
-2.662512958469406499e+00
3.405503767472411880e+01
-3.379222568357380396e+01
-3.419495744118692215e+01
3.352659379934982553e+01
-1.065187665616021206e+01
-3.534548374642895396e+00
1.098992020685670923e+01
1.578420925838501887e+01
-6.406227435447441110e+00
2.310234647687414622e+01
1.306938979041434123e+01
5.000000000000000000e+01
2.201251550545244129e+00
-1.468517327088323299e+01
-2.405449198503902863e+01
-1.932896377935199794e+01
1.325824033252419554e+01
1.754623885216228985e+01
-1.327303696969159574e+01
2.457108520765797266e+01
1.036008346755458120e+01
-3.140105663436992955e+01
1.442855523410608498e+01
7.463079787239820462e+00
-9.106031521463926026e+00
1.026260916727508032e+01
3.733570416458643138e+01
3.397869134106713318e+00
2.129720400735087082e+01
1.177402003009723330e+01
-1.039696067751487618e+01
2.927979650142124513e+01
1.654119939276756668e+01
3.059199412754566083e+00
6.850127614239198692e+00
1.922217709560159449e+01
-9.514001693370552459e+00
-1.104294207112968706e+01
1.108824253408915439e+01
2.393922057548270743e+01
-5.369996645202860464e+00
2.035094357965535039e+01
2.251833757251409907e+01
1.733519815065281477e+01
-2.962402673585921065e+01
-5.204870648838280545e+00
-3.959442098262947241e+00
-1.530224742015697359e+00
-3.050822974322234771e+01
-1.293080801739664309e+01
-2.460713104963259568e+01
-2.028402182839393220e+00
4.172703861382021273e+01
3.866020502071845044e+01
1.806799146356699737e+01
-1.301426238021885951e+01
8.183201703995692355e+00
-8.523712739600028954e+00
7.481476163079662456e+00
3.218896258152334156e+00
-2.702456744024865287e+01
-2.407025726036338753e+01
1.516505330518432970e+01
1.014223016875534711e+01
-2.281586977969283225e+00
-1.630931264539461267e+01
-3.305752348644502092e+01
4.785457113308240196e+01
-4.654686025656054227e+01
-1.651000109953182715e+01
4.583067131206540523e+00
-3.052879305005510702e+01
1.504220587054435043e+01
1.921165302408900288e+01
3.477335940507231271e-02
2.710542585048214903e+01
3.034108503632803888e+01
-1.069171600796091326e+01
3.223648280514893827e+00
1.888999380128059613e+01
-1.493021727635237283e+01
-2.177032425900335255e+01
-1.837280349944926172e+00
1.785304577721818475e+01
6.668424768799852131e+00
-2.240314492766702870e+01
-9.233643566347581100e+00
2.902342498222395761e+01
1.157264399991883863e+01
-3.998316718346291054e+01
4.779260438415548151e+00
-2.190674721290952220e+01
-2.818854770268494292e+00
-2.209774541280437177e+01
-1.031462099794863718e+01
-2.208532319403708755e+00
4.082917627138949968e+01
-7.086482952928747636e-01
-1.195346122518844112e+01
7.972361274755591865e+00
-1.670125687369014855e+01
1.212019954808977218e+01
-1.556974120316081667e+01
-3.120878149717344741e+01
3.511206783099711970e+01
2.332540545318224190e+01
-3.597190499873411795e+01
2.207068266837653425e+01
-1.834874683981331245e+01
-1.869413628527989601e+01
-2.524059122028279845e+01
1.131967225776408270e+01
-2.023538297624901716e+01
3.592841625993656862e+00
8.233183836943211986e+00
1.992500910507598633e+01
2.269204980099577540e+01
-2.078921572847431776e+01
-1.089652598699645125e+01
1.296428362744717333e+01
5.985698734750656058e+00
-3.364138642252100198e+01
-3.134485095132093591e+01
3.942694108227040317e+01
2.620078979857780155e+01
-2.951124954253194232e+01
1.517161855293412032e+01
-3.482591054299977884e+01
8.052048457501427947e+00
-1.295735533296985409e+01
5.974271474111226610e+00
2.570137269259440416e+01
2.757657446499337084e+00
-1.889712534723605586e+01
1.731371136680346012e+01
1.645441719048253049e+01
-4.102679127535445502e+00
-3.267434073956629703e+01
-2.772431040836293903e+01
-2.780318464270835221e+01
-2.496408849844123878e+01
-4.361678116276777217e+01
-3.359087986432882644e-01
-5.005401936875045976e+00
-2.892100219228702684e+01
-7.109702154111246841e+00
-1.838344879531454978e+01
5.180343913901531039e+00
-1.124565066582871964e+01
2.900752672386921915e+00
6.698328651914827958e+00
7.129055941644480754e+00
9.739999813211063895e+00
1.062051408006109199e+01
-3.012140173171864888e+01
2.166467166497187691e+01
2.459629939024500800e+01
-3.712375317258342022e+01
-1.268608637493695568e+01
2.239288624354558976e+01
-8.636441898070870593e+00
-6.939742581687866618e-01
1.230790007794531249e+01
-1.919268650994651537e+01
4.147352552980855478e+00
9.146258672053228622e+00
1.045175856555081850e+01
2.872487742003967526e+01
-3.704294230796223530e+01
-5.498477999105318759e+00
-1.025349736690365887e+00
3.501381297580927310e+00
-2.781072073059044314e+01
3.052473141905294085e+01
1.598329519095425155e+01
-1.767017603686667826e+00
3.631628463463016487e+01
-2.711388223163026368e+01
3.662534289213456873e+01
-2.648037801103285815e+01
1.139912524724589105e+01
4.039092666423600519e+01
3.589454662448258659e+01
3.991008880653433266e+01
-6.569517312722588542e+00
-3.575773882021593408e-02
1.858319990663893861e+01
1.074737191844995721e+01
2.096514693107469895e+01
1.869040486152169933e+01
2.918764940535378116e+01
9.488243349878530353e+00
-1.381628562717921227e+01
-3.740562990364463758e+01
5.003639062949602589e+00
-4.202855369616266046e+00
2.581787186199355233e+01
-5.908648386338612113e+00
2.857164971269274645e+01
6.198296623444022657e+00
-1.222903616646674863e+01
1.222507218368475179e+01
3.116971653647968310e+01
-2.769832141980796436e+01
-3.493555386804668217e+01
4.137427883492492242e+01
3.175781849964374715e+01
3.037695968750099951e+00
1.194547873209397437e+01
-2.915313699210484444e+01
