-1.722757927476381212e+01
-1.972121263283342785e+01
-7.319814674263241727e+00
1.413330630880297178e+01
-1.056103897317007068e+01
-2.114401995035919413e-01
-1.237450837110039004e+01
-1.287489368201242712e+00
1.775909315393394650e+01
2.837285894456961444e+00
1.040074395897936199e+01
-9.997776431650464701e+00
-1.393184969788719485e+01
-2.306937724675448464e+01
-7.769098314068401123e+00
1.215515770662622685e+01
-6.271431785666806036e+00
2.697632558788755830e+01
2.736362731143451299e+00
2.681646332997542004e+01
-2.581318760667109302e+00
1.748628830869593287e+01
-1.483493260848882755e+01
-1.251683275044661059e+01
9.603293251307718492e-01
1.603136060777454475e+01
3.031345312687864180e+01
2.143379975857925501e+01
5.583119024866803670e+00
2.850711304819503766e+01
5.259419288612058097e+00
1.508955123503031359e+01
1.329452688179095787e+01
-6.773573431930650202e+00
-1.290355482504617157e+01
9.399167167649210342e+00
5.603750686592547936e+00
-1.260996866013982753e+01
-5.360214042152009029e+00
4.991894924968676150e-02
1.280246557410409025e+01
-4.586633486050587294e+00
2.177159576159802157e+01
1.068164037422313584e+01
-3.082256766839398665e+01
-2.801218443307267236e+01
-6.119767428172870893e+00
3.217030957999230623e+01
2.902212642118971075e+01
1.742395344563058757e+01
1.618244481696758896e+01
1.341878824997979791e+01
-4.080146201789190741e+00
5.573171081443419439e+00
-7.093843820816744028e+00
-2.634427556016184013e+01
2.323449047669691936e+01
1.947139224905785682e+01
1.389672833042205013e+01
-1.518719014971736669e-02
2.070679716180791274e+00
1.554182108440095078e+00
-1.814580692288829766e+01
-1.553852373075363147e+01
-1.470149591460147320e+01
1.554785593729654636e+01
1.808252938342327809e+00
1.023602489082718847e+01
-1.966718833993039794e+01
-5.954204707594733748e+00
-1.816410481157362256e+01
-2.655815366747963324e+01
1.097215029562538291e+01
-1.105808212838880422e+00
-2.587348872355385154e+01
-7.689497413870995501e+00
-1.095408424473603048e+01
-1.390806417086210445e+01
-3.401269524204835193e+00
1.285662986464986091e+01
-9.051584293693792915e-01
-1.294644298673807015e+01
-4.519684054310410204e+00
1.534071768235841660e+01
1.867078242860145565e+00
-1.518811363920527668e+01
-4.716288613780108108e+00
-2.599562193976596092e+01
-8.791638783994351058e+00
1.714715491316007956e+01
-2.105798589813677069e+01
3.553103385711239071e+00
1.246661376662699894e+01
-2.066717901163379167e+01
2.921901924007693196e+01
3.775006103629237941e+00
-4.521475750023981277e+00
3.436453484256141166e+00
-4.404918492338318003e+00
-1.082725448440847060e+00
1.676623245948121621e+01
7.290555087452744942e+00
-4.300730845275992920e+00
3.412543555522201189e+01
-3.288038765276293418e+01
2.317466088226474596e+00
2.581990524268574916e+01
-2.941283531837214582e+00
-8.668217056020850464e-01
-1.898907160156289464e+01
9.314560868599819798e+00
-3.173800936113963189e+00
1.610573259762645648e+00
-3.114410392707605624e+01
-8.753120050686959530e+00
-3.108555423958047115e+01
-1.788569232151463240e+01
-3.005486537914146083e+01
-1.119619381414106130e+01
-9.177589855364466587e+00
2.202869935577049887e+01
3.761877051262217719e+00
1.278427981029038563e+01
3.576150572769201119e+01
-6.757605847624923001e+00
-1.213988966988920026e+01
1.803071830629447447e+01
1.211503355032972706e+01
-3.049188768134371585e+01
1.809399060553829486e+01
2.567898710358353753e+01
4.144847013463493113e+01
-3.611522363309219941e+00
6.066609048702090945e+00
2.561200028043192845e+01
-8.303145867662649948e+00
-1.196290920849776285e-01
-7.967172244136499160e+00
4.993946347327472779e+00
-2.469076084778855318e+00
-1.463225948268387100e+01
1.454201793875301973e+01
-4.417450934744657332e+00
4.057319588501194119e+00
-1.331231808003858674e+01
-1.786965347119604530e-01
-6.367310926775594737e+00
2.654758478212025352e+01
1.121707634534615750e+00
5.489244507433411968e+00
-3.639702240467961758e+00
-2.846829281004573886e+00
-6.780346276498072200e+00
1.381160214719120205e+01
6.243708616156730784e+00
6.715413536682291351e+00
2.682679932634087550e+00
-3.062824863056448166e+01
6.305433775951605924e+00
5.747481460659109587e+00
2.304860566892557472e+01
8.888160263513711357e+00
-4.143196582447409071e+00
1.087198594347022151e+01
-6.992427819039384929e+00
-1.203597520963579370e+01
-1.704791331132059184e+01
6.590164500365901290e+00
1.143942855877785547e+01
2.560914774743170597e+01
-2.550685283200600395e+00
-4.205991394864163624e+00
7.988924706262245934e+00
9.527829045610999970e+00
2.061244674095107143e+00
1.923367850876138618e+01
-2.298832468167792342e+01
-9.410811649698018755e-01
1.348530393149089690e+01
4.974839770686934060e+00
6.653945548565673107e+00
-2.809315610198906299e+01
-1.452004593489684936e+01
-1.851265788840996862e+01
1.783825033957812423e+01
8.241821805749353302e+00
2.878691077887786776e+00
-1.785807688270081428e+01
-2.902644001900357296e+01
1.707792649941775665e+01
6.247056715439050834e+00
5.558668144531985433e+00
-3.204721942341170404e+01
-3.249593169179311758e+01
3.479283689050029693e+01
3.586256652658998689e+01
1.197418271629271658e+01
-1.658992571338977484e+00
3.186344586090442021e+01
-2.048550997585249078e+01
-1.651546092186658399e+01
3.568565615530744140e+01
-1.304395897960034745e+00
1.630678429615676350e+01
1.309610629227419309e+01
-4.539292073331822053e-01
-1.952570934956886362e+01
1.000812069030965290e+01
-2.975350119165874219e+00
1.033760794336323841e+00
-3.654974016817171645e+01
-1.054243385405114708e+01
1.812974112697327200e+01
2.536832694091437190e+00
-7.851474842596672943e+00
1.297619508688448775e+01
2.643108759817805264e+01
1.013901908532950102e+01
-8.411199494984131775e-01
2.488949339722309162e+01
-3.118005672751841928e+00
-4.798198883194302766e+00
-2.934259382213787859e+01
-1.605568376574458256e+01
5.434786881762576627e+00
1.047329086787358676e+01
2.939951066088839582e+01
-1.867194148897561945e+01
-4.709971722248113224e+00
3.491473110918860812e+01
6.556006520911168423e-01
1.863322778418663006e+00
4.855452482318987961e+00
-2.427780752139751996e+01
-1.131807394330155603e+01
8.858589402089478426e-01
4.858324308045645523e+00
1.038841478342481395e+01
-1.240026620621648590e+01
-3.030780867269825762e+00
-9.373293151099851173e+00
9.725810176910535176e+00
2.896961546106834362e+01
2.036425701991151982e+01
7.769001868080508189e+00
8.407822693089272548e+00
2.448558372695373464e+01
-8.848450585602520846e+00
-2.075438169855562975e+01
-2.155221771499550343e+01
7.859516186626805734e+00
-5.895735449530548067e+00
-1.614819962425058719e+01
-4.969913628984407694e+00
1.754086423754188218e+01
5.395198709405079285e+00
1.858848442832555747e+01
6.123697910424255042e+00
1.677586324802396689e+01
2.877106128013127773e+01
-5.005508236123304755e+00
1.164004235434320833e+01
-9.750476783750983145e+00
2.454785051500103066e+01
-1.204895174557204740e+01
3.504041470193627106e+00
9.742252704206343594e+00
-2.571776624273001843e+01
-2.017651156932360834e+01
-1.326128255948894719e+01
-1.840729606482167569e+01
2.367984979417305169e+01
-3.187791627033860209e+00
1.934754061624825283e+01
4.260756574794676510e+00
2.353924052795281341e+01
2.169011240843288135e+01
-2.643747435401928669e+01
-3.886118894123374190e+01
-2.923178492394647421e+01
-2.384629377203155798e+01
8.738322801568706666e+00
2.830674444834070869e+01
1.130249405913043859e+01
1.173689347767089686e+01
-2.498143993948570696e+01
1.564474589345890365e+01
2.689902637158138532e+01
3.132573500218171603e+01
2.832071893784645056e+01
-1.013642526852619596e+01
-6.685410101946942518e+00
-9.615063439118706867e+00
2.922102418239212795e+01
-1.336879337197427731e+01
-1.304615913870632227e+01
-2.931431448118121352e+01
-3.392669161123596666e+01
-8.070174299441390531e-02
2.008194107367442882e+01
-1.239511997178944114e+00
1.673710543139208085e+01
2.357146920630029285e+01
2.943124619709934109e+00
3.936271120590717487e+00
-3.033326871487476240e+01
2.851513156232786628e+01
-2.579354445746853131e+01
7.611299561584274898e-01
1.851149443476289491e+01
2.938102939667909652e+01
1.038088810130134476e+01
-1.071762298064524543e+01
-1.147647397169206585e+01
4.951801685757331484e+00
3.619083398547996921e+01
4.906580824556741049e-01
1.369787942924175184e+01
3.212822983346278249e+00
3.262811455489277535e+01
1.433447067926243790e+01
-1.563560417033666994e+01
-1.840807302976748971e+01
-1.967254987760964013e+01
1.420744825628977992e+01
-8.343347279966344843e+00
2.299612341725146791e+01
-1.222711144992453569e+01
2.520832209973190174e+01
1.290685825002340437e+01
2.441686861686613952e+01
-1.302975862147404484e+01
-1.796923801777836616e+01
-1.793185123136975534e+01
1.503829667164092143e+01
-2.647248731621816731e+01
1.138880779858401127e+01
1.697774196387568679e+01
-1.372280282915740202e+01
-3.031784166903889854e+01
2.144667427377221713e+00
2.879198428944808086e+01
-1.642019422517329019e+01
1.696711779826674160e+01
2.589457246663262424e+01
1.831628609022615706e+01
-2.823181967324212138e+01
5.006961454106431120e+00
-8.266806489500879707e-01
1.393481475372006173e+01
-1.382182290261616231e+01
2.195843037967041766e+01
-1.583691301179433708e+01
-2.023015210451927359e+01
2.845171636789423530e+00
-5.851433285215357216e+00
1.104095035610463071e+00
-1.726958062869701394e+01
-2.857066461836961224e+01
4.316116190511046113e+00
-1.316629530033315376e+01
8.003951608139161067e+00
2.622189805270936347e+01
2.183313392215676174e+01
-1.684792658980825308e+01
-2.223203233656037980e+01
7.007103432934670195e+00
1.256986116708642953e+01
6.278289092178660269e+00
-2.404689606519406908e+01
2.294836236025287235e+01
3.042047638319971270e-01
1.216969599424481885e+01
2.314979561838603672e+01
-1.131751939141850016e+00
-5.505931969611033594e+00
2.878859173532242721e+01
1.244704447169691264e+01
-1.089910488511440434e+01
2.660042697128355371e+01
9.011723243074108325e+00
5.896553041871754886e-02
-1.311268620482360348e+01
-1.548782386773003594e+01
2.699288240498137270e+01
1.788274405253800126e+01
4.184153458661477032e+00
5.466568449125851714e+00
1.756249346163465930e+01
1.734305770796140678e-02
3.043587961940590958e+01
3.634522341424650449e+01
1.246127751535253481e+01
-7.358153358077522910e+00
2.638678508800758493e+01
-3.789421503194432717e+00
6.197184740866269692e+00
-3.760398670063663928e+01
2.641357291041259714e+00
2.403609778972402466e+01
-2.643809155187734561e+01
3.771595315267930459e-01
1.208062102648398195e+00
2.696901923924313849e+01
2.713314209338911098e+00
-1.921272614043408922e+01
7.003512597488068536e+00
-2.347271967429623984e+01
2.973696486549037843e+00
-2.850557378673629216e+01
-1.384376359932856104e+01
-1.547641469769367006e+01
4.334485444797365972e+00
1.957277069517392931e+01
1.124578332771479694e+01
-2.265367777161646501e+01
-1.627090278921529887e+01
-1.725803973016409998e+01
-1.137046298659626586e+01
-6.730319845145402269e+00
-1.161951655755501633e+00
-6.859231847662407233e+00
1.783508211524447518e+01
-2.084359639964078426e+01
-1.466384276501240436e+01
-1.742432184079149238e+01
3.322034496783665247e+00
2.066804374638932984e+01
-2.314978316067559660e+00
-2.116872671601664990e+01
-2.195677942779276037e+01
1.541640647765092353e+01
2.523140703194044931e+01
-3.108261183247197934e+01
-2.039716886173578558e+01
2.176251391965512028e+01
-2.991641221827200425e+01
-1.055802907062212626e+01
1.423777744015872315e+00
1.379751771077637557e+01
2.800114677195765012e+00
-1.956788241381781646e+01
1.229048181343911494e+01
5.298876988543845812e+00
-1.061326887205505898e+01
8.423492017060141279e-01
2.819594232081502128e+01
-2.229504201969403354e+01
1.010526372632290304e+01
1.035157539381290803e+01
6.988881380080059103e+00
-3.748139577103458464e+01
-2.796088319202840822e+01
-9.053920105107870597e+00
3.202075607953460690e-01
2.684583261908467477e+01
-9.389694263114037653e+00
-2.902059612520439202e+00
-4.559721649372654895e+00
2.851092370319088332e+01
3.796003559924798765e+00
-3.299340325436210719e+01
1.450311601910662773e+01
-2.506729002615383095e+01
-2.341145660604094658e+01
3.984195623405064168e+01
-1.743534723748375370e+01
-9.747639571160867433e+00
-3.007919712803747814e+00
2.949603603070187319e+01
1.981859216044909999e+01
6.271605589356013866e+00
5.174138278739718544e+00
-2.541303091928407554e+01
-2.392055980384392555e+01
-1.237518448542717664e+01
1.545714039582075827e+01
4.870953614087078165e+00
6.571812430002466954e+00
9.092616194857505718e+00
1.085109314915576562e+01
-2.034248357889303804e+00
8.515846441408200462e+00
8.309003922448596313e+00
-4.051999391652017835e+00
-1.004483667310573480e+00
1.222621660872514582e+01
3.107207293289903305e+00
4.264893376969425276e+00
1.156050887652899917e+01
2.706082415323453461e+01
4.218936391819504195e+00
3.649926101184149729e+00
3.964036423239591045e+00
1.878186376839285288e+01
-2.201652048715672549e+00
-1.462293473645446085e+01
1.763918721668282785e+01
-6.225010449479981389e+00
-1.185380884022173831e+01
3.757842868743723841e+01
-2.541765414294572167e+01
-2.941568170006820893e+01
1.519393742557120675e+00
1.100523979776161099e+01
2.095251863514673119e+01
-2.108075200810993266e+01
2.196735647980189299e+01
2.026948900655895613e+01
7.741567638206205970e+00
3.481007382719681686e+00
-1.331433775439464284e+01
-1.586203758435644318e+01
