-2.182112872916422930e+01
-3.414186768829247853e+01
-2.062408421586793139e+01
7.852721011216075908e+00
-2.670238746323000356e+01
9.863330981803144937e+00
-2.921259263143319629e+00
6.767223117879751726e+00
1.747513898996859893e+01
-9.723329301508925937e+00
9.207852063444057933e+00
-1.447246205757280535e+01
-7.466088495223743848e+00
-1.365539457913630628e+01
-2.113267774312147651e+01
2.612779995861053806e+01
8.045040850182353154e+00
2.992307185127097569e+01
9.660036739123327720e-01
3.102013900334125651e+01
-6.451390709354143382e+00
5.277608199932004140e+00
1.034881106354347935e+00
-1.995218471174224817e+01
-4.214579045670795665e+00
1.058578343156426627e+01
3.418475720128979845e+01
3.446233234367414866e+01
-4.540638549153975134e+00
1.661672832822219448e+01
6.269358406402432138e-01
1.901875862106390969e+01
-6.806106934206702874e+00
-2.053899501200653788e+00
-3.929850467819207438e+00
8.816044661662544968e+00
-1.130709034140348024e+01
3.507357850020099477e+00
-3.460631410740973024e-01
-6.308960819625042404e-01
2.279629646241669150e+01
-2.562927163531448116e+01
7.581299158598127974e+00
-6.957934663024296640e+00
-3.694409698208831117e+01
-2.778185324693105329e+01
-9.129429568982907028e+00
2.430566369683010919e+01
2.611459074128316615e+01
1.822899121936941924e+01
1.714541553260660578e+01
1.210459837111343973e+01
-1.630349682667613109e+01
-1.028051316470197918e+01
-2.838340173978018299e+00
-3.221800141623752722e+01
9.188257012090502940e+00
3.052813377464526923e+01
2.725534218452406776e+01
-1.774838931503003181e+01
-1.159015165053438068e+01
-1.020770859122103502e+01
-1.409044772258396705e+01
-2.027699396476206317e+01
-1.672130471574646293e+01
1.002857504736704897e+01
1.314856745210693845e+01
1.425632406011260400e+01
-3.017147190406912927e+01
-2.174012964523438640e+01
-3.022320670253920127e+01
-2.089397903375890664e+01
2.159457558326751325e+01
-1.112225114064850118e+01
-3.698712508875745186e+01
2.711574003804308575e+00
-1.246056533170662561e+01
-8.468430305472466557e+00
7.551810980538235185e+00
-1.475697055310973838e+00
-3.269822854012872426e+00
-2.232782984419233685e+01
-7.545274936470164562e+00
6.478004873837662103e+00
-1.135217075026788791e+01
-4.011477837028309068e+00
-1.979337989944813714e+01
-2.571845335932192356e+01
-1.125924696922668033e+01
5.707247575996468925e+00
-2.490625012347301137e+01
-6.804117460133220163e+00
2.084910664364302590e+01
-3.722253874063837742e+01
4.225304621612471578e+01
-2.650736803862621116e+00
1.882482153619235987e+00
7.668725891223971303e+00
-2.025743260533844392e+01
-1.189610589781029404e+01
3.528200914584125769e+01
-9.225024375466432502e+00
4.405353076831694636e+00
3.951361711090284246e+01
-3.011184263303171704e+01
4.156994119881886718e+00
3.833869999234543968e+01
-1.081994218441823818e+01
-1.405049871706971487e+00
3.330890397954533455e-01
-5.788518435042675492e+00
-1.132700546165904854e+01
4.420853792711085362e+00
-2.517885284122629486e+01
-2.055177261608850969e+01
-2.711866510227588023e+01
-2.050508007559521673e+01
-3.508659421740462392e+01
-1.480895937160106257e+01
-2.197496501439330530e+01
2.330518791141334134e+01
1.609299432055053103e+00
2.023045656614061727e+01
3.771865643371424426e+01
-4.084527102848426239e+00
-2.904577917436093060e+01
1.425522859531250219e+01
1.472065047596714749e+01
-2.058651269267164352e+01
3.375033546025896669e+01
3.705888911670083985e+01
4.662033221263735072e+01
-1.428823456404183645e+01
-2.258405912616026967e+00
3.082594325579347583e+01
-1.434258357957342156e+01
-1.495343755979428835e+01
-6.919954358622661061e+00
6.730605777239794918e+00
-8.873012900090529342e+00
-2.944978070424878425e+01
1.421395259525390031e+00
-1.427439230746095689e+01
1.787641830415346078e+00
-1.647602499832073875e+01
1.246707036796757251e+01
-1.909911268777304372e+01
2.355755409867153105e+01
8.208537124695091336e+00
-1.441658590697152675e+01
5.259363606515542244e+00
-2.355991577116675728e+00
9.983759545381388989e+00
2.617490777611456565e+01
-8.393853569155176331e+00
2.578235568351772145e-01
2.239497029744100587e+00
-2.038418782149900110e+01
1.278536240332377361e+01
-6.454468806815469861e-01
3.790973622051490111e+01
-1.205347644917442551e+01
-2.444150762908641639e+00
2.812594675818701262e+00
-1.174403721602724460e+01
-6.462789523185193730e+00
-1.990193704249694306e+01
3.573271794267782298e+00
3.319552553889316471e+01
3.758070239113801847e+01
-4.802918172116903861e+00
-7.719142081099263919e+00
1.412937961694950673e+00
6.586024393753007189e+00
-4.178899892848889408e+00
1.509412862548009571e+01
-3.333409657701628248e+01
-2.098918785516303842e-01
3.318494133210492691e+00
-1.162061811119837529e+01
2.176130418601249517e+01
-2.418939475893638402e+01
-3.508107648754206309e+01
-2.386832952638437888e+01
3.181529656636624281e+01
-3.951939573423743468e+00
-9.142888360005819948e+00
-4.243447036727275190e+00
-2.372606189923079967e+01
3.208334407627354778e+00
1.012574774415600842e+01
1.954597086124812222e+01
-3.632438343762368760e+01
-3.355191287836697711e+01
3.287960300304058592e+01
4.406620629585739835e+01
-1.375833988228613691e+00
-4.734697055650826769e+00
3.998352923011461257e+01
-1.303991946038996730e+01
-2.424309834123604546e+01
4.698330133969312783e+01
1.905119569859500928e+00
-2.289372865091792164e-01
2.358594056012599083e+00
1.973403434359725850e+01
-1.530105240833923119e+01
1.970287297136536608e+01
-1.446145234287595116e+01
-1.453847980661866757e+01
-3.943099515417317491e+01
-3.924686112614182321e+00
2.851327246157755724e+01
6.440195859755185381e+00
-7.930411882228781906e+00
6.262473107147684459e+00
4.499037704181132824e+01
1.648528381476634763e+01
2.706596689404996425e+00
2.055731539776617467e+01
1.780457656675183387e+01
1.772896624224796369e+01
-2.309062730167092781e+01
-1.781908598586714021e+01
1.923354379923407009e+01
2.301022434468845290e+01
1.606623866200122563e+01
-1.541018024952245469e+01
-3.465601263763964823e+00
4.172087519620917817e+01
-8.718274484980312877e-01
1.577504818819807042e+01
-1.106012724726238616e+01
-2.823101014296732103e+01
-1.879281464648115829e+01
-1.934155257605337752e+01
-5.354295901373724575e+00
1.015761766614014050e+01
-1.495909762499273654e+01
1.049696463089298248e+01
-2.112220643843980383e+01
-1.300873241499199651e+01
3.593978555779521855e+01
3.785220262502781452e+01
-8.978413701025559135e+00
2.324871255455460073e+01
2.785084626256511342e+01
-1.337716312288365827e+01
-4.013462540803227796e+01
-1.930221588239844266e+01
1.353711271563845742e+01
8.918040465540840955e+00
-1.060572948548827554e+01
1.108105882237121165e+01
3.647618202987885638e-01
-5.829117307053195418e+00
2.198414648087734236e+00
6.805690981569526343e+00
2.220456752674100187e+01
2.210447696427526409e+01
3.166184914146022322e+00
1.669665536585172561e+01
1.952013709012113907e+00
4.165113578293382091e+01
-1.238589579493110904e+01
8.890677251679946380e+00
-2.390626042835549470e+00
-4.292473734620952541e+01
-1.763413581516665829e+01
-1.125900249288463328e+01
-3.333486009479912582e+01
2.492606809971992732e+01
2.157789872078865301e+00
1.650898859553309705e+01
-1.387180202201059132e+01
2.649755755431189641e+01
2.754043447164902148e+01
-2.185078997031185821e+01
-4.500923235738252259e+01
-2.845900555537096466e+01
-2.471773185245644910e+01
2.346774244052308234e+01
1.508812994066013857e+01
3.040366326077499082e+01
-1.056343579144737532e+00
-6.177762728661519986e+00
1.975680331160580749e+01
2.078647567840918953e+01
3.204872731634729632e+01
2.083381446209958199e+01
-9.274454135289225576e+00
-2.666851416135923714e+01
-1.942122727514080793e+01
4.080657154007646170e+01
-2.383364039034521298e+01
-7.363446674846230167e-01
-4.145314829969417758e+01
-3.837043514379201525e+01
-6.888773573327299005e+00
2.019125779613648319e+01
1.616079964255916934e+01
-4.042213502914080436e-01
2.301356686612196256e+01
-6.692264971071914204e+00
4.316807907684165002e+00
-2.984316069266920834e+01
3.585666270309822323e+01
-9.140579499495061100e+00
-3.592769335067366399e+00
2.213177283263934214e+01
4.130877786421591225e+01
2.324633899674614668e+01
1.095306181550750324e+01
2.033951728418678329e+00
7.417767169543139971e+00
2.787511029832924692e+01
-2.046768916422390561e+01
4.609549715583050045e+00
4.438200872585426282e+00
4.695000599753808501e+01
1.104264533833598705e+01
-1.476408217910447718e+01
-6.555696851298328909e+00
-2.790912204059467427e+01
1.839810948468179674e+01
-2.816984842809054967e+01
3.544025433478473985e+01
-5.832440694865844932e+00
3.280159285042493877e+01
3.025546191707537957e+01
2.766993416222753410e+01
-2.862682090179272620e+01
-1.344797892693497232e+01
-9.298657544125894958e+00
8.985560610493756428e+00
-3.532556153451174197e+01
1.630656617080579451e+01
3.824374189670584201e+01
-1.266615184820385309e+01
-4.497852898966206681e+01
-6.618941276640910587e-01
2.767811859683418163e+01
-1.608884329546991410e+01
3.308319361826748661e+01
1.733066145242477774e+01
3.779774170315977244e+01
-1.601915227626556515e+01
5.684931079219289529e+00
-1.457408291801208833e+01
9.148387435129066603e+00
-3.147627873393284403e+01
1.539512150478431352e+01
-3.866802381713474546e+01
-2.957618215119938654e+01
3.687020462065696336e+00
1.825498614369536199e-02
9.373320275062482665e+00
-1.903632579617277187e+01
-3.076420339868194986e+01
-3.152499624029083236e+00
-1.804222794644830330e+01
1.672806889247372908e+01
2.284250025158486608e+01
1.177434113627467127e+01
-3.209819136300781395e+01
-2.993001615928257308e+01
3.086781827813943835e+00
1.103970729093268943e+01
1.846392462395094469e+01
-3.855425753879914907e+01
2.835149776275397926e+01
-2.602595745296127916e-01
1.503032204652001269e+01
2.204655378204449789e+01
-1.206919810511839586e+01
-2.548657667219412915e+01
2.006359461091621199e+01
5.807856274490717396e+00
-2.814390989341549698e+01
1.850652301019573542e+01
2.336626463298291867e+01
-1.216334048925809697e+01
-5.780960614119912577e+00
-2.895303503989428151e+01
2.671173171747665265e+01
2.047503064145010399e+01
1.573911352517608009e+01
-1.414012984223509761e+01
8.833347744806218316e+00
4.607464127415980215e+00
3.994116340645135210e+01
3.872343998335216497e+01
7.556366110706115080e+00
-3.926448143038300032e+00
3.704697799895470212e+01
-5.787194235423385180e-01
-9.472408218089867660e+00
-3.469105896795107213e+01
-4.026831423087841699e+00
2.682554297773788221e+01
-3.017455531083572851e+01
6.673745896942826050e+00
6.540169783600227049e+00
2.468525318924562839e+01
6.880151205898634714e+00
-2.833530602825005218e+01
1.001405160500144120e+01
-1.544092133931943778e+01
5.416437055936782485e-01
-3.311109161087239272e+01
-1.649380876404703855e+01
-1.758611248139656880e+01
-3.912158420980560436e+00
8.918552512016589162e+00
6.482535769548491089e+00
-2.233583100727663151e+01
-3.345867468133634048e+01
-2.811282154942297495e+00
-5.021709035773582741e-01
-6.943126123414096185e+00
-8.157272730015186823e+00
-1.553320504569470017e+00
2.777691464677837985e+01
-3.528220360822142254e+01
-3.082882203225126716e+01
-2.304675814600221528e+01
-6.182846723157737756e-01
2.142958150092843539e+01
-1.542280745265880171e+01
-2.069052203927900280e+01
-2.139038275037185599e+01
1.853311033667506535e+01
3.827133562975339487e+01
-1.963598912446206768e+01
-1.073330386004487735e+01
2.107898587217847819e+01
-4.290453743254821006e+01
-1.006258386054530263e+01
1.302358129480845150e+01
2.677196734423657176e+01
6.000244054042944697e+00
-2.652680121506000432e+01
3.307062090477906224e+00
9.007128909395731853e+00
-2.412308102869616988e+01
-2.698289251058447746e+00
3.109960987686363865e+01
-3.568212000949952767e+01
-1.036110954507238091e+01
2.441104544006023502e+01
2.433399084996381134e+01
-4.026702822172725149e+01
-1.588620237435281979e+01
-2.315440710952250214e+01
-8.737967299061502047e+00
2.263114832888062722e+01
-2.340804462259443142e+01
7.867307362041856322e+00
-2.885088360495458915e+00
3.519769287895312004e+01
-5.099777069323891965e+00
-3.206657994616743679e+01
1.640118585783314131e+01
-2.299473882587870932e+01
-3.266881156515134421e+01
3.445575216040860766e+01
-3.219704218768057302e+01
5.564459018628120646e+00
1.061601892546968173e+01
2.642162091378901323e+01
3.162394806298235039e+01
-1.150368647133180389e+01
1.351107444027570637e+01
-3.123815117943302511e+01
-2.711795791323490334e+01
-2.110991076982071490e+01
5.912102488130678069e+00
-4.161363212898990582e+00
4.862007851680260728e+00
1.318863046245961357e+01
-6.436720517391300689e+00
1.336727699074033637e+01
-6.362267974014081062e+00
-9.072713348583839377e+00
1.401830296033821810e+00
5.350890282948043364e+00
1.225322755569371225e+01
-1.768500886259119653e+01
1.875400368450243604e+00
7.714032801784831861e+00
2.075788925802979179e+01
-9.277455415705148312e+00
1.464155952295740803e+01
1.279777295834298911e+01
2.406386275116047102e+01
7.630490649040964968e+00
-5.955731042312436330e+00
-2.862921799750210994e+00
-6.063602227513491982e+00
-3.527384946935150367e+00
3.231586699356755332e+01
-2.912653591071039827e+01
-1.601696940911349287e+01
-1.889181225547673648e-01
1.999619062006384240e+01
2.339774534543472839e+01
-6.325125344767265290e+00
1.579698775342068018e+01
1.193066332595971346e+01
8.504088501059150929e+00
-1.196456463758187283e+01
-1.276173355090946870e+01
-1.174382232457561770e+01
