-1.997168383807160907e+01
-3.553978418777941783e+01
-2.025825787296263059e+01
1.165406525803752658e+01
-2.640401137594571779e+01
7.344015197780187520e+00
-3.103661467725856937e+00
6.769234385085688643e+00
2.110117496316050278e+01
-4.999211333923483380e+00
8.462475033838913419e+00
-1.773151053862335402e+01
-5.560507846903675500e+00
-1.757683826882396261e+01
-2.252458943005510861e+01
2.799588897977159263e+01
2.982947917256062453e+00
2.895459554233030985e+01
-6.097607141151470955e-01
3.243507520097222141e+01
-5.738220644372503898e+00
6.740001043145404935e+00
-3.340037872231505389e+00
-1.818763623131149387e+01
-6.765514279286158228e+00
9.745525976778722566e+00
3.444993997404698405e+01
3.232180068995036493e+01
-1.811932352925097689e+00
1.885762984490047245e+01
1.144560490214075799e+00
1.721922175674845334e+01
-4.836859914224596935e+00
-6.943647965565133973e+00
-3.484193998884059340e+00
7.677512329383020528e+00
-9.907613105654256458e+00
-1.615297711935440361e+00
-2.654049112981844871e+00
-1.450893311625058857e+00
2.150342690616385255e+01
-2.210208121201723941e+01
1.045335448646071796e+01
-6.171353772351480416e+00
-3.651285948192435171e+01
-3.046160062064154417e+01
-8.114513022444754142e+00
2.485595343372530408e+01
2.878115954232349338e+01
2.078462682632348901e+01
2.130248431474876725e+01
1.562029277764729329e+01
-1.251006385275199762e+01
-5.240605996618555196e+00
-3.492386488203280237e+00
-3.121311922631212354e+01
1.055553314265607412e+01
2.636691061604271624e+01
2.697216659529495075e+01
-1.800793545546425278e+01
-1.125867183884673750e+01
-5.544379520435271047e+00
-1.647241063681754270e+01
-1.690591770522191695e+01
-1.374836790607439951e+01
7.565063728645590402e+00
1.384623848675974500e+01
1.257352575522432403e+01
-2.677804032914207255e+01
-2.112734696119838418e+01
-2.933601506456039587e+01
-1.999283492042665955e+01
1.996063605150810361e+01
-1.077598733043496537e+01
-3.436691598798859815e+01
2.370360586884586951e+00
-8.884074523145088165e+00
-9.011574001513253052e+00
3.709975642989327582e+00
1.176188511227252320e+00
-5.482606034329343458e+00
-2.461204626276848373e+01
-1.060447582892012264e+01
7.224951414892544221e+00
-1.318159728969963140e+01
-4.840618139522881336e+00
-1.787303079611191237e+01
-2.747102988345903185e+01
-1.451751264894051019e+01
5.687852130601832812e+00
-2.609957791530170823e+01
-2.134944513157577717e+00
1.713243359074259331e+01
-3.675166278689044930e+01
4.323927429487547158e+01
-8.453493351812468859e-01
4.025143625524322033e+00
1.061639041426262509e+01
-1.914401226502655362e+01
-6.641856685326921195e+00
3.451878023146690566e+01
-5.244696645721766970e+00
3.899183910175651135e+00
4.111936154252127551e+01
-2.990838083036357986e+01
7.993079258707439294e+00
3.629835589351777969e+01
-1.325460797102348920e+01
-4.106836194882248492e+00
-3.230049901641294241e+00
-1.415720584588534336e+00
-1.188033797637157107e+01
6.172298858253434162e+00
-2.736697036636770264e+01
-2.109969982389080556e+01
-2.724875686172165601e+01
-2.385662065846547009e+01
-3.709898385408655486e+01
-1.472997521059259896e+01
-2.012700924733055174e+01
2.418641051086949290e+01
4.156110373624123611e+00
1.904932685921838242e+01
3.713014509515008399e+01
-2.807711168744688734e+00
-2.638055648555183552e+01
1.188468453840773265e+01
1.539483889556694862e+01
-2.254766568067893928e+01
3.119688729644329328e+01
3.783068276555330556e+01
4.776000471169552952e+01
-1.181876693689791580e+01
6.897177050621294825e-01
3.082128467837625863e+01
-1.241495325818284101e+01
-1.364204297252768328e+01
-6.825090735228542371e+00
8.972226226430414897e+00
-1.151356866475350671e+01
-2.967261643684352990e+01
4.253634000314498564e+00
-1.389839199372688938e+01
-1.607019708944221748e+00
-1.552551584421301811e+01
1.197233430028065015e+01
-1.431574451383929869e+01
2.770977859905266882e+01
9.658530180555423783e+00
-9.705835309540411515e+00
1.932103481618106855e+00
-6.660290139593669778e-01
7.015319963802554071e+00
2.323912816486722477e+01
-6.656725015374973964e+00
2.408872341226306446e+00
4.793942223433056427e+00
-2.067641124832875121e+01
1.412029760958800750e+01
1.359066959605996772e-01
3.888647057168562071e+01
-9.205155795175350875e+00
-4.346748335398977758e+00
1.825660575903143013e+00
-1.329287014571572456e+01
-8.449569923157824292e+00
-2.232332553993618518e+01
2.720695959767617467e+00
3.148314204872613686e+01
3.597647812060856154e+01
-2.034764829080046411e+00
-6.555934231852276639e+00
4.317467609329305844e+00
8.803227861559150824e+00
-4.735056727303877722e+00
1.468175363685392654e+01
-3.125037911532714929e+01
1.600856181200370543e+00
5.713157746124394976e+00
-9.490352995092102617e+00
2.063755065526777344e+01
-2.697076216225408629e+01
-3.174696897504750837e+01
-2.305243864861151692e+01
2.950067573728580328e+01
2.993358648334734085e-01
-4.501232494815745611e+00
-7.455132423436161559e+00
-2.574916525148579538e+01
4.039240147288644778e+00
1.118387930046055345e+01
1.614940557210920247e+01
-3.810642423222495268e+01
-3.343902634835797016e+01
3.338486159157247357e+01
4.558861487953376468e+01
-2.141741705568492193e+00
-7.225792538556099487e+00
4.181930642717286162e+01
-1.601254200473516676e+01
-2.348167589772687691e+01
4.645113927538709220e+01
-1.815333142733450700e+00
1.187447828338441980e+00
7.591503177839399541e+00
1.726741771315047913e+01
-1.614464236344992543e+01
2.192597541151656060e+01
-1.172409342351429018e+01
-1.235370398911742740e+01
-3.774137425862333828e+01
-4.602214132532203905e+00
2.559915201892533787e+01
6.676844412266170536e+00
-1.140763158571589031e+01
3.666207651695017944e+00
4.397824504745931051e+01
1.608837528299758901e+01
2.123195028650350480e+00
2.504719847875517758e+01
1.649655455427445361e+01
1.357933674086110187e+01
-2.198744673015060513e+01
-1.985811638517999711e+01
1.971949976657039372e+01
2.320384776504688773e+01
1.943399592986681057e+01
-1.775392287264205038e+01
-5.916932420700725004e+00
4.103800966929803451e+01
-3.486822368735289501e-01
1.536235990631369930e+01
-7.038969643877670990e+00
-2.574503440908585006e+01
-1.566785384577484308e+01
-1.441924430074874408e+01
-4.845735434518118723e+00
1.365587376639891914e+01
-1.716406325667125543e+01
7.125718741918937837e+00
-2.156123945158792665e+01
-9.401093706416588702e+00
3.362593447458650076e+01
3.580450656954960209e+01
-7.927032759117210503e+00
1.943723350024642116e+01
2.580961399148291946e+01
-1.536149670031828407e+01
-3.809465186984554919e+01
-2.199598917382681762e+01
1.288696483349753663e+01
4.946519722948870879e+00
-1.256638253371937708e+01
9.327085251983781689e+00
1.763794169207834273e+00
-7.873815125182424879e+00
6.046781565075363574e+00
2.826687926481852742e+00
2.542164847021139451e+01
2.558486181528971315e+01
2.983516315159015164e+00
1.723871331113822691e+01
1.518085431832830068e+00
3.874224063459811873e+01
-9.638319589298987466e+00
6.308872934366441143e+00
1.702964251146724450e+00
-3.973221531729521416e+01
-1.911285469990059838e+01
-1.585637986164503843e+01
-2.978246279839883925e+01
2.559449277137508716e+01
4.261116032660019926e+00
1.664336577061926903e+01
-1.033349606297899470e+01
3.012225769917229456e+01
2.899872619290304954e+01
-2.095928602446732114e+01
-4.378338749379328476e+01
-2.642355452608621746e+01
-2.487501167121745738e+01
2.184279836891984417e+01
1.782555526556454595e+01
2.890474517266031285e+01
-9.205694132006527752e-01
-9.786113623427169728e+00
1.976625246944323067e+01
2.052437538500832659e+01
3.350859126626504292e+01
2.523995997972544103e+01
-7.441868098491319472e+00
-2.599548940569010824e+01
-1.784492809967780858e+01
4.030030008953677623e+01
-2.315214644983489833e+01
-1.059475427274151116e+00
-4.002304186475937797e+01
-3.848180667406064970e+01
-4.393197206210651018e+00
2.220386275280557697e+01
1.403987177232272643e+01
-1.830378589771228803e-01
2.526332871599265673e+01
-7.495167642589748880e+00
3.356062738868402562e+00
-2.905111189478003908e+01
3.330616551918913615e+01
-1.199773414846829667e+01
-9.510701620294526037e-02
1.900694844438427822e+01
4.037785139168126136e+01
2.187918043958272563e+01
6.468488670351810299e+00
1.461097749707903404e+00
6.715634605434907201e+00
2.924439100119894874e+01
-1.603814225459947096e+01
6.634176133282608134e+00
5.987262337952046209e+00
4.637346769483247044e+01
1.418194579239084874e+01
-1.477973108278283121e+01
-1.037588802203813998e+01
-2.871541896295172336e+01
1.940586812913286963e+01
-2.569402954283116358e+01
3.266743424475552615e+01
-8.091691475321368898e+00
3.266151774043537159e+01
2.692844595427426668e+01
3.062900358058128347e+01
-2.629946594245559766e+01
-1.575756618279700660e+01
-1.277056831704618389e+01
6.919324788518601110e+00
-3.589924360004316384e+01
1.674652622492715182e+01
3.563033078915024987e+01
-1.571698291952623094e+01
-4.505123522958055560e+01
-7.373266233020103755e-02
3.075102092905152062e+01
-1.712346512406637800e+01
2.941935565093334048e+01
1.623696124570503230e+01
3.410233529686060194e+01
-1.883353122061685525e+01
7.090177601797144291e+00
-1.327249361228323465e+01
1.100928882489443339e+01
-3.204829145075611052e+01
1.765819861125169155e+01
-3.637310735880816992e+01
-2.725374326544521253e+01
3.804466128689419691e+00
-1.132086636085183784e+00
5.934302403468564080e+00
-1.837960953109797302e+01
-2.950314993939137054e+01
-2.252866176240864604e+00
-1.991149794172072518e+01
1.249127800972991054e+01
2.278517405122218520e+01
1.437851255644393689e+01
-2.981351975533808130e+01
-2.824829009917690215e+01
1.010479985339749476e+00
1.153702706656402910e+01
1.687117498989729825e+01
-3.575442687994422641e+01
2.651716696444611898e+01
8.314104804578050789e-01
1.242724121552569727e+01
1.970916882002346426e+01
-1.064442388387422511e+01
-2.531684998517507168e+01
2.004817921698671057e+01
6.335717690073025210e+00
-2.713766256381517294e+01
1.914385895434065787e+01
2.429991446739170158e+01
-8.032561818601472226e+00
-8.047461203338727387e+00
-2.838891149157814553e+01
2.628552193841746032e+01
2.146243911221185385e+01
1.193667114516018302e+01
-1.141579111204921304e+01
1.027588173339159283e+01
4.782232672244646210e+00
4.025556945511256401e+01
4.007794953719503894e+01
1.208547610428778540e+01
-6.384087370660751048e+00
3.845840720289508852e+01
8.720568663814560750e-01
-7.999556381678893047e+00
-3.555349710084252024e+01
-1.662145393473011268e+00
2.514039949632082482e+01
-3.283090360752008507e+01
5.701810138538562001e+00
5.531569042960612137e+00
2.825676194035095534e+01
5.975062947719010253e+00
-2.955292035622043656e+01
8.103104530651727089e+00
-1.705521363741014795e+01
-1.146168308438433314e+00
-3.315711488323095324e+01
-1.439502241119298986e+01
-1.798785153345764343e+01
4.718307121147375938e-01
1.136660054539978404e+01
9.673960752911682448e+00
-2.300089689237335833e+01
-3.224517422099465591e+01
-5.397739745065280204e+00
-1.039707923807277723e+00
-8.815961620265994725e+00
-4.760947746440677975e+00
3.358823984554035746e-01
2.493844007470966062e+01
-3.376684329390256778e+01
-2.708099569268415152e+01
-2.376620332353738263e+01
-2.389208003978559702e+00
2.367809552419195995e+01
-1.304027803266999541e+01
-2.165710290379065484e+01
-1.958217252857916080e+01
2.017620374029787911e+01
3.817331978449347218e+01
-2.205676090326242189e+01
-1.389725928126791388e+01
2.329924833134387541e+01
-4.045171856737150051e+01
-1.212089197695011933e+01
1.013730945456504884e+01
2.545402983804795838e+01
5.008706225075357565e+00
-2.697251294341503325e+01
4.875799816934787145e+00
6.929112209593981220e+00
-2.054778508636101009e+01
-4.837167548635044056e+00
2.912410441447823928e+01
-3.243304510133619800e+01
-5.687398479582647326e+00
2.190967641738151883e+01
2.082557019736192672e+01
-3.936535389794588014e+01
-1.680282062537298060e+01
-1.904702395474664911e+01
-8.308074970385128211e+00
2.283196414851859402e+01
-2.508555247229183394e+01
8.746162061731595827e+00
-4.281087821587547637e+00
3.311145972692874295e+01
-7.771859691069167297e-01
-3.495281176295998904e+01
1.791743940203350860e+01
-2.260272682030303670e+01
-3.132278670774520890e+01
3.540984360094095962e+01
-3.102820409412564828e+01
5.474362314920412587e+00
7.515345387966277713e+00
2.797605935193085713e+01
2.997031887755592550e+01
-7.386904571247974616e+00
1.347498210681485631e+01
-3.421149929483253516e+01
-2.942438491982082382e+01
-2.003932324749293414e+01
5.470246469992531502e+00
-2.437887536268654287e+00
2.039963933606948387e+00
1.184211527625713956e+01
-1.260120887410501211e+00
1.020024199252386410e+01
-4.814474723212796903e+00
-7.877450463960293803e+00
-1.763316775319495378e+00
5.917215458026568342e+00
1.250529023461562872e+01
-1.330864357195859782e+01
3.459803540706360536e+00
5.055138334646947840e+00
2.027502712024818265e+01
-9.138772631033234006e+00
1.475621388683482849e+01
8.122785502417251280e+00
2.698481938766398969e+01
5.684511867575196220e+00
-5.295632716488341885e+00
-4.660486330216642159e-01
-4.553527543113567333e+00
-3.749398743367919451e+00
3.505700806743962517e+01
-3.081933548783975496e+01
-1.995364262340487116e+01
-3.408205683186977808e-01
1.681235431484722653e+01
2.444077373280356369e+01
-8.328106411213454408e+00
1.898733743593096790e+01
1.188898840795439327e+01
5.281895470462103503e+00
-1.276470869457943280e+01
-1.329564255885777868e+01
-1.081131887596819041e+01
