-3.171225660699587934e+01
1.017192893016427746e+01
2.651108456176285699e+01
-2.188620254494776773e+01
-2.471373197272419731e+01
1.678793908212263375e+01
-1.871760358890237796e+01
3.063397012560702137e+01
-8.573853438881037903e+00
-2.691153769213868330e+01
4.008032815325640286e+01
2.802752914816279883e+01
-2.391059043598126266e+00
2.389353232962429274e+01
-1.323042982897339925e+01
-8.608192315853059995e+00
4.154964967245058460e+01
5.036516740631903133e+00
6.765707235595719737e+00
-1.928819932269957960e+01
2.932922185073465471e+01
1.417544957510835957e+01
2.100265803014124799e+01
-1.851967473702783451e+01
2.281860955717617401e+01
2.282882415270344723e+01
9.877233022641476623e+00
4.918330730850328791e+00
-3.696756267612350655e+00
-2.753751338004811089e+01
1.297605446713567545e+01
3.123952874998447271e+01
-2.001113595819700564e+01
2.644503299205378255e+01
2.021089326524901253e+01
4.137029968016241810e+01
-2.569282491994229289e+01
2.419916127969466402e+01
3.716499642876665632e+01
-2.879143883958462169e+01
3.171358666151526506e+01
-3.277072926946918585e+01
-3.981418850564723044e+01
-2.178351047724153133e+01
1.445518225576567772e+01
-1.096118986759487512e+01
-1.968516370741611965e+01
1.562681018517369580e+01
-1.287159945772234693e+01
2.006867968691605597e+01
-2.437649026927808293e+01
-8.235970546120341851e+00
-1.864757786397604988e+01
-1.756981922428411735e+01
1.301244458703122575e+01
1.760051330058014685e+01
-2.463695765871395338e+01
1.305463731659766324e+01
3.061355391471197152e+01
-1.033796149243102747e+01
-1.497404750217569358e+01
-4.571450227659020982e+00
2.413144679758332245e+01
-1.489157747847841051e+00
-1.136153003520170301e+01
2.620079149520789485e+01
-2.055626193950160641e+01
-1.270876298420671446e+01
-1.976025455409952514e+01
2.031991630043656016e+01
1.249920151709746818e+01
-1.049949711860714530e+01
2.364446780564502149e+01
-2.471241153855836359e+01
2.999081192426267251e+00
1.955132812722439439e+00
-1.944341742056825240e+01
-3.602371155365690925e+01
2.295264676070750909e+00
-1.701681307460503234e+01
3.786314549260416129e+01
1.861551047748164933e+00
2.383712262903098633e+01
-1.994497071345449513e+00
4.831377614279460886e+00
2.177747020897555785e+01
-4.350515770595645648e+01
1.999365342496297160e+01
8.945128068719256476e+00
-7.464315132414611753e-01
2.146735715309011994e+01
-1.414818031959249822e+00
4.198880613124391914e+01
-2.576892589428155134e+00
-3.738046712743525291e+00
-4.851995177516670310e+01
-3.548668506313773463e+01
2.973847272040451628e+00
-3.888718044361127113e+00
-2.159105524268725773e+01
-8.672655015355488217e-01
3.946944387683885225e+00
1.629372584654930733e+01
-2.410094108632353382e+01
-1.204249172515176269e+01
-1.568226157918783770e+01
8.288287400120211146e+00
2.544146860272995525e+01
2.801683030995863533e+01
2.015157270924230204e+01
-4.084915191528929768e+01
-1.779473391457280229e+01
-2.209423289126128864e+01
1.704293776559154594e+00
-7.649410741623228205e+00
-1.204837268409083606e+01
3.577198263656748622e+01
2.124510679876310348e+01
3.039295607538107902e+01
4.518322720248960422e+00
2.523623130076499876e+01
-1.717991309479778295e+01
-2.946453695139848961e+01
4.919244916394895029e+00
3.168098838923634730e+01
-3.528733042219089100e+01
2.201151184778916559e+01
-1.090739964060091438e+01
-1.335475779958735387e+01
2.210895949742322841e+00
-2.210279660859735174e+01
-6.798844405955250636e+00
-2.950900849997353248e-01
-1.275428750004039102e+00
3.514136228975814902e+00
-9.166252686752869749e+00
7.881504061410780082e+00
2.132671018312073841e+01
-1.248795936604083323e+01
2.120974417278191027e+00
1.254922651064938321e+01
-5.042207633554212975e+00
-2.023934466741145854e+01
-2.193913466293260228e+00
-1.667540051143087965e+01
3.125371101240845917e+01
-4.155730638498763341e+01
-2.822985643389964849e+01
4.008386933524207052e+00
-2.161432004034303844e+01
3.605968678999124677e+01
-2.009173014978020788e+01
-3.872919129379241099e+00
2.628665937475993530e+01
-1.422002686854917641e+01
9.578070944614623272e+00
1.075500342584329871e+01
-5.992509941857790068e+00
2.454500201402846926e+01
2.132198334160753461e+01
7.708194140999935939e+00
-3.227386261626413955e+01
4.699207928736926476e+01
3.185050464440347184e+01
1.784621878043573417e+01
-1.122958179858791539e+00
7.943729242094008214e+00
-1.479421512441855668e+01
-3.581545418950994986e+00
2.705407951468572492e+00
-1.008753076269108107e+01
-4.229989190769262564e+01
-2.022092881852599788e+01
2.517753391542842678e+01
4.541487344299731888e+00
-3.062203981083810334e+01
-1.369526250682311996e+01
-8.268244726836805114e+00
1.024327830458793187e+01
-5.505137791260970914e+00
-1.691157705912903708e+01
-1.042155059003381012e+01
-1.955084696452971116e-01
-1.651958994639779377e+01
1.079347730339820544e+01
-4.256138515707313275e+01
-2.016900344813692314e+01
2.081275568926146491e+01
-9.112717932692284251e+00
-2.912836407422988572e+01
8.193753563307147658e+00
-9.971555082024821104e-01
1.262937993810788839e+01
1.697327858402792344e+01
1.798392059624704586e+01
-4.109987298271946088e+00
2.252532363824194306e+01
3.073156873470981054e+01
-5.519307133849636671e+00
3.304564209588659196e+01
-3.209079696439609108e+01
5.467960436116136691e+00
2.163813720292783671e+01
-2.431579724840688783e+01
-2.366245080164076597e+01
2.297883078021135361e+01
8.691264261335376773e+00
-1.237893963679385223e+01
-7.763192062545584804e+00
-5.123362898996560943e+00
-6.347138628650192516e+00
3.053841051155434627e+01
-3.080473755185103357e+00
5.511795994311476932e+00
4.146183149107872623e+01
1.545301579889108723e+01
-3.697830551849342839e+00
-1.351693628113471846e+01
-3.682389142204063148e+01
-2.415694136691904959e+01
-6.970969237252802486e+00
2.046573333770641057e+01
1.524826233416398225e+00
2.773814055922208865e+00
2.382437209489189911e+01
-1.586412835154084888e+01
-6.312985695193113145e+00
4.477636857515739166e+01
-6.752417571076875902e+00
2.661759650224362872e+01
3.708832590343646984e+00
2.523892607083111272e+01
-2.185239310625547660e+00
-1.211141596168179291e+01
-2.736252584737747640e+01
-2.566073009598537169e+01
6.087819086480173780e+00
-9.401143672271075502e+00
2.294035524106472224e+01
1.002799098748082685e+01
2.327186519224628114e+01
-1.202771314128298030e+01
1.806341205842451814e+01
2.849914779859240355e+01
-2.133129178825858929e+01
2.333994494996188962e+01
-8.553139046185741279e+00
2.535580680812539356e+01
-2.288335878665989043e+01
2.101374896427005012e+01
2.990040661517781473e+01
4.756786501820390356e+01
-2.524998124431863289e+01
1.245157930181230910e+01
-1.159583787595326498e+01
2.144463560813835556e+01
-3.507080351367471849e+01
2.648166444681241671e+01
-6.530349753793807110e+00
3.867647545435772827e+00
2.565353625986021768e+01
1.485476987116665271e+01
6.239125359317796438e-01
2.369823735208264281e+00
-4.343266500914716488e+01
2.565897719417469602e+01
-2.900167934828974481e+01
-2.289414467110377771e+01
-8.059783298901422199e+00
2.308728097275370317e+01
2.034781922873428073e+00
-3.071362529617146109e+01
-3.934686666616173056e+00
-2.560249598611743593e+01
-1.678563144483533875e+01
-1.326239162679945593e+01
1.874283963723826218e-01
-2.790308151322165031e-01
-2.109019092215049795e+00
-2.412063940183958977e+01
-1.677844190351832054e+01
-2.289361429478601195e+01
-2.519959299470099623e+01
1.888052499966187270e+01
-1.457959508236275070e+01
2.016616982244141809e+01
-2.691338846452289246e+01
2.195518224975019450e+01
-9.516262403396105185e+00
-1.869326996202504532e+01
-3.247808594951538907e+01
1.379525472184066359e+01
-3.445790528641867922e+01
2.354352313955072873e+01
1.715968391628149448e+01
4.730730560245532956e-01
8.299439918008644668e+00
-1.258643598809219100e+01
9.147313980089499807e+00
3.449248204050469724e+00
1.755840923988444047e+01
1.719821190146220147e+00
8.885628309630142496e+00
3.717266193659951057e+01
-3.182562861828141365e+01
-6.139473165318285908e+00
3.473883818446053340e+01
4.565232126507780208e+00
-6.866156486493729005e+00
-6.083272511403492899e+00
2.901934810281406385e+01
2.274344841473725864e+01
2.759444187392077197e+01
-1.731660638469335822e+00
2.921611633640705463e+01
-1.787818458337304861e+01
-2.570802244823079263e+01
-5.332634308050018035e+00
5.331305387742048651e+00
3.878662499337224290e+00
8.437909258981648009e+00
2.568923052975083010e+01
1.443800257191645642e+01
1.885687200906460248e+01
-1.155895793165264251e+01
3.528599982730639795e+00
2.932845575984987363e+01
1.706134261859490664e+01
7.641216751419207753e+00
3.051120719624003641e+01
-1.969420913446225541e+01
1.631955677408903682e+00
-1.424088879175924660e+01
-1.040775485729774630e+00
2.572965201603535945e+01
-7.722648334112506063e+00
-6.240673435801639357e+00
1.192409139225894421e+00
4.385725173104243879e+01
-3.324289518280068023e+00
1.940469935224520270e+00
5.570052480181317378e+00
2.593704872154903285e+01
5.376233321123422115e+00
1.438723486837892551e+01
3.061139723652053135e+01
3.146761686051704032e+01
-3.716963166698410248e+01
-2.333675703295373083e+01
9.983250354127903847e+00
1.607308432896360273e+00
-4.417543363673087242e+01
-1.933214039166979603e+01
-3.585081645523830218e+01
-6.355649004088448351e-01
3.632450846206296546e+01
4.465866834556851472e+01
2.407685318142279129e+01
1.466285150425503048e+01
1.940771823647094152e+01
-1.580228882704952298e+01
2.404594550025727528e+00
1.989320338630311369e+01
-4.133436091817638669e+01
-2.367981387368003254e+01
1.176350600056201756e+01
1.800307635309194154e+01
2.191601225478109427e+00
-5.950153291132842526e+00
-2.404944678401380642e+01
3.193663325808564935e+01
-1.994323510018330481e+01
5.552752673806217842e+00
-5.809822787457626703e+00
-3.259803184210462490e+01
1.020487663160978542e+01
6.864644200523812856e-01
-1.468922571688921863e+01
6.094939162528532961e+00
1.911573306798622696e+00
-9.348256047999669249e+00
-1.875898714157158054e+01
2.721489584550045038e+01
-3.390813419102157411e+01
-2.443112001238691278e+01
-2.862792625025211279e+01
-4.226560868751064959e+00
1.052110875452741112e+01
-6.398987590822216021e-01
-2.179738885826044736e+01
1.051299745147079534e+01
6.638338269791113078e+00
-3.651497187800099908e+01
-2.033640120912877336e+01
-4.937817041419407360e+00
-2.337491290514559950e+01
8.015750688473488594e-01
5.656391802407625846e+00
9.384229650824224223e+00
3.709663450924172423e+01
-6.880067442264511612e+00
-3.312629064118835487e+01
-1.270798737229110742e+01
-4.316955210234674212e+00
-2.431262597259749114e+01
-1.108540589448256952e+01
-1.364443612535099959e+01
3.085210822203259795e+01
-7.598426319905783544e+00
-2.879396048618152548e+01
7.134782455675413360e+00
3.081352543753254736e+00
-2.172408371267835037e+00
-3.526573274476722020e+01
-2.235125015863487619e+01
-5.186011042099323731e+00
2.620577099274242983e+00
-7.026700017895869621e+00
1.879853850841961105e+01
-4.678514526128196849e-02
-4.418595073932210227e+01
-2.938926038082047398e+01
1.515732086499583886e+01
1.719565749779295061e+01
-1.448791073348707670e+01
-3.123117498443982498e+01
4.349493728125281677e+01
1.197393575526224652e+01
-7.839314129163739153e-01
-9.078282654647814809e+00
-3.437733832161072911e+01
-1.042121564699726122e+01
9.291973585195691498e+00
2.360830707331953704e+01
2.468351802877302248e+01
2.155524238721440611e+00
-2.229346456480843486e+01
3.562906844784599514e+01
4.553835609908969673e+01
-2.354400444417560223e+01
3.799675863236785744e+00
6.017054969542932952e+00
2.183856256219151248e+00
5.259998444937707518e+00
-4.507316461104804972e+01
2.267267139006020216e+01
-1.039113722376757920e+01
-3.770515300996738262e+01
-1.211358660520085806e+01
-1.544791594723950112e+01
2.362442620762065815e+01
-1.567674965319831415e+00
-4.181075367225027151e+00
-9.581482559690904566e+00
-2.595539776364867990e+01
9.644865366368918558e+00
-2.594534855066576995e+00
-3.277352707216721228e+01
1.269269594278643609e+01
4.599889282386328659e+00
-2.164931910430748019e+01
5.592701994714786906e+00
7.097210841959913807e+00
1.737814561198369745e+01
2.309641185344268877e+00
-4.829614288666718380e+00
5.810777509723322964e+00
2.410506157101860936e+01
1.851991571567404549e+01
8.730609580538214232e+00
1.295869734409971130e+01
-3.537837817670864382e+01
8.322514811186366046e+00
4.826789227019155248e+00
2.455509064690716059e+00
5.642630402051565852e+00
9.824418084640754500e+00
-1.390969483618660973e+01
1.778080053729975418e+01
-1.309635584518822782e+00
-3.274812434849420129e+01
1.565188168234431032e+01
-4.920865990660026057e+00
-1.940985637229734095e+01
1.003523566779976761e+01
1.907027488141321214e+01
1.412277632189211829e+01
-1.081016820594552286e+01
2.196788115728401181e+01
9.631271497584073416e+00
9.485332495509993578e+00
3.000930495855709523e+01
6.884593585784273273e-01
1.279630417923635122e+01
-4.922528604392283569e+00
-8.817254219893825962e+00
-2.598318723104450712e+01
-3.877174960048037633e+00
2.505498508130501989e+01
2.933781118069983052e+01
-2.068506114465443702e+01
8.831963925954809724e+00
9.107426679970295424e+00
1.415667601271188403e+01
-7.940549548583746287e+00
2.427129505636581541e+01
-7.287074707543730767e+00
-2.489354444391945620e+01
1.914618261568833191e+01
3.673474613115345733e+00
1.167154641126784043e+01
-1.709428000721378282e+01
-2.794162538660509654e+01
