-2.926231676484933431e+01
-1.153269416971938455e+01
2.806843019866069255e+01
-3.059334215916663879e+00
-2.707994693041998602e+01
1.364619785936843499e+01
-6.684738359811490227e+00
3.447491466153881845e+01
2.284735956464550100e+01
5.274941081303452961e+00
4.138262877791150629e+01
2.411856861005986730e+00
1.936770109373701132e+01
-1.120086402082278454e+01
-3.116344543077557816e+01
1.741671485943295750e+01
5.296736825800607562e+00
5.692583533569404608e+00
2.741305919723124873e+00
8.128822114500934504e+00
4.115534219122865522e+01
1.514740915978485702e+01
-8.941815882223451695e-01
-2.342457928565664815e+01
-3.635342290721375491e+00
2.558811962303400378e+01
2.139040302949604211e+01
9.203303563254578989e-01
3.229709773130196027e+00
-1.184034951288197846e+01
2.734146545321299016e+01
2.004083609438094982e+01
-9.274838045126678310e+00
-9.739129022367549737e+00
3.345385344994275556e+01
2.830159187258320230e+01
-3.067537014966312370e+01
-1.591990626222079896e+01
1.384274879367755062e+01
-4.628293320287221491e+01
3.939332384479843086e+01
-1.822818499252881352e+01
-1.975065094864295645e+01
-2.209362423861648850e+01
6.268953261779671493e+00
-3.513845067057030036e+01
-2.217390951537684884e+01
2.336484133910471428e+01
2.162329101278697863e+01
4.473096248068004854e+01
1.342024638923769686e+01
3.048121417373698705e+01
3.611942961043368427e+00
2.108289009869550057e+01
2.336641372117445314e+01
2.810921764768474418e+01
-1.268693226919722150e+01
-9.368372984177725016e+00
4.049008883783602641e+01
-2.140322154858566961e+01
-1.301674824740361203e+01
2.777157013813599917e+01
1.512006039940530400e+00
2.547528270135288153e+01
8.955961944011633591e+00
8.587111260903569132e+00
-1.835984584586187651e+01
-2.154981675011401521e+01
7.075728968137227071e+00
1.162544978229335868e+01
7.377387922224997396e+00
-1.190212296148197169e+01
2.368055702208474145e+01
-3.837027524685080238e+01
2.114243219370877114e+01
-8.205071996224468478e+00
1.525878955403958059e+01
-3.673331235445477461e+01
-3.005378494908257281e+01
-5.672739778314173975e+00
1.782979921289563663e+01
-1.677486005253504686e+01
-1.343931769456279568e+01
-6.708875745432223425e+00
-1.459824537641121367e+01
2.793771817169965743e+01
-3.952075376434845566e+01
-8.506828684855939571e+00
-1.447268768854892329e+01
-1.945308315455292814e+00
1.850215796296896542e+01
3.286885488079735751e+01
1.885729481331938473e+01
-1.431843354372055899e+00
1.956153999081061556e+01
-3.852697933427126742e+01
-1.888546929951480280e+01
2.385134204667788538e+01
6.381096223701867132e+00
1.518369351100935205e+01
1.225928753721665743e+01
3.142473887458451998e+01
2.644268693293540196e+01
-7.503200278620752783e+00
-1.915219184728352886e+01
1.642260137272084819e+01
-5.614383705691196269e+00
-4.495532478125767284e+00
-2.180504725524983201e-01
-1.505781616806963541e+00
-1.506437799240914188e+01
-3.660342724045850815e+01
6.833544516683609515e+00
-1.251249871882949094e+01
-1.060846752007833516e+01
-1.115158096874024096e+01
5.593099624031779626e+00
4.988897666880752979e+00
1.828716155322128145e+01
1.900399748164453229e+01
4.508551775021601316e+01
1.120591797074901308e+01
-3.898678395762464532e+01
1.346613439419722624e+01
4.220913298320580509e+01
-2.510548256617252250e+01
-4.585921523833043523e+00
8.790982561290647368e+00
-3.111875578519803653e+01
-1.574452960132752111e+01
-5.060054889223039254e+00
1.067123696593783677e+01
2.093087245841911681e+01
7.033515056510033503e+00
2.077119682951085622e+01
-4.430014282100245282e+00
2.274213859623098699e+01
8.251651844444360506e+00
2.120617016390724530e+01
-2.372890220545485107e+01
8.904058952937511151e+00
1.649712789937615298e+01
-3.517958098228321973e+01
-2.981935666521148320e+01
-2.717372102030277858e+01
2.744642770642019514e+01
-1.144320349683668780e+01
7.775764327217096650e+00
9.630689811623525998e+00
2.800559407979072546e+00
2.409150196506095654e+01
6.355186007943245841e+00
-2.291395959908143354e+01
2.066497570559789665e+01
-8.960808973565335123e+00
1.789119831127491977e+01
3.710036369302204662e+01
-1.150982963867249254e+01
3.984394788763989936e+01
2.076220085060511167e+01
2.640763619602775236e+01
-1.690995587256956156e+01
2.921391709087517086e+01
1.727727368948005449e+01
-1.192490571150150203e+01
-1.152652461321655153e+01
-1.160312385899413812e+01
-2.888317397815213639e+01
-8.214029508870794416e+00
-5.626047104281255429e-01
-1.490421554916842695e+00
-2.827282092695017113e+01
2.664512530893624387e+00
4.757420725787392257e+01
-1.728757259644987698e+01
-3.867086855633893805e+01
3.178044059533647214e+00
-7.770329291182306974e+00
3.596733395401142275e+01
3.602560474996863604e+00
-2.531226737710610664e+01
-3.048495279733175423e+01
1.631276569635450358e+01
-2.161100534461275657e+01
-1.041521154167904228e+01
-1.732529622094357080e+01
1.726370444282639482e+01
6.225635837802343531e-01
-3.335354001018777126e+01
-2.913105007507992994e+01
7.778296637183586881e+00
-2.781789044360106899e+01
-4.319596135128158210e+00
9.644584670412200467e+00
2.954744016504240278e+01
1.422820929772254317e+01
7.861730584983476433e+00
1.872552583091902534e+01
1.809531856846253106e+01
1.030396191217045754e+01
-2.288266489701895168e+01
1.123016933672368367e+01
1.554970734330510140e+00
-2.440395578576330848e+01
1.896934460373759634e+01
2.239580857278770054e+01
1.603167302262522753e+01
4.863275377008356770e+00
9.172422882611016348e+00
1.677344327795688628e+01
3.219489013783785936e+00
2.918559737634534201e+01
-1.627882374800307730e+01
-3.399116380016600658e+00
1.032471932689237093e+01
-1.231247323449291997e+01
1.268353657185564032e+00
-4.690722120311448862e+00
-4.638873675500791194e+01
1.215491823108929736e+01
-4.578778282569501812e+00
-6.526546809429824236e+00
1.085802673164501186e+01
-6.877889195310160630e+00
3.837834038936250636e+01
4.758167457919284971e+00
1.316363034174015922e+01
2.063615145487489144e+01
-2.272898666327844808e+01
2.757154245326711361e+01
-1.152315859407885057e+00
2.688449037323137247e+01
1.586515533387500909e+01
-4.207612097320094335e+00
-1.764040803653703193e+01
7.080430323808151627e+00
-9.059156825838030613e+00
2.989162409010761223e+01
8.932178642628421983e+00
-3.878046267552413440e+00
2.087891864729101599e+01
6.565033255006603952e+00
4.261450383899699546e+00
3.037755885968525149e+01
-2.976746012499776484e+01
1.027971809795019453e+01
-1.327740425380741129e+01
1.288864903529351125e+00
-2.489267213115799393e+01
-1.449137629236670932e+01
1.709326388198772406e+01
2.491867354317427896e+01
-4.134180886762682405e+01
1.304450532241560268e+00
6.216169148113053211e-01
-2.709508207454355500e+00
-1.573868430982906830e+01
-3.741141627898244337e+00
2.141740494345630452e+01
3.564855275281156821e+01
2.947655753406644408e+01
3.761614618584974323e+01
3.211246341580050512e+00
-8.740642466266542954e+00
-2.340485587737081019e+01
1.622080977633571308e+01
9.675571933550116910e+00
-1.287957004552073670e+01
-2.432665683226111852e+01
-1.550680873406905391e+01
1.963224495668896452e+01
-3.004170761946200585e+01
2.092529700967780570e+01
-2.327173046990305139e+01
-7.024931098458367273e+00
2.564443282625295240e+01
2.906707126346623227e+01
4.736391992764602321e+00
2.643995370454845784e+00
-1.362735538940692237e+01
-2.647397142879322374e+01
-2.472417920457764495e+01
-9.560536681588608587e+00
1.282049770826792212e+01
-1.924586443202721497e+01
-3.495353246171724493e+00
-2.175751597763880696e+01
1.308428056313424293e+01
2.930633646517620150e+00
1.857504034561797823e+01
-2.799409956887973649e+01
6.131806865323760292e+00
-2.147117738306928558e+01
3.503802016392039320e+01
2.521736550507669961e+01
-8.632562565185217807e+00
1.682676571561157175e+01
-1.549501893562308652e+01
1.677065475697143881e+01
1.408651277493207488e+01
1.386411117982948582e+01
-1.560751945516088313e+00
3.591559026063674764e+01
2.372897615317755537e+01
-3.299578422210480255e+01
5.927713074628492507e+00
2.044721155513062172e+01
-9.318880649252086812e+00
1.543352969567615673e+01
-3.025301674678143016e+01
3.453927898526963247e+01
2.808499384429718759e+01
-1.677899514461081765e+00
-8.401974980146178495e+00
1.296699600197501923e+01
-8.747068886451884850e+00
-2.789232082452393513e+00
1.667428501383162143e+01
3.006009961063016078e+01
6.864129323488775469e+00
2.758811189595499513e+01
3.620210021587291749e+01
-1.885297464059722117e+01
8.185839073783348852e+00
9.449063635137086692e+00
6.310108491854983015e+00
2.371103567148102798e+01
7.207649391702567243e+00
1.485035696339596711e+01
8.788602385342372258e+00
1.638654909448270303e+00
1.847620854873532892e+00
-4.340813594326745317e+01
-2.459429618972405152e+01
4.944794907323434074e+00
-3.035023112028098069e+01
6.877770873849016198e-01
-9.529587749765241256e+00
2.299619318363301090e+01
-1.225781758703896429e+01
1.366303023037882269e+01
3.148643449244418946e+01
9.885189736217014911e+00
-7.938015965600023094e+00
4.561622479248924833e+00
1.435269118500532670e+01
1.149423859133309378e+01
-2.500244494917339821e+01
-2.186820973647235533e+01
2.783962041383958308e+01
-1.191299964173483517e+01
-2.480716203234548800e+01
-1.499823366822491266e+01
-2.769454699782933815e+01
-7.912836440049844100e-01
2.004053034479272810e+01
1.985093603909250248e+01
2.524289333609947050e+01
2.730994262662282779e+01
2.835886009491460413e+01
-3.690792159457107857e+01
-2.738902049908166347e+01
2.740798035507212660e+01
-2.206375055491184867e+01
-1.102280647038833195e+01
1.195916498164151420e+01
1.579390872813277724e+00
1.226286843519449832e+01
-8.252093739796620753e+00
-5.673151713156784126e+00
1.368021305903431539e+01
3.657669523751060581e+00
-7.673614410961917542e-01
-2.285865089919910176e+01
-2.098216751458027574e+01
-1.231590272029059463e+00
-3.593461515850570720e+00
-1.723095741770773515e+01
-6.150095819030241273e+00
-4.257339584989580317e+00
8.506162519183526172e+00
-7.112573520750302691e-01
1.212999016509599670e+01
-4.230788461796499433e+01
-1.974513337104972877e+01
-2.255677721306779659e+01
-3.624254506875696791e+01
2.506744234408395755e+01
2.148015999285451016e+01
-2.332446849016501744e+01
1.352575817656962442e+01
2.148260545282478517e+01
4.590610665795082923e+00
-4.757022356876375113e+01
2.389759444691233625e+01
-1.609021898533802641e+01
1.700248204539529695e+01
-6.273616770420460398e-01
2.678639305417988226e+01
2.340354340108827103e+01
-3.636474012756559659e+01
-4.159673989861803989e+01
-2.309224228670247925e+01
3.373702753641329366e+01
-4.133579540015156795e+01
-2.572736429608828246e+01
-1.560358089051967312e+01
1.050643587825056358e+01
-3.435595263588989923e+01
-2.990134396692573659e+01
1.182121960952420636e+01
2.740243658120768089e+00
3.545530900244823158e+01
-1.750823242178931594e+01
-9.947742085032032833e+00
-5.607065070371163529e+00
2.188214212559422833e+00
-3.093278630161718823e+01
1.495771451107931682e+01
-2.370860058180257468e+01
-2.663395188506331124e+01
-1.761153241304216266e+01
2.437936570746735754e+00
1.991927432721863056e+01
1.420638622401038731e+01
-3.845276417291022142e+01
2.555349891382886085e+01
2.620245292896628087e+01
2.353027276672233370e+01
-3.150743080652872408e+01
-2.130725045234352777e+01
-2.168276233100129957e+00
2.824717457464731751e+01
8.477593167781336092e+00
-5.294903085811945687e+00
2.460109123560862088e+01
-1.296383671453474307e+01
2.278780676560610630e+01
3.541938973023781045e+01
-2.980183416969672905e+01
1.351750500279251810e+01
9.547932348875498576e+00
2.611102477893949469e+01
5.514136303026958785e+00
-1.994856995831962720e+01
1.112043094304664237e+01
-1.891873770221340223e+01
-2.254087102940103193e+01
1.641349238414353806e+01
-2.358703876095708551e+01
9.060355015844123727e+00
1.230995812629068098e+00
-1.457109325791417831e+01
7.486227312179849491e+00
-3.577720793748832762e+01
1.218092641104857421e+01
-2.824505965161738175e+01
-1.830986133882009881e+01
-1.433756927946859605e+00
-1.267813829034744799e+01
1.688754769090787988e+01
-1.557150019899478366e+01
1.281069356964410133e+01
2.322674523878369257e+01
2.668156823564338254e+00
1.870395205967824381e+00
1.588724968965226481e+01
3.252664925389092332e+01
3.558074247839691395e+00
2.201195899927486721e+01
2.374748518296989630e+00
-5.070758446743255377e+00
1.964408128206318338e+01
-2.305834971812616274e+01
-2.376402269928681932e+01
2.056099979915305198e+01
-2.846905227293994756e+00
-1.292048213342981455e+01
4.489905128598124406e+00
-2.363435313408886884e+01
3.358391230055879362e+00
-1.466433010642543877e+01
1.342842523559756529e+01
-2.677032793641689423e+01
-2.712388675116569203e+01
1.588754844058961169e+01
4.023361099873149271e+00
1.338528582571223069e+01
4.185067043933842967e+01
-1.303232501930256859e+01
8.954692531924038690e+00
2.597831091092579925e+01
1.598852480632046991e-01
-2.687096235456504800e+01
1.745504743443405005e+01
-1.859774197099984860e+01
-1.112217986134200487e+01
5.989231019743513684e+00
4.504685563451586461e+01
2.443044907664923926e+01
1.879048999152566068e+00
-2.174137130373859250e+01
-2.182773505886003562e+01
2.033473467402492929e+01
-3.449036663282441850e+01
3.205439952140029902e+01
-1.085280879412188426e+01
8.242327006966654324e+00
7.953442685399593870e+00
-3.105363488748473344e+01
3.016757334388117329e+00
-3.551876269327102165e+01
-1.669005224539890975e+01
