-2.103210289186085902e+01
-2.581712112184083452e+01
-2.281660807683288894e+01
9.931011683435784221e-01
-1.382722088005708372e+01
1.073870036202735179e+01
6.568035798035666062e+00
-6.371159207691050597e-01
5.772707588233650711e+00
-1.441721647671283790e+01
1.306590582918509824e+00
-7.871557271840430303e+00
-1.402645241336527704e+01
-1.003539957300569796e+01
-8.455221056558833936e+00
1.974439072507263404e+01
5.011468977290554960e+00
2.542408300248327180e+01
3.147632444671202734e+00
3.167917026691495153e+01
-1.416478918805329101e+01
-4.948654048889686408e+00
4.917009407666327547e+00
-2.293791355864844661e+01
2.281759368969815682e-01
1.219921747216161378e+01
3.229300220911213160e+01
3.100709837976434358e+01
-1.509399873320737839e+01
2.176561229145045218e+01
-2.164656230932607173e+00
8.682131883810171757e+00
1.287579221956448805e+00
2.695856006814246086e+00
-7.412478547862264122e+00
2.351194542546366506e-01
-7.920290169833563709e+00
4.730840486004360912e+00
-4.452313892294398556e+00
6.667370662599402920e+00
1.808941675346872557e+01
-2.219343192205177573e+01
1.398402041132024465e+01
4.030776816827383868e-01
-4.205000186666691064e+01
-1.385206855675637172e+01
-1.279412083324339733e+01
2.080618794444112041e+01
2.458339421022429860e+01
4.839792172609790555e+00
1.307723758700960559e+01
5.598598941836655740e+00
-2.198526543103246311e+01
-1.365768071994893518e+01
-2.470783443688937098e+00
-3.227884918921392199e+01
1.660744430199100918e+01
3.445293512787756640e+01
1.758322057283741913e+01
-7.075133621187831068e+00
1.332763482094719620e+00
-1.618973804805111882e+01
-1.974790951187064891e+01
-2.233523059063640659e+01
-2.384232443221738862e+01
1.203550488963740861e+01
1.094166166082254676e+01
1.629960573273487512e+01
-2.406833227157471100e+01
-2.320281674690423301e+01
-3.597753069645511914e+01
-2.328152218110910354e+01
1.365223388283946093e+01
-4.304370912122998050e+00
-3.834599014357343805e+01
-6.568775627625633717e+00
-1.418058251113836832e+01
3.818649445302334300e+00
8.795987936870439228e+00
-6.234394399008536425e+00
-1.031699127304046470e+01
-9.920786214838564376e+00
-9.613573253314100953e+00
7.622727968003914611e+00
-3.111866119643579509e+00
-4.106809749800355291e+00
-9.205425765184564568e+00
-2.717818022011395840e+01
1.109837579166658372e+00
5.543846035786692994e+00
-1.896419583478574822e+01
-1.556563000794793794e+01
1.441029092921766619e+01
-2.791502623928271376e+01
3.714814384189203622e+01
5.423596084530423411e+00
1.373927588706827407e+00
-5.719698741781641615e+00
-1.067108542371394719e+01
-1.602783803490378745e+01
3.465568789510975023e+01
-1.415140908372571005e+01
6.558830053463559295e+00
3.675532795987292900e+01
-2.601393787260452939e+01
-4.958123569943282405e+00
3.558985313379803017e+01
-1.281205707369506541e+01
-9.943900314233644622e-03
1.918911260231581650e+00
-5.414090325227022049e+00
-8.894192247846234523e+00
7.706883663330224010e+00
-2.053607881241689270e+01
-6.764833613538932866e+00
-1.789770732977448375e+01
-2.027997562042671476e+01
-3.025109294352473910e+01
-2.338032544522869927e+01
-2.451118835458914802e+01
1.532473470067422738e+01
-1.272458168482899055e+00
2.726759017004273744e+01
3.697275297464645405e+01
-1.645852184912290284e+01
-1.816999967057928345e+01
1.060002091940417301e+01
2.221398218659422241e+01
-1.330901994663444299e+01
3.312034774422667738e+01
3.816333171398747481e+01
4.059745900923481088e+01
-1.870997616401035657e+01
-1.095984352507228010e+01
3.297988325402468490e+01
-2.181368751196093925e+01
-1.134164758958089436e+01
-1.875001930091352165e+01
9.988194401958416790e+00
-3.508244646244797593e+00
-2.522434790628629386e+01
3.534849128812254548e+00
-8.874658690988127319e+00
1.295075990179381620e+01
-1.833247411027358709e+01
4.010538634804845515e-01
-1.616770585621455325e+01
2.040404431687488795e+01
-4.494992667437003320e-01
-1.825468547734190139e+01
6.448842878716874338e+00
6.179001538244591529e+00
1.637426852702674296e+01
2.395589895680710413e+01
-1.350328785900977380e+00
-5.233588738682492192e+00
-8.835993569204923404e+00
-2.128623079207453017e+01
-2.352234765610404565e+00
-1.283394340100865350e+01
2.762372323332500912e+01
-5.411362160801395760e+00
-9.590189278352731606e+00
-5.175636856512412010e+00
-1.439993912340299431e+01
-4.849833528130723437e+00
-7.927265707311470067e+00
3.520537250896524029e+00
2.911082942238213889e+01
3.181440649065991977e+01
-1.195598494577511417e+01
6.129771642965806677e+00
6.104142722778739483e+00
-3.035379556970909221e+00
-9.802804470372038281e+00
2.260248052343666814e+01
-3.008017210718548640e+01
-9.240051788850237813e+00
1.919798310391776397e+00
-1.541862321148769155e+01
2.293040908536880806e+01
-1.071553320378257013e+01
-3.522356591599340447e+01
-1.660411462807115157e+01
2.506590409312934753e+01
-3.461035956532825253e-01
-7.863529444867282336e+00
-7.585072848838727566e+00
-1.575894446900537815e+01
9.826286693741458578e+00
1.702387270829895272e+00
2.396101094935907838e+01
-3.251498229052182154e+01
-3.934120419824724024e+01
2.467054040362380363e+01
3.544946227443152509e+01
-4.242979062800678491e+00
-1.493517218065477437e+00
2.969045336815179326e+01
-1.828732423419140574e+01
-9.217518341217633804e+00
3.833876364829576744e+01
1.037871200857571807e+01
6.204435309368669493e+00
-2.126880195047249344e+00
1.787515725280729839e+01
-9.070654385461146774e+00
9.591410785814467488e+00
-1.063710629864930723e+01
-1.121068101377633752e+01
-3.849973282024051002e+01
-1.480873584959804390e+01
3.648338422588417984e+01
-5.259614632040609195e+00
-1.175973428726558012e+01
7.111886887140329350e+00
3.997276487536767320e+01
2.569427078330856773e+01
1.101128774028258306e+01
1.321406363425362684e+01
1.661656093174251225e+01
1.590572789064482606e+01
-2.731356489832910839e+01
-1.062603793892329662e+01
6.303615039905622552e+00
2.736264079535135352e+01
8.318504325030836810e+00
-2.304661446080033116e+01
2.327620373767913975e+00
3.083847316819806395e+01
-1.104836900977544190e+01
1.547277006174809344e+00
-2.001509336600976141e+01
-2.913715867649826663e+01
-1.878870074077558883e+01
-1.702246066713784245e+01
-1.095707279584042482e+01
8.064979412028748129e+00
-7.273633987042416038e+00
1.899740344175565099e+01
-1.712568690997196796e+01
-1.454681294541920522e+01
2.907990405811911216e+01
3.130950592678205169e+01
-5.321215114955549552e+00
2.373012636041795531e+01
3.545572180900498438e+01
-1.054256633400640197e+01
-3.328251601456079101e+01
-2.033056074715732109e+01
-9.867757913150398963e-01
3.507414392404520243e+00
-1.326005386227684824e+00
2.051662636392912020e+00
6.655091448205915583e+00
-3.089634773737806483e+00
2.882283698468171451e+00
7.984156041333989151e+00
1.255281640004809418e+01
1.297865773743038886e+01
-8.959905206241060682e+00
1.334325817036992845e+01
5.238137472443547438e+00
4.031847805680966701e+01
-7.875925114590543785e+00
6.226259318308777324e+00
5.052116234798091909e-01
-4.001375666052344116e+01
-1.642186751500139508e+01
-6.402474401327616249e+00
-3.872672741345166258e+01
2.717506820610130092e+01
-5.629588956009769163e+00
2.635126062762014953e+01
-1.658854201009036444e+01
1.944277018526223344e+01
2.639716762228476910e+01
-2.736736507657363404e+01
-4.110913060254176798e+01
-2.661292273151176246e+01
-1.547938397395616050e+01
2.831312986297646717e+01
1.726746013618986808e+01
1.817289038816325331e+01
1.768917470543371451e+00
-6.745083554311641194e+00
2.886137624433669657e+01
1.198285332735176212e+01
2.304544692809632522e+01
1.376406224945693424e+01
-6.751281726488798540e+00
-2.563783082758438070e+01
-1.112597465140250819e+01
3.114214118149256194e+01
-2.486410388497396440e+01
-5.931026419035291042e+00
-3.833253325351917340e+01
-3.155962959155613845e+01
-1.471586845544078415e+01
1.230481281374031965e+01
1.734599313202497228e+01
2.337454237948385583e+00
1.226383564724553565e+01
-1.196896825341500659e+01
1.880244110396228052e+01
-2.280618362254879372e+01
2.823078157285182499e+01
-5.540776405884933808e+00
-7.619122896793420807e+00
2.771122292480485783e+01
3.196656310765033027e+01
2.252742269859010094e+01
8.103320495042474647e+00
-5.224742630687224221e+00
-5.910572846432636140e+00
2.691830770873957590e+01
-1.778131242915689114e+01
9.706290739525734068e+00
-1.210692847968999786e+00
4.046884221228378919e+01
-5.855923548607222529e-01
-1.607921984527715153e+01
-7.813695750711843857e+00
-2.972447102734906821e+01
2.400907977105390501e+01
-2.968695023465443938e+01
3.312327572801569886e+01
1.653234245429125338e+00
2.283602070887967272e+01
2.012962845578418580e+01
1.895411555711507390e+01
-3.488980118606445302e+01
-7.227174962984619810e+00
3.063296031693639065e+00
9.512819172267469980e+00
-3.235237756488110961e+01
8.699920747610676131e+00
3.707324600647507395e+01
-1.332823380901913168e+01
-3.731029994753451007e+01
-4.110446145625587633e+00
1.436310563264170526e+01
-1.726792503923189059e+01
3.762739877721732284e+01
1.574912084249378097e+01
3.128710102440388141e+01
-2.039942861445065603e+01
1.511163505423679965e+01
-1.241682059147905903e+01
7.681732177477549328e+00
-2.172255050517187769e+01
2.270767776212018418e+01
-3.052882051709263678e+01
-2.017946914371091438e+01
8.228199022779605798e+00
-9.787147442946817932e+00
6.389585512617372842e-01
-2.948069885875034402e+01
-3.285036481627058436e+01
-1.121916658846859605e+01
-3.682255349958992952e+00
2.547633250219244871e+01
2.169456826957136286e+01
1.930855033969388046e+01
-2.764869071143644774e+01
-3.364145387573395851e+01
9.287655348019555390e+00
5.261901320172945873e+00
2.597644724812542449e+01
-3.267684979444083382e+01
1.746673453154477329e+01
6.649057375570187389e+00
2.304064067920653258e+01
2.957115623182031072e+01
-4.750946227128061139e+00
-2.247155009121560454e+01
1.650191863689565253e+01
1.242261920156229138e+01
-2.950738102967320842e+01
1.406416254360324558e+01
1.579113638467781300e+01
-1.606442170471047604e+01
-1.256524048398895843e+01
-1.649351856788720738e+01
3.538958616079753483e+01
1.776804093662617845e+01
1.974789944257737773e+01
-1.878840360319254543e+01
9.396181687804848082e+00
1.124021907699632550e+01
2.739971984663358739e+01
3.121935063764253471e+01
8.816043880165992164e+00
5.257032912146122783e+00
3.253275196057366259e+01
-5.241785258887851739e+00
-4.053729945725407902e+00
-3.262283629015023223e+01
-6.077120884059795003e+00
1.776400036740498933e+01
-1.756993052092427376e+01
1.280079309341417826e+01
4.072924923186718615e+00
1.720335897370910061e+01
8.964381246142338000e+00
-1.359337067206062244e+01
2.254737529216694725e+01
-2.404842985058467519e+01
5.414252272032761937e+00
-1.920988238945073334e+01
-2.786773980645960691e+01
-8.163194632508727011e+00
-9.478177400625931170e+00
1.714970724462537532e+01
3.907621766325775070e-02
-1.866546308263499299e+01
-3.401717790405645303e+01
8.570865622081456081e-01
-1.203008659848842399e+01
-8.754863227822688998e+00
-3.840690424146728787e+00
-4.553748515263158936e+00
2.392419696987708733e+01
-3.579994172284879994e+01
-2.648034199466760441e+01
-7.006902694596242043e+00
-8.713915447628615141e+00
5.844790570273275421e+00
-1.067911355133849582e+01
-1.640394990648209728e+01
-1.294060195927003321e+01
1.537126341423321207e+01
3.291003375548409338e+01
-2.178489721489563635e+01
-9.666395821168684677e+00
9.606203606232234904e+00
-3.925700381437879116e+01
-1.517785934475794107e+01
7.041047266704538288e+00
2.834557652114413884e+01
1.391462705238626540e+01
-1.718973492174610129e+01
6.365976302978118895e+00
1.667251319598871362e+01
-1.495109474128701521e+01
4.136328701667437713e+00
3.784967146274725280e+01
-2.777011924960702771e+01
-1.373195385767969867e+01
3.337431478353873615e+01
2.627650349625675119e+01
-3.987609915021553775e+01
-1.739835595922660616e+01
-2.926958497218918964e+01
-6.589533788817171001e+00
2.264711522508717678e+01
-1.417868660454434604e+01
1.033161114045984874e+01
-9.487605389650745735e+00
3.457514234483514315e+01
-2.808519143255033157e+00
-2.099304245920469825e+01
8.481253271469938682e+00
-2.251114218078319595e+01
-2.918055060924266542e+01
3.095992459218719262e+01
-2.806503899100465560e+01
-3.717358199671451757e+00
6.816342980853249855e+00
2.148256312544096147e+01
2.121067751558047121e+01
-3.997324278888243043e+00
6.035173946234287712e+00
-2.023038714387370263e+01
-1.615951580394112597e+01
-1.450551429872756160e+01
3.509955217963707241e-01
-1.034204478446805098e+01
9.879923869323349095e+00
7.649097491749181188e+00
-5.259000850339013766e+00
9.220543381770937685e+00
-8.493429330133679400e-01
-4.861449133015348423e+00
-2.859859433800480133e-01
-9.218998489797982643e+00
3.667358866698414488e+00
-1.902032905406871421e+01
-7.990088613063825562e+00
9.165943709087954971e+00
1.752668256588363249e+01
-1.237805564175180706e+01
3.549574220078589804e+00
1.600148964003865615e+01
1.147352915217059177e+01
1.750986849891755526e+01
-1.570186934529203882e+00
-2.395609008708035503e+00
-1.454802590689483566e+01
-1.255147895736503472e+01
2.987079165693276650e+01
-2.685097283276554236e+01
-1.018859712878826684e+01
4.678880682384225054e+00
2.633203536661532951e+01
7.412813964057363592e+00
8.543682372942313918e-01
2.003084213714319617e+01
2.960377458017013907e+00
1.059553631946798191e+01
-6.934310563838970154e+00
-8.266681144105511692e+00
-8.848663340560740664e+00
