-2.173155021651136565e+01
-1.633622194682396156e+01
2.605166130528283475e+01
-2.188814645199734699e+01
-1.241866437946050183e+01
4.006367498696361906e+01
-5.733993393627301316e-01
7.902264937533601596e+00
2.298823401038765724e+01
6.933305929227408626e+00
4.013146900315994969e+01
2.842253108868831646e+00
2.679612114138711831e+01
-1.923935033807000394e+01
-1.935416650536571126e+01
1.063543393940685888e+01
1.391287424183704502e+01
2.999314433847641226e+01
3.239178987694050704e+01
2.396838102029050788e+01
4.347198696515440020e+01
9.011916497294706119e+00
2.063324778099966750e+01
-3.001237880199165886e+01
-1.763999748630449460e+01
2.479663298471714938e+01
4.795894595100804736e+00
2.851019068987194771e+01
-3.234143874055710910e+00
-1.918609532310651744e+01
4.427216159710660293e+01
3.443966278894794186e+01
-1.296098795758172884e+01
8.048005642483580857e+00
1.722203814369015618e+01
6.529312715496892849e+00
-2.660515268506289388e+01
-6.898567628471163005e+00
-9.577095728509711137e+00
-4.413324616853510918e+01
4.167051303797761364e+01
-1.575404135219029200e+01
-1.564853803110693775e+01
-9.151310669998402147e+00
4.646161297549511460e+00
-2.492193116749059811e+01
-6.776339974496700336e+00
1.500991315663571868e+01
2.655897549735676932e+01
2.715264054720876175e+01
-7.529811636569903044e-01
3.439865710532802723e+01
9.219337848316946804e+00
1.388960185947174608e+01
4.284026984843924879e+01
2.111883200895731250e+01
-3.483630362912798262e+00
8.019020799452583503e+00
2.572465703620886757e+01
-2.244749008233886656e+01
-1.817679289594991587e+01
1.668641841341631959e+00
1.908752615327625790e+01
2.534876603840018561e+00
1.368546570315454147e+01
1.033290399001742799e+01
-2.722383728649123569e+01
1.164825452099405823e+01
-6.412415856429845462e+00
-1.166385924231364868e+01
1.076558389600874932e+01
-2.021522647471686440e+01
4.555506678772680118e+01
-4.786325125996977192e+01
1.640592724377766842e+01
-6.162708204187048011e+00
1.877014212425113726e+01
-2.228487618413383942e+01
-6.187213643008853126e+00
3.603519838584787749e+00
2.703498322041076563e+01
-4.379990404270401427e+00
-1.132425748277336908e+01
-3.228647280722596236e+01
-5.603709094112360845e+00
1.875427147733519462e+01
-3.469253087355066612e+01
-2.469282261149556845e+01
-1.000555018901728488e+01
1.751539666341290058e+01
1.741374737433243070e+01
1.345626476858110721e+01
2.952604857974357344e+01
3.559654680153492734e+00
1.718955870891662130e+01
-2.406862718410637925e+01
-1.241174211965503815e+01
8.839673085850328960e+00
-4.773135551018015121e-02
-3.930866047064398572e+00
1.709912547176418229e+01
9.318170246155943914e+00
1.425068644916117933e+01
-9.592743281605500272e+00
-3.057492275946906446e+01
1.402265028893803844e+01
-1.477599693417314342e+01
1.865137483238967775e+00
-1.905481209702913503e+01
-3.693594094287227847e+00
-1.361702169566363096e+01
-2.192260179081389992e+01
2.558940005773870041e+01
1.128794434214584896e+01
-9.834964746915922262e+00
-1.764622160195421685e+01
1.353415318648496424e+01
1.458325382031431161e+01
-7.809211852435659296e+00
3.040431393499851254e+01
4.049135392195640293e+01
3.088100863983336808e+01
-3.121253728231515723e+01
2.470719054219172506e+01
2.314366694964333249e+01
-3.681592701019960145e+01
-2.874787651197799221e+00
2.893796648703393259e+00
-2.256467368836610632e+01
-1.973956013149276600e+01
-6.736239938274259487e+00
1.087712688230261193e+01
3.315239749433155225e+01
-2.056761250322931645e+01
1.924252919284576535e+01
5.020655740870502370e+00
2.260570448383420228e+01
-6.722702440973563398e+00
2.005368102774505701e+01
8.614264118269687742e-02
1.755476466433179894e+01
-8.324336463485494164e+00
-4.812133147018977297e+01
-1.615813942263947212e+01
-3.651952000628465100e+01
6.709848056923192416e+00
-2.119577465150500473e+01
-4.225399299235021999e+00
-1.660071307200340840e+01
-7.994841344769284319e+00
3.205031902990124593e+01
4.341680338972430775e+00
-2.394845215017367224e+01
4.051137949639522162e+01
-3.205350427273386771e+01
-1.709101814980494538e+01
3.982830922545844032e+01
-1.008019299185794182e+01
3.556776973838246647e+01
2.427366924301556139e+01
1.673858517451080274e+01
-1.089623923730362520e+01
1.042799520170753169e+01
1.722903632551594910e+01
-2.789874606794319689e+01
2.156729873259254759e+01
-1.862523466853425091e+01
-5.204021175565763713e+00
1.556988858930729691e+00
2.335014899440908209e+01
-2.581878140355888362e+01
-1.862203221690260690e+01
-2.233634259001540201e+01
2.686002756037508732e+01
-1.765794864837263134e+01
-2.860221634329000295e+01
1.681092109162058534e+01
-2.086281573429608471e+01
2.115783917667278047e+01
1.463151297252329641e+01
-2.744457481931995702e+01
-1.516591899590648040e+01
-7.272998594139323814e-02
-4.388770144207801138e+01
-1.318605994485515964e+01
-3.102836667229707501e+01
-3.043233171515204560e+00
2.373916178926978660e+01
-3.651026659835270038e+01
-1.599674107841042314e+01
-2.107655639253764690e+01
-2.814914849319560375e+01
1.231677349638145103e+01
8.262767719201590921e+00
3.155584265026323010e+01
5.229709590758446325e+00
5.256127612828109363e+00
2.621321914434592770e+01
2.248958498078130219e+01
2.563415209985674892e+01
-1.321554811292455867e+01
2.262381529689555748e+01
8.499349732462178508e+00
-3.158139055807527384e+01
1.095843532776671481e+01
2.911213380776962367e+01
2.382070205966874710e+01
-1.421246475139639642e+00
-2.054691748566819953e+01
2.496000787037654334e+01
4.551004000404219596e-01
3.852993412345261959e+01
-1.109855224473228930e+01
-3.082560726999595602e+00
1.664778064481275521e+01
-4.011301369976486342e+00
1.292136585311999397e+01
-1.042123228270472879e+01
-3.605139314102002857e+01
5.007612579652395368e+00
1.102875883726288464e+01
-3.019520882698770947e+00
1.047421330413095575e+01
2.129831750504092724e+01
3.566587331913979142e+01
1.446601553656240924e+01
5.707745507047761180e-01
1.218755781286135687e+01
1.130141685339749813e+01
2.186819564625763235e+01
1.011459736834739687e+01
3.038824586857829502e+01
-3.674826938884670824e+00
-2.683798689150296468e+01
-3.737140391603231393e+01
-7.969587662406198092e+00
-2.509502686274947081e+01
1.760732387633029816e+01
-7.284884251988898995e-01
-2.554215586412986738e+00
1.363383138062601319e+01
1.304666843101642826e+00
2.021649655316583960e+01
3.461707059048504220e+01
-3.115619283996944233e+01
3.312575513391180948e+01
5.707986692583823185e+00
-2.017892778955071620e+01
-3.402886139911140617e+01
-2.508473473443210011e+01
6.408360607706242718e+00
2.671275033330677218e+01
-1.599566792935854664e+01
1.773215612951889852e+01
5.470445546158444472e+00
-6.644099893934303225e+00
-2.336393372475567531e+01
1.420394374263382531e+01
1.564222441535157770e+00
2.176993100637074008e+01
3.923928284366401442e+01
4.444080808101769264e+01
-1.496442984919232089e+01
1.159304273415917663e+01
-1.765038470943505899e+01
4.129584139114240315e+01
1.487558773433102033e+01
-2.006922925293281779e+01
1.651255486262911631e+00
1.641280983659441972e+00
4.788317264727339762e+00
-3.139975313882797536e+01
3.308432916016057845e+01
-2.900618692388978204e+01
-2.736604678993648321e+01
1.929342318296498604e+01
2.322061787841076352e+01
1.252208983940101916e+01
-4.607776141010489823e+00
-1.669239069240301632e+01
-4.177640847833708904e+01
-3.855028480869293617e-02
-2.201834780268081460e+01
1.882494845492045954e+01
1.565306668877816776e+00
5.158962421503623830e+00
-2.699731618131364641e+01
5.340630343077343412e+00
1.410897129483919343e+01
1.329814745557552413e+01
-3.952793157453355377e+01
-6.130269301131754389e+00
2.188793904331461704e+00
3.870726631632277304e+01
3.312003600232044676e+01
-2.180983819745783236e+01
8.656069262365392092e+00
2.894580752643371113e+00
-1.659265518754087765e+01
-1.545541615211754305e+01
3.822254171313744564e+00
3.120512407195406013e+00
4.081969342611967022e+01
8.666669885178770016e+00
-1.789519357398642541e+01
2.221549117780682536e+00
2.048880050264867236e+01
8.288809398759966030e+00
-1.687874265509990579e+01
-1.161725696026441312e+01
2.818761353585557572e+01
1.808176053628147884e+01
7.338401328972388171e+00
1.380285524342284020e+00
1.837243486386931579e+00
-3.247968165658704720e+00
-2.321173107733548591e+01
-6.209895275352721455e-01
4.514494746310423068e+01
2.670554235460684822e-01
-1.140320433023106261e+00
3.471675622425188124e+01
3.284229143854417998e-01
2.277777657253867005e+01
-1.427928209247099289e+00
-1.775311657955205646e+01
2.796197867900957590e+01
-3.989688242249840755e+00
3.375893212577751967e+01
1.896350230161345962e+01
-7.343988050856843586e+00
-8.055768758428598630e+00
-3.713770959555011331e+01
-2.094201375874761695e+01
-6.290677337443725037e+00
-2.665836973499295937e+01
2.454203993501242564e+01
-4.091036436777230278e+00
2.192363357476099850e+01
-3.212094727256840088e+00
3.867055875816811294e+01
1.897279591148858913e+01
-1.809430161269814263e+01
1.107699051569034054e+01
1.177157342723116074e+01
2.638986226551314473e+01
1.864215490995249525e+01
-3.358931518894419810e+01
-1.710688305958512956e+00
-3.677173221150411564e-01
-1.442631278427700892e+01
-1.778629639473098223e+01
-2.289973861695658996e+01
-3.979350942445517347e+01
-2.768793279836539512e+01
-3.901196792507107602e+00
2.922313126788309035e+01
2.689764877396045506e+01
2.128245710495383491e+01
3.933986830038963944e+01
-3.788287771836886719e+01
-1.652934409299675877e+01
1.525877942326115999e+01
-2.360350000048014962e+01
4.825487609289488944e+00
-1.679775292790829155e+01
-1.215519798362349491e+01
3.680309575111112963e+01
-1.541945820968327752e+01
2.224026215406048834e+00
5.301634200108608752e+00
2.378543045711737136e+01
1.931409062248961561e+01
-1.437415112165862752e+01
4.133983193728028027e+00
-8.281373191371621090e+00
6.920596312624795132e+00
-3.777817342733079897e+01
-2.375976583634471595e+01
-1.998911551700538425e+01
2.249362762201153032e+01
-2.707425609684637635e+01
3.229905161668978053e+01
-3.968145932895062344e+01
-7.763780335947402023e+00
-4.421615034517728304e+00
-2.073058050038557454e+01
1.442240371037006241e+01
3.421711666945289210e+01
-3.994678833335310486e+01
4.827730851387613598e+00
3.569580703856253479e+00
-1.620561139974604714e+00
-3.801378234200365114e+01
2.678009096344668194e+01
-3.139661613507982452e-01
1.602159778033602322e+01
1.161150249816744662e+01
-5.583694187252667973e+00
1.101668836653770001e+01
-3.092015925351840977e+01
-1.901711276983159493e+01
3.586742664080396992e+00
2.688745089869132698e+01
-3.370901294602755627e+01
-2.879925801652009199e+01
3.124992444309661721e+00
1.242816020907930863e+00
-4.297855863366928730e+01
-1.764426064914555781e+01
1.042332702096196329e+00
-1.453391441476963308e+01
1.572717897959554989e+01
-2.662289091980737865e+01
-2.579588472585034964e+01
2.160530138533187028e+01
1.038021091308487343e+01
-2.858170948668698585e+01
2.368610701647334338e+01
-1.445976542877041027e+00
-3.691863295899123898e+01
-8.188682588113920247e+00
2.997053183585529723e+01
-2.246157210403765703e+00
3.753821707009507236e+00
-2.606648224028707617e+01
2.149203193837551851e+01
1.471136443479379352e+01
1.322997817511172514e+01
-4.421035970728875952e+01
-2.628928740615004145e+01
-2.824047488221248514e+01
3.733276524488141490e+01
1.941949276306621641e+01
-2.049637130345038472e+01
3.443930214350154984e+01
-8.081899186743349617e+00
3.704665222298535809e+01
3.830838323207488827e+01
-9.977515228550252857e+00
2.232896551357981707e+01
1.391916356222407813e+01
2.732642406526804280e+01
2.636851683863743290e+01
-1.552990822964267181e+01
3.939495823776859140e+00
-5.829261574475339103e+00
-2.990171081497006611e+01
-1.102481911609132226e+00
-1.118595433050858645e+01
5.121450693818538014e+00
5.525945667403966866e+00
-9.070994433506271548e+00
-1.490525536156538067e+01
-2.041024147631988939e+01
-8.448731399032418210e+00
-2.374856842379274724e+01
-1.199313234562268349e+00
2.143397489437982983e+01
-1.813248917662995296e+01
-1.247619182464489995e-01
-3.013329143955949974e+00
-1.776766140322043697e+01
3.509226050578462264e+00
-2.531656778069312708e+01
-2.653970012052134564e+00
2.016575481788007096e+01
2.439423124044679980e+01
3.213446188233911016e+01
-2.871080937055396021e+00
1.841131748283399361e+01
-1.402515521464790282e+01
4.263795953802161876e+01
-8.888671712572204342e+00
-3.315970843155007941e+01
1.100065939609624621e+01
7.059450090335872119e+00
-3.249137041292534889e+00
2.473708781927051348e+01
-1.930944568284374085e+01
-1.024348279941281703e+01
-1.978223768169444696e+01
1.996115239642608685e+01
-3.471280947304789777e+01
-2.357586231888082295e+01
5.257473676477985691e+00
-2.125876316442647607e+01
-9.776112866130304724e+00
4.525399337918356935e+01
9.498740565078634290e+00
2.479519991522718669e+01
1.096846269827705811e+01
1.068589375676005915e+01
-1.426903020655259979e+01
4.143528632132365885e+00
-2.581863948764070571e+01
8.244537380758565348e+00
-8.658411403735946976e+00
4.011074585506577250e+01
-7.651219665279356263e-01
-7.278284365784969623e+00
-3.379758190151135011e+01
-1.267988058255822637e+01
1.352131529650655750e+00
-2.944098901076220898e+01
2.621774802939835070e+01
6.214133843629433329e+00
-2.339898677184493181e+00
1.475235384629570490e+00
-2.068581076675843278e+01
9.256394204900153966e+00
-4.728492529991834203e+01
6.286712883735226853e+00
