-3.431808034166283505e+01
-3.195562482879759614e+01
-4.092196217788661272e+00
7.595859843115484011e+00
-3.781437412172819279e+01
6.967407366160571769e+00
7.864013701404800827e+00
3.596133684891938742e+01
2.226728407336038629e+01
-5.770472532968916823e+00
2.303764984861989262e+01
-1.157767964810493311e+01
7.784925956748821818e+00
-1.169161853025693887e+01
-3.830921654670764553e+01
3.848582033952294523e+01
-7.535512026002066932e-02
7.686671200237846335e+00
-1.209467364354328112e+01
2.565428720250262984e+01
1.356778213711636738e+01
-3.344742770405986221e-01
-3.493678574151537930e+00
-2.992902142860062042e+01
-4.682699131476361742e+00
1.995870528050038217e+01
4.369631578083932766e+01
1.153626319133237388e+01
-1.012398353107528948e+01
7.604075916114361178e+00
7.073490814397075610e+00
6.968922660810342506e+00
-1.007615762387384706e+01
-1.830772169959248785e+01
3.049854999903629960e+01
2.084188816499293750e+01
-3.459443805654586157e+01
-1.167377306542393001e+01
1.205072783559808158e+01
-2.721216019874805880e+01
3.892997318237037518e+01
-3.217301890949043752e+01
-6.683977308658469951e+00
-2.734672595720102350e+01
-2.691443531414253698e+01
-3.643356460367818528e+01
-3.045691801251734177e+01
2.609223904623121371e+01
3.161961966444042105e+01
4.095967704675368282e+01
3.179237969809936715e+01
2.719157369429463245e+01
-1.563496190349200532e+01
7.910111777824667456e+00
8.210665749393420754e+00
-4.420880706780394576e-02
-5.395174758215844690e+00
7.788383465998357735e+00
4.875471109964610150e+01
-2.705992203410803043e+01
-9.110888255969200600e+00
1.923767851663768624e+01
-2.366303999349658227e+01
1.634913784603035936e+01
-8.085715599191736658e+00
3.508934848283928432e+00
6.778663164789591633e+00
-1.792628763407602577e+01
-1.329188105987455515e+00
-7.876139997168394302e+00
-2.787486690828078295e+01
-1.399463802387062827e+01
1.589300853328184360e+01
-2.817423613796674076e+01
-9.876709786363299770e+00
-7.987790781704404708e+00
6.973548227881479988e+00
-2.000906109714195580e+01
-2.523447881245226654e+01
-1.749514297687999687e+01
-8.309767072641911057e+00
-2.911944646480847965e+01
-2.649359385266851064e+01
6.272928131160007581e+00
-2.564941143332598728e+01
2.605374750089841029e+01
-3.579092582570865488e+01
-2.092389043103043278e+01
-1.494961464946625540e+01
-1.401922516822583020e+01
-1.775501219102395112e+00
2.017785544259200492e+01
1.154319172653649161e+01
-2.685391794013526479e+01
4.673978914905738691e+01
-2.503427836445391108e+01
-4.886129729848782688e+00
2.268670586705520975e+01
-4.126380605058024287e+00
1.100922781317077437e+01
3.914192884704497999e+01
1.676481676604171867e+01
3.287929508626997688e+01
2.510005433954063392e+01
-2.019219228305693647e+01
1.550295993648104798e+01
2.475570865279573241e+01
-2.606697947084217049e+01
1.000122849638295008e+00
7.082683291628043776e+00
-1.425354493066109995e+01
-4.227901006406517581e+01
9.760196101777786737e+00
-2.955407757744228547e+01
-1.525846358673172176e+01
-9.297493215074389639e+00
-2.190437469078763755e+01
-2.553181166348353415e+01
1.904148193776848075e+00
-1.279419105494606157e+01
4.128319385389549723e+01
2.305789777843500588e+00
-6.840105516201795410e+00
2.723066402751037174e+01
2.533409311003292430e+01
-2.439632966744462550e+01
-7.390626754253965203e+00
2.903502006356337972e+01
-2.700077752738935288e+01
1.630293923993937710e+01
3.154017332028821841e+01
3.609363623861695203e+01
-6.030290793093243451e+00
6.100578283111012468e+00
3.988306360597921696e+01
-2.338586890163644227e+01
2.523031052974580746e+00
-4.516918751588796965e+00
2.922295673800196880e+01
-3.632322394430059376e+01
-2.239575008643805276e+01
2.159013728440891100e+01
-2.793910401582967395e+01
-2.239166875825729974e+01
-2.688704152691804339e+01
2.950846300052751303e+01
-1.013387135411847595e+01
2.919542854505561991e+01
2.136873613762438140e+01
-9.838740335531156234e+00
1.603959874534204744e+01
1.731411377405913754e+01
2.887741679026312625e+00
2.175794881556063842e+01
-8.773486973508397568e-01
2.081918190508891087e+01
1.939140103582730035e+01
-1.527211649218613587e+01
2.823997769552185844e+01
-3.601274222834717875e+00
4.729665122044677616e+01
-2.238932454945132733e+01
1.462695052774867577e+01
-3.387398996237095616e+00
-1.908977758157177718e+01
-2.402892508927397230e+01
-1.246896969350463280e+01
-3.107137734097986126e+01
1.833050080003401661e+01
1.197689784036112570e+01
3.078225796523383906e+00
-1.255325803005507623e+01
1.998334756114927302e+01
3.743245816151473093e+01
-2.608899623422990999e+01
-1.673517600226318081e+01
-2.285397283543099078e+01
-4.984579422056590658e+00
2.926183404852835679e+01
-2.007721730245389935e+01
6.669782027024041327e+00
-3.115960634155200282e+01
-1.112879715517880186e+01
-1.465078821514002527e+01
1.099411531872112135e+01
-3.330513821977881150e+00
1.806555413508452546e+01
-1.295968081551107787e+01
-2.855097552186992615e+01
-2.384506087809817743e+01
1.932110044663595261e+01
3.562183717086497836e-02
-3.540044323194064191e+01
-2.046301070266077815e+01
3.060377163539941137e+01
4.090752406602818780e+01
-9.118993612391079751e+00
1.968308392126395745e+00
3.456753936378754588e+01
-1.470604150969057855e+01
-2.192218122910762901e+01
2.979075245559916141e+01
1.873429913568777749e+00
-1.540879354614297370e+01
1.762485812056695522e+01
3.135021161396782929e+01
5.991714247071769250e+00
1.954895404405171178e+01
1.152051784117907118e+01
-3.282956048268346194e+00
-1.814929474232583928e+01
5.027739089334104960e+00
1.361967046735686893e+01
-7.641267066991559886e+00
-1.309332521926491921e+01
-1.802199023428020652e+01
2.970530272722999143e+01
2.288349501483770609e+01
-2.374332050645013226e+01
2.370502173182373440e+01
1.242931370134272839e+01
9.428767347408076205e+00
-4.155248035410266993e+00
-2.539705822226733645e+01
3.623907539109545439e+01
2.788198966970111314e+01
1.407803455689986549e+01
-3.804145494849727527e+00
-2.988883866621680951e+01
3.835447944751800264e+01
-1.660051457970578070e+01
2.033391563285501036e+01
2.606373436261364418e-01
-9.154884428894682458e+00
-1.356239914857027173e+01
-1.385192718756343311e+00
-1.528204022895126002e+01
3.752230681104960297e+01
1.669866552843977558e+00
1.410989448786136791e+01
-1.354553122920378883e+00
-1.087143247232966559e+01
1.085867924474669621e+01
4.299465596294670888e+01
-3.080371487597592761e+01
1.429043185598342802e+01
6.404544004404414181e+00
-3.951677878380486675e+00
-3.980603467882425406e+01
-2.361724084011434499e+01
1.109174540514021601e+01
1.691922281764244929e+01
-3.540580744244152100e+01
-1.150295128136221479e+00
-3.531854214589941421e+00
-1.404343133739215688e+01
-8.026266688285751627e+00
-1.336881420937336173e+01
3.752989129931675905e+01
3.717915785665020678e+01
1.044894757587092471e+01
3.448748324478724214e+01
2.156948437977658273e+01
1.570449638057614550e+01
-1.451124206699076780e+01
1.277627312499298284e+00
7.306699278633232097e+00
-3.404224245070061983e+01
-3.818937127878793802e+01
-2.881093177571991149e+01
-9.456974359776353367e+00
6.118572313378862759e-01
1.127746151259203344e+01
5.640534868228243681e+00
-1.272384244274012133e+01
3.969307736965383526e+01
4.564836943907053524e+01
-1.389431063740669003e+01
-2.051140910927374961e+01
-1.815775927039159754e+01
-1.823654507335144714e+01
-6.153343744757222566e-02
7.277325316688852297e+00
2.215617010343385118e+01
-2.784838577689592398e+01
-5.418539951389647058e+00
1.241882385135403410e+01
1.027693319684679096e+01
1.179708366797343189e+01
2.528712583972715322e+01
-1.232087708048560160e+01
-1.924109799906566920e+01
-3.031148469678439028e+01
4.432396491449243570e+01
-7.877716334795131559e+00
1.462436876635052840e+00
-1.301725638577879351e+01
-3.775109429844473397e+01
1.305123899266810383e+01
3.028327336324393571e+01
3.211930043876789398e+01
-1.208887715724625167e+01
3.013701235002008616e+01
3.281563948092092176e+00
-1.211732305679317534e+01
-3.155820613093020199e+00
2.695893293732881091e+01
-9.994330373773728127e+00
2.208767000356088772e+01
-1.313802486885236931e+01
4.784075880542506809e+01
4.262861869352853716e+01
3.777301818392707844e+00
-7.749935043846569727e+00
3.514195043672899033e+00
5.463170251380944364e+00
-7.966363553335085612e+00
2.486662670066331771e+01
1.568689296716877379e+01
3.837669558260778047e+01
2.967551223670039917e+01
1.512395180724703891e+01
-2.653174067357676336e+01
-2.745359125264105060e+01
3.367200125860445326e+01
-1.360472047686246100e+01
3.611532619451971016e+01
1.291133101297133123e+01
1.730679914074904957e+01
1.422412952537700903e+01
2.201075259953621810e+01
-2.495117842053937807e+01
-3.587495411759542918e+01
-1.275212488161491109e+01
4.539788065416708207e+00
-4.853835349953511269e+01
-2.464295611140556730e+00
2.288480443192155178e+01
7.642430224023968321e-01
-4.232640620847729451e+01
-5.412749278953569387e+00
3.578906889740135000e+01
4.281708711320462157e+00
1.523861761664375081e+01
4.037663701815148443e-01
2.647553755632434047e+01
-7.723849238751633095e+00
4.081518413541019186e+00
-3.632188461491116271e+01
3.522164548444951038e+01
-3.026009566568327713e+01
-1.399359729805347285e+00
-3.317723590194304961e+01
-2.327809989430408422e+01
1.823024119836158263e+01
1.397683661520785847e+01
3.732255901348011662e+00
-6.310166103816129635e+00
1.039831221299934327e+00
9.721103140172289159e-01
-2.840377212028212384e+01
-7.056125548667736780e+00
3.373409740162243509e+01
1.521619605585513568e-01
-3.435877659909347415e+01
-4.520740457830044079e+00
7.230486837579839232e+00
-7.241024375293605431e-01
2.175828493386345031e+01
-2.824927560439257590e+01
1.789373654436828076e+01
4.015188438382502056e+00
5.191413807272724057e+00
-3.556055776348834740e+00
-2.823987330114035643e+01
-2.465066645580146343e+01
-4.361829219526768497e+00
3.705913396060012133e+00
-2.613489528049661104e+01
5.749493879926873774e+00
1.920169681403127981e+01
-5.484938404626618080e-01
-1.090883309518023481e+01
-4.260345347936251414e+01
6.549875960392313345e+00
-8.416951236809531167e+00
-1.751494792729587857e+01
-1.417667605130716879e-01
1.276255304534934254e+01
4.567580998531560965e+00
3.152366390425096654e+01
4.261977746616045692e+01
1.909988614461948941e+01
-3.204897923364876533e+01
4.431176303502259373e+01
-1.669265389223640028e+01
4.107228316864478757e+00
-2.456908676009953041e+01
2.722448828762310313e+01
2.556042626975089149e+01
-4.109658980320114097e+01
-2.420461935631204753e+01
-2.343701035796120280e+01
3.986078669911125871e+01
-2.369575646727653506e+01
-2.746082484397333090e+01
-7.602679623670667297e-01
-6.174867312982165402e+00
-2.012361218648567984e+01
-3.412277947360225028e+01
-7.011418891953937305e+00
5.462104874684513334e+00
2.812752965795451132e+01
4.415605404436561798e+00
9.586867326462211736e-01
-2.589907193982347167e+01
-3.262399324387513389e+01
-1.550767383013316447e+01
4.855894845128929660e-01
-3.587766999383621425e+01
-1.115243480605892756e+01
-1.142531197300621670e+01
4.075793965882809289e+00
-6.913898448927632501e+00
-3.242466091861437860e+00
-3.379334804858420682e+01
2.642175741803661992e+00
2.483206747062209274e+01
1.188330410833985695e+01
-2.651138167369356680e+01
-1.179648437623879431e+01
2.323906009054968536e+01
4.268634184588955804e+01
-1.070892751951416955e+01
-3.759347918648202835e+00
1.837160597378864679e+01
-3.683557095573110729e+01
-6.643778928760291080e+00
2.584089391019091408e+01
-3.569047245908777199e+00
1.780942004598044548e+01
-7.786802311414660949e+00
1.986280166523333435e+01
6.922716991464525904e+00
-2.142011165446607990e+01
8.304763638677449933e+00
5.846567787185144027e+00
-2.772897390500894588e+01
4.573985568611547592e+00
7.994524960849716422e+00
2.890829235834246447e+01
-2.525189240316860761e+01
-1.702498850402529484e+01
-7.197201549476027083e+00
-3.895356008336635512e+01
2.793915728646081220e+01
-3.972508939248483273e+01
-1.722018269517697320e+00
-2.115183317660224205e+01
1.450670440354235780e+01
2.158734600706441142e+01
-2.984820454699206849e+01
2.753068325951559814e+01
1.227772007338928972e+01
-7.004546827042915424e+00
1.909236967081972125e+01
-1.430441806233211111e+01
2.957636689241684280e+01
-4.140238204853623927e+00
3.741954686455598278e+01
8.150825665650188512e+00
-1.768497982346502795e+00
1.043907617658457099e+01
-4.021825547551630819e+01
-2.530183841871839689e+01
8.028591176104335148e+00
-1.618107203901174529e+01
-2.418165236221156889e+01
-4.690980415892930466e+00
-1.582708525119559084e+01
5.041912432238213171e+00
-6.332368369215757298e-01
1.487753278898054532e+00
-2.573995346944271034e+01
-2.448681061050321972e+01
8.579196491403621394e+00
1.175026538770234907e+01
1.457437064305764807e+00
1.964642260724683354e+01
-2.068999502493106135e+01
3.422203393796849014e+00
5.022807499895499461e+00
1.291485280689329329e+00
-1.680027191472838410e+01
2.940527557351266807e+01
8.039592642987237525e+00
-6.309952729049598474e+00
-4.074769562623856700e-01
2.335532363466855088e+01
2.013098264259463122e+01
2.518619109485132412e+01
-3.235667974174905481e+01
-2.195316449420243643e+01
2.483714816244709311e+01
-7.372048884944533143e+00
2.562140902845686696e+01
-4.506945068347619099e+00
2.745082081705452026e+01
-4.493760070336776380e-01
-2.491522999505155767e+01
-1.557143284404421735e+01
-2.334942113494458127e+01
-1.934354839695164685e+01
