-2.432785721539614343e+01
-7.000257210957940401e+00
2.114035055420076503e+01
-1.270731795934728581e+01
-2.307134098568913316e+01
2.130398454759637161e+01
-1.720533204835727759e+01
1.881778950514116389e+01
1.139184215129269973e+01
-8.187574762079329105e+00
3.765620500895009570e+01
1.005631147400328018e+01
8.088053574053333250e+00
2.372520250054321878e-01
-1.881367149021051688e+01
2.653135126591379844e+00
2.645111138558962693e+01
2.010384799118997989e+01
1.464909280555252735e+01
1.741846068041155604e+00
3.131107067629206142e+01
1.842491797607578974e+01
1.347363782861003045e+01
-1.814811961967461684e+01
3.348962253907927789e+00
2.010523143414052072e+01
1.023038687667402513e+01
1.809362649404808110e+01
4.099631505241539742e+00
-1.826584295002391300e+01
2.303001969644169833e+01
3.532679114577324242e+01
-1.609024990738357985e+01
1.380602063795355150e+01
1.282530663717636799e+01
2.735551999198195006e+01
-2.028737289508511665e+01
8.385667589059487170e+00
1.550457287269745166e+01
-3.064512660313414472e+01
3.210022196369637015e+01
-2.275392979492880130e+01
-2.411473349973891089e+01
-1.418313383835835850e+01
7.005001161315306035e+00
-2.381263444592218548e+01
-8.899380813558359193e+00
1.861656291388447926e+01
6.472106550409741033e+00
2.625321609890380614e+01
-9.568132110399332646e+00
1.126386535928565991e+01
-3.351487666583985003e+00
-2.726631557262351180e+00
1.874491365150295508e+01
1.004282824796445084e+01
-1.281871247469212705e+01
1.114167463966100513e+01
2.836406091080209535e+01
-1.699054300212993951e+01
-1.994173580016294167e+01
-6.109943440557685790e-01
1.992254657036312437e+01
-3.758357053063754449e+00
2.490724738020162476e-01
1.803952229479183700e+01
-1.776134114743437209e+01
4.861420403999261453e-01
-1.979297081254185287e+01
5.448932105220784194e+00
1.081414277402448221e+01
-1.474188046982085609e+01
3.278898166908282974e+01
-3.032968901872607859e+01
2.545772909700346531e+00
3.497645181043630203e+00
-5.408917183771933423e+00
-3.269171888509220025e+01
5.513113326577112616e-01
-1.346506104051769626e+00
3.201972894412040205e+01
-7.789226416905229655e+00
1.031498306115405938e+01
-1.034097557396609091e+01
-1.969303546708104591e+00
1.237630701938237365e+01
-3.759141575933448820e+01
-1.194119816788095534e+00
-6.119245397639559769e+00
9.753082651690512250e+00
8.923229970138216061e+00
6.809598993115287158e+00
3.626460249798168434e+01
-7.915980546301994991e+00
9.384835059913832822e+00
-3.384028726583812841e+01
-2.166496472192215705e+01
1.048669673806003999e+01
-8.491261072334282289e+00
-1.169252686715839218e+01
6.809098552778401370e+00
6.772172988889522571e+00
8.478334834682613064e+00
-8.506638870348780301e+00
-2.336278897456098846e+01
9.756270262959745310e-01
4.536233080517007465e+00
1.552042819737616242e+01
6.451969096288380001e+00
4.474191829259254405e+00
-2.275354570215582584e+01
-1.492763529563486458e+01
-4.436000476469729392e+00
-1.351415033512324726e+00
-1.556064067365588244e+01
-2.222434451934404009e+01
2.023476446952449237e+01
8.583236716466167593e+00
1.425910840739624064e+01
1.227792324684659775e+01
3.141967924056000072e+01
3.850271332355902132e+00
-2.514327368717776423e+01
1.634368174799396911e+01
2.656788039680667168e+01
-3.703756965516988231e+01
1.607533401229144943e+01
-8.260535238081679665e+00
-2.147568997796653889e+01
-1.954742452922396012e+00
-1.056552312559976059e+01
9.248238682027533741e+00
1.250073546532715341e+01
-2.732956566707109403e+00
9.237892154834057123e+00
1.047778098835273397e+00
8.502785717063709114e+00
1.335565898068962554e+01
-2.584798744842792928e+00
5.524979645286833829e-01
7.956611770604716583e+00
-6.056043710649397838e+00
-2.815087467985557623e+01
-9.737854453149445533e+00
-2.020207115385338525e+01
2.225064813356208049e+01
-3.050163804694915726e+01
-1.097417565571270615e+01
-2.633570977680435021e-01
-1.055949866882630772e+01
2.642313707327264183e+01
-1.509801376372691095e+01
-1.404171676942594615e+01
2.956307875848274591e+01
-2.105168931545118838e+01
1.084781600017180381e+00
2.342531106145133890e+01
-1.034157841538841893e+01
3.136319764659509701e+01
2.632761371550559204e+01
1.641757945717358780e+01
-2.060328736165380903e+01
2.855688339057334701e+01
2.791835162329778086e+01
7.995575986902849763e-01
5.784858634992403381e+00
-1.127575966110849492e+01
-5.140551938203138604e+00
2.957795182086499608e+00
1.724611968608253676e+01
-1.086789234738597543e+01
-3.455412053961320140e+01
-2.051104716037625408e+01
2.514520710832680095e+01
1.627151402004898273e+00
-2.355341207964757189e+01
-6.249259633184628626e+00
-6.085488941052695111e+00
1.259392282589490719e+01
6.024693767110591125e+00
-1.656425368479047933e+01
-2.028207436878311398e+01
-3.308959630283837328e+00
-2.970595074094373800e+01
8.054312954693784832e+00
-3.218516312915512856e+01
-1.340551834711504142e+01
1.830309595699378633e+01
-2.426038868570246620e+01
-1.849398503899834978e+01
1.243444546136259987e+00
-1.032524784130426099e+01
4.580006023777059454e+00
9.215588875581438799e+00
2.834490160961580330e+01
8.638018967050783203e+00
1.697814118250981608e+01
2.167524353564111550e+01
1.435420032815292757e+01
2.526056737693561161e+01
-3.027955310638519393e+01
2.038839849741256671e+01
8.887445771810888573e+00
-2.231683889589981362e+01
-5.136353053480071651e+00
2.053172004084558466e+01
4.700057402290561015e+00
-3.498754529159882054e-01
-1.510096069947663722e+01
3.697739066867121949e+00
-9.690951894680530643e+00
3.162475734261053617e+01
-6.272634501807260676e+00
9.297852719078569805e+00
2.771533764699636038e+01
9.767995329798964121e+00
9.161253521368436736e+00
-1.459752669059550811e+01
-3.268241930547426932e+01
-3.575433768603538454e+00
3.699055564457935930e-01
9.598995442528327260e+00
1.121475527349588219e+00
3.535469762839916541e+00
2.942052040191211404e+01
-4.823198048401408755e+00
5.258022844239732763e+00
2.698785930965641455e+01
-8.829414623935605277e-01
3.063436785247112937e+01
1.212026638938272782e+01
2.968819501342639455e+01
2.453280853960158936e+00
-1.906957324744368165e+01
-2.778345743511522770e+01
-1.752891102266491430e+01
-7.214031654680468364e-01
1.225396191748806984e+00
4.203635385743965003e+00
-1.441488710923458427e+00
1.150815548553450185e+01
-3.072740754911208683e+00
2.489578116631578553e+01
3.075874694046929392e+01
-1.966966372826070497e+01
2.386273261735387052e+01
-1.587691093386894181e+00
2.527853005625523508e+00
-2.840920930737016548e+01
2.328589901470792256e-01
2.565924485633334484e+01
3.361795744543492503e+01
-2.274790663349267561e+01
1.692400192510274337e+01
-4.270053929315849928e+00
8.661283427706244709e+00
-2.201934111208739964e+01
1.980112795624506816e+01
2.897754390445463457e+00
1.641053574893638256e+01
3.086455553291190768e+01
2.380854778440595965e+01
-9.705630960145263941e+00
1.053404542974030278e+01
-3.114220183389177521e+01
2.898854052019601113e+01
-1.023484812175097147e+01
-2.304827625823593351e+01
-4.789005992959047830e+00
9.333886636806411730e+00
1.577152202016243621e+00
-2.204729859120716640e+01
1.195655088014709122e+01
-2.429457488504862539e+01
-1.517784045990981667e+01
5.234936563279632082e+00
9.377702884652258319e+00
2.962199967828283320e+00
-1.132538560059893484e+01
-2.302897079858716722e+01
-3.069834036454842519e+01
-1.123595056466966469e+01
-1.658477004169420610e+01
2.369899155786502831e+01
-4.055878077727122388e+00
8.416352170313302850e+00
-2.483886320278450555e+01
2.169044749348701373e+01
1.032031274149783684e+01
2.176517522421249851e+00
-3.174933683042166876e+01
3.358507148108778040e+00
-2.066135032513855663e+01
3.270707231241446777e+01
1.750415043800937553e+01
-6.499421039719159410e+00
-2.984910277670422829e-01
-1.288872938342934305e+01
1.514155523693148098e+00
2.200948895456775745e+00
7.321160251912282035e+00
4.005501649090504657e+00
2.606801058296861129e+01
2.391242657387428494e+01
-2.755570607049634901e+01
-1.203429994500335454e+01
3.218095014017482924e+01
-3.647053095130914357e-01
-9.009123174101134168e+00
-4.644292953616236730e+00
3.145608164019397179e+01
1.693719091858882564e+01
1.637883486953222700e+01
2.514229047104656445e+00
2.301931352800777120e+01
-2.880432486488714972e+00
-2.242771348732760117e+01
-5.405191734511092250e+00
2.019684582626189240e+01
9.713007807388997605e+00
1.012628244613885897e+01
2.059890215328520924e+01
7.128049953150124907e+00
1.581238959020370771e+01
-8.924641410941362096e+00
-5.141463026587800300e+00
2.755713275878457580e+01
-1.325054569212369415e-01
2.460713713158101257e+01
2.933757717382205499e+01
-4.300498244797005043e+00
-4.566660162088709285e-02
-2.319101598799773001e+01
-1.620360042514955268e+01
1.275778805889178358e+01
-1.616188070122576903e+01
1.206353860490995089e+01
2.614923536195256304e+00
2.663518266410109447e+01
-1.024658064784365763e+01
1.656633542988889474e+01
1.897575798774849432e+01
3.617462873865861184e+00
7.154221652399719744e+00
1.680548801741539933e+01
3.016043812403516711e+01
1.971506322578726156e+01
-3.400985507741233960e+01
-1.108758438371538801e+01
5.136364689999830091e+00
-1.046984932292009773e+01
-2.745594880269536731e+01
-2.333557925533488131e+01
-3.888207579577027673e+01
-1.299577932815812886e+01
1.978327206234871483e+01
3.700670737751872252e+01
2.336595679628329947e+01
9.364471029718600903e+00
2.751512799445558244e+01
-2.871636531529342307e+01
-6.183756167243792845e+00
1.792913870983277036e+01
-2.849039723723629791e+01
-1.386943465645942553e+01
-2.557820368782834919e+00
2.168067892609279568e+00
1.912903941475299519e+01
-1.199380974050912840e+01
-1.767777813038716772e+01
2.691329309994351604e+01
-5.853073398217972567e+00
7.290296805094833132e+00
-6.615006194172210030e+00
-1.704586549670938922e+01
5.269649562949823007e-01
1.042809234834267329e+01
-2.162425926199127346e+01
-5.252347001231854051e+00
1.127765126455081202e+00
7.969798648157045307e+00
-1.703348661390788976e+01
2.662021152469471019e+01
-3.704965379135464332e+01
-1.427719588394430161e+01
-9.647926196596102955e+00
-8.102773425008031438e+00
1.253125660572965927e+01
1.294192511771124998e+01
-2.790144336845056117e+01
1.759941420982404736e+01
1.243467123668902019e+01
-1.870181508337471143e+01
-2.625993025161260519e+01
1.119104053315513880e+01
-8.384575107492040047e+00
2.947627517076398362e+00
1.110723097984234187e-01
1.624801984921084852e+00
2.983779856351559090e+01
-2.260382776531004012e+01
-2.350392837255593648e+01
-1.173196190067507416e+00
1.285111284919517516e+01
-2.162875447661899386e+01
-2.511121616136079382e+01
-1.062367694467503298e+01
1.638856889069379008e+01
-1.857309448306980926e+01
-3.078845229976188236e+01
7.461456683583570282e+00
-1.216942561779310239e+01
5.102170451337727286e+00
-2.774412853389497968e+01
-1.440404568989114154e+01
3.350384180252348187e-01
3.551461865812463259e+00
-1.643905596080414000e+01
2.161310013108096939e+01
2.180677016121137513e+00
-3.631978811059192935e+01
-1.587960793925041969e+01
2.360042812951992630e+01
3.459615772301958714e+00
-1.194687322518567640e+01
-3.373927256321620405e+01
3.332798064239487701e+01
2.129368912408646963e+01
-7.328441189495435992e-01
-2.371944509718406735e+01
-3.388816156033455229e+01
-1.165990487110659046e+01
2.229762246571453943e+01
1.452133499121191562e+01
1.427609666060192239e+00
2.160828940360595141e+01
-1.948294351760504028e+01
3.127196995913502064e+01
3.737265733733794093e+01
-1.192074676318016913e+01
4.442049246021895215e+00
-1.057290344044496067e+00
8.966957297924160741e+00
8.167049343039067821e+00
-3.356921387779532751e+01
8.214784010730014074e+00
-5.139489092701346351e+00
-3.596511090225827445e+01
-4.104338196553108276e+00
-1.387734279418480554e+01
1.236665549409418929e+01
-4.890103736060083861e+00
-7.962279953351455219e+00
-8.639311287649192650e+00
-1.793528219366746868e+01
4.832506807757575018e+00
-1.344860058160845284e+01
-1.779201073101683050e+01
1.800798975241569622e+01
1.572447517462151723e+00
-1.362485901937650112e+01
-8.286608427665562715e+00
2.433344199748951553e+00
3.364798155526436574e+00
-1.403643102603466275e+01
4.872327969087564270e+00
4.247865612900945109e+00
2.134513097138395210e+01
2.255931351546881558e+01
8.657631372293970173e+00
2.224036804800788047e+01
-2.582580575329828676e+01
2.308959254632061686e+01
-8.515400245329310280e+00
-1.868701783988870346e+01
-7.784431289967557177e-01
1.427319267330987884e+01
-2.129809161651571969e+00
1.619593388358001107e+01
-7.039891596400025264e-01
-1.952306913131763721e+01
3.829698006382841413e+00
2.145187859712329725e+00
-2.057577644087318447e+01
-4.433347469343615899e-01
1.833076004609171150e+01
5.897220149146242818e+00
-8.658338960733487966e+00
3.037399531302190780e+01
1.121924844742306959e+01
1.974057743034734358e+01
1.987055333823133196e+01
1.108571181379345205e+01
2.679260645929048223e+00
7.238271307196654902e+00
-1.887090127366592540e+01
-1.442000780921475922e+01
-2.577274035547176823e+00
2.708052709463082408e+01
1.531076106511092405e+01
-6.110407499179615343e+00
-1.088062504763056637e+01
-6.245358563982371436e+00
2.949585663514440625e+00
-1.372629498695869898e+01
3.157397045629225829e+01
-8.444798843396554844e+00
-1.356830321939542472e+01
1.850987658846354122e+01
-2.397719061293273057e+00
7.444718363777816705e+00
-2.747831859211258987e+01
-1.464673909537358298e+01
