-8.814608082649961318e+00
-2.376502450329065042e+01
-3.927775835934873783e+00
-7.769895073584699219e+00
5.921949355056540298e+00
2.805402305336197344e+01
7.169937518948124477e+00
-2.087062679657448783e+01
1.943137992419325144e+01
1.041670371023993624e+01
9.063111402148173568e+00
-1.086154397703942465e+01
6.147637038066292803e+00
-3.234389058447973753e+01
-5.239190752625262348e-01
1.165127909872875023e+01
-6.359490272518911524e+00
3.907174616308277848e+01
2.960783402906281481e+01
4.329518843970244291e+01
7.262253349618660536e+00
1.075011020761905911e+00
7.859112884423922196e+00
-2.283782696757573660e+01
-2.010319131501337964e+01
1.523033689883821751e+01
1.101965155104252858e+01
3.826653196414159197e+01
-6.954005352854842670e+00
1.525338455354972211e+01
2.675972380749612967e+01
1.799377441063097649e+01
8.304179438107084366e+00
2.006760946156262548e+00
-1.339351926501721124e+01
-1.819062560363627412e+01
-6.086255840254466420e-01
-1.262244784568645883e+01
-3.186458455605003337e+01
-8.400198298817116438e+00
1.900238777349339614e+01
-4.406089491829234817e-01
2.198183828254971672e+01
1.613782792861694304e+01
-2.631100711913780898e+01
-1.496932416732886395e+01
3.075242670658454358e+00
1.643241435901815350e+01
3.708741448052600731e+01
3.768574890912290698e+00
9.771674493060032773e+00
2.674484600699591397e+01
5.665172957861486225e+00
9.197840536514554799e+00
2.228758451220498671e+01
-1.546014511708782635e+01
2.693715398464171074e+01
2.333302613229102462e+01
2.429502229200863894e+00
-5.295458407955663915e+00
-1.538360602214652317e-01
-1.268553010691270089e+01
-4.732665770735593469e+00
-1.956973061068864439e+01
-8.373131639662361181e-01
7.664186896241091063e+00
-9.423434706602826338e+00
3.233455886698037318e+01
-1.316802965954613569e+01
-2.933734598959749462e+01
-1.360688306932306091e+01
-2.781734798057960845e+01
2.902459308865850574e+01
-1.891730620559932774e+01
-1.335039883932545024e+01
-1.144387226797869062e+01
9.346901754183789990e+00
5.162429782741597251e+00
6.251298917892469831e+00
1.474851481829385591e+01
5.815841155291678888e-01
-3.656980627636556846e-01
-1.717218626226389233e+01
-1.763260863370715015e+01
3.142279557868967288e+00
-9.403322816364486414e+00
-9.268012439578399153e-01
-4.331017424877742172e+01
-5.279576524425230843e+00
2.656363503924657721e+01
-9.166134610982581421e+00
-4.905336352679540823e+00
1.153075852743115348e+01
-5.620973714878921612e+00
2.669141975648585685e+01
1.549209598286469713e+01
5.721824506976012970e+00
-7.358929466011822740e+00
-1.271371323728672564e+00
-7.573363710369299895e+00
2.411753089647316983e+01
-6.322348347788860679e+00
-3.396711156488414929e+00
2.299300924774526322e+01
-3.479506772666312742e+01
8.013091982014010739e+00
2.547306332858013889e+00
-8.795833449389370173e+00
-2.673154941192613521e+01
-1.775435091205774540e+01
1.086542627276724460e+01
-1.134563882684005875e+00
3.151725933375367106e+01
-1.067865929361822452e+00
-1.883107447386230149e+00
-2.192294774845343497e+01
-1.300040201247693261e+01
-1.254878566630031855e+01
-3.731085319457771732e+01
9.845820538476822037e+00
2.038988307143168299e+01
3.024454080472160911e+01
9.958915265522584548e+00
3.840594603960441589e+01
-1.723058031683790858e+01
-1.648807374253624403e+01
9.276817607188903025e-01
1.478870782423268793e+01
-1.751750615916873244e+01
8.827974556307154330e-01
2.163379306982639605e+01
3.163972001445530680e+01
1.597700207169094710e+01
-2.395759194007314363e+01
2.631641406310991727e+01
-7.383760478967573704e-01
8.738886950149208133e+00
-2.817992066087793290e+01
1.912784796574548807e+01
9.843921125342781409e+00
-5.549417650876620201e-01
-4.598124740983386971e+00
-2.482758601064659487e+01
6.588352078473768358e+00
-2.720066538972624315e+01
-2.043315800571017249e+01
-5.709625154698294125e+00
1.667005373886564712e+01
-2.392904623465162928e+01
-3.146021371444071235e+00
7.694169160716626266e+00
1.093419336313900914e+01
-9.793585936665124336e+00
2.994148576479949497e+01
-1.582986272414893136e+01
-2.636155501761970754e+01
1.361236324424253041e+01
-2.107065567262981176e+01
5.034480490458292934e+00
2.956717398388718721e+00
1.312984195233873663e+01
1.373006208286319207e+01
-2.423692735220559413e+01
-2.659643092441825729e-01
-3.349793572430440491e+01
1.945051182957338654e+01
-1.973757581187423682e+01
1.584200043672734637e+01
1.427017842734755959e+01
3.600659445283662308e+01
-2.612649886622185846e+01
1.279008503119178641e+01
-8.693948732318617090e+00
-2.847379590272460348e+00
-1.343116824838492818e+01
1.530565962948661252e+01
4.542686145566221967e+00
-1.902321080159521216e+01
7.593599796462250140e+00
1.258991152585212348e+01
-2.395902564174726024e+00
-7.749648760725520447e+00
-1.918012383122750109e+01
-3.505712219195103785e+01
-1.832379221314042184e+00
-2.369411085152670182e+00
-2.749717374120749014e+00
3.938161798010078485e+00
-3.036231210629306432e+01
1.930147340199737016e+01
-2.578576384538584065e+01
-6.260069921297287010e+00
-9.657211632038745108e+00
-2.587307318279003354e+01
2.845849343788037800e+01
1.944430988101963464e+01
-1.689602152645107935e+00
6.877667330813409308e+00
3.093436245406510920e+01
-5.987823180139045576e+00
4.459284899967030924e+00
3.416648687164087050e+01
4.556521118827760120e+00
1.860062285832384532e-01
1.424920238634761915e+01
1.192057993487976120e+01
4.350995434048179789e+00
2.842960902313684812e+00
-2.199045134966225490e+01
1.816797463159660708e+01
-2.197214264807462314e+01
2.010647199066227131e+00
1.492691228351895916e+01
-7.545471289399856119e+00
-9.440778989285249168e+00
4.114476392556667861e+00
2.947651776542240043e+01
9.110550476684977639e+00
2.434153647606173365e+00
1.856013090464627169e+01
1.493998071596207922e+01
-7.519628161542115663e+00
-1.533210721345053429e+01
1.543184765449375107e+01
7.718660040554617296e+00
2.759736065645796543e+01
9.482058513364201247e+00
-2.752489707129993590e+01
2.274029294397141143e+01
1.728618016757124565e+01
3.290469987589140999e+00
4.192023472738924283e+00
-1.360466958449153196e+01
-3.586193769492338390e+01
-2.685522549778187695e+01
-3.164819363246138550e+00
-2.314775224059801673e+01
1.235132063598403107e+01
-1.592895950042449726e+01
7.295352848620737518e-01
-9.103505136664871600e+00
4.382179267590743166e+00
2.682620112270683421e+01
2.213558664971129986e+01
-5.122039661929591148e+00
2.679722126071769139e+01
3.397127484331277003e+01
-3.240330209201866296e+01
-2.608257778874715171e+01
-3.814093884225960096e+01
-1.318951670683402000e+01
-5.623972175728731315e+00
6.392213333805486286e+00
6.157468773207583013e+00
2.074772550826355655e+01
-8.775108773287890074e+00
6.020844673467564689e+00
1.084710232400114194e+01
6.816417499410221126e-01
1.632372077973532498e+01
7.202584769779818430e+00
2.713583578476124103e+01
-1.820769588759577573e+01
3.109809379673281171e+01
2.333757550517809420e+00
2.493862661914779721e+01
2.532076448553000603e+01
-2.310068629121190398e+01
2.650231671002643452e+00
-4.916336748388374644e+00
-2.131121429802352907e+01
9.786558450661154041e+00
1.785466994936808760e+01
8.359132917434742183e+00
-1.859759518172221959e+01
2.304782301222616070e+01
2.340688926310258466e+01
-9.365632166841756145e+00
-2.815006715329430165e+01
-1.941824908231166802e+01
-3.258897010265833671e+01
2.823759015395282290e+01
8.916422564835002618e+00
9.237627988914496768e+00
2.147410051025589439e+01
-1.371729541077893089e+01
8.285272075393500302e+00
3.626675619241204629e+00
3.007961108287052809e+01
2.369251549892486253e+01
-1.947673600328959509e+01
-1.941758910212190870e+01
1.939293895045469185e+01
2.864851411522414537e+01
4.153325154552135245e+00
-2.627017374706566599e+01
-2.036568245811429279e+01
-5.081925644524929453e+00
-3.094279270032014750e+01
-1.310579863876248652e+01
-5.583882478554627937e+00
1.265083557176212992e+01
2.907659596227166787e+01
-1.649087379169893097e+01
1.812976726544432893e+01
-1.370821953344655242e+01
1.416098084855669015e+01
-1.767144408484554674e+00
-2.241960578559300998e+01
1.923621523660924026e+01
1.756442846549050785e+01
5.728572785442494819e+00
-6.657418433273733172e+00
-3.935008735658620083e+00
-1.715700784524867117e+01
2.772030327403882666e+01
-1.339932377801586227e+01
4.329911327069034144e+00
2.690373327293814043e+01
1.531928655732481559e+01
-1.325430682294237528e+01
-1.703245629551830120e+00
-7.121660952801519784e+00
-3.010826102879008204e+00
1.120231779269912664e+01
-2.944677134209812053e+01
2.172175736697576554e+01
-1.502250724723745634e+01
3.441714211532780610e+01
9.193670753027817000e+00
1.003193737363815785e+01
-2.286562646943684385e+01
-1.909979798943649598e+01
-1.216547316701780090e+01
-7.411679520920039010e+00
-2.608293885930865130e+01
2.843574872542286869e+01
1.304235001764223512e+01
-1.243472438873569530e+01
-1.390829135706194108e+01
2.881174765056444187e+01
1.341173232517521541e+01
-4.058235173223683034e+01
2.759061909903898879e+01
1.870104114841325327e+01
1.950981905575110886e+01
-1.625241574976220704e+01
-2.411048170796377121e-01
1.388823677626193387e+01
-7.990148708774292174e+00
-1.495789856443757770e+01
2.527476150530840471e+01
-1.767293941993798256e+01
-2.284782444748965702e+01
-2.090329172445042261e+01
-3.223433828412109392e+01
1.454711233885184640e+00
-1.034983692619569950e+01
-1.600755681564801591e+01
1.568517833326946231e+01
-1.584317025888346819e+01
6.493906739348688006e+00
1.174992021093028427e+01
1.728444820177033137e+01
6.420405169229326248e+00
-4.188118044893867165e+01
-1.060148851209060439e+01
3.309063088226746174e+01
9.291982649962804430e-01
-1.815942648612931976e+00
-1.896583620901907352e+00
3.114763078704608290e+01
2.914811403192017281e+01
1.678674558550399354e+01
2.507885872178719922e+01
-1.530799467319082652e+01
2.279211242417289895e+01
-1.267483717662486242e+01
-3.181470108389428830e+01
-4.273148636739982464e+00
2.413216171406762101e+01
-2.279769257113216696e+01
5.193580873063844194e+00
-1.312037289466972112e+01
3.093724073775744898e+01
2.495017111434246715e+01
3.824612472808183838e+00
-2.476921679302812151e+00
3.334341872700153431e+01
-1.605506234842738422e+01
9.160238620539239207e+00
1.139715753151471489e+01
1.637060528544495241e+01
-7.956979663806784231e+00
3.240567343481299645e+01
9.598150331717000938e+00
1.220107874657234959e+01
-1.303421696213084147e+01
-1.999757324060596986e+01
-1.015005255417577246e+00
-2.170849555390514851e+01
1.510582479592680727e+01
1.740882970736788593e+01
2.499346561125840083e+01
-2.685315633859438833e+00
-1.784780505607124468e+01
2.577367341839973847e+01
-3.183310156829425352e+01
-1.900674942523122724e+01
-5.582266803599814864e+00
-2.180762538194179712e+01
-2.066929656869423937e+01
-1.049882490014994119e+00
9.424504153370882875e+00
-9.752438722253174319e+00
1.194837095072519872e+01
-5.227861408030392454e+00
-1.821830865975385194e+01
-2.303181434998400334e+00
3.338312282615852666e+00
-8.243967288338218680e+00
4.117928306825589857e+00
3.269194388229624337e+01
-3.173832639752205864e+01
-7.009611930136991020e+00
-9.885582170398876656e-01
-7.819138119178447255e+00
3.419958234971375077e+00
1.956185481759774802e+00
-3.610352979546566132e+01
-1.356265525538506012e+01
-1.359242139603766475e+01
3.493879059062987835e+01
-1.237567165691292104e+01
-3.594379357564380228e+01
2.850596394944247436e+01
-1.369466204645447505e+01
3.942619774748770567e+00
5.320205161636962998e+00
2.244003565040404169e+01
2.057164183210574038e+01
-1.246619672912139265e+00
2.202539013306021332e+01
2.876470121644962319e+01
4.961845119773144575e+00
-4.604030996925160935e+00
2.797520053566783815e+01
-1.788785243588299778e+01
-2.428908195637305312e+00
1.811017233277016203e+01
1.308435931333896463e+00
-1.883146296620771309e+01
-1.780584819290245946e+01
-2.515609202900960639e+01
4.525800461878318970e+00
2.608664256758643774e-01
-1.236874449094401029e+01
1.838932400242072163e+01
1.019327044860930442e+01
5.620506861490717654e+00
2.220813282925327314e+00
-1.277299113227824279e+01
-1.922133998349914208e+01
-2.752145580865429508e+01
-3.983803444836908625e+01
2.088490419490895533e+01
-6.767226222164168803e-01
-7.847874570160946917e+00
2.047807270988350581e+01
7.418929480182825387e-01
2.052964942888425526e+01
6.113696165809109573e+00
2.924314456174343491e+01
-1.107448994556762045e+01
-3.139091319687369364e+01
-5.695340490117814625e+00
9.930840345432031313e+00
5.295752225667158086e+00
2.213131106466079245e+01
-4.367994565052590872e+00
4.717352997594637998e+00
-1.876725425377557244e+01
2.089869635864224051e+01
-9.780138426656208139e+00
-1.660911913601606216e+01
-1.577558832689420854e+01
-2.316827767944147354e+01
-1.305390553401344533e+01
1.441258927372346932e+01
1.880467412402143168e+01
3.078733117069616299e+01
-1.149641525295644584e+01
7.484882896400570473e+00
-6.233651621490423622e-01
3.862211415453685959e+00
-7.920186361865695801e+00
1.528807109763204153e+01
-8.910149498011108449e-01
1.726315146230774644e+00
-3.188823946964312483e+01
2.089856428872387539e+01
-4.075341454809561270e+01
-1.913154683100923847e+01
-8.512236939552863646e+00
1.400190123171562107e+00
7.903204527536566104e+00
5.506570916904522051e+00
1.786230518081323737e+01
-1.537273570369080744e+00
-1.279997664185664519e+00
6.307337333022175585e+00
-2.955725093360828737e+01
1.416422735747767092e+01
