-4.858447241170452457e+01
1.142445862340427709e+01
3.095870014959545813e+01
-2.639730830776694859e+01
-3.422588974508386173e+00
2.369310349410798722e+01
-4.409691607402258740e+00
1.912538273767327723e+01
-8.748092340898509178e+00
-2.175605786948373677e+01
4.315431095960940411e+01
3.310366428830289465e+01
-1.530006705836090219e+01
7.202485412273063048e-02
2.300785923755078954e+00
-8.081100862131087581e+00
1.880226249920816883e+01
1.618367061390843276e+01
1.857458482138758882e+01
1.123004657986727750e+01
2.863742130685680820e+01
8.918398881961707048e+00
1.285792483922225671e+01
-4.269306236107038188e+01
2.532517364292890250e+01
4.895413865573783596e+01
3.235385445786532443e+01
9.412296671837808049e+00
-2.089416191273778622e+01
6.116193152086999874e+00
2.739837343861370300e+01
2.061864924690634382e+01
1.368991385203010935e+01
2.127054686475939604e+01
1.430843348535131554e+01
3.018975314900086460e+01
-2.073799209018451961e+01
-1.545244536393077794e+00
1.737914176431647206e+01
-3.221119143064657919e+01
4.236118452370764942e+01
-2.322407726747330869e+01
-6.807647177064815480e+00
2.225197000619360210e+00
-1.637215854096411505e+01
-1.296377453791222223e+01
-3.849519234155868475e+01
3.975329166697129324e+01
2.123213252840929499e+01
1.890037570908731368e+01
-1.084669648038450873e+01
7.326455484296864995e+00
-2.330545267478843030e+01
-2.430347931138499007e-03
2.234173153213430396e+01
1.456294843897093472e+01
1.287730523109313907e+01
2.475028193872567783e+01
2.727045939505255490e+01
1.026779640187309894e+01
1.742884105726791688e+01
7.667411665722738690e-01
-6.000308928551596921e+00
-1.516129243160690976e+00
-2.821509423297957753e+01
4.142638445913127043e+01
-3.574338534235118203e+01
-7.992322240291898083e+00
-6.046875362420031763e+00
1.625127656961279854e+01
-7.982638457285823108e+00
-4.124529721409259508e+01
1.976960295243617338e+01
-2.488806285267988017e+01
-1.496627418399789633e+00
-3.466394263654748897e+01
-1.454263262015311398e+01
-2.805384837829855016e+01
-1.686093511204935425e+01
-1.376198223000852749e+01
2.295303659852632450e+01
1.739303231888140999e+01
1.725099614360480871e+00
6.004690350519283015e+00
2.090096127901284717e+01
1.909561355376960989e+01
-2.866444737698567380e+01
-1.382413856904240390e+01
2.336657177367156635e+01
1.510788227216521307e+01
2.960538593864262680e+01
1.296466907100310095e+00
3.367870554250478676e+01
1.260492770665319284e+01
1.191550883605029298e+01
-3.363687764661631263e+01
-4.309001326096586126e+01
-1.668540369470924389e+01
2.606663824264978757e+01
-1.611663443733680623e+01
1.164804779930194911e+01
1.761551908643237141e+01
2.707055433091690588e+01
-9.004630766879465398e+00
-3.467476218676964805e+01
-2.263031308250653595e+01
7.127691083317401421e+00
1.196186751885538513e+01
2.049141355644677276e+01
-9.274549440170503090e-01
-2.755754762537418401e+01
-2.804333116633400280e+01
-5.809677692873336241e-01
-1.393550041853264787e+01
1.970898378085000502e+01
-1.534566765370870201e+01
2.042129812068952788e+01
1.402962584799546164e+01
2.802168082277034955e+00
8.890672412381263712e+00
4.090435044579231771e+01
-6.407960307740935946e+00
-2.206843804462837610e+01
3.452228746012441718e+01
1.178254589649865380e+01
-1.926312992353780373e+01
1.694522460466659197e+01
2.251147938588894704e+01
-3.330516393635804917e+01
-3.798088696489685390e+00
-3.648679457372530521e+00
1.232780734765157860e+01
5.064730879778608141e+00
-1.534218909370817840e+01
3.604542170632957720e+01
-3.013791093394208431e+01
3.376069179389614305e+01
-1.605472978180904420e+01
1.528351956640716480e+01
3.159064343576133638e+00
2.156590718735513690e+01
2.210723569133830324e+01
-2.576790151094209946e+01
1.193590865378627797e+01
-4.320060670804759440e+01
3.653975473229721160e+00
-3.184241812994289944e+01
-6.826790729602372210e+00
-1.741396020347928442e+01
-1.523881229168813434e+01
4.068925859234504117e+01
8.402795978064183657e+00
-1.146731202289701201e+01
3.488428956221800092e+01
6.516707092004395463e+00
6.270298300386954793e+00
6.689570473377173698e+00
-3.669720611906713259e+01
7.640217230303861129e+00
4.898444556679528716e+00
6.248222950723089753e+00
-4.918237214361944609e+00
2.937905640705974974e+01
2.394136609506320212e+01
-6.719640992855389072e+00
-9.052412591024975086e+00
1.668133716684224055e+01
-2.099510558712468367e+01
-1.583969428228031262e+01
3.636040987567525917e+00
-3.035132041723434426e+01
-1.495202959341506954e+01
2.299121148301622952e+00
2.934065188313418560e+01
-1.863170141387368517e+01
-1.352616629713400442e+01
-9.564138910192063747e+00
-3.601149445871073596e+01
3.693223695524648065e+01
-1.209886643641723936e+00
-2.632888697901402253e+01
-1.113041829919546899e+01
4.616819893960141030e+00
-2.147881705646428330e+01
-8.741940624721635800e+00
-2.600470879692769444e+01
2.383213948501726520e+00
-5.186032162418570124e+00
-2.929944274530986803e+01
-6.467811355873571699e+00
-1.109641510980408441e+01
-8.535081394163917423e+00
-1.277985828894202314e+00
-1.663950158144685076e+01
3.518148853759682027e+01
4.331304348339330090e+00
2.571083658617504852e+01
4.328219602815647704e+01
1.021068838130204881e+00
4.291810700194311323e+00
-7.835952288465271920e+00
1.108946579344029004e+01
3.675819602612973824e+01
-2.956477351738463710e+00
-5.329259791520172485e+00
2.105049399089412532e+01
1.927724787621961866e+01
-2.816308527711698417e+01
7.122892371801903266e+00
2.194220171751804571e+01
-2.331577815642689799e+01
6.598652008006375524e+00
1.620801709175803751e+01
-2.662699365389314821e+01
2.305747043827058462e+01
1.689592976627494636e+01
-1.171663757553723428e+00
1.374490614810771660e+01
-3.629800802947674043e+01
-1.137097118925927219e+01
-1.709453683765059395e+01
-3.378383158132542974e+00
-2.319724369511304474e+01
9.498553313870687020e+00
9.060687189381447126e+00
6.694633154081671478e+00
6.058340327228108890e+00
1.262545112460035313e+01
-3.870442677305547363e+00
2.987263834309581512e+01
-2.072031020547666458e+01
-2.022699423272179331e+00
-8.237368397322171631e+00
-3.140738252319471613e+01
-3.903572365585414161e+01
-3.658631892533506402e+00
-1.134592171499348723e+01
1.241922833144697336e+01
3.276035020120244212e+01
1.986281054955480840e+01
3.671167380973339789e+01
4.194392981304119417e+00
1.772129509033784700e+01
3.254584296894009299e+01
-1.575578712126797853e+01
2.888566781396578165e+01
2.148938689766993093e+01
1.878609859282241246e+01
-2.454156729294596317e+01
-1.283244307843139609e+01
-1.366657394800235181e+00
2.910881931829487712e+01
-3.060759565456698894e+01
-1.821404836530087223e+01
2.479247039661711938e+01
2.685491763060863946e+01
-1.796255499291002167e+01
2.593254716161162321e+01
-8.341185298901685030e+00
2.196017320851126442e+01
3.347790663221736907e+00
3.376070145886178864e+01
-1.783395020963283173e+00
6.299142761202659813e+00
-4.227529121389915900e+01
2.666109651223140986e+01
3.165554109455229082e+00
-3.009609513365024824e+01
-2.869193248791498263e+01
1.191851253317056347e+01
-8.593558989319333818e+00
-2.138929328426008070e+01
-1.049083434015110328e+01
3.274373511862592068e+00
-1.802735046230727889e+01
2.980100294053436016e+00
2.752660803137513312e+01
-2.811966480861886453e+01
-1.442559942529095451e+01
-4.124485920483024870e+01
-2.375237562021757043e+01
-1.591952626412973615e+01
1.493807642431917770e+00
-5.921367097532900914e+00
-1.602350884211425353e+00
-9.695629910441361687e+00
-2.948052353338681542e+00
2.071805019081173782e+01
-5.637236657418519314e+00
8.521860976153945444e-01
-4.382110432482110696e+01
1.650695588775792544e+01
-1.818836710074666740e+01
3.169763834549002013e+01
2.186351931764525602e+01
-3.211803727502851302e+01
8.211486232895971682e+00
-2.024490165073854087e+01
-4.588497440571202901e+00
8.635896911556670830e-01
1.708689005717788234e+01
2.368612307486237967e+01
1.920455821198505930e+01
3.189423281464569015e+01
-4.016337141311502990e+00
-3.471310933605458615e+00
3.569983243739225998e+01
-1.304958088132895710e+01
-7.695302194467110724e+00
3.294623799304673639e+00
3.470572690658704573e+01
3.422527091491450335e+01
-3.987593047585704653e-01
-3.475215023932047131e+01
-2.543717016526962027e+00
5.716570837258252880e+00
-9.972673312459534145e+00
2.868193905339899175e+01
1.320775119873906789e+01
7.009386798035940558e+00
1.407275811649455477e+00
2.819830686784835905e+01
-1.763703197911304699e+01
6.326522492093204164e+00
1.797715857289470875e+01
1.094260128304185287e-01
4.250292520701765397e+01
2.407159231923418474e+01
7.170832585721498731e+00
7.239185544023676755e+00
-2.121623120591871015e+01
-1.817656532439398376e+01
-3.511875492473926386e+01
1.844878691674907145e-01
3.306005903157026182e+01
-3.176547894273729611e+01
-1.361465028177769909e+01
-2.930654638113310284e+00
3.563426471209643864e+01
-5.225937196976680355e+00
7.520258189414143146e+00
8.665331069871974989e+00
7.565795770904969686e+00
1.873200569834150997e+01
2.979245704827422969e+01
2.295547953130619590e+01
-1.547879671938218848e+00
-1.796847718310780806e+01
-1.919628690799644133e+01
2.806482365379464738e+01
1.363269822021837285e+01
-1.276995941075092134e+01
-7.987955825590809411e+00
-3.257693992547692119e+01
8.007837089559323829e+00
6.052126899221690337e+00
2.309585473351121720e+01
-2.427377529947186474e+00
4.498289267320068063e+00
1.908174282866512783e+01
-7.001443577635939164e+00
9.676787167103164222e+00
4.552421773086527423e+01
-8.626416018173998168e+00
-1.725600689040339830e+01
-9.018652083391430097e+00
3.312458697072217717e+01
7.315868692252301742e+00
8.247347891977995005e+00
-1.653387905515403133e+01
1.703885843696963320e+01
8.247343747702132077e+00
3.314982509479426653e+01
1.607409609922800087e+01
-1.291370861330482001e+01
1.554687257706009973e+01
1.209935748383345810e+01
1.698332913387758936e+00
-7.241466265400866575e+00
5.046033081219768235e+00
-1.652524762577469630e+01
-2.365628403435349014e+01
2.942651888684203243e+00
-2.666210775056225657e+01
1.020325636038184314e+01
-2.866148693997930152e+01
-1.522642507356719932e+01
2.032988459566033157e+01
3.063732293715979438e+01
-1.822173314460911087e+01
8.965411074816600490e-01
2.036506376874679347e+01
-1.166490574325239038e+01
-2.725312838714862806e+01
1.495479500196843503e+01
-4.002262603646786232e+01
3.360111517451383634e+01
-1.462815430263236749e+01
1.819751254668963725e+01
3.249793606791155298e+01
-1.253742424418270929e+01
-3.421145862984329256e+01
-2.728802244027694712e+01
1.736958100496498503e+01
-3.762767433116084703e+01
1.682110670277211284e+00
1.726451384322288618e+01
-1.106598266786018314e+01
-1.426820166117595079e+01
-2.109627520616853502e+01
-2.495189987853729718e+01
1.548038705496256284e+01
1.013708233901917311e+01
-1.920989824873423402e+00
-3.206757144004649263e+01
-9.166572215506967325e+00
-2.184664901420738659e+00
-3.124474735913752710e+01
-1.460781586974135138e+01
-2.097973805841544248e+01
-3.861585550943657097e+01
-4.476961136916362705e+01
1.542306762698518696e+01
1.183587688412778505e+01
3.428908967167608068e+00
-1.563082249235453247e+01
3.075894288157260803e+01
-1.403141834362052975e+00
2.741629809108310667e+01
-3.199114297316737066e+01
-3.283103996400001989e+01
-1.145068522090814156e+01
2.537964218787216453e+01
-4.739337022852076586e+00
-1.209087171579568576e+00
4.796563266182431562e+00
-3.017397261584804369e+01
2.293879677750574331e+01
3.888543527028367919e+01
-2.465298491877435794e+01
3.314229641053454145e+01
2.370693199884932767e+01
3.688197443705934120e+01
3.157013624582961597e+01
-2.496425569676329914e+01
4.108109383168365980e+01
1.609319835859828629e+01
-3.368066038107042459e+01
3.795673291625767831e+00
-1.253856660057266481e-01
2.642928650276705582e+01
-2.211015116927693214e+01
-3.713325498703606797e+01
-2.193057122392376002e+01
-3.148352356538649488e+01
3.058137062912847171e+01
1.475289730668180255e+00
-3.218020912267792255e+01
-8.267745548536119315e+00
9.176571249532649688e+00
3.679789524555367564e+00
1.524340408478842335e+00
-1.699913202599802275e+00
9.187010686945541238e+00
-4.259591684334672834e+00
1.579600056207806347e+01
1.853696558632846347e+01
3.457018169342788383e+00
4.284749087964478065e+00
2.480356434720366110e+01
-3.336456974411902365e+00
-2.139236794228352778e+00
4.340226399915422917e+00
3.134425614993183729e+00
-2.342139758690272799e+00
2.701943883667318858e+01
5.806567862367138844e+00
-2.643175872829917594e+01
3.580093073054999309e+01
-2.469870626122428448e+01
-8.267979769264428569e+00
-1.514511860670302212e+01
2.970575151864719032e+01
-1.144648591550134142e+01
-1.824717539682678691e+01
-1.601232746547077568e+01
-4.104347819150419241e+00
2.585859548415989195e+00
2.257169835000556191e+01
1.394541543834626651e+01
2.630878285330197741e+01
3.555233983628561134e+01
-2.629320372231963532e+01
1.432939553004445088e+00
-1.473604192143375968e+01
5.563197175253193905e-01
-2.447618371668052362e+01
1.776615912950593668e+01
2.155394221732169058e+01
9.737941852535385578e-01
4.776283200452411393e+00
-1.906434515561499410e+01
-1.491027821662507336e+01
3.423407755593230206e+01
-7.331464099403476098e+00
1.076465530484996691e+01
-1.022600853211790906e+01
1.235156283816856160e+01
1.152935039171122611e+01
-6.045995315437664885e+00
3.064902431106827407e+01
-3.468865249626006175e+01
-3.208467419498070683e+01
