7.490154971719455546e+00
-1.655225708833699372e+01
1.029279685601367333e+01
8.578089555980184855e+00
-2.065520906348517016e+01
6.806354996255755907e+00
-2.004324117094514079e+01
6.452050942863728267e+00
2.820166787581828771e+01
1.772547595854487668e+01
1.763380285200248920e+01
-1.517318961000613342e+01
2.466241036889726956e+01
-1.137840725403989239e+01
-2.405307201732159683e+01
8.931049862256536187e+00
7.406864201166541761e+00
1.418090490084711064e+01
6.721907554604641177e+00
-1.346834359849339080e+00
2.389476973937880189e+01
2.215430884819762980e+01
-1.883257456196304247e+00
9.934716367787409297e+00
-1.893711905362295411e+01
-7.680090022876740363e+00
-1.113142570459398684e+01
1.171446514065198841e+01
2.624177404173276784e+01
-2.094960540791916515e+01
1.553829118280766863e+01
2.743364084610058740e+01
-2.111020373984927190e+01
-6.558557061851999492e+00
4.551910375075074455e+00
9.378764824613170958e+00
-5.054073937286695184e+00
-2.519823338496031795e+00
-1.001829486546412795e+00
-1.944053747469858706e+01
7.909374550409033588e+00
-4.789010097551695821e-01
-1.636099267804289781e+01
-1.250478590067445595e+01
2.241694618002593131e+01
-2.596518965961831427e+01
1.873926094875092474e+01
-1.264244864192740181e+00
1.198537222779961553e+00
2.412027128742784043e+01
2.423450285923287595e+00
1.826015571618482625e+01
2.322350017731423577e+01
1.084330466506895618e+01
9.471496842930868354e+00
6.855959451304471486e+00
-1.784652245899150813e+01
-1.258183361252962129e+01
1.246907385561561910e+01
-2.512938376823391451e+01
-3.344903546160216479e+01
9.018553746931814885e+00
2.518390006576041174e+01
2.920781269083860821e+00
2.708309832731356437e+01
-8.991961474886636552e+00
-1.195760168029700310e+00
4.738308428316464926e+00
-1.180557033193718297e+01
-1.629191727385851607e+00
2.435758553998877574e+01
8.766850118759130339e+00
2.488374306488931609e+01
-2.046857401261591036e+01
1.296684423503919703e+01
2.425383770716203458e+01
1.223647043033581383e+01
-2.328761635519661510e+01
3.175327998116081574e+00
1.722159547258112866e+01
2.191604151115350874e+01
-2.259707678513223073e+01
5.557018804281611324e+00
-1.698370434556716901e+01
-1.654362102870871354e+01
-1.647984503791263933e+00
-2.044923325287787819e+01
1.907110414720378344e+00
-2.922162196210662444e+01
6.764648537766525749e+00
-9.352745700466925882e+00
1.852881681408155146e+01
1.430909943323638345e+01
-1.227325810913404780e+01
2.632671443297375902e+00
-1.363085510556534530e+01
5.227879472891451940e+00
2.816029984460008961e+01
-2.220956049284035316e+01
8.110888976885902935e+00
-4.462804211579836533e+00
7.131808388684660827e+00
-1.112942519560057519e+01
-3.511745431613732649e+00
-7.591919355446414386e+00
2.425320860595320482e+01
-8.310432191813205804e+00
8.507084783792414839e+00
-1.378137673696801357e+01
-5.958651705347541849e+00
2.555320690211949852e+00
1.523413304020927228e+00
7.310524082799503276e-01
4.765930733050041113e+00
-3.080207766042423856e+01
-1.907424886669558717e+01
6.397173434416345117e+00
1.409700822344674975e-01
1.415663240462330918e+01
1.853160042206127400e+01
1.384086767095982395e+01
1.788964384954392983e+01
-2.126258681137358408e+01
-3.157029889835513359e+00
2.621968969353738999e+01
-2.547956626031924188e+01
4.063862951777366561e+00
-2.492262545328649992e+01
-1.032116495419410285e+01
-1.043767248606322795e+01
-1.245986268683206788e+01
4.108833694305033646e+00
2.225960102548476982e+01
1.154930802114863297e+01
-1.363368909263321882e+01
2.802651546111094660e+01
-4.832043548926904464e+00
2.552934401323454949e+01
-8.356559171708134670e+00
-3.297215776240605578e+00
1.995055811214285768e-01
-1.594001935426627625e+01
-1.744855883447411316e+01
-2.604635011332129224e+01
4.521791245686479499e+00
1.929257799017995012e+01
-4.856615142670996477e+00
-1.191740578332556311e+00
9.567282316985156854e+00
1.036543098479598513e+01
-1.593884827982599006e+00
-2.062100669817887777e+01
-2.078908463058406042e+01
7.268320700006704271e+00
-2.663919652539974336e+01
-7.910773235108408130e-01
3.168908680428272362e+01
8.933385205453902245e+00
3.573055054021355659e+01
3.345303922012732301e+01
1.401621333951669612e+01
-1.117959505485335825e+01
9.915803411920244059e+00
1.868789850478485448e+01
7.900925468658712703e-01
1.173963149973427278e+01
-3.050906974403337202e+01
8.368404096401782510e+00
6.212057192352524737e+00
1.527229628982391318e+01
9.968147602738739010e+00
-2.903893924038443686e+01
-2.238450595751871930e+01
1.581897971807383385e+01
1.386097169029155651e+01
-2.045237929925978193e+01
7.852496434012998350e+00
1.808313396186727573e+01
-2.349321914274746348e+00
1.811197799544173392e+01
-1.019909832277248540e+01
-2.304896863899575976e+01
3.483200251740214526e+00
-2.275647896689027405e+01
6.427906086900691207e+00
-1.308209213514898295e+01
-7.446753953486329181e+00
1.935850426138142666e+01
-1.713191759741664555e+01
-1.318661665486971657e+01
6.623084427621876102e+00
-1.875882351432632689e+01
6.293769804756635722e+00
2.365485006276099966e+01
1.382365566411970548e+01
7.802326539344704770e+00
5.028079327828770317e+00
-4.903602866818083328e+00
1.971359526906431370e+01
2.296532329701459219e+01
-2.794273510205942301e+01
1.525491138875334229e+01
-2.113356046990482895e+01
-2.083876588376475425e+01
1.030981291591371729e+01
3.119146616074544909e+00
-7.771100241949064014e+00
1.992491570321779193e+01
-1.831613534560503354e+01
-2.086685152440281854e-02
8.255475907456990114e+00
3.411378909705663887e+01
-2.737815494408718919e+01
2.856593837214620635e+01
1.277868293823878076e+01
-2.799610573221386289e+00
6.688421114622698838e+00
-3.052129255151672282e+01
-1.861549109299702209e+01
1.279916117363219996e+01
6.099388556996679256e+00
2.725692671761734687e-01
1.858921562698598962e+01
-2.140944248929116611e+00
2.905651825047279146e+01
-1.159117344475330214e+01
1.102975510702846407e+01
1.909798991713881833e+01
-3.369316743790875535e-01
1.450740155614516880e+01
3.155918892966116118e+01
3.523504265688363546e+01
1.869661944993642066e+01
8.915367702794796401e-01
-2.966981706488269310e+00
-5.675384387183676438e+00
7.528531990231194015e+00
1.352352250720727511e-01
-2.137547195142602874e+01
-2.519954682544592828e+01
-8.384354765297857170e+00
5.784478305562146261e+00
1.405636601630094162e+01
9.192075231776364319e+00
-9.106609350689652160e+00
1.884680180370345681e+00
-1.980503911217806845e+01
-1.516328291197734757e+01
-1.161653765066508726e+01
9.631488844828126616e-01
2.887660373812697401e+01
1.145311925940701769e+01
-1.110698276349035041e+01
2.775531451459562504e+01
-1.439416283007230390e+01
-9.649420266030638516e+00
-5.125141864735169861e+00
6.188043906466660360e-01
1.260517003696036653e+01
1.361258225570944091e+01
3.599559629431364272e+01
9.028288030761629557e+00
-1.649177591224781025e+01
5.031761577365401195e-01
-4.250339918278093876e+00
1.509765660943047294e+01
-2.259173504981099256e+00
1.436289530582527618e+00
1.225887301995730638e+01
-4.791333827781976140e+00
1.782342618863386008e+01
-1.358136736952484824e+01
2.739984649796059557e+01
-3.313633312015187471e+01
1.999097631341719250e+00
1.123660352280511887e+01
-5.010874857877034572e+00
2.484137850860456354e+01
-4.588276908319954828e-01
2.802189424406400065e+00
-2.475351585089766715e+01
-8.002102699302973576e+00
-1.503104094891845222e+01
2.654167049915436394e+01
1.112681564712467264e+00
6.198242034462474237e+00
-3.136212479445673651e+01
1.278370000199496559e+01
2.039650943541467143e+01
1.275213348863959339e+01
-8.701955965434663653e+00
-2.011803260296147755e+00
-5.244674092287795020e+00
1.675108003845203086e+01
1.318156247000636938e+01
7.933212813993627321e+00
1.666520261334412112e-01
8.225099017977441918e-01
8.053527978147059230e+00
2.675889095897133529e+00
-1.165229124064372002e+01
-6.093812951301721625e+00
2.586920401766531086e+01
7.654529105558808055e+00
-3.273340418500766447e+01
-1.062302364777347918e+01
9.034782253748893766e+00
6.945352659767252135e-01
-1.189577809301965772e+00
-1.446288529493159558e+01
1.088372349330760613e+01
-8.189377836972290936e+00
7.146482972822319368e+00
2.297343675042830569e+01
2.687738212431997908e+01
-2.769516121858309532e+00
-9.482484318406150692e+00
-2.114138971647332355e+01
2.221083546726279678e+01
1.541616323733620675e+00
1.599681600800735737e+01
7.900027927524575944e+00
1.171268509636458077e+01
1.805423303790072964e+01
-2.305828398188359785e+01
6.985440870239898459e-01
-2.037698875736779769e+00
-2.340934468464436335e+01
2.606766018913610594e+01
2.161664164478160899e+01
1.277085336835416030e+01
1.958662198616714534e+01
-1.173618580266190037e+01
-2.960869363119315167e+01
-1.081631274813157262e+01
1.814472902757138684e+00
2.664193051889236585e+01
-5.309535009126385319e+00
3.377267538525465795e+00
-4.617219817216721367e+00
2.109456084550862442e+01
2.345007231232447964e+01
-5.864677523909229251e+00
-1.328808522328721153e+01
1.211266913667984113e+00
1.128496974712472678e+01
1.835845061254632071e+01
-2.927700451832198070e+01
6.887333899554882066e+00
-1.012253499849678917e+01
-1.959466269478032885e+01
-1.939705330149580931e+01
-1.455575210712191847e+01
-2.140184385787575749e+01
-2.488346428360251750e+01
1.422994923423267721e+01
2.293895723958515021e+01
3.368635728321261524e+01
1.252984002525708718e+01
2.731595695141407987e+01
-3.486334212758078621e+01
-2.486867037231834843e+01
-8.508628532940704758e+00
-2.290332129439879694e+01
4.772935711142899606e+00
5.283843058542778692e+00
-2.471487132866045400e+01
2.358408437985349337e+01
-2.783343044683960343e+01
-1.736258454996004730e-01
1.563830295731692388e+01
-7.413253784037799221e+00
-1.684169377518891508e+01
-2.373030383557333423e+01
-4.302800248732758348e+00
-5.552217258229823926e+00
7.508131500352789089e+00
-2.868109104086444816e+01
2.119722529656378640e+00
-1.462192236576669302e+00
2.144778368820674075e+01
2.872986063193685879e+00
2.764085765346970902e+01
-2.457946550500975036e+01
-2.486063391993156202e+01
9.841205663884679211e+00
-1.009623174891892461e+01
1.175305958869189737e+01
2.892347885979226874e+00
-2.603181652004259305e+01
1.833816408677168397e+01
1.922227841071510568e+00
-5.338513530168995658e+00
-2.071694364552597634e+01
5.211659564976535819e+00
2.011865414576719502e+01
-1.147368128172306712e+01
9.614570080899888183e+00
-6.767699098384291290e+00
9.732707390564399930e+00
-2.449969583413442109e+01
-8.392053656261573735e+00
1.587789381564516589e+01
1.234650311991434535e+01
-5.192733517656350273e+00
-3.354462948139295975e+01
-2.755914017174996289e+01
2.181433446044916025e+01
-1.895359584769577665e+01
-2.192746610505117388e+01
3.011654684905707313e+01
-2.750000214983893088e+01
9.510293053778184458e+00
-2.741130655613302025e+01
8.778589831099495200e+00
8.798683273742689437e+00
1.385953178773912953e+01
-8.936379594311084418e+00
3.456016062481144502e+01
1.479798954216647644e+01
-1.256769208397928139e+01
1.365538708298466020e+01
1.384491190368668612e+01
1.213659919192430436e+00
-5.785470056227900670e+00
-3.090563550595373954e+01
1.812351691942591003e+01
3.086686515197395408e+01
-1.137100920744526888e+01
-1.264419993001138209e+01
-1.726247617903410259e+01
-7.779234281034405285e+00
9.196815877839981113e+00
1.554086711542083776e+01
-8.271949488446132648e+00
3.015282939420322350e+01
4.988150752168294844e+00
2.171224408250357385e+01
1.306515066581036422e+01
-2.922759035010876971e+00
-1.774057864282435304e+01
-1.505553350378339417e+01
-7.057606343311974229e+00
-1.331720053820059491e+01
-1.397032240917342705e+01
-2.142439980994403470e+01
-2.141499762194661827e+01
-1.330209700048003896e+01
5.285656521257344309e+00
-2.505440993982331221e+01
-1.412389735133927360e+01
1.253092357145725089e+01
1.076258214472597530e+01
1.345241022055432012e+01
2.472049629627946388e+00
-1.568767223473237493e+01
-1.818647716882920662e+01
4.447638052756701654e-01
2.732251816558553514e+01
-1.189695085047284806e+01
-9.577941378231756175e+00
-1.591557348953877948e+01
3.105142721540843809e+00
-2.838204570564442975e+00
-1.258706608312547814e+01
-2.463249372956340721e+00
3.492751148837385244e-01
2.059617677441052308e+01
1.910770810223813498e+01
-4.752982259677807519e+00
2.515492298493833800e+01
-1.894403828481415886e+01
2.722543343594698229e+01
-1.610525284444038618e+01
-2.734112636950996134e+01
-1.480871812521896658e+01
1.588811765036737711e+01
2.137161141323802838e+01
-6.723199699869034873e+00
1.118023017885260373e+01
-5.346753365282850723e+00
3.221273777142961592e+00
-9.088677133251735540e+00
-1.338587392235556450e+01
3.029477929861833729e+00
3.214066374559536143e+01
7.097211174981929105e+00
-8.079501096443593156e-01
2.832653230814176482e+01
2.024592364407496348e+00
9.203338443345209896e+00
3.230466284903258156e+00
3.010896541085908495e+01
-9.131881661356146651e+00
2.226274831142150390e+01
-3.165277476994792138e+01
2.970200874624637777e-01
-7.120714833518249520e+00
2.341631885559675652e+01
1.362507356919422108e+01
-5.448513623721105148e+00
-5.461399721049851053e+00
-8.393666605849993800e+00
-2.075727164810938774e+01
-2.177866416765211710e+01
3.344853001275504312e+01
-9.074410676924571817e+00
-1.813159119340893710e+01
1.604329287925877168e+01
-5.973338064643805012e+00
-8.425473702673471621e+00
-1.475011188849808264e+01
6.984439873795153630e+00
