9.313239204501815749e+00
4.592125799070865710e+00
9.068049102623376712e-01
-2.754242160728861410e+00
-3.327953118429651802e+00
8.674646012754703150e-01
-7.989522217342326371e-01
2.155120893603821308e+00
-2.124543060201126821e+00
-5.322415248231280316e-01
9.932002735671838778e-01
1.751195752221920365e+00
1.877748692478037107e+00
2.922761356556025980e+00
7.048635324325882578e-01
-1.406292560646700274e+00
-2.955047717375438587e+00
1.500563127693251175e+00
2.250046105007942998e+00
-1.827032936614350067e+00
-2.445704007900446619e+00
-1.587591741252767363e-01
-3.848750828725130191e+00
-1.583358413364719386e+00
-1.654989191697688877e+00
-2.394233600531008310e+00
-2.929175444768125303e+00
-2.278108184198374353e+00
3.076201339456670070e+00
-4.534268192728454494e-01
-3.694855341015230277e+00
1.080140108914582342e+00
3.312269041251056478e+00
-1.780266063323204140e+00
2.499400413005909094e+00
2.950782141483674792e+00
-6.496794616302761227e-01
-3.845077502512028733e+00
-3.062384867451138248e+00
-2.152974973411870607e+00
3.403180221353956370e-01
-6.380842661277679184e-01
-2.479097033409832562e+00
1.210578135889263329e+00
-1.782011893266633784e+00
2.914325581773729468e+00
8.865822158341263304e-01
-3.169806159132135814e+00
2.767516294798139320e+00
-1.142408796364067225e+00
-1.339415869601628728e+00
2.152311702696200868e+00
-2.906524209599564479e+00
-2.966548920015590340e+00
-4.003242701427129902e+00
-1.913712891391298854e+00
-1.665766565577770919e-01
3.065011565718096520e+00
4.828018760354391148e-01
2.075794389989759736e+00
-1.204978247273285952e+00
-2.825712867280083973e+00
3.791615143429885038e-01
-4.168221700979515276e-01
-3.663367355835678296e-01
1.753601662306540909e+00
-1.202567660183152753e+00
1.880727981021471429e+00
8.765557977035278725e-01
3.796772508645425148e+00
7.329881629235863727e-01
1.441913606475234921e+00
-8.406872956623834270e-01
-1.158494718101366061e-03
-8.128246710965889577e-01
-4.193611404627990424e-01
1.691577663232997963e+00
2.459255604499368530e+00
4.200330590931836028e+00
8.356321084255933229e-01
-2.085525406725482256e+00
4.140753035496809176e+00
-2.653153887925359555e+00
-1.401724078719187361e+00
1.755526963548746266e+00
-4.229217740586399543e-02
1.629615283740816878e+00
1.974980734784589131e+00
-3.652623156459449572e+00
2.569346752101192344e+00
-1.923629609097918802e-01
2.357951640219074108e+00
3.352938347497156357e+00
-4.056309698032745104e-01
5.798631632059167984e-01
6.269914344423730412e-01
-3.538633196126447888e+00
-1.750880882019209217e+00
6.736433749196049092e-01
-7.793068635803734878e-02
1.539563063623021755e+00
-2.438815209131589334e+00
8.935100758038956315e-01
-1.099268392044359111e+00
-3.414701660753146406e+00
-3.941051607317474392e+00
1.067304187010208238e+00
-1.512386388806162163e+00
-1.169839127630685205e+00
3.690384107240440414e+00
2.504340865119896620e+00
-1.768344973021044098e+00
1.977550232870028957e+00
-3.427373653102168571e+00
-2.903213645105227059e+00
-3.462634031480527508e+00
-4.242719222413635194e+00
2.691101612129842557e+00
9.778372828613557388e-01
3.143800240140187441e+00
-3.085972604190213353e+00
-1.344267940502421155e+00
-2.587751745435646900e+00
-1.282297581784735296e+00
6.726307434635998561e-01
-4.007472523103174922e-01
-2.109655173906986203e+00
6.415862689719915579e-01
-2.571341937544231016e+00
1.835557792169989710e+00
2.928284774958902048e+00
-3.300516872901017695e+00
-1.086173563000962350e+00
-2.615519979898163427e+00
-3.185067121925590605e+00
6.586422336811148526e-01
-3.589780859659530421e-02
1.841358766856422413e+00
-1.994594813172573033e+00
-1.783792718154503021e+00
-3.016098950576848736e-01
-7.197572961923821566e-01
4.042149562220878067e-01
-4.559354892506792822e-01
-1.650027566279828051e+00
-4.283201377322906289e+00
3.750920533630461406e+00
-1.468875238641968117e+00
-1.753242629082494730e+00
1.007685346272939597e-01
-1.250568200548434206e+00
-3.664288160619645573e+00
3.196602250226085573e+00
5.980650359326773469e-01
3.549609787486559753e+00
3.391730685366287190e+00
-4.661660311435214865e+00
-1.859790240025213759e+00
4.226557913723125282e+00
-3.476479673178923147e+00
2.829576204483879032e+00
1.791852026703062428e+00
-4.179850460315917893e+00
-1.759516489821315588e-01
5.025680372577321364e-01
-2.376750628918753883e+00
6.458488247376568125e-01
1.511045862554063035e+00
-4.463125340664372054e+00
-2.496036319369705936e+00
-2.582095545497857803e+00
-3.769701339756181824e-03
8.401042864130481291e-01
-5.824694986709735289e-01
2.882614415650333051e+00
1.371548851756303478e+00
-3.417842649915239228e+00
-1.224803106130076369e+00
-5.545181929591205261e-01
3.871237697545739209e+00
1.734532965384286030e+00
4.009269954557170834e+00
4.094848620678945395e+00
1.285728843329019710e+00
-4.445915929268203115e+00
4.161973333890731652e-01
1.776315534430638721e+00
-1.001271712789120194e+00
2.344037971106889273e-01
-3.264517968871213149e+00
1.577473847396961837e+00
-4.018117286398554810e+00
-4.122467671568398551e+00
2.363672371464996758e+00
-1.253704466296147402e+00
4.424312758880692087e+00
-1.890827296300039428e+00
2.320435409677593874e+00
-1.000379838745286687e+00
2.237138262503716390e+00
-2.220767240609308857e+00
-3.676320416389609491e+00
3.159754674704181809e+00
3.996390838016205649e+00
3.016754766727920867e+00
4.699324587473352466e-01
5.003086401055405474e-01
-1.928193813503317422e+00
-2.995712615160359693e+00
2.332724368565761708e-01
-2.304233405340161411e-01
-3.975710757416543117e+00
2.260777663250211234e+00
-2.369987360407423971e+00
-8.192398158437281808e-01
-1.538716199806640539e+00
-1.975357282549605742e+00
1.882620486471439314e+00
2.049783905017018348e+00
-3.966223316305368396e+00
3.471703714474577041e+00
7.649980743824835727e-01
-1.216476475978935490e+00
-9.677182306795053535e-01
1.561925922219167262e-01
-1.424115424613576320e+00
-1.362827780929119381e+00
2.287831257950999841e+00
-1.977060999203176017e+00
8.964428498454015681e-01
1.133428455032458260e+00
-4.761852126012873221e+00
3.453025139857395232e+00
-3.885026657263477290e-01
-3.668053021690644400e+00
-2.561694873704321029e+00
2.564974378992479487e-01
-2.147179530818761339e+00
-2.542419238690137195e+00
-1.136596941588940091e+00
4.794594136682936991e-01
2.015941352822617993e+00
1.291302131845254664e+00
4.682541063223109035e+00
-1.625912446160276303e+00
-3.148048607675724142e+00
-5.355682339867957609e-01
3.354252753127317632e+00
9.921637956847568773e-01
1.761590961360757213e+00
1.240003964897146815e+00
-3.155429283849151112e+00
-1.564411093863522506e+00
4.296219829007199564e+00
1.153804892998627096e+00
-1.635667200321592851e+00
1.230870734313565862e+00
2.389623403186014627e+00
-2.199949005259455248e+00
3.695260135973366999e+00
-1.787494861583075689e+00
-1.251138272329279211e+00
-3.942666735477426965e+00
8.721151825760706799e-01
4.010870469085471512e+00
1.032178871616181937e+00
-2.524699887921586505e+00
-2.629006277689289739e+00
3.984912842153265800e+00
2.933450741128046602e+00
8.487376972594882218e-01
-8.801822655511646332e-01
4.502830638210896907e+00
4.478709709987748866e+00
-4.483579575729481626e+00
1.147378129825495918e+00
-1.009508003861723680e+00
2.735170449775694124e+00
-2.964672259319669489e+00
-3.735441763191285069e+00
-6.306023660882731363e-01
1.644090607243655633e+00
-3.818664353749270379e+00
-2.251607048919149534e+00
-1.808410015523632453e+00
-2.167474012647368831e+00
-4.564710869710267183e+00
-1.313707784745590246e+00
-8.307864789592578347e-02
4.076274829445376113e+00
-1.803692839875805198e+00
3.102231758697962860e+00
7.976077894065012330e-01
-2.070192477358837380e+00
-8.187670120627323911e-01
-1.246113638253820710e-01
-3.797429848201410163e+00
4.482971916347839425e+00
4.185730760516690907e+00
-1.372928169971921353e+00
-2.527213188816718858e+00
7.235007861589703992e-01
9.644735457545028368e-01
1.345270672918483790e+00
-6.400582644268517640e-01
-1.081795022481229829e+00
-1.212993351865941705e+00
-2.049091546887531479e-01
-1.599177846138081449e+00
-1.434781523900872990e+00
2.060975797832399259e+00
-2.235156475885767158e+00
-3.457999323573857531e+00
3.573294890364008936e+00
2.228822063327369207e+00
2.678127333004449717e+00
-2.348828745854032896e+00
-9.890014852781172650e-01
1.300709974685138270e+00
-3.985612552529804731e-02
-3.981795939187298572e+00
-7.452621841228879163e-02
-3.045405586412368137e+00
2.681779233956740782e+00
-2.088973479255798793e+00
2.815040963989570599e+00
-3.842665545046796360e+00
7.652040108492208503e-01
3.593562333666790565e+00
-2.838585602886547044e+00
-1.062306552758610856e+00
-3.015314955435099975e+00
-3.474679858998985349e+00
2.371334785510871512e+00
3.160874040488192094e+00
3.285955612116655544e-01
6.149207235338849387e-01
2.469457731445348969e+00
4.514259621519240540e+00
-4.276859447483190024e-01
-1.236665989200149696e+00
1.700030944258955401e+00
-2.352225113979522941e+00
-1.252139847623986668e+00
3.684538976323317172e-01
3.883050805839665998e+00
-4.674745902559939381e+00
-6.066954673863822478e-01
-2.028059494191820633e+00
-2.108816454400014528e+00
-2.077700692856715214e+00
-3.263937281407427449e-01
1.636830214020811525e+00
-2.459847590125503469e+00
-7.715191903768401360e-01
-2.290195284971920930e+00
-4.579635479871768666e-02
2.678483546610896937e-01
3.254457908578361369e+00
3.409750973290501364e+00
1.061900089078124054e+00
6.115601580938232473e-01
3.918002769775782212e+00
2.794709515988591519e+00
3.937245922993774627e+00
-1.532062517402537516e+00
-2.766659239450444119e-01
-7.460499650661231996e-01
-1.125155182164061074e+00
-1.465819152897224420e+00
-2.038724346028344403e+00
2.236790621693129921e+00
-1.185366364350599611e-01
2.136207552171942581e-01
-1.307497350362157196e+00
-3.068431411927161179e+00
1.404787281002059629e+00
-3.907560940738834088e+00
1.361520994376492766e+00
-1.236530981754529357e+00
3.612929214494787544e+00
5.169756849707676238e-01
3.063301512542974336e+00
-2.376076379359963742e+00
1.900454993916391722e+00
9.954537438398354254e-01
2.256480116563830407e-01
-4.097222801254703839e+00
-1.310771193201064833e+00
3.519989753471698180e+00
1.902836508625098233e+00
-1.687378150170469659e+00
-1.360873418838592031e+00
2.210121840363709289e+00
1.621640092291234403e+00
1.922307779288883189e+00
-8.223354675501175493e-01
4.102572596744963107e+00
-2.752246517396830683e+00
3.518106955362691579e+00
-4.497420993666013445e+00
3.127956369751663246e+00
-2.778885336467411982e+00
1.031087327171022139e+00
-1.729061878235134575e+00
-4.340384627431096654e+00
-1.605675626640232778e-01
-1.062378201174063452e+00
-2.888376697724925890e-02
-3.773616723297519737e+00
-1.018037714891626422e-01
-3.460924850589659929e+00
-5.937963942199111500e-01
1.362235976955733285e+00
4.300100114781329808e+00
-8.295745374879821554e-01
-1.778290353016176883e+00
-2.111245109476068027e+00
4.146335562450357060e+00
-2.754483210648821512e-01
3.002592014085658789e+00
-4.049570185451798032e+00
1.695254501654748225e+00
1.362375319795576800e+00
4.908526592961983681e-01
2.175241767742845944e+00
1.088090201031876703e+00
-4.344578632367086968e+00
-2.310253586555770511e+00
3.608139122750198879e+00
-3.656239015127386693e+00
2.496155151321016064e+00
-3.279344338115972590e-01
-3.457392231514050174e+00
1.017776915474692068e+00
7.283397935634479126e-01
2.112935011284584164e+00
9.893425432053959412e-03
4.146587012922822169e-01
-2.707254603764158496e+00
-1.009881802185295108e+00
3.423032743659925714e+00
2.587233271212077135e+00
1.603916740743782654e+00
-1.074587159117743163e+00
-5.890227758720207873e-01
2.988509516120158693e+00
-2.576847663561579793e+00
-1.419916761905327007e+00
-3.820612471224700268e+00
-2.818102151990750759e+00
-9.925534634315464899e-01
-2.704863860171978107e+00
4.574930351162738162e-01
-1.272870706850746103e-01
-9.515896895245123943e-02
1.733615687647242609e+00
-1.292198703652460701e+00
1.437680188493237310e+00
-2.100905322515802087e+00
-1.073182763711808985e+00
-2.068931361574035677e-01
-4.489757714760036045e+00
-1.492315208875085730e-01
-3.147061453500426431e+00
2.947209235705797070e+00
-4.051497436304216215e+00
-1.267696588741875630e+00
-2.979301238040408695e+00
3.368098548972280781e+00
6.220043205845104950e-01
-2.607259641054167076e+00
-2.270996369574950435e+00
-1.930076919942781188e+00
4.081242069516664017e-01
-2.791597821840019922e+00
-2.446665390764673376e+00
3.740556852392629139e-02
3.341442847121056658e-01
-1.216898596863513315e+00
-1.816876317728759460e-01
-1.086342967230563339e+00
1.415759236164339185e+00
1.310246213444190566e+00
3.213812607188536674e+00
-3.796469651667925049e+00
6.896235315323373527e-01
-1.163360011591382026e+00
-4.784405328982489713e+00
-7.223135595446077417e-01
1.361981491206600836e+00
3.036279242079650942e+00
3.508682029716327477e+00
-3.979259782661772604e-01
1.133331752088848177e+00
3.142920151878547230e+00
-1.915690947427793667e+00
4.522872552973353777e-01
6.110779906721628407e-01
-1.959036749755114215e+00
-3.581695694163620658e+00
1.748987808418527301e+00
2.753930290240830026e+00
-2.334638426968477454e+00
1.932298512864464968e+00
-4.503385437466053354e+00
-2.872498643296848009e+00
1.886531574284717294e+00
-2.146859182115302467e+00
2.169562439291450318e-01
-8.275941101235799735e-01
2.644617154311356799e+00
-3.049279183237385560e+00
5.797132626887506746e-01
1.320462418759397849e+00
-2.383773644090933175e+00
5.001541669291054149e-01
3.227089897897116089e+00
-2.598888049764661368e+00
2.845505874990157835e+00
-9.621436926868263129e-01
2.928038532224483959e+00
2.283626620913184802e+00
-7.657972352444541997e-02
1.045906695050677016e+00
-4.572465057234039065e+00
3.618493376540534712e-01
-7.789573630336992238e-01
-2.678020237333454290e+00
-3.057211773494427298e+00
4.729120779153763721e-01
-7.516396646378833424e-01
-8.124334194112856622e-01
3.285139102419098123e+00
-3.729637525688046296e+00
-2.074708982152847270e+00
2.275330703305104230e+00
-1.846502869189716289e+00
5.119862824764105369e-01
-4.532277043061505140e+00
-4.729993984909759419e+00
2.270035938084095761e+00
1.902231635481567373e+00
-1.969420165532423272e+00
2.063745090185340914e+00
4.523722820132372036e+00
2.039851640803929556e+00
2.683489312863541087e+00
5.845313566848764353e-01
-4.654491468431327661e-01
-3.197997331890949813e+00
-2.173090206012726178e+00
1.410573804193361980e+00
-4.149509588286413475e+00
2.047302409520412425e+00
1.891191558112350179e+00
5.606964079757013053e-01
-2.730507648481037553e+00
2.826310766265432761e+00
-1.282521030091636760e-01
1.426120253232570967e+00
1.278477516993719476e+00
-1.614436442258893933e+00
-1.036888394950796766e-01
-4.097015992198221213e+00
-2.378343713312275121e+00
2.342622530659586033e+00
-2.285316416248059923e-01
-1.926524421219596661e+00
2.490923749507162555e+00
-2.619839346885802556e+00
-1.795081644690750267e-01
7.484084138358104710e-01
-1.996498338736155453e+00
-3.221662806954635361e+00
-2.851172087304139069e-01
3.668998061938296473e+00
-3.958398262287162073e+00
2.506699221919843623e+00
3.014922353451332526e+00
-3.993902060241409480e+00
2.342920381885871706e+00
-2.799020840984177916e+00
-4.070704507686961904e+00
-3.822746579857971838e+00
-3.730494885404050720e+00
5.859483417602877608e-01
-9.778879572078649218e-01
-2.002193230397713464e+00
3.346793565713962693e+00
1.256569238188234294e-01
3.640270901414126570e-01
1.292674754333669185e-01
-2.664950654247739692e-01
1.803347470938310160e+00
-4.012278900056575281e+00
-1.203735336416539958e+00
1.432728773076470397e+00
1.740357804858025936e+00
-6.089997696372346780e-01
2.972976223870411161e+00
1.791321096155877868e+00
4.198288261299090607e+00
3.215541968297637609e+00
3.717090475935615146e+00
-1.648186481999095676e+00
-2.561605679901608035e+00
1.959689570383229551e-01
-2.480173670597647373e-01
2.036906671102308053e+00
2.252249471155582938e+00
-2.717188303808252936e+00
-1.410087712076908417e+00
-1.719043728941697324e+00
-2.320562152449830329e+00
-1.119951709056135503e+00
-2.288040566626231787e+00
-3.346057585753610120e+00
-3.002717863719941871e+00
-2.252880791776992631e+00
-2.919323265266902112e+00
-2.295004537656653465e+00
7.522216287340013352e-01
2.303167440827174062e-01
3.439975904707171850e+00
4.211998571370983768e+00
-1.125845868341575517e+00
-2.028348262706245464e+00
-4.058671682627296384e+00
-3.600882499798597536e+00
-3.536952359115490552e-01
1.913670797085760711e+00
-5.751099298414272809e-01
6.543862063133731866e-01
4.020338115966515247e+00
9.540440594858790035e-02
-1.325659863820787265e-01
-1.699600738078119733e+00
2.062409760790064439e+00
-4.114316368217851405e+00
2.513342341042239525e+00
-1.952792679901063089e+00
3.644492516474944210e-01
1.117332170501063260e+00
-1.987944668714295204e+00
1.361121464761369637e+00
3.541451854664238397e+00
1.119049026808237812e+00
3.392620159186925832e+00
-3.596785895990368687e-01
-6.891188470033871027e-02
3.546414146100184794e+00
-1.203788310305542453e-01
-4.559848824661898448e-01
1.373485458100179635e+00
-7.373156471685451407e-01
-3.297238514270951271e+00
3.534505717877314268e-01
-4.329743881883807433e-02
7.226132773801605680e-01
-1.142543854051342400e+00
-3.753587144295625233e+00
-3.482441264876673159e+00
-9.332114000791076336e-01
-3.245394917871539775e+00
-2.920376583487586775e+00
-2.148416914267423206e+00
4.215085181946998105e-01
6.270993905492208143e-01
2.661177551384166229e+00
-5.146462537577116692e-01
-1.006216882075179342e+00
4.383341755000360607e+00
3.141416375402499739e+00
2.065827075222422593e+00
-7.121737624989519233e-01
2.234231043062216315e+00
-1.944997069369136522e+00
3.023115675610199560e-03
2.671530936527335420e+00
9.996510640113909218e-01
3.780749539319632646e+00
-1.987842965119330785e-01
2.158836951026678719e+00
1.799883323021960635e+00
-1.766870440856935787e-01
-3.095441180024520733e-01
1.242471008864612259e+00
-1.344234858350574324e+00
-2.339560551760586637e+00
-2.403956507765636630e-01
2.681372967340243108e+00
-3.816694675206742104e-01
2.799365192645745459e+00
9.371815723364704809e-01
-4.085339053107439611e+00
6.290996115014717560e-01
-4.476712999417446603e+00
3.147871319419039082e+00
-3.263471235553558891e+00
-1.337715210387963261e+00
1.191772532176882393e-01
1.832066712049480017e+00
-3.259675510367849416e+00
4.084895131612151786e-01
-2.658404460137731018e+00
-2.301628728898895915e+00
3.835041541570667789e+00
2.118919696291463595e+00
2.378907266622238836e+00
5.827265706454145544e-01
-1.727539054161467469e+00
-6.857738334524174917e-01
2.938211036472559989e+00
-6.805112181645505132e-01
1.411322778380705856e-01
-2.856707248838592950e+00
4.269131171446169049e+00
-2.277073703057020282e+00
1.556240109863489707e+00
2.593546679848243386e+00
-3.866952459708271839e+00
-1.985651657181506380e-01
-4.437668382620991281e+00
-1.685781547196727459e-01
-2.643829265247989557e+00
-4.309073806958778619e-01
2.771145231278979715e+00
5.608737481243908363e-01
1.880422316505674374e+00
-2.772542492910214929e+00
3.889021947162607518e+00
-2.529129500036120248e-02
1.914065930687264050e+00
-1.990174336345717165e+00
-1.700724313220405293e-01
-2.534650243268150582e+00
-8.391449060531988025e-01
-2.062718063357684706e+00
4.347229489931102364e+00
-3.656180880441022296e-01
-1.832988037850847185e+00
3.178147668787490332e+00
-3.323546066942326682e+00
-3.805812962389362841e+00
3.240637816247895486e+00
2.133458660665614737e+00
4.889731961384056191e-01
3.673508597510682705e+00
9.310812913761612464e-01
-1.076055956713461992e+00
-3.046159682532551649e+00
-2.153857258736056934e+00
2.961640123328541208e+00
-1.615682506272885899e+00
1.899034862362388054e+00
1.999228578477224794e+00
1.498673528602482818e+00
-1.167023434976608876e+00
-4.245863846195804037e+00
-3.938304708056095560e+00
3.140167231750245591e+00
1.954450694653703025e+00
-2.884673815987927714e+00
2.449241705436371319e-01
-1.140006452972506246e+00
-6.860808462765133342e-01
3.581784966859437702e+00
-4.412614550934881308e-01
-3.346927958463882913e+00
-1.375565833312414998e+00
-3.314602840789499183e+00
-4.034059085611773732e+00
-6.230376416808489637e-01
-1.917390543813972226e+00
-4.019720546905210412e+00
1.507461616876616617e+00
2.545390559439935529e+00
-1.261295172519842911e+00
1.637303420385283204e+00
3.636454047934361000e-01
-2.337427836959172112e+00
-2.049376072991409448e+00
-3.930916382169868939e-01
-2.564909988252029649e+00
-4.437525049588374237e+00
5.861473342298495481e-02
-1.368607073010262631e+00
-4.613776325499072684e-01
-1.934645764401308643e+00
-1.807483542054812986e+00
-3.584474710043871859e+00
2.780682455032983391e+00
-1.995443317242218573e+00
-2.671110621997172530e-01
7.295829473690504940e-01
-2.947786551892448426e+00
-1.087464716938955078e-01
3.230953148925976848e-01
3.710172484287383554e+00
1.177616138692114234e+00
-2.715093848326119996e-01
-3.886534465875063127e+00
3.573390463321151955e+00
3.330457859244479124e+00
3.575289073595527611e+00
-2.075145719456672033e+00
-2.653221396835935053e+00
-3.260852021940241485e+00
6.147505541698592424e-01
-3.946499642890008097e+00
8.278861180680880949e-01
3.715790720738761266e+00
1.469513723044595821e+00
2.082162266360400693e+00
2.393650957164963344e+00
-5.255224998201155628e-01
-1.386916980387833842e+00
-3.244626666556580830e+00
-1.068077161566729938e+00
3.801462086713163657e+00
2.508967439835054769e+00
3.275926010295824753e+00
-3.210641895709835492e+00
-2.389052949821172334e+00
-3.511477118265005082e+00
-3.284514968378862587e+00
-2.375150349670613892e-01
8.750869189465371178e-01
-3.498619738148624592e+00
3.271663238465567503e-01
-3.254111821985002706e+00
2.102527110275364208e+00
-5.001408798798356869e-01
9.678013190829481971e-01
-3.515124903663251033e+00
2.299660237113682726e+00
-1.364826632792284222e+00
4.448966944548855551e+00
1.412597911986636312e+00
-3.603585447130527974e+00
-3.558183494111585965e+00
-3.512123278322540898e+00
1.306422214253731617e+00
-1.964491064403159459e+00
4.556932979235279291e+00
-1.752694433585044731e+00
-3.138520223942471432e-01
-4.030891303893113786e-03
2.080965516939093263e+00
-1.631042778944680638e+00
-9.535457532589202145e-01
3.532213957037360075e+00
-4.200698817864973122e+00
-1.564646279959627240e+00
-1.110754548808821518e+00
1.534379465096058937e+00
-1.973344732972215354e-02
-1.436350681222431369e+00
-3.322716944539608086e+00
1.928524636862221087e-01
2.141180904791527340e+00
5.278431251279105396e-01
-9.327939763570034515e-01
2.578440411094176099e+00
-1.312189024723556585e+00
2.305380582795795164e-01
-4.373052316300888087e+00
4.229511475578418001e-01
-4.761003806519967796e-01
-1.714461161149627877e+00
-2.362042615102154741e+00
-1.338551523322978998e+00
2.845488495992267275e+00
4.085166128635389526e+00
-2.372770061333294933e+00
-5.169199930684476030e-01
-1.706523193688275875e+00
-3.276261469285470795e-01
2.058581594303396045e+00
1.178594942029240755e+00
2.244208870133785894e+00
-2.077449837682671330e+00
-1.650050836918039110e+00
2.416406014846708139e+00
6.293553397908855374e-01
-2.411451414599787846e+00
3.431634131730287862e+00
-2.721065322883972293e+00
2.195924867845198136e-01
2.492738412237205381e-01
2.114640502240647812e+00
2.087434175206315246e-01
-1.037925477833629540e+00
1.023747233958708591e+00
-2.405358416155975121e+00
2.629860993547259440e-01
3.711532060904810137e+00
2.986206003352500638e+00
3.040138221768813764e+00
2.925147756619130845e+00
-3.834389086632649768e+00
-1.043768986192152859e+00
2.274010372968630733e+00
1.073156320360962646e+00
-1.228551222181126779e+00
-2.862353832997363234e+00
1.735305554454658505e+00
9.494300427312918345e-02
-2.095411781308315291e+00
-7.199501808558190774e-01
1.284616614871660900e+00
3.322961178256541359e+00
-4.448592822654877210e+00
2.182141561226149662e-01
3.079964929909886351e+00
-6.655653573443700566e-01
6.194374915303333395e-01
3.266957109185330665e+00
4.075646992611231312e+00
1.721387764867729153e+00
1.730368151252408282e+00
-1.148818505440780235e+00
5.287344723787201772e-01
-9.165749863836891720e-01
3.974659950670858422e+00
2.026693342529629405e+00
-1.028985758773953485e+00
-1.519075955301762537e+00
1.103118664391811166e-02
3.293646663922922713e+00
-1.097546838152405613e-01
-2.894897467946258018e+00
4.447020835823067841e-01
-1.979788628238602577e+00
3.409624173159224725e+00
-2.702509777074566077e+00
-4.220231005174914785e-01
2.507617094620360199e+00
-2.579383660033851555e+00
4.546959593597625471e+00
1.600183307216180850e+00
2.060838972959357918e-01
2.179106933557585002e+00
2.084232158971344617e+00
-2.906460123635148385e+00
-1.118126523820803353e+00
-6.023033287770065414e-01
4.030025387629796896e+00
1.415372677480631225e+00
-2.109124086702899525e+00
4.675627531034649564e-01
6.541048876464135020e-01
-3.694027022142120753e+00
2.091556969108673059e+00
-2.052213071749231954e+00
2.203666258042069614e-01
-3.474364135003598530e+00
3.055285513014165844e+00
-3.269015868775237976e+00
-1.507589564449793418e+00
-2.596573179372550833e+00
2.020746245071016745e+00
1.909573355954316654e+00
1.815095951898078042e+00
2.769067572228940399e+00
-9.037162974297103801e-01
-7.026819019333760963e-01
-1.199982093830414875e+00
-1.675478497543179124e+00
2.543311818556375670e+00
-1.812620521570211807e+00
1.243984870074981153e+00
4.130276885177055490e+00
9.558051665349962533e-01
-2.381253825661652002e+00
2.725197451603289522e+00
-4.200757800957236832e+00
3.170640265908271971e+00
-1.656664075849895390e+00
-3.167668052690376435e+00
-3.820889059178398384e-01
2.101082006741300745e+00
-3.093422362015221250e+00
-6.280033722572611055e-01
-1.761189851248163851e+00
7.547707626497981437e-01
3.745209283842640957e-01
-1.012707053010879488e+00
4.855987177270240096e-01
8.460928531075673220e-02
-6.312485835781789234e-02
2.470475161578544743e-01
3.906655205848919010e-01
4.637255110845060813e+00
-1.387071015347452363e+00
2.754794357356448842e+00
-2.864617006862288484e+00
2.312909178085904571e+00
3.581659448567748427e+00
-2.235626864739297393e+00
-1.510203966210512228e+00
-2.074593291654980742e+00
1.131008950222902598e-01
-9.267926697229444954e-01
2.072648027993464481e-01
1.868986422460139352e-02
-3.319447321707031495e+00
-8.917067988377382903e-01
-3.692256110342888586e+00
-1.924410799560070107e+00
2.272822097896280980e-01
4.459100584865431927e-01
-1.408298939415718820e+00
3.012469148201269320e+00
3.234031730281703432e+00
-2.945874213794096974e+00
9.227181511370048383e-01
2.611206211720089598e+00
-2.858324068482955838e-01
2.174679204659614840e+00
3.471774493393118277e+00
-3.443149341993654300e+00
-1.826097515556288631e+00
4.062068360204358797e+00
-1.054409561463101053e+00
2.213251829617091104e-01
2.482319307740529446e+00
1.893187934413433027e+00
1.963963937368101931e+00
4.714459490292455257e-01
-3.952689395493133695e+00
-2.012193050748326328e+00
-2.258935369001639160e+00
1.231973997309918190e+00
-3.284564800407371088e+00
-8.701731659627203186e-01
-9.661849521200780444e-01
1.549316231115655640e+00
3.095069423429912092e+00
-1.057709967715902977e-01
-7.374820085895548161e-01
-1.921269776496301152e+00
7.166045186617289176e-01
-1.127428742699390085e-01
1.057343982396064419e+00
3.642842183717169391e+00
-3.454530361051124654e+00
5.602619813546150240e-01
3.383166628947522625e+00
1.541735991355954738e-01
3.154345849955602077e+00
1.321998192940965211e-01
-2.829509217367879081e+00
2.206768689610360212e+00
3.354666240332981886e-02
1.666403577885128051e+00
-2.156806944880814925e+00
2.909729253368001700e+00
-2.858304501684344245e+00
5.448667492363927778e-01
-3.427942165157106480e+00
4.215322153657615090e+00
8.847086379214230689e-01
-1.231159695957173117e+00
6.661572583888268895e-01
-2.200770805552278553e+00
5.052424710329752600e-01
-2.258020033139969129e+00
2.373303135734641245e-01
4.204756746745047735e+00
1.764554060925736856e+00
-4.068578799906743981e+00
-2.873161306658191805e+00
3.352109506320136489e+00
-1.234506591949584120e+00
3.906494129438302210e+00
4.738269836002247715e+00
8.224643226653904904e-01
-1.482802406694616604e+00
2.965211861936321469e+00
3.549886065805216262e+00
5.921016546635380351e-01
4.185006500252917760e+00
-5.355464336004107651e-01
-1.029344331347123997e+00
3.212469932057047117e-01
-2.355275722785808767e+00
1.194113951008882069e+00
-1.238416289568764483e-01
2.250010704470328804e-01
1.544254519868395903e+00
-1.753391333861828549e+00
3.804517166564895803e-01
8.600051330345390710e-01
2.769202076931005507e+00
-3.601042057658420781e+00
-2.930909033851587076e+00
-1.223753495075886377e+00
-1.826546260695838697e+00
-1.197603721213297057e+00
-3.105663034663173505e+00
1.023522633839989204e+00
-3.413003000568903378e+00
-2.736667667656311309e+00
1.438417522223302214e+00
1.325055139892523215e+00
3.006496074000917673e+00
3.221556891773841969e+00
1.382225999780853698e+00
-9.124293773052816192e-02
1.564849090583351199e+00
3.809785169920571590e+00
4.347694904161331309e+00
2.651500545814777787e+00
-1.565355562004047130e-01
1.293244738330429300e+00
2.978874903782781303e+00
-4.638722940403284589e+00
1.803963354110289075e+00
2.321383858149008717e-01
2.740227910736871664e+00
-1.323763780521962641e+00
-3.109073848643936877e+00
1.581845026779999941e+00
-3.219079836457603427e+00
-6.002372575609289385e-01
3.079991977042107365e+00
-1.978593926368175104e+00
1.684077753138958577e+00
9.179393349689268788e-01
2.969959444545593463e+00
3.284407403327339381e+00
-4.623708738285455588e+00
-4.393758340083149250e-01
3.397030112860377926e+00
-3.813529750848192457e+00
3.970823961580416395e-01
-3.910033716511533974e+00
5.344296864191377949e-01
2.120618437756003338e+00
-2.679402200150709845e+00
-1.873324648580645846e+00
-3.167284962886163235e+00
-1.015108763789997592e+00
-4.311275438825098227e+00
-3.034050352446704846e+00
-1.720566214958358930e+00
-2.611532555148579959e+00
-1.659434532267347606e+00
-2.442477730858944263e+00
-1.611915327314701329e-01
2.533909926607044838e+00
2.079343006096192603e+00
-4.573732749079049142e-01
-4.603038011969954546e+00
4.069917354595244063e+00
7.900391581017096598e-01
-8.771916379832482846e-01
3.657302653822871008e+00
2.865159761365363877e+00
-3.433182942500385693e+00
8.836757402386119509e-01
1.326139768910547190e+00
8.263999001217001705e-01
-3.609140444136436976e+00
1.424350731910976720e+00
-2.020328363122669835e+00
1.515782903441831309e-01
-1.463741223465166996e-01
-4.023267298252853230e+00
1.148130650754360715e+00
2.723273329856778169e+00
1.761126674257633695e+00
-2.139234946089855427e+00
2.104047068290051392e+00
3.389956569072211323e+00
5.222901022173420671e-01
2.187671150841721257e+00
4.289439417611344396e+00
1.967586389394064383e+00
3.653195120698365272e+00
1.678063488515473267e-01
-2.439136551362107053e+00
-3.699606244590179394e+00
3.989747142345478892e-02
1.606479332306729901e+00
-1.559272766815149591e+00
-1.694189290963119099e+00
-4.062661177244769384e+00
4.024772185748059172e+00
-1.342458528485399594e+00
3.282602461701234375e+00
2.175871823029355667e+00
-2.694653381723793206e+00
-1.991306118334090769e-01
1.116152538868234956e+00
-3.644684189162070709e+00
1.914606654314635392e+00
3.915658746235475718e+00
-1.465549738495310450e+00
-5.943371428928223565e-02
1.851159829592329054e+00
-9.015662001311426366e-01
2.887081703525776533e+00
1.024078751920547425e+00
-1.438017293751899128e+00
-1.136989981438236264e+00
2.544838548540901968e-01
2.623841729592149008e+00
-1.007631147516628189e+00
-9.009068618645832416e-01
3.601683995199520538e-01
4.160575001562527575e-01
3.693418820821152693e+00
-2.316726976758268997e+00
-2.693388926151354390e+00
-3.687156518556724993e+00
-4.759022321359141827e+00
-2.554612983791431979e+00
1.825834889932982819e+00
-4.606196310248541259e+00
-2.414095816590428711e+00
-6.219719974925830286e-02
7.089426430415404212e-01
6.835727959338733228e-01
-3.478332069806468585e+00
-1.128538205861597810e+00
-3.917293996266753009e+00
3.457874556191649518e+00
1.903555393205982327e+00
-3.620493048766460831e+00
-2.379880492807098236e-01
-1.051151218392176290e+00
2.971073682699447716e+00
2.007298320962807026e-01
4.323324401602198108e+00
-1.255243948782291064e+00
1.673677932789521705e+00
-2.071062958583421043e+00
-2.821125787238925042e-01
1.087879627683437711e+00
-4.142573307071877764e+00
2.447007219047749871e+00
7.330618052212152236e-01
-3.296980419318236599e+00
-9.264297814559085964e-01
-1.329511932453721901e+00
-1.110794508875557085e+00
-2.362321198480618278e+00
-3.254732468251941402e+00
-2.638013754228875740e+00
-2.602425363119702517e+00
-1.808764475256595894e+00
-2.271697385321615581e+00
3.687504895270144800e+00
1.799394417921718059e-01
7.117001727075331630e-01
-4.373538326987098657e-01
-1.079175007201585323e+00
-9.558083495488665093e-01
-9.898096587470970320e-01
-2.752034368330956937e+00
2.565374286315561747e+00
-1.419335044677700886e+00
-4.239359637692938776e-01
2.272007735693639674e-01
1.662257248630492512e+00
4.529029460002353957e-01
-4.076050396591280212e+00
5.646843196949644650e-01
4.914582481158564775e-01
-1.152135263410465793e+00
1.731873889146804402e-01
4.567433820244524156e-01
5.111062421759058338e-01
-1.940560037746852373e-02
1.457214862569618852e+00
1.017978796451597390e+00
9.100128247893870537e-01
1.981939872681460102e+00
-1.074730653914581779e+00
4.565966729157111104e+00
2.548564448695117335e+00
-1.310827488726384438e+00
-1.130370521470382528e+00
-1.539637661569029703e+00
-9.897485539986075054e-01
-2.786230691183583907e+00
-4.024182113666070926e+00
3.868281730774592475e+00
1.364529280767001751e-01
-1.803744324236105090e+00
-2.749340441147162917e+00
-1.152020096687996542e+00
4.036217283422203650e+00
-1.934312585111545690e+00
4.773853517717743244e+00
2.466676946022521300e+00
1.890842907362504377e+00
1.852079281547974077e+00
-6.649786341272392320e-01
2.324022205917792405e+00
2.481098638103839349e+00
-3.394790732741408856e+00
-4.307768337294263006e+00
-3.565000748360554361e+00
-1.830754618300099779e+00
-1.449721032009466004e+00
-3.143421906691186152e+00
1.972718698802213844e+00
-2.848878854250923354e+00
1.514014988949504925e+00
5.456879359232589266e-01
-9.626290422396603930e-01
-2.237094919659479597e+00
-3.346713993756480932e+00
-2.327619774275671016e+00
-2.475910821579985210e-01
1.233462835068305452e+00
2.551185972800707802e+00
1.417191877543753975e+00
-9.353284974049103084e-02
2.861028445532340925e-01
-1.984853321771753443e+00
-3.468227658345488962e+00
-1.115644745295925944e+00
-6.797467693292427171e-01
2.197549810712811080e+00
2.269054106455374864e+00
2.217905795805274138e+00
-2.809862274508828861e+00
4.107327395066237230e+00
-4.310228043633221873e-01
2.145115419826860936e+00
-4.732141800969559498e+00
2.751123330748894702e-01
-6.470766235598928162e-01
2.580578910201918319e-01
-8.703317206352476632e-01
-2.091106614976183220e+00
3.163789636114032078e+00
3.266083277868501611e+00
-2.422014089020052552e-01
2.213818905650603241e+00
-3.880916340214767946e+00
1.229639853339374866e+00
-6.981536425512011590e-01
-2.901786308880398568e+00
2.342317545286155323e+00
6.295020818547394370e-01
-2.461353459135452226e+00
7.071823775332841677e-01
2.233460678633000462e+00
-2.808828767717630459e+00
-2.644460347455197091e+00
-3.322659163358090417e+00
-1.928081988562480031e+00
8.860633626914022898e-01
-8.961657193642853514e-01
2.341545488187647628e+00
-3.016996210716629268e+00
1.490624824574667606e+00
-1.106306563645597763e+00
3.023049848213563706e+00
1.456762565941040144e+00
3.669399151216929056e+00
-2.683008646645800077e+00
-2.323005678157992193e-01
-3.169906593453462484e+00
-1.562350701337993364e+00
3.204710619733919685e+00
7.021136253053006371e-01
-2.181946092189059883e+00
1.039328107845810756e+00
3.708880085715211550e+00
3.589377136687783576e-01
-2.324920653523285807e-01
-2.229219332914075480e+00
-6.897827133036615876e-01
3.461175401653450834e+00
-2.265957108828049904e+00
-4.493264749345675213e+00
2.429529277690050115e+00
-4.329543453741155901e-01
-3.831461798716540024e+00
1.645644003300164471e+00
3.759322990492094618e+00
-2.452903012441382202e+00
-2.610106737228186091e-01
-2.093060498261592350e+00
-3.024861985204088111e+00
1.981412879020112427e-01
7.848464408474651322e-01
6.893193788346589912e-01
3.648685709448754366e+00
3.743684872301287214e-01
3.406644859868794839e+00
7.661636028838758605e-01
4.651565426426609307e-01
-4.330257495541605550e+00
-5.676958961765157241e-01
-1.085015582694444536e+00
1.813270749540507154e+00
2.420120601445978181e+00
3.064546363218298097e+00
6.195907323367961794e-01
3.454182336568065281e+00
-2.301747197517403087e+00
2.457304734474876184e+00
-1.446670972410047273e+00
-3.421640559563003947e-01
-4.072653691073661264e+00
1.844019105770922096e-02
-4.334009323142495873e-02
2.016126258630305479e+00
-3.261595578550354091e+00
8.211089253295629220e-01
1.051180324494521479e+00
1.117653762049918953e+00
2.772633492914589048e+00
-2.126474435477647695e+00
-4.195124943047723320e-01
-3.925933196736708819e+00
2.455306015132379116e-01
2.744251419703122252e+00
2.116603664640371640e+00
4.834290741474323028e-02
1.000829613435661791e+00
-2.543988672442011101e+00
4.280278493669575468e+00
3.428252948123599708e+00
-8.808891083231511487e-01
-1.109445696643446055e+00
-4.711853827596979905e+00
-3.797344340432768917e-01
-1.914131839585273553e+00
1.582939718244649185e-01
4.743053771301024568e-01
-9.296319200012348460e-01
-6.310536253550926844e-01
-2.499402176459750713e+00
-1.369896514332051840e+00
2.047574273393298228e+00
-1.621066040426236476e+00
3.091543792092448228e-01
-1.168623268917281521e-01
-1.537042268976737347e+00
-3.127879031481919370e+00
2.598012518168435037e+00
3.706163981255317097e+00
-9.164360880954696142e-01
1.519561224362821150e+00
1.537126381934905694e+00
-2.147304979484176979e+00
-1.392327460147914753e+00
-3.627951722379695099e+00
4.292892225994203059e+00
4.483468706681335902e+00
-3.288520162266752145e+00
2.022966476296281790e+00
-4.149595090794207408e+00
-1.824940437311964203e+00
-2.056030987515418129e+00
4.257090713912633717e+00
3.353965427491273132e+00
9.259576960329525264e-01
-3.774925091170873159e-01
1.421808582723950387e+00
-3.412148646039341759e+00
2.977776834907683856e+00
-1.858779182037046951e+00
2.618066927270952249e+00
5.246441802725385628e-01
-1.284605644400501845e+00
3.436712848967740541e+00
-1.462986979580427338e+00
2.453047145502250004e+00
-7.482405441035666627e-02
-3.080597555093586237e+00
-1.564922842250109358e+00
-3.516737263026461502e+00
3.283608944458030976e+00
-3.100124587719772062e+00
3.850527499043170820e+00
4.572498718546558649e+00
-2.262768903037475354e-01
2.827211757169846962e+00
-1.768271701110069483e+00
-1.861845529401762178e-01
-8.186423143943599712e-01
1.930996338216743879e+00
-1.613183107490744561e+00
3.950410948804714550e-01
-1.233038540215940060e+00
-3.964458575223175352e+00
8.442506340033109069e-01
-3.230557639933596903e+00
-9.959141143194463197e-01
2.251263492547780132e+00
1.239680667930316282e+00
-1.231058470630077561e+00
7.163528080075849402e-01
-3.525369905766808643e-01
-2.032518720725184025e+00
3.419873090115013170e-01
6.524756099276913801e-01
2.233589170321527817e+00
-3.744598200485125261e-01
-3.205687351332933144e+00
-3.584218307027497552e+00
3.744130616494061314e-01
-1.107670690958058479e+00
2.028844314885525968e+00
-1.585326671998851467e+00
-1.071985056277539705e+00
8.095244369712872867e-03
-1.790519557029060849e+00
9.247515536474075759e-01
-4.057723581437726601e+00
4.066092473728398105e+00
-2.243590276428699681e+00
2.702745559496042560e+00
3.379791936944481989e+00
-2.545938095508317289e+00
3.043850609034292276e+00
5.571004674078388064e-01
-2.807223346400525177e+00
-8.755347823863397494e-01
-1.337463072520409746e+00
-3.495635766454272542e-01
-8.921773756400339650e-01
2.563688474225733316e+00
2.321664385073491488e+00
1.057659129830500255e+00
-2.982339656507896564e+00
1.641863477542448102e+00
7.977762039496631985e-01
5.247037904170781530e-02
1.955674283351605425e+00
-2.501013161389342709e+00
3.992754534494082463e+00
-3.704058376074028658e-01
2.923499613742455594e+00
7.429992110822336571e-01
3.622686791096606740e+00
1.799907622349383729e+00
-3.164801587229613133e-01
6.635333693362097662e-01
-2.811184794884604710e+00
3.419595759726574258e+00
-3.795939223565066190e+00
-5.846730405334197300e-01
1.021925592392086912e+00
-2.169014645909380867e+00
-4.327543995568318813e+00
4.212911688495852403e+00
-9.247698348672139801e-01
1.812919588405900839e+00
-3.627722064808369673e+00
-1.769790333324241960e+00
2.963338217305214073e+00
-3.202715612515405930e+00
2.419389153193999498e+00
-1.800946486096904664e+00
-1.709287314123026924e+00
1.934515502769138529e+00
2.015811045071798091e+00
-1.355439011573120744e+00
1.086612478086053102e-01
3.577124667732928032e+00
-1.362428876089157193e+00
-3.329117968871896593e+00
1.795634799517598523e+00
-1.816886822965937398e-01
6.143867300233214479e-01
-3.685372113965180052e+00
3.851705041636680704e+00
-2.775679435311535936e+00
-1.336636361996475397e+00
-1.312435484159275134e+00
-2.611985303214384047e+00
4.786420607172237496e+00
-4.311466931777456324e+00
7.602227006128110531e-01
9.168063512761825962e-01
-1.558251216752555290e+00
-4.518659846355125076e+00
-2.108872785503355107e+00
2.535984117944423133e-03
2.144806923753931116e+00
3.826227958933586137e+00
1.247295455037146894e+00
-1.213988841159320931e+00
-6.098359797458039466e-01
-4.126677564298457668e-01
-7.189951171263357921e-01
-3.464404588895440895e+00
4.791014306284051116e+00
3.045167458012098649e+00
-1.532435178286033484e+00
-2.349788495186189152e-02
1.923795537891993312e+00
3.743638997657054546e+00
3.084597319675019378e+00
2.147975724090813721e+00
9.971706693747695027e-01
3.123625416224374618e+00
-2.484370441638227511e+00
4.191971544331707378e-02
-3.497217986896817177e+00
-4.456128558093231717e+00
7.883363913151075764e-01
-3.843024358911932392e+00
-1.769093471851739263e+00
-2.694708053220935540e-01
1.013195608392631897e+00
4.116697776051150726e+00
2.785279753748639564e-01
2.394623609587638313e+00
2.194034767815777442e+00
2.814343690304140111e+00
-4.274289193498931105e+00
1.190806040808500832e+00
1.811537660475463163e+00
3.006919240459692944e+00
2.946218100637707948e+00
4.227597998508707988e+00
4.745188172216463940e+00
-1.660879138858997184e+00
-3.121036942436695938e+00
-1.837353179989758001e+00
1.646471638097796841e+00
-3.067970976065837796e+00
1.293643782634504191e+00
2.245627726150905445e+00
-1.627532668973286079e+00
1.543179621031764981e-02
6.377337549677442041e-01
-1.972229174992082168e+00
-1.609749603968907650e+00
1.127918994495065164e+00
1.308354392907378205e+00
1.572137692300143996e-01
-1.618295406049313101e+00
-1.300992499533517144e+00
-2.167458544756346139e+00
-9.126139419164944755e-01
1.255604794935480051e+00
-3.369114426525339656e+00
-1.615027607441317681e+00
4.150475837191381245e+00
2.966081702549381305e+00
-3.364460727136392215e+00
1.365270765449722035e-01
-4.061066096281635396e+00
1.470432160878973882e+00
-6.838951330195683909e-01
-2.940424422168543828e+00
-3.684612040863752824e+00
4.415267188817184163e+00
1.013299082581708532e+00
-3.748385294632994746e+00
1.875019801665969155e+00
2.587321582704930734e+00
-3.593217900095113215e+00
2.435986057376186231e+00
-6.622147837036864715e-01
1.004291411743736262e-01
1.943617083554968872e+00
-2.505857899187758697e+00
3.967991340478409512e+00
-1.614706144479629568e+00
4.161537620318522812e-01
-4.688215968486302287e+00
7.410479180955480416e-01
2.543975543372313908e+00
-2.977769987349405678e+00
1.710372486852495655e+00
-2.872052275472896099e-01
-3.304123557145742573e+00
2.301080371687036497e+00
-7.787444003206189791e-01
9.693312644094724817e-01
-5.966312757449827586e-01
4.789475777838731574e+00
-1.035485190998292282e+00
-2.207756390648984102e+00
-5.950404274553298123e-01
3.481858808054948184e+00
7.903904853380048223e-01
-7.802928163959617081e-01
-1.426684309153921859e+00
9.160413872805399649e-01
-3.467812583988362896e+00
-2.051287102298079645e+00
5.553868952062401831e-02
2.294354542308929545e+00
-3.496026184527662117e+00
1.956238819130873274e+00
-1.053843307269352714e+00
5.281641278506103987e-01
1.811975448071974526e+00
-3.052973242422762912e+00
4.389416014677447464e-01
4.380128102847519855e+00
-2.407317578852699036e+00
3.348154310810070200e+00
-3.657402101601216593e+00
-7.284907646307656748e-01
4.581385937020820975e-01
1.252723557519807684e+00
-1.111797427930399262e+00
1.308269652253160942e+00
2.143994013128360798e+00
-3.110794805797080897e+00
3.254303268487587886e+00
2.458567705867187314e-01
-3.425446941650900357e+00
4.279869784387575038e+00
2.504046973198342130e+00
2.910531696714918404e+00
-2.479276343955168826e+00
2.118374890821278278e+00
-4.074988712003267288e+00
-3.998666173180335015e+00
-2.302214635310397828e+00
1.774440112937237579e+00
-4.488226541798601588e+00
-1.810944407437348858e+00
4.208473103999292420e+00
-2.147237941556211283e+00
3.862291614840692944e+00
1.316274924592111262e-01
-2.167531194599488842e+00
1.462829558407500841e+00
-3.908529052233005174e+00
1.065562947169875763e+00
-2.507084638427775403e+00
-2.457277885878808021e-01
2.246589561469694907e+00
3.192590430101677867e+00
-2.243060379519111969e+00
-3.258181513286013242e+00
3.329716430414528361e+00
7.276793364824660770e-01
7.851127680155434163e-01
1.900089109706537549e+00
4.448263055107828379e-01
-7.342520396225733492e-01
-2.482048576674297458e+00
1.662227570625200102e+00
-1.104160228100024010e+00
-1.626462873974513279e+00
2.621547068536042246e+00
2.940460137215634262e+00
2.136168081660395401e+00
-1.100204461946414192e+00
-2.548562460709566491e+00
-3.901879350895447462e+00
7.348626425633062453e-01
2.140190392632925764e+00
-1.688093843991293141e+00
2.505068094948025959e+00
-3.392981431251675062e+00
3.306890071210544235e-01
1.904672934195954070e+00
6.088598711919939177e-01
-3.422549533322048809e+00
1.569625118716686529e-01
-3.226302098764813664e+00
-1.725217729263262001e-01
7.760947324248865797e-01
3.334851128357200878e+00
-4.262572981164164609e+00
-3.346108214615111542e+00
-4.441632305839621431e+00
3.006715322487236719e+00
-1.612079761814947609e+00
-7.472191766990752271e-01
-1.500380408241475561e+00
2.339595194054574279e+00
1.036720466790235662e+00
-4.278717154818139967e+00
1.066843899775871130e+00
-2.246852997300490262e+00
1.291293685583740469e+00
3.272772640542275013e+00
-5.685575096219084301e-01
1.610927440410296896e+00
-1.806018089842335250e+00
-1.904540971195468835e+00
3.974875364483100526e+00
-1.088225957503295316e+00
-2.202348745428146515e+00
1.728734901389242573e+00
-7.111004564962417618e-01
1.511283322868242074e+00
2.022314731236614982e+00
-5.815858392058785853e-01
-1.357786914168457315e-02
-4.012525924415077938e-01
-3.258587488066932991e+00
2.345158639192729488e+00
-3.098808789586351420e+00
-1.092927914281363933e+00
-9.076062571952601132e-01
-2.104971228642670056e+00
-2.114055835575088693e+00
-3.040658325450256605e+00
2.248378793349554705e+00
-4.662116661315639732e+00
-4.480746852551144244e+00
-7.218699745563839087e-01
3.708555837898048324e+00
3.310508661863721613e+00
-3.006237496470179238e+00
-1.210576122589498205e+00
-2.304366809670463923e+00
3.657647936296584135e-01
2.256543112540480678e+00
1.228727960131430486e+00
3.858627720673785788e+00
9.567042024475558293e-01
1.704126158013250958e+00
2.634436890342168880e-01
-9.756017086009034500e-01
-6.008174762519811196e-01
1.903335374381130762e+00
-1.021259239198759161e+00
-6.067838305530752763e-01
-2.989384481884283407e+00
-1.752642573935610404e+00
-4.232234889649062026e+00
2.586100007645133481e+00
3.930984259504658240e+00
-1.894227456788003749e+00
-7.490981690118401204e-01
1.583984229902881680e-01
1.686985822928342316e+00
6.993543206942813839e-01
-2.011894032445091796e-01
-1.125612220023948229e+00
7.094628212467579687e-01
3.312969724404608129e+00
2.918187932136680374e+00
-1.150261114782451521e+00
4.294411173797829662e-02
-2.116367437946582442e-01
3.495452513720818999e+00
-1.734740862653670668e+00
1.726054864208094841e+00
1.128749242996710755e+00
6.501813764337418533e-01
3.554523271214240054e+00
3.032618796164355146e+00
-1.708205139847366105e+00
-7.475420952650519979e-01
-6.545214911462986507e-01
8.026118704077465082e-01
1.308962347721277730e+00
2.173667666320099556e+00
-3.525295512842810286e+00
8.561274165952461601e-01
-3.046769092014320002e+00
-4.438326108272741877e+00
2.505418247238111462e+00
2.024465411488707289e-01
7.888138771220969403e-01
-4.344322289632920331e-01
6.766891749013037582e-01
2.432648419984911214e+00
1.892654904891022838e+00
1.524358300142958811e+00
1.927116027574447443e+00
8.005986300948819689e-01
1.563427086796972176e+00
-2.404280371664162530e+00
3.262626992739621201e+00
-4.099445301579647705e+00
4.199815793695353960e-01
-1.883110561245914916e+00
3.321955535182830488e+00
1.200205446033467460e+00
-1.978817459095241649e+00
3.608670569610211487e+00
-4.388918828654356119e+00
2.986771021493757949e+00
1.235412672178809679e+00
4.029051337407388189e+00
-3.732791483684667622e+00
1.458460686726169797e+00
-1.483233069237501311e+00
9.775528357237250887e-01
1.740388510491666096e-01
-4.730955938035362074e+00
-4.318792180097569045e+00
-4.526575305037766839e+00
1.721691605492841504e+00
-2.818000682668781565e+00
3.827994327513549067e+00
1.035791387805331532e+00
-1.416909414086616970e+00
1.510123474090317330e+00
3.628273549076400428e+00
-3.101663480777876458e-01
1.457207526443794698e+00
-1.688650422706884591e+00
-2.380565007417816847e+00
-2.354709708677562574e-01
-3.004136641671064201e+00
2.569968966888165340e-01
3.721918854564396639e+00
-1.402116935948672705e+00
-6.587314946595652643e-01
2.291659412809574192e+00
-1.299430613888774566e+00
-4.825194524783675831e-01
8.919186368657445740e-01
-6.938895724204341420e-01
1.146753184757769439e+00
-3.476414855991276642e+00
2.163508885772392532e+00
2.976817785341254741e+00
-3.336724635684282791e+00
2.532102430826093098e+00
-1.265387396981192403e+00
2.863489350015107071e+00
2.341223807780545840e+00
-1.100539572702441404e+00
3.681277076499478440e-01
-9.556152345402519899e-01
2.688628167653668299e-01
3.202622301883138789e+00
2.821783063132774494e+00
4.521522934315335362e+00
-2.255302822632913706e+00
9.053519116652015697e-01
-1.510255642088464079e+00
1.079599818671171718e+00
4.204730071195706742e+00
-2.111308686153501313e+00
-3.013954886957938228e+00
3.073799026999637363e+00
1.097532602956521330e-01
-3.416296530907825257e-02
3.246283917495640381e+00
-1.139679721533199963e+00
8.366888278397865975e-02
-2.178154262241642325e+00
1.829855353081928371e-01
2.820603983918612556e-02
-2.138050581857692922e+00
-2.147967355013891133e+00
-2.160610137011754972e+00
-4.000076401111623881e+00
3.705428681986710160e+00
-2.399203234904048632e+00
-2.347214823683363871e+00
-8.722728093819256401e-01
1.965794805810904933e+00
-4.370474811426294792e+00
-9.537933197415284781e-01
-2.260046111536193170e+00
5.457924193907395249e-01
-6.851363451460992238e-01
-1.075737748275240602e+00
3.360183666491030507e+00
-1.215369055425311373e+00
3.396475871077660358e+00
4.663208780032368495e-01
5.133390498070760088e-01
-3.116244902748043888e+00
3.667930024410466672e+00
2.206123716136545454e-01
1.609316983036817028e+00
3.989403286113349267e+00
1.980644658111354595e+00
-1.127517585547061607e+00
-1.503176048398520592e+00
-4.248431998760242578e-01
-4.436275663011270964e+00
5.723350639131306039e-01
2.441049541514990651e+00
4.077984889112936884e+00
3.861182720942760938e+00
1.581404559789585385e+00
-2.582364752429410881e+00
-1.560734595102580613e+00
3.580223633381221404e+00
1.827745146938197784e+00
-2.453333781240934375e+00
2.113514996929206191e+00
7.649019797515546060e-01
-3.502305132153358702e+00
4.574631382665330648e-01
-2.344099144665275247e+00
4.295649008151587012e+00
-7.416457585786870865e-01
5.537071039005976303e-01
