2.007590649717314157e+00
2.337074576427484729e+00
1.808045950023705828e+00
6.041734473003721462e-01
1.074835987347514177e+00
3.001003496868813514e+00
1.586235746540029190e+00
1.709634612397950448e+00
1.919261440266171626e+00
2.033288785756819372e+00
2.460784146688704155e+00
2.096607697990010344e+00
1.741598226079182687e+00
2.581602527636421840e+00
3.949932264601784482e+00
1.806198604128915974e+00
3.706889235040437214e+00
2.344048349375724705e+00
4.008325591892942796e+00
3.278573153764011039e+00
7.485136554631877104e-01
2.859099978578383272e+00
3.187678218050091772e+00
2.927241469419369579e+00
2.283218344433171509e+00
3.296566010353613407e+00
2.424646651724592594e+00
2.136722547815444351e+00
2.118366474772617636e+00
2.780682686369264189e+00
1.879081134632340166e+00
1.674658415895722285e+00
3.017642067234092451e+00
1.071564142937327269e+00
1.984206488117040479e+00
2.054366217228927205e+00
2.309470117843295256e+00
3.651486428946489227e+00
1.749525034533006007e+00
4.241570830781665080e+00
3.435253948688936632e+00
4.070287552811603149e+00
3.506184636604288585e+00
4.183886283215507262e+00
3.797402157266450473e+00
2.704008741402859073e+00
1.730423597990716544e+00
2.538431775037434335e+00
2.232648373159958233e+00
2.631949039705633098e+00
7.660769948775456584e-01
1.766002744620688070e+00
3.734104670936460479e+00
3.434143544038006368e+00
2.627678652957598615e+00
2.182972155160221917e+00
3.986852149456115768e+00
2.815186184476887732e+00
1.362638301160429499e+00
1.442402470831613215e+00
3.141746439803910107e+00
2.156083082723218247e+00
2.692925324452621005e+00
2.199267530786540803e+00
1.706883493706293109e+00
2.239989644267651236e+00
6.381383063448442527e-01
3.086628254590005227e+00
1.146348261049346284e+00
2.722033772989810529e+00
2.808432213304540959e+00
8.686234323988148986e-01
1.991804972452499989e+00
4.017946279119556152e+00
2.031147319763598524e+00
9.548331571202854917e-01
4.098992359873257385e+00
9.793931788330318966e-01
3.195233132124275954e+00
2.621263542897833254e+00
2.578712800102480607e+00
2.266669075278464618e+00
3.332378102546462273e+00
9.639888262822662313e-01
4.089987636218117117e+00
1.827453588736202228e+00
1.147324118710898233e+00
3.560162032336631199e+00
1.989394547231329469e+00
2.367107261526626871e+00
3.778748795143103578e+00
6.663664916516376380e-01
3.197237013632454605e+00
2.411676348962536132e+00
2.094800145323239882e+00
1.838106038192647951e+00
3.474141819143710563e+00
2.407627959627403058e+00
2.318114448862241161e+00
2.518040025320942732e+00
7.312034526776498566e-01
2.099179063800501233e+00
2.270257188904938772e+00
3.408291820947269457e+00
8.479887891386281851e-01
3.522911785234358106e+00
2.686824914096749950e+00
3.069746708715337391e+00
2.935794145914353059e+00
2.253467818140006962e+00
2.777199925420855919e+00
2.354439229765000974e+00
3.881067871029090455e+00
3.456425878019743436e+00
2.514541360841185735e+00
2.356978887254385313e+00
2.035481398318228052e+00
2.556777190215709261e+00
3.265320291174077738e+00
1.591523225675286035e+00
8.258074218404534150e-01
2.505779742902170426e+00
3.316217566780562009e+00
2.720042848425368476e+00
1.527828560390346979e+00
3.552626053876842604e+00
2.626051570134225521e+00
1.480295605598138664e+00
2.804137218360630790e+00
1.111827835703302902e+00
3.897150362200578755e+00
3.990614643678735973e+00
1.363163364058296523e+00
2.274566724636327031e+00
1.374772281202071511e+00
4.185901604832908518e+00
4.029631113812900622e+00
1.749929207814777676e+00
2.226576734489017717e+00
3.378911037213299551e+00
1.929081371363541741e+00
2.514887490302301742e+00
2.950583723260851166e+00
3.837437372196848884e+00
1.972332787496291928e+00
2.281551361006417977e+00
3.869377001505563740e+00
2.672172834427008148e+00
9.622040406338321361e-01
4.354268583967565220e+00
4.192531104029795230e+00
1.876260156030340909e+00
2.466225597689949645e+00
2.703590059730647255e+00
1.621672891950453277e+00
8.122473877005980114e-01
1.179632108478728014e+00
1.608963880501448784e+00
3.236969575841666114e+00
2.269404729039454338e+00
1.790627235612022972e+00
3.316309702387219005e+00
8.309259115844271903e-01
2.244009709774296368e+00
2.778422551728493062e+00
1.991204292891072924e+00
3.413704909684875943e+00
3.168534819985763917e+00
1.828109711036238316e+00
2.399195193929664072e+00
2.809057201167513895e+00
3.150711477443742581e+00
1.702600136885602744e+00
1.806531665085276295e+00
3.226701468551887331e+00
2.532991896873443061e+00
1.702057460301784175e+00
3.281709375182501276e+00
1.786127511012100655e+00
1.541338967213624400e+00
1.834779463940245492e+00
2.154668087830879486e+00
1.145857290884154445e+00
1.721917120953819769e+00
1.852254063744630308e+00
3.379818232889061136e+00
3.198516493187574028e+00
1.058017258095751423e+00
3.341285594522913627e+00
3.595988628278371735e+00
1.708738840818462279e+00
3.233464007084586811e+00
1.971556864221019723e+00
3.258024381797651969e+00
3.673861707366734564e+00
1.087475127375849837e+00
2.735155635589964440e+00
2.528274381433615936e+00
3.500862975932419019e+00
1.314739907898358595e+00
1.752043135392370665e+00
3.185679166765400083e+00
4.023284854990002657e+00
3.719737289490169019e+00
1.906897208303977465e+00
1.448513168166986276e+00
1.149725765573347047e+00
2.790850030408224214e+00
1.382290583182803623e+00
4.287392018870427535e+00
1.839158511882933666e+00
1.130994667667620135e+00
2.942080397340861353e+00
2.805311699723080032e+00
3.411684632937605599e+00
3.264669820864435579e+00
1.960278312305945292e+00
2.315915527285225650e+00
2.034092376692806958e+00
1.146466942550103063e+00
2.749747544987854120e+00
2.991592886277562258e+00
9.350930739241531953e-01
4.116895584883490500e+00
2.153749043751316705e+00
3.480322080279794505e+00
3.786746285712858651e+00
3.453603447267088455e+00
2.709055068915794173e+00
3.279203361373182801e+00
4.177880865036327052e+00
1.053316595848573733e+00
2.077140482039959934e+00
3.062690083730556623e+00
1.634592215723353448e+00
2.402638216448800712e+00
3.195382104910908794e+00
3.423616966158327557e+00
2.133479081112168885e+00
3.661223751240591184e+00
3.125656665343326424e+00
3.242644952224932098e+00
2.046874305846397846e+00
6.826644542795055060e-01
2.069921390015053930e+00
2.096413345081443502e+00
2.495815139138681360e+00
1.113240031688847331e+00
3.300624678189015171e+00
1.779148970636281746e+00
8.424293199217673944e-01
1.277297647937840175e+00
4.200171307312713154e+00
2.430571891832417286e+00
3.029982864675634602e+00
2.089992093982638188e+00
4.325451076579353682e+00
4.169508610247254055e+00
1.080472684519700799e+00
2.786335218595871410e+00
3.927364273487775392e+00
1.449874491657770825e+00
3.389452673013103379e+00
1.966602554091300803e+00
2.664127370825010388e+00
1.956344037772707267e+00
2.103973187002663003e+00
1.232061645980528475e+00
3.435991241168430577e+00
3.427584598483257139e+00
2.076423623788964612e+00
1.423921052576526236e+00
3.489999044384040516e+00
2.692042981780557120e+00
1.953124866317402564e+00
1.103778219751182732e+00
2.899352334781839957e+00
6.890798749875468587e-01
2.230880075259256579e+00
1.222936616573069735e+00
2.571751256904733829e+00
3.012651292466458131e+00
2.040322330321717281e+00
2.883322289170041408e+00
3.761123745523565987e+00
2.904173312002312990e+00
1.472916452663021403e+00
2.886426795268689283e+00
4.089462332602595396e+00
3.363833203611161338e+00
9.052397963808678227e-01
1.208944983091257974e+00
2.999026112908910413e+00
1.494578470339925858e+00
1.614239900972515684e+00
1.850309598445025294e+00
3.369014169787394763e+00
3.970836322467892643e+00
2.944370116361959333e+00
1.359638353641544839e+00
9.320338869898554535e-01
3.197229496894847145e+00
1.541540913302487326e+00
9.384642319612694905e-01
2.913209268004703034e+00
1.515102903432082648e+00
3.310002313491441583e+00
2.386936868717804749e+00
3.351431508218183808e+00
2.636333123561412251e+00
2.243080315387509849e+00
3.124534619468503749e+00
2.867720193067782475e+00
3.627188889810676997e+00
3.524178540793627690e+00
1.887381435888945802e+00
2.288452027085085660e+00
3.275805785553217220e+00
3.674561316004252731e+00
2.903547203598437321e+00
1.226337422306430724e+00
9.768041078080536010e-01
4.214831713614374920e+00
2.087159134720384834e+00
1.078331476077311279e+00
2.791997575168803536e+00
2.051732974790800412e+00
1.803928969349048117e+00
2.546441781287022366e+00
2.602351483991799164e+00
2.060687678352207008e+00
3.664288696309746740e+00
1.229995284202202832e+00
3.868518261290754268e+00
3.097240470886946540e+00
4.196260145931752561e+00
2.622712347904895935e+00
3.992571909415646658e+00
9.534001541821712777e-01
2.287245933003925202e+00
1.313749576105528227e+00
2.249905718450060377e+00
2.939920061271720009e+00
2.681144509197949333e+00
3.679990426468149778e+00
1.875449891569020977e+00
1.170752448443658444e+00
1.695630815504553190e+00
3.267402061537444169e+00
2.089538208520609786e+00
3.004782883014568640e+00
2.299480574170678970e+00
1.976478029547075188e+00
2.584865121208781424e+00
1.499331626553550123e+00
2.213520179850547720e+00
1.990674992812973443e+00
1.599615582525343527e+00
3.193017168416371732e+00
1.618522263965608943e+00
6.955324380797796024e-01
1.420986227282607928e+00
2.397926146865300367e+00
3.904017467770835026e+00
2.506962129827377872e+00
2.248815236696920294e+00
1.251209025419612431e+00
2.828438133982323244e+00
1.355225789165906747e+00
3.706808155610662681e+00
1.436824777189447566e+00
4.210139647960399856e+00
3.079238722209087342e+00
3.935045857357136967e+00
2.035953470920206954e+00
2.697880061504342564e+00
3.376545620446673723e+00
1.793710237774460481e+00
3.185590266434866535e+00
2.938750904009413745e+00
3.400041757602650705e+00
3.488726627253937451e+00
1.972110247625113999e+00
3.849145624106593999e+00
1.431139858362615591e+00
1.243418110962936751e+00
2.256836328672683578e+00
3.977883369800107261e+00
3.284910193116369115e+00
1.837299411221627210e+00
3.371872476564895749e+00
1.417146995107524177e+00
1.311120005309246217e+00
1.511496447868155180e+00
1.078761278110913935e+00
1.675973440049458141e+00
1.739649089022980100e+00
3.992956059324225038e+00
1.690962357673898353e+00
2.121654718119744487e+00
3.095567566336828946e+00
2.952161970386711687e+00
3.702990242243410890e+00
2.486071103173049579e+00
2.291541836448963920e+00
3.287619908058209361e+00
1.775592724792709909e+00
3.553840505444393116e+00
2.948399773525006040e+00
1.578551077376959988e+00
3.089214918564097800e+00
2.215026149875002126e+00
1.066316198369520407e+00
3.360766075418537113e+00
1.770527869986167069e+00
1.962106072941732116e+00
1.542375954123483162e+00
3.931415412025966560e+00
1.432213166849358288e+00
2.590643848012408768e+00
1.951100127408414764e+00
3.481093874367374497e+00
3.495549480277500010e+00
2.463513664761089572e+00
2.766413264110634707e+00
1.853960045655727917e+00
3.761674567673548353e+00
1.825907687566099113e+00
1.148522051741043271e+00
3.521080635098885026e+00
3.045302286642431966e+00
1.540099710075350181e+00
4.093967070131760977e+00
1.260886212620646596e+00
3.999784990326199718e+00
2.642820121835224079e+00
7.709525148988829457e-01
1.901152273587560337e+00
8.925589782411975648e-01
3.108317910239714266e+00
3.802711534462940079e+00
3.678152778534458989e+00
3.968980262568166495e+00
2.319823357606167313e+00
9.988598970393534060e-01
3.821867499474990382e+00
2.782574200771063211e+00
1.584342948118604433e+00
2.164670233114587283e+00
4.154596296739775596e+00
3.099462105174673354e+00
3.262583107313480113e+00
2.591110581401466995e+00
3.501174647372490512e+00
2.651722795415553335e+00
6.973263009121950518e-01
2.037418760469418721e+00
1.714484610322806191e+00
1.902558914610131602e+00
3.950783305761412123e+00
2.510371733930872651e+00
2.179753435679810281e+00
2.702356801242308038e+00
1.175072407813279263e+00
2.645516215922143921e+00
3.004970333762045698e+00
3.453778272750991363e+00
1.883071330614519923e+00
3.897788250883010619e+00
2.363254453385736475e+00
2.652305869867958243e+00
2.013452302540374106e+00
1.508444017111437496e+00
1.836401198124332446e+00
3.317130763844934549e+00
1.996247189759157159e+00
3.231045207104591199e+00
3.386066024438804334e+00
3.431628735699934651e+00
3.665394180275253433e+00
1.926420099117356344e+00
3.985650455570473483e+00
1.769256033616129820e+00
2.263736002175644302e+00
2.088035520008184598e+00
2.776577302255641477e+00
7.928083389597304631e-01
2.500111904351855152e+00
3.912141136577181655e+00
3.861684819122029211e+00
3.762233580981430237e+00
2.889263638201898132e+00
3.440202337061394999e+00
1.215132608597649266e+00
2.076431605576334327e+00
2.951686279477788055e+00
1.168571524972868758e+00
2.796867841714758995e+00
2.749773544343915077e+00
1.080606604929648107e+00
3.006622863271676493e+00
1.616946113056511258e+00
2.320877246090208068e+00
1.686210619784711540e+00
2.468169914908139084e+00
1.314565127407407275e+00
1.202771001663413664e+00
3.041662797435078502e+00
2.777231071039575561e+00
2.936281542337392025e+00
3.512344100481607612e+00
1.708390001866582075e+00
1.913031857758169529e+00
3.035798301949109046e+00
2.342018035611586058e+00
1.236027867810110870e+00
2.404000629092031716e+00
3.707867214617598606e+00
1.581370819566927821e+00
2.091341767645720218e+00
1.973192022526649936e+00
1.715827667298198023e+00
3.369694373853244329e+00
2.068515889936127117e+00
1.825735024042687726e+00
2.771198874392707623e+00
1.700659269359458214e+00
3.226239132764785467e+00
3.272318075892190592e+00
2.405846957337830716e+00
3.848199223604661157e+00
2.735347112257386470e+00
1.064631149521192199e+00
1.707043095323384385e+00
1.142398183969721259e+00
1.261395524963118575e+00
3.135630989478386255e+00
1.515712777810556133e+00
1.748750325377772086e+00
1.626444105770706194e+00
2.021336335713377785e+00
4.270729079948068829e+00
3.525635384951366191e+00
1.692497215357036566e+00
8.616665047204170591e-01
1.461845641396993578e+00
7.840236642765541220e-01
1.090661964925280003e+00
1.349708887452692352e+00
3.569275050819484818e+00
8.469458724834595387e-01
2.454555216911293414e+00
2.939860500960706169e+00
1.911395696046832349e+00
3.543666880976079625e+00
4.069013933927916327e+00
1.906090523359134536e+00
8.788517825713686449e-01
3.498674453443367582e+00
3.620225016904592863e+00
1.070285242986252605e+00
3.826478384149146095e+00
9.726269616619642733e-01
3.490112223814811898e+00
1.067851575612996484e+00
1.518301844810545198e+00
3.256604459991828904e+00
3.125048254903843414e+00
2.940608624372200275e+00
2.101760053134896111e+00
3.854669052682689667e+00
2.195006333205739679e+00
1.630123776025750537e+00
8.951636359286734290e-01
3.308211094992131507e+00
1.879382968819958144e+00
2.748408135963763321e+00
1.114152063911256541e+00
2.650145203428177609e+00
3.304478954995543560e+00
8.280327528854920516e-01
2.691163216461445629e+00
3.344461722212203725e+00
3.155796659759174005e+00
3.186915394612773511e+00
3.098070943631508811e+00
3.059241518792191528e+00
3.369336602454955809e+00
2.702648045322978199e+00
4.221772579213004306e+00
3.692530943968453272e+00
2.988114576843992509e+00
4.042374102185647189e+00
2.482163014289119118e+00
1.998864922166666780e+00
3.151878880259564752e+00
2.430358475337202506e+00
2.341170819208158171e+00
2.321673288572221772e+00
1.829875526612781300e+00
1.406163134423901617e+00
2.895327914467188180e+00
3.183982488858552173e+00
1.478391095216398554e+00
1.404947339702770748e+00
1.636621276785069412e+00
2.977018454953446636e+00
2.329516129266118618e+00
3.269041976942936856e+00
2.563414799653219944e+00
4.223837051688565936e+00
1.299468985493755113e+00
4.101281755587505629e+00
3.804079882669421764e+00
3.990225761739162991e+00
1.666976896699575050e+00
3.157338129055000664e+00
2.836670859293736413e+00
2.798586152927996729e+00
2.774398534085462664e+00
1.876455836827535251e+00
3.410933750820463572e+00
3.358708978256622402e+00
3.051204828227367827e+00
2.572379990603534949e+00
2.789852772384124435e+00
2.679195940451966962e+00
1.279231287482139656e+00
2.495461093046104750e+00
2.494478108244839731e+00
2.826236640687331381e+00
3.755255726811039807e+00
2.265654788903736616e+00
1.788970838853835232e+00
1.032842255788954944e+00
1.691059134392632224e+00
1.025687809127870942e+00
1.818218937380805755e+00
2.544260023560378059e+00
1.473965319153903053e+00
4.061639837898065153e+00
3.427164050517102822e+00
1.126873626944905560e+00
2.133860448087699702e+00
1.811731799368449636e+00
3.184838084019098403e+00
2.722437382733501998e+00
1.087628678399238602e+00
1.681496962186381339e+00
3.013918144173107549e+00
2.334557588515559168e+00
4.222788085844236150e+00
2.805149795088835774e+00
1.642205398648312276e+00
4.154127299508861171e+00
3.475817164954912997e+00
8.993359691546798373e-01
3.856678179490533154e+00
1.059191057926603285e+00
2.729954832700087763e+00
1.872136576077958914e+00
1.629965133944714317e+00
2.930971753211614406e+00
3.196923834850318613e+00
3.655948577710624647e+00
2.732781050649355947e+00
2.133498385753910931e+00
3.721613411205780153e+00
4.140964864011470681e+00
2.576297737552329714e+00
1.251327412363190561e+00
2.346953990525289413e+00
1.241602449693633758e+00
3.210246197560378434e+00
1.944483820274583330e+00
3.162150457984868268e+00
2.792498262354753180e+00
1.402737606229673695e+00
2.540919659263022545e+00
1.411634999229198328e+00
1.679050707031180423e+00
2.073235906127185224e+00
1.401747157905166574e+00
3.012400578522498762e+00
2.225668106557828985e+00
3.277481027269590896e+00
1.319675402114535601e+00
1.591821810748346167e+00
1.429454389234154021e+00
2.545490175081965845e+00
3.290949052786192652e+00
1.036917228569788740e+00
3.495919400454775783e+00
3.931337908064435283e+00
7.723549814756118792e-01
2.079693729256115731e+00
2.510263179374590869e+00
2.659209108814596156e+00
2.168001481383447171e+00
3.720057433228983967e+00
9.918984338767948827e-01
4.185719875410379487e+00
3.799139333697652887e+00
2.576493345963333681e+00
2.350809827665498730e+00
1.540775941517265046e+00
3.097273846134577013e+00
3.093329114920738476e+00
3.297814387029399441e+00
1.244208296379562206e+00
2.238294556361799081e+00
2.702870325868184764e+00
2.522068147492543488e+00
3.092105479640723686e+00
3.670082575158174265e+00
1.417620662524687880e+00
1.205866073773156799e+00
1.754925338483794839e+00
3.534840731032060646e+00
1.176900482346856514e+00
2.700577200137035838e+00
2.910562673734392369e+00
2.277212979684626326e+00
3.959230218142572255e+00
3.254426322636373214e+00
3.982406513164566064e+00
1.991245871501689635e+00
1.676239593504909031e+00
2.335320796204384486e+00
1.675684838746576588e+00
1.599087222434159017e+00
3.167820260778901442e+00
2.491131197426028621e+00
2.088471612231688646e+00
4.026973935878782385e+00
1.882152847024711306e+00
3.632629553065056527e+00
2.594978728098017662e+00
3.238662607615358624e+00
2.684745818975689424e+00
1.409402997731657337e+00
1.788580953893418979e+00
4.041906035608361591e+00
3.855285573180918135e+00
1.408988874526697188e+00
3.392890640439041761e+00
3.937396342508053593e+00
2.257831244263553749e+00
3.854590430523424871e+00
3.307766179286918629e+00
1.998458759966116105e+00
9.922490260896275061e-01
3.313040865842889815e+00
2.916746919687966511e+00
3.005953754200239914e+00
1.424820909661720592e+00
2.500242900232234611e+00
1.854868814902144614e+00
2.412012003685050310e+00
7.046156524685436295e-01
1.829238038115165388e+00
3.325190103554794163e+00
3.615190775838369674e+00
8.839018808909173686e-01
1.878726791252576689e+00
1.468597988281820754e+00
3.520009609574753284e+00
3.196838836857352817e+00
8.567971528985802721e-01
2.486648479565104708e+00
2.360717292253116995e+00
3.527473261603827126e+00
1.928693176516215857e+00
2.589376384848205426e+00
3.079750766347022051e+00
2.467048883530357450e+00
2.093390958282380865e+00
3.477425703591114470e+00
7.927295315559348410e-01
1.532590375641358804e+00
3.507259830372102982e+00
1.367828718553708356e+00
2.988980845001157682e+00
1.577930301580357408e+00
4.058675118997287612e+00
4.004096132280359654e+00
3.818043430998711685e+00
3.767957402625000896e+00
4.019978274779251848e+00
2.037588703913018051e+00
3.576734179978215522e+00
2.363004281386992034e+00
1.567041168357938830e+00
3.258887493217388354e+00
1.381017426237082013e+00
3.829738434237521361e+00
1.124612717622478719e+00
2.197086805284945044e+00
2.210356569298076224e+00
2.822261145808307781e+00
3.507738555332583275e+00
1.675690799001933406e+00
2.501980705720701970e+00
3.581434613955964963e+00
2.314556791923845225e+00
1.583401508137766811e+00
1.218813425948169105e+00
1.328774176362597537e+00
2.320993756577656164e+00
3.924962993428975366e+00
3.807243528724285397e+00
3.110941001173113563e+00
3.942074960564013963e+00
2.662264038233103314e+00
1.766763796031651346e+00
1.694522716461064782e+00
2.576160269733413166e+00
1.850380587442741032e+00
2.028816171891664411e+00
3.323534172116936247e+00
2.242527954226110509e+00
2.435977752804940444e+00
3.181262676340290696e+00
1.121828504601422694e+00
1.927460201003936113e+00
3.476769561415789411e+00
2.590939287700520843e+00
1.955873783964212187e+00
2.613163039965050949e+00
3.026621089999121494e+00
2.440044430067585424e+00
3.823178707478785299e+00
2.309616487518931116e+00
2.192223085934038806e+00
1.935671561154032716e+00
2.184436225214107630e+00
2.950370189076784833e+00
2.492003844455972228e+00
2.250400262936318008e+00
2.341241326981180926e+00
1.730585747176950129e+00
2.434019063830981544e+00
2.019483287185549258e+00
2.980630675976528643e+00
4.118727019429535119e+00
1.962018240703921279e+00
3.603368122206717317e+00
8.664289427602760441e-01
2.289176385762095478e+00
1.640028395912539239e+00
1.092526680578163933e+00
1.437014541668509615e+00
3.168343355691558116e+00
3.697326477698863911e+00
1.597675725014153336e+00
3.339574219131561605e+00
3.245018860748238865e+00
2.760909476734011214e+00
1.656646626017510116e+00
1.502407260047134763e+00
2.303083177513144619e+00
3.170662773575328330e+00
3.277786266232018519e+00
9.829783013793589319e-01
2.201409671392910994e+00
3.777203947395360473e+00
2.569013467054525712e+00
4.306149258305444150e+00
2.465703544571822725e+00
2.349676988488939244e+00
2.028890507555384026e+00
3.325022245417327937e+00
3.283383042484167902e+00
4.330092879989306809e+00
3.239355706127691192e+00
1.031893497047794206e+00
3.097316662075771276e+00
2.405921829602439388e+00
3.201081079210819524e+00
3.490674744160285670e+00
1.457863810589777209e+00
4.062530469301592007e+00
9.542159654559636550e-01
1.573424853063300155e+00
3.225219613767388083e+00
8.434636275355309465e-01
7.424538200995387527e-01
1.883846333676420848e+00
1.568322050135336987e+00
1.147320680816743987e+00
4.021615298496222124e+00
8.260491646588787873e-01
1.794492420900025920e+00
1.146610917609717895e+00
4.159605343150792223e+00
1.149786383663315981e+00
2.043260491043953131e+00
2.176888521650063524e+00
3.735183057491180847e+00
2.051033647834874962e+00
1.018986897766972710e+00
2.771773311464841960e+00
3.104476766897370510e+00
4.202817231085910876e+00
3.947352411156092700e+00
3.355944011398577231e+00
3.550400234348106920e+00
2.086010133351584805e+00
2.454515862422956829e+00
1.408177820036189409e+00
3.007706967323670710e+00
4.123912313763911541e+00
1.525189871167649258e+00
2.735362523215610686e+00
2.317857046963305301e+00
3.228938858281757973e+00
3.181356268234047491e+00
1.297345986997145317e+00
3.041994637200076568e+00
2.707193698973111573e+00
2.510218174216092279e+00
1.720333188155195536e+00
4.018496467293587671e+00
2.101126937792841431e+00
2.835036996661367326e+00
1.695219308364344535e+00
3.349570980587529334e+00
2.990344405968629715e+00
1.064411127112785849e+00
3.982087061956264051e+00
2.832778516479379505e+00
1.640849608653880409e+00
1.337643234878667542e+00
3.975625658261815687e+00
2.030703205530069333e+00
2.148295101128028683e+00
2.601577296038279030e+00
2.160825812767688703e+00
4.251049636562857614e+00
1.425500804703531799e+00
3.300264155491994700e+00
3.188003523856247412e+00
2.233176721351528116e+00
2.583453391048681880e+00
3.767283030612349037e+00
2.351012877903161602e+00
1.083681536968761350e+00
1.846995283387751208e+00
3.365404334463271141e+00
1.133471761107795572e+00
9.299496287435786712e-01
1.398605476300424755e+00
2.621662706899543949e+00
2.747472257121776451e+00
1.613000502278190140e+00
2.764953941496026246e+00
1.209318659932939966e+00
3.977616909273699264e+00
1.458569610298290797e+00
2.807325541318881790e+00
3.283054469466881287e+00
4.318097303158817013e+00
2.347053423879312817e+00
3.367494173221110998e+00
6.168307727666810791e-01
1.652272490449835374e+00
2.795029107348740105e+00
4.248010988672286103e+00
3.715423188843496760e+00
1.842236856710103510e+00
1.609446143026787013e+00
3.946122719980007076e+00
2.507087264603988785e+00
2.771352389653457315e+00
1.560078314371311947e+00
2.647357767952220442e+00
1.157555672569192673e+00
3.722323247877948660e+00
2.891764403843761322e+00
3.556352812321469159e+00
1.132687470359773130e+00
2.521993661978688017e+00
3.549945024718518027e+00
3.491723353446541722e+00
3.508972989396525577e+00
2.984836212965378266e+00
3.064577509428476176e+00
4.193186148668360147e+00
7.062267156100876520e-01
7.829195135572470932e-01
3.932903073632266100e+00
1.650591350360989473e+00
3.448626731720166205e+00
3.572452467333972592e+00
1.399297029945387294e+00
2.417391940896287394e+00
2.485962666859257375e+00
3.857630432871383519e+00
1.258869877142288374e+00
4.236975722485652796e+00
1.643206072897619663e+00
2.247337643089455383e+00
1.564232046233144935e+00
2.448066593302599792e+00
1.574020584277249668e+00
1.056182204957305970e+00
1.840217602688587029e+00
2.986726599729069065e+00
3.516206066287763221e+00
3.527180510612817343e+00
1.201791439216086665e+00
2.717895361507008722e+00
3.845304155528328494e+00
2.333408862573842057e+00
1.440895083676904775e+00
2.490360289547133732e+00
7.354867325422107527e-01
1.237556861942901598e+00
2.746413722176294314e+00
3.590751400804164106e+00
1.348569236463618815e+00
2.330838925252522564e+00
2.876599439061473973e+00
2.570507516818399729e+00
3.190459194704709844e+00
2.269749118999253135e+00
9.626211398430246646e-01
1.870566042697175746e+00
3.759018758255201931e+00
2.400125446737042978e+00
2.717016268984825622e+00
1.521731878173740782e+00
2.599958662607613213e+00
3.783910735247289381e+00
3.534745370002061904e+00
2.739352835655739504e+00
2.918427347205188482e+00
3.785517830791697236e+00
2.234368094267302318e+00
1.338921933986982005e+00
2.665040721933886303e+00
1.939099976430355809e+00
1.712065804842763050e+00
4.214182272741647139e+00
3.626692649543722169e+00
1.470581153755080805e+00
4.170121292150493986e+00
9.950538461464324413e-01
2.846418049252678273e+00
1.614693800762932341e+00
2.616821714039613944e+00
3.313723814962797221e+00
3.202407250360835178e+00
2.321201332675537188e+00
2.446000627247155279e+00
2.929092906404909158e+00
2.775464999729147841e+00
6.313114171094120763e-01
3.298652054549108925e+00
1.817578400734466193e+00
3.157444581373932024e+00
1.607037286838724377e+00
2.766443592270206864e+00
2.862710531744566467e+00
1.138415579712247272e+00
1.497581503599930031e+00
3.767056508944515159e+00
1.343593619238959924e+00
2.413952158861837560e+00
3.720374865473132786e+00
7.046696465782282814e-01
2.864266779143492592e+00
8.753102954816149861e-01
3.590160855400581497e+00
3.921501268786260042e+00
4.134927437763362690e+00
1.710604784294844194e+00
1.517398698170003613e+00
2.593043332975674353e+00
1.577155830879196863e+00
3.274111182866580094e+00
1.399436180638586436e+00
2.467105186256114635e+00
9.474831163870947037e-01
1.154198906998888496e+00
1.910922004411732544e+00
2.091795335176432680e+00
2.003478326110330165e+00
1.710164896737479623e+00
3.691183657136187790e+00
3.029443941453040523e+00
3.586798437290450892e+00
2.838996151145948943e+00
2.284183702603283628e+00
3.239159921694254152e+00
1.529420326480122050e+00
1.894385187079199007e+00
1.545181132596535001e+00
2.206735282999794379e+00
2.073424497811544143e+00
4.035814574504343000e+00
2.147678376160866875e+00
3.103129956098717557e+00
3.296556655104458500e+00
8.846930786890103704e-01
3.871268514381412729e+00
2.755324347687256648e+00
3.408640846452788864e+00
1.425329496254843065e+00
1.783170619220149078e+00
1.801798593595418829e+00
1.608816164299402551e+00
1.396510452547738090e+00
3.257851634705520638e+00
2.347879046052548269e+00
2.101248573127273644e+00
2.339875762865417208e+00
4.159932269262995419e+00
7.318160060081124740e-01
1.818693086405892778e+00
3.216976378519818880e+00
1.489594351950090712e+00
1.249681728852458207e+00
1.138461488966481916e+00
3.132793399554449465e+00
1.919474850480502148e+00
1.214150010768342725e+00
2.669906561625248642e+00
3.273994975665653229e+00
1.370771316829822339e+00
2.283585495586015313e+00
2.364714051430956587e+00
1.830303303389822389e+00
1.321716931088773528e+00
3.508736246445595341e+00
2.661945523517052159e+00
3.039395908579876959e+00
1.677925747830727232e+00
3.888236151016345232e+00
1.590883017226790486e+00
3.174393552842149191e+00
4.268605614134596493e+00
1.214752424454402124e+00
2.162884628445691959e+00
2.220387637482581056e+00
2.758926678517818587e+00
1.529472557795012122e+00
3.036404492222379403e+00
2.382771646886046035e+00
4.353609488570226560e+00
3.126628096313751826e+00
3.015736312043918232e+00
1.512092786781315645e+00
2.159902208961085535e+00
1.622409828642810581e+00
3.172401874966121582e+00
1.935076907827326664e+00
3.358657431457510611e+00
7.830011474899505330e-01
3.300457313454820962e+00
2.808320006356804122e+00
1.159303262395923184e+00
3.475960392440933688e+00
2.779742146452508500e+00
2.927225228503909982e+00
3.504877141997585710e+00
2.693453033404448860e+00
3.207615906912931081e+00
2.247743233141012986e+00
3.148344828885603519e+00
6.424247156145090898e-01
2.349542650506849739e+00
3.448089042210247257e+00
3.611216114952879863e+00
2.288936520554146981e+00
2.033150912289602985e+00
2.214467822459409874e+00
3.265827437995579174e+00
2.838831120222272020e+00
2.452025418458616102e+00
3.071828623459310847e+00
8.653144243233743538e-01
2.229555316510917429e+00
2.210273793834124589e+00
2.453899203168216303e+00
3.559348168894878484e+00
3.513789108876613554e+00
3.791067783738840902e+00
3.904492962312213322e+00
2.941787364737327160e+00
3.789552657871302799e+00
2.841197934182788210e+00
2.255413463760199910e+00
1.622166108001810159e+00
9.978982154694708839e-01
1.534141967850079169e+00
1.498035588069059898e+00
1.854219047278578003e+00
3.284335369157547646e+00
3.647864824829142094e+00
1.737324718433547410e+00
2.481126137680491617e+00
2.005364790217420534e+00
1.593621000218663042e+00
2.532255366089992243e+00
1.330455262183274812e+00
1.028651021687610800e+00
3.933869504763789493e+00
3.496029134356948731e+00
3.818995010945410939e+00
3.548832995875821794e+00
2.920020721880060677e+00
3.647942567869343122e+00
1.512649059810370566e+00
2.049719194776179698e+00
3.079861971769501494e+00
2.307346231144093984e+00
3.886695540116027914e+00
2.066196196396173690e+00
2.967956378737171441e+00
3.449356714026130533e+00
8.600998620302995334e-01
2.913361404275823574e+00
3.575898917427467794e+00
2.516156645011323967e+00
1.491355234521116735e+00
1.653175661361638404e+00
2.563501105935498181e+00
3.715808568070201545e+00
1.879437624796965522e+00
3.518626502802217004e+00
1.087991864782249074e+00
2.570790052528552749e+00
3.136567533057371904e+00
1.223524675659186656e+00
3.342957665048196247e+00
1.399143188657357761e+00
2.542823690381418977e+00
1.706296148548302583e+00
1.326412437097693520e+00
1.026151113037585105e+00
2.312035156300549232e+00
1.587069470347815425e+00
3.236680715520648732e+00
2.541510956005534894e+00
2.453673102593503685e+00
2.390682121073360200e+00
1.818197884894371619e+00
3.060601746187838756e+00
2.054777654956179589e+00
1.518522517442750797e+00
2.810788456784410805e+00
3.494381544335908529e+00
3.627732447023284124e+00
1.318715619648517468e+00
3.620780531833146298e+00
1.459640220156678936e+00
1.685779702298505711e+00
4.153144470731302107e+00
2.554795254638195345e+00
1.417835752302472940e+00
3.618987900214706954e+00
3.791185966791980277e+00
3.663477855092139635e+00
2.043672495222453200e+00
3.458922044645751370e+00
2.163059370925810576e+00
3.989393260989933410e+00
7.909824085695857931e-01
9.027703687360810747e-01
4.138905827200163756e+00
3.369070327135167631e+00
1.658539717069181130e+00
3.699407864262438395e+00
2.749108533223544093e+00
2.509021377414476284e+00
2.777364945413872910e+00
3.106627310654383578e+00
6.111896751684806617e-01
1.724422435364603601e+00
3.204455518962683769e+00
2.747476056597252025e+00
1.027567351626525571e+00
3.711441915591716878e+00
1.281721802264665477e+00
3.300326868081999265e+00
3.101543541562428175e+00
3.023084341006246234e+00
1.149980176737363635e+00
2.910902665532351996e+00
2.425690602880266944e+00
2.253252220784366600e+00
1.424432960228606326e+00
2.143123989280683261e+00
3.062482579294039553e+00
3.478185533588947109e+00
1.236044044404552622e+00
1.133577644618252833e+00
3.636125922904929197e+00
2.334591400926838034e+00
1.865810035745516515e+00
1.485213458740144432e+00
4.128431634836310593e+00
1.925637205055511281e+00
2.262539461626166037e+00
2.928644356804696258e+00
2.156108752102907644e+00
3.745373424546723840e+00
3.477003638151645148e+00
1.542816542784592571e+00
2.021654488521757997e+00
3.042319573331582205e+00
4.141966734138231132e+00
3.400289711011796001e+00
2.760315166987892255e+00
3.645967266232686299e+00
3.706077579007354572e+00
3.167002635684227130e+00
3.909364681717399037e+00
1.444085974448670484e+00
1.473330083666536616e+00
2.875668617207528754e+00
4.134110563743790934e+00
2.212678649004657494e+00
1.783570753373680873e+00
2.770553363967477090e+00
3.660391989816769609e+00
3.872394578461079817e+00
1.736732430765635549e+00
2.156577715608463564e+00
2.370387773280013377e+00
1.653500259969571395e+00
2.109217347072998905e+00
2.183464656599909404e+00
2.703570228148499233e+00
2.881433561395413179e+00
2.064865937647992311e+00
3.593792621316056923e+00
2.986228820529051475e+00
1.500610767322546835e+00
2.164272105184004147e+00
3.314109870444690742e+00
2.403190963781058898e+00
1.254644705582114383e+00
2.125323611050189854e+00
3.945341041407115057e+00
1.349696893968705957e+00
2.893576488123449586e+00
2.010450015316546768e+00
2.127618219639784591e+00
3.653157228087776431e+00
2.059366352185183047e+00
3.739288732129713466e+00
3.726544642900652349e+00
3.460457582899937989e+00
1.116255048204097378e+00
1.526593856269769844e+00
3.681955866614803341e+00
1.116113521801829656e+00
3.346161423710734439e+00
3.876668592287966675e+00
2.772819173554104566e+00
2.835183438989819393e+00
1.559155350268313533e+00
3.729507309123381020e+00
3.856147914335020133e+00
2.423359556295915596e+00
1.661335292613056680e+00
2.882200827526488318e+00
7.605989067170710882e-01
2.198691414485897333e+00
1.704303543093339535e+00
1.909631041483521585e+00
3.621988413345633262e+00
2.437226513465089006e+00
2.850257775017584372e+00
2.929842336237806322e+00
1.514075391226828771e+00
3.351627033043426351e+00
2.849855658339933484e+00
3.876931129341098625e+00
2.044995409544796416e+00
1.903403455456904148e+00
2.471921331853594417e+00
2.592223442775583919e+00
2.482260454768394631e+00
4.289786039372417648e+00
3.786030960803936196e+00
2.194963432664829739e+00
2.916741817921727709e+00
3.974679548883015556e+00
1.639905971638484061e+00
3.576720898169400087e+00
4.118077583685016307e+00
3.828211907923241952e+00
2.244131998241664760e+00
2.423662423736931970e+00
1.422052180414662637e+00
2.607341845230549460e+00
1.609283229244606872e+00
4.213100989300063048e+00
2.456476739345054838e+00
3.518862863359370152e+00
3.409147846591023878e+00
1.316551242025052026e+00
1.110395553161017013e+00
2.742511995234728772e+00
1.913647194715473177e+00
3.350257478120857613e+00
1.658847980708223702e+00
1.976087751646397273e+00
3.137205302455187805e+00
3.243399958810472938e+00
2.523468354299604144e+00
3.042187361454118388e+00
1.579816955687629587e+00
3.959449972004929208e+00
2.401823673594839725e+00
3.194710247019568072e+00
1.622974067975825108e+00
3.040233223244710459e+00
2.205130106921656008e+00
3.860893219899329765e+00
3.919878294378502659e+00
3.515671795770680674e+00
2.868593009553351614e+00
2.356978106269486339e+00
2.275152832676634596e+00
7.411241814020073093e-01
4.343727839617031350e+00
1.128502311681640613e+00
3.203555366428879836e+00
1.884140094844166669e+00
1.563518469126368160e+00
1.307553909261754299e+00
1.631563112019522421e+00
3.030158412545358004e+00
4.129933801362614787e+00
2.060736417741527049e+00
3.597319036938372960e+00
1.224182702006953782e+00
9.666228044766267402e-01
2.919893768794468158e+00
2.790524513837985943e+00
2.925799497536271332e+00
1.723002335366688342e+00
4.181372907469127043e+00
1.202504216451124819e+00
1.721653674190553929e+00
3.412256894985775446e+00
3.839109910401914405e+00
1.789725923840780553e+00
8.752152578264533744e-01
2.496868280792224226e+00
1.412762774389483056e+00
2.099282545424122404e+00
3.624390014664825799e+00
1.387036473354156918e+00
3.772553574775695751e+00
9.006090087166143121e-01
2.307617873658606378e+00
1.869416901435714706e+00
2.909686672733812429e+00
3.767472823910907209e+00
3.612359809343651307e+00
2.029544433104488732e+00
1.781672834797948468e+00
1.955566861729350236e+00
4.232600790551735770e+00
3.493372937939254186e+00
1.802795999641501723e+00
3.678072668930580491e+00
2.378746234116964509e+00
3.197323586896775538e+00
2.648922317252505820e+00
1.134790432827897710e+00
1.036035730322603321e+00
2.297797248837076367e+00
1.196527629358405065e+00
2.216497487218535234e+00
1.100541049816406769e+00
3.476325855877313131e+00
1.832598386175584793e+00
2.776028619510888973e+00
1.684228448698997127e+00
2.323959328577468675e+00
2.219517785686752731e+00
2.675949300699609346e+00
9.441705729342508846e-01
9.700122535250130795e-01
4.314780424393010350e+00
3.486518543330511477e+00
2.323752922551114430e+00
1.887434719349780465e+00
3.117263622680624735e+00
2.481737455633488132e+00
1.363185105353253768e+00
3.649814030889807270e+00
2.137510978366792713e+00
3.686283152613555103e+00
2.682215475248858283e+00
4.023735532315281915e+00
1.354382494766550593e+00
3.163079987465472698e+00
3.924200399437953735e+00
2.954774033632202368e+00
1.788158009625269607e+00
1.738757866651742923e+00
3.537463523643955554e+00
1.907604607573359701e+00
2.538790264761004778e+00
2.644399554740705760e+00
3.788655438282818366e+00
3.124324686195226519e+00
2.261012232416196532e+00
1.279227813960158500e+00
3.240742130107015839e+00
2.484060282518584017e+00
2.845677955416247684e+00
1.369093625731988340e+00
1.051901248128441324e+00
2.740453574457989205e+00
1.267546477675709937e+00
3.731403102364716062e+00
1.223412213339339694e+00
2.003933371847090861e+00
4.122792127769548287e+00
1.673307791877086892e+00
3.635577096239760664e+00
4.028619054103833363e+00
3.778008480937527835e+00
1.495756348608635378e+00
1.942097820831368615e+00
1.683700184339246064e+00
1.879733833252331898e+00
1.462318725256667840e+00
3.222392395726465963e+00
3.118804747448814751e+00
1.990064432798543059e+00
2.540973681638443615e+00
2.183911031654994339e+00
1.041615276386458788e+00
2.346191473684729800e+00
2.147995297890834543e+00
3.811396636632409241e+00
3.420053615406132508e+00
2.244579875379034029e+00
1.855019330199910499e+00
1.119835789374497459e+00
2.098778218304823362e+00
1.672419106148427481e+00
2.850325399335305043e+00
3.680738559884829897e+00
3.434915629601684728e+00
2.482491990863134212e+00
2.816347559947077528e+00
2.592404055890855652e+00
3.906121426448670775e+00
1.010144672183793446e+00
3.182468455817872410e+00
1.587235306143201186e+00
4.120226359578008868e+00
1.194932004417869287e+00
1.731965174184628253e+00
2.306013831962216543e+00
3.167758755703410145e+00
2.700895056265959937e+00
2.040265985704655449e+00
3.000667601489563907e+00
1.939680008440091363e+00
4.132451848788980087e+00
1.638269545644959635e+00
3.008645924575516162e+00
3.622435862350091185e+00
1.766223393540854225e+00
8.307258549716971530e-01
3.971400954391011595e+00
3.499124990946791414e+00
3.343469874936836561e+00
1.382452300477076790e+00
2.543374871788795843e+00
1.515026043166225023e+00
3.384364482166667187e+00
2.741705694499253276e+00
2.808241223423157074e+00
4.372857390836319524e+00
2.383877162252939108e+00
1.579833002895127514e+00
2.594134438598346470e+00
3.085254485041684092e+00
3.360056396326273287e+00
1.498097060703648786e+00
2.011201532952664905e+00
1.271594463837434574e+00
1.079382424375568306e+00
3.851601515066860770e+00
1.426948454581684622e+00
3.175280805694724151e+00
4.222713238193181340e+00
4.014392863343424267e+00
1.360670880068973077e+00
3.446607883453273402e+00
3.109104885593225731e+00
3.314965695601655327e+00
3.063490979945505899e+00
2.547515619748707216e+00
1.663035603259050532e+00
2.098589253633573293e+00
1.973313204099480522e+00
1.466173389706892038e+00
3.622142116781519761e+00
4.189270565417302805e+00
3.751882024851171948e+00
3.671733112197930637e+00
2.936857670701441769e+00
2.270302727648684460e+00
3.240605352987778076e+00
2.935820468645426118e+00
1.434903904626383842e+00
2.070648813880988648e+00
2.200035691816141892e+00
1.534580257454568830e+00
1.079084990706607350e+00
1.424179608812616848e+00
3.664319880235723303e+00
1.920603282741526918e+00
3.133792693813481023e+00
3.142969917944023805e+00
1.204074121172834744e+00
1.828345959068554016e+00
1.220497952126600616e+00
9.776339108347444906e-01
3.180846975967577706e+00
4.016670330769922970e+00
2.533966656367611314e+00
3.666200447178873389e+00
1.648173560803287252e+00
1.327839715076513549e+00
2.623824753922533226e+00
2.699996997716426428e+00
3.617529080014151077e+00
2.625804451534202499e+00
1.953961436148595965e+00
1.930895739076068374e+00
1.052607488813349867e+00
2.490787907605414020e+00
6.079733781734502074e-01
2.249643240813166578e+00
2.501155916356305298e+00
3.652221364512868718e+00
2.137365370191439240e+00
3.479106705635489405e+00
3.530246530710728692e+00
1.603760834495338017e+00
2.059717889174351058e+00
4.091825039829803501e+00
3.124993952194019542e+00
2.470121172986919689e+00
4.206042814329084223e+00
1.899139795651830553e+00
4.297422280781988846e+00
3.653996352878717602e+00
1.947352210410732809e+00
1.066264436139021221e+00
3.677682378470931823e+00
8.917030991866328193e-01
3.261472745765898296e+00
3.533670666109332004e+00
1.012944408753133629e+00
4.102715820689700976e+00
2.842528523560136300e+00
1.130335626284843187e+00
2.514139632957783199e+00
2.435504643534137870e+00
3.406210939193799803e+00
1.755180373112033898e+00
2.790303900211470456e+00
1.416922530091081711e+00
2.644055552172251744e+00
2.767795474483770946e+00
3.000522431166555037e+00
2.611750134046388006e+00
2.930921775629576231e+00
1.678600043854952872e+00
8.571549229800350389e-01
8.481347404340660034e-01
2.832520645662865988e+00
1.621543440511382883e+00
1.344451063440322613e+00
2.148869703826935762e+00
2.227077477867958066e+00
3.684301662577398773e+00
3.860639438836649617e+00
1.684455719627637293e+00
2.676958181471936982e+00
3.063413639290518020e+00
3.611226794295937736e+00
2.947253864438949655e+00
3.294695531471623084e+00
1.417481599687596017e+00
4.149210474241815660e+00
1.057727635799605714e+00
3.224914176272188016e+00
2.785991596173773566e+00
3.213304108244699364e+00
1.915450097564935561e+00
2.488834194573957603e+00
2.108963260556114605e+00
3.111082145429426404e+00
2.949286487631160192e+00
3.994862853057639995e+00
1.985638876829212585e+00
2.423162269658488910e+00
8.039513745193946903e-01
3.492889453107869357e+00
2.043711057326952130e+00
2.677517619842912033e+00
3.370014260679415230e+00
8.776794660058602204e-01
2.815744444881650210e+00
2.658064031067404187e+00
9.136059022220495152e-01
1.529068620195865869e+00
1.316089827382175947e+00
1.548721619699319874e+00
3.349237730265530288e+00
3.734313873000653317e+00
3.322157181739552101e+00
3.087079236527133119e+00
2.660290476476429689e+00
3.310844083410080074e+00
1.224238032041538027e+00
2.084156577340865013e+00
1.657204019059882683e+00
2.016942214326725491e+00
2.674732078104923971e+00
2.689424193301849897e+00
1.711631847764429004e+00
3.453398750675514606e+00
3.337591085583190065e+00
2.649322605267176556e+00
2.495484000187357054e+00
3.444497700219665504e+00
8.766639639649742577e-01
4.249570226419162822e+00
3.233511482772101431e+00
1.728871506895985455e+00
1.001440713063285415e+00
8.403415254497259568e-01
1.206017378341462276e+00
3.871667037728311556e+00
1.844718913013920769e+00
3.915282706419727532e+00
3.816331920482326723e+00
1.256191549479211744e+00
3.250200200413177143e+00
1.159746266900886447e+00
2.114709539226133472e+00
2.773428413582269769e+00
3.365605765093844681e+00
3.157431655646117719e+00
4.198377280102194575e+00
1.980298245399304768e+00
1.798325432796185730e+00
2.814426760713896414e+00
2.255537848151650593e+00
3.124081199914527929e+00
2.959096786736233220e+00
3.486429804204068006e+00
3.430281198629167250e+00
3.911721933688724562e+00
1.527728414849925720e+00
3.759089355578355551e+00
4.157284141493686747e+00
3.607853247832236931e+00
1.633170586848364358e+00
3.530925729198278518e+00
4.183271734182202550e+00
3.716707819405664637e+00
2.224393654439717594e+00
1.507515850958625947e+00
2.695918114053016623e+00
3.743124569149962610e+00
1.042453687207754776e+00
1.263500587161673572e+00
3.364537016873114794e+00
3.369830171340229441e+00
3.536860438323065736e+00
1.512209190982252593e+00
2.576685246839156562e+00
3.997292727471140950e+00
3.044503949148381849e+00
2.146299587974165313e+00
2.180596112775997852e+00
1.879588591260143993e+00
1.182964092790387056e+00
3.713531859884545483e+00
1.062626942129314855e+00
2.007603365440625787e+00
7.584028151871509138e-01
9.239276824975890534e-01
1.884163501387005724e+00
1.493921621782660303e+00
2.149104547902881635e+00
1.517430392294220276e+00
1.471982135831711780e+00
3.355544195174855915e+00
2.450983827840260254e+00
3.959747322952805959e+00
3.090066462040669037e+00
3.623067406430443782e+00
3.999577665512273228e+00
2.278743826781147952e+00
2.825716531684924426e+00
2.552997457924109703e+00
1.642703182500524939e+00
2.242361460859361166e+00
1.686684486374833369e+00
2.983746490759491721e+00
2.375715022863676751e+00
2.659180110268216879e+00
1.032529866582195588e+00
2.212221645748378762e+00
1.692984366814318520e+00
1.761787022426375415e+00
4.293861650047745115e+00
2.065308926546038926e+00
1.132279963679879486e+00
1.121615954348956556e+00
4.059862537131325055e+00
1.957762581748220043e+00
3.694252352834045183e+00
2.557602344805515848e+00
3.232614842316900550e+00
1.685654579521365548e+00
2.978633303179095471e+00
2.679125110341175287e+00
1.223291498075041339e+00
2.615674358787150489e+00
3.407933028710003143e+00
3.248532022569436961e+00
7.690244932484571194e-01
2.991304860545843880e+00
3.682702774796947409e+00
1.947249354739863492e+00
2.396009711244403206e+00
1.333430705187328869e+00
1.930998977368761693e+00
1.643896105468266811e+00
2.503406497375401329e+00
1.660118486004150462e+00
1.843483411521997795e+00
4.283730173198755153e+00
2.115897954765232569e+00
6.219927069981521228e-01
1.951823768366337752e+00
2.047480044230177043e+00
9.117428924653898648e-01
3.258858845898883416e+00
2.466720429552448302e+00
3.581452211319463785e+00
2.442007984437412738e+00
4.270118962759442027e+00
1.415953818171695744e+00
3.268648875759270211e+00
1.762753827763458681e+00
3.578878843874283788e+00
3.210950424575589324e+00
3.687099290499125104e+00
1.415586372305757124e+00
1.163062458568558277e+00
1.364939626152271934e+00
2.897898089594327153e+00
3.173313770908858800e+00
3.252708216981213596e+00
3.977617375334315142e+00
2.934687727421644965e+00
8.682441512473308975e-01
3.743850187940719110e+00
1.519988574604950848e+00
1.415462087535801494e+00
3.204111146490928874e+00
2.103522797583994297e+00
3.154895469585227374e+00
2.939866459494878015e+00
1.361173991152690554e+00
1.619551417029560625e+00
2.035649556917064729e+00
2.838603212750698823e+00
2.486140682325852502e+00
2.810147911127020670e+00
1.481747240427845114e+00
2.821563058345113006e+00
3.263966901005129984e+00
2.737632191403253756e+00
6.490607065070852499e-01
1.618049481031537340e+00
3.119110304717837678e+00
2.722030836986863100e+00
4.298419027895581834e+00
8.777492224866074721e-01
2.962114307569406080e+00
1.540759872928672003e+00
3.532743548549360568e+00
2.227740213086856436e+00
2.776591286864088737e+00
2.142639674114252379e+00
1.024908507014374415e+00
3.040192155887023517e+00
2.576561787987559526e+00
4.100534133938966264e+00
2.797344638972496078e+00
4.187877076512213748e+00
2.784169326454942528e+00
2.663634025096502711e+00
2.816717951953767951e+00
1.740803809011978842e+00
2.494798552938769731e+00
1.320975940056337450e+00
3.061902295811092856e+00
1.939290978352992134e+00
3.577853332142346687e+00
3.571900630684396560e+00
2.302597275166204938e+00
8.381528749464228767e-01
2.944550666854323318e+00
3.110980644181951860e+00
3.218770315781057434e+00
3.982728160636209935e+00
2.526964384655330242e+00
2.058280787018397007e+00
2.532497854079035271e+00
2.492624825669520483e+00
3.294352158871131309e+00
2.458865225579086378e+00
1.679484947139486373e+00
2.448119332487213029e+00
1.833830355634757936e+00
3.054933279840984284e+00
3.271477199333482133e+00
3.088649827162079475e+00
2.722634680399218965e+00
6.885774458413935761e-01
4.239256665308037242e+00
2.565592230076915392e+00
1.032227384418494154e+00
3.078854714849040164e+00
2.385895030186872212e+00
2.093611937935248690e+00
2.593132753109827604e+00
1.076172380884951707e+00
2.169698781921691300e+00
1.304313436762838840e+00
2.083093647473843291e+00
2.637033932978198436e+00
2.283795756432931867e+00
4.202124176842577441e+00
3.165201834514615342e+00
1.473211212964756101e+00
2.423545466482539545e+00
1.969506958557737164e+00
1.144151984020373547e+00
2.549722717699508756e+00
3.748848742328029005e+00
2.503688834132843155e+00
3.578128914202991950e+00
2.100411631506705845e+00
1.891517212184350427e+00
1.414333708626318575e+00
2.732292443750102606e+00
6.677266431845181316e-01
1.116944668412162223e+00
1.151906453617083770e+00
2.545764270682449038e+00
2.352104869917720720e+00
3.096538680574317581e+00
2.056246410141400638e+00
2.608193812053346328e+00
1.531047289709621673e+00
2.840502032727980186e+00
3.149950427865034541e+00
1.493549626909714156e+00
1.334676609788872703e+00
3.743244445441254342e+00
3.122118846451030549e+00
1.903412176125803157e+00
1.667615344479917106e+00
1.011418261753029846e+00
1.596209454144584150e+00
2.778013756229743336e+00
4.074941370785994721e+00
1.179901144848380490e+00
1.814606021295549709e+00
1.971724083127314842e+00
7.139900632903115607e-01
3.981340886386668387e+00
3.783263875899967488e+00
4.150345525386528678e+00
3.166591246511618607e+00
