2.986107209380151950e+00
4.390601507109602508e+00
2.774569718729632761e+00
2.887985444698987436e+00
1.952804873557102638e+00
8.030349404801899738e-01
6.167346892935722025e+00
4.838673429778648227e+00
2.664143475863831156e+00
5.893875625755192971e+00
2.348953616562970304e+00
4.409884705829043128e+00
2.478106208522677711e+00
2.475882380654166326e-01
5.444194944320932095e+00
3.395219369441239365e+00
2.373883811601255722e+00
4.107813631798059362e+00
2.478962420457840210e+00
-6.210044496243236622e-01
2.494118478564091745e+00
1.281486662297482759e+00
4.040302999163882802e+00
1.698462170865049359e-01
4.874779784153096429e+00
4.834620177450982936e+00
5.118445291072632131e+00
3.570628399296090549e+00
3.154020858516540571e+00
9.172197870622209592e-01
-2.865591320133100695e-01
3.115748307545400664e+00
3.591764268145830385e+00
3.257163889735972262e+00
3.544493215964770627e+00
3.982620148903812662e+00
1.655012236131964798e+00
1.650882747076948043e+00
1.521906182697942533e+00
-8.854363476227034013e-01
3.604061543130910650e+00
2.746201446876975538e+00
2.534041738827617074e+00
2.669999075610133055e+00
5.264835962867101316e+00
-1.108625546365313852e-01
4.628412370996933589e+00
3.835541661781467937e+00
5.768168316124929973e+00
1.825643936967003889e+00
-9.150153204136461937e-01
2.484966558431305650e+00
3.059954686370362609e+00
7.251333837985951547e-01
1.340161882194209397e+00
5.182352110759914865e+00
9.180571503981598269e-01
-3.178010577208869591e-01
5.317729283999650391e+00
5.124861796921166501e+00
2.552788311683696243e+00
2.041309527775812427e+00
3.391551935898988290e+00
1.358560083475358837e+00
2.174489932007379167e+00
2.647249894055315522e+00
2.598593947217529454e+00
5.230199474138057525e+00
4.140731626191795911e+00
4.534466030235336120e+00
9.742852582273897610e-02
1.653042077109488694e+00
7.210256060765498631e-01
4.037524395075209327e+00
4.066950157639627861e+00
2.159508636105540447e-01
1.756254802377430480e+00
-7.567114002606798451e-01
1.756704489110226142e+00
-8.327091853053669723e-02
5.631874169866335933e+00
-1.440058088413147530e-01
1.476638510895146972e+00
5.686772902311760802e-01
5.565963624279813615e+00
2.158713522874040613e+00
5.602693467657136495e+00
1.382726322422075604e+00
4.194579677398335704e+00
6.079057719620269751e+00
5.284661843137831383e+00
1.633821713382462626e+00
4.915265827612504523e+00
1.080154756791431581e+00
6.026727965060878489e+00
5.130819807744497751e-01
1.456470264990525010e+00
2.364238537517821648e+00
-1.558788237430581702e-01
5.026804031663163030e+00
3.749500541098974793e+00
1.322569632946305695e+00
4.302993648691860074e+00
1.152264709358085781e+00
1.108791937873123246e+00
6.393334091744229397e-01
4.654669511688901196e+00
4.919415140491421923e+00
4.012679209338335440e+00
3.810908165185383112e+00
-5.275135812574571759e-02
3.648952913641112517e+00
1.531801862419031046e+00
5.942148239946046573e+00
2.579187282386393498e+00
3.167520274730518892e+00
1.500076167519255321e+00
4.452324183233455912e-01
4.345217044370969006e+00
1.365577302996065612e+00
3.162473035608821093e+00
1.883383549585722960e+00
3.566216028482225298e+00
5.535132255358304221e+00
3.112457083788777723e+00
9.464400133301795748e-01
3.032302840319196946e+00
2.461696990653291728e+00
4.190101304086327971e+00
5.063647138920362778e+00
6.406182624539020765e-01
1.776198594949098819e-01
-4.982520852929814836e-01
1.775970319533231034e-01
1.849112270734162955e+00
1.299848762968595750e+00
5.432279021692295373e+00
1.342698019310102353e-01
2.742216331722510780e+00
3.038472996229467427e+00
4.277204539092382518e+00
-4.193517506206925205e-01
3.790175790520446952e-01
6.289169889040934436e+00
4.239005497456146188e+00
5.143039710001882980e+00
4.049253038741888133e+00
2.902572685096745708e+00
2.829052094814997531e+00
4.432461225868365773e+00
1.212020409157233303e+00
2.455405000813824401e+00
2.736224353798347053e+00
3.257328360226257047e+00
3.136539365359144682e+00
-4.690320688793709891e-01
4.800764971092101874e+00
4.279371148688980497e+00
-1.537480227248639864e-01
2.099596950136131568e+00
2.210925599308321665e+00
4.803790132509965005e+00
5.850758043921318929e+00
2.611551836143741312e+00
1.238037076741291820e+00
3.991933385782907351e+00
3.609633155906815105e+00
2.465858232801425132e+00
2.267780372332290462e+00
1.463044581096541563e+00
3.799481050392053305e+00
1.956369897494830923e+00
4.901172085400634870e+00
1.120963061829156615e-01
1.422820273074745678e+00
2.899911127682227807e+00
4.859816971275831676e+00
5.278727420720967345e+00
2.954463555589302182e+00
-1.689679668748853558e-01
5.832271626865260572e+00
-7.237128705619904068e-01
7.273077348887397875e-01
2.196311062306284256e+00
1.000201601980756472e+00
6.307402905431356288e-01
4.424892998637284691e+00
4.399398294880219495e+00
5.295378751804204143e+00
3.249793429845668769e+00
1.621948860999154363e+00
-2.119440500048810350e-01
4.933502596882499702e+00
2.916231817826960615e+00
5.064057484722592761e+00
2.761913338045996369e+00
5.206295573631967599e+00
1.806905466798269799e+00
3.837112132463955660e+00
1.531225761925463225e+00
2.147455599762930767e+00
1.291950725678579381e+00
2.475890098762572933e+00
-1.003061188974842644e+00
3.934532222945499313e+00
4.757301715007351106e+00
-1.222166378424369260e+00
5.388902874766410278e+00
-4.864845958288732675e-03
2.123052501000480596e+00
3.418509689081425051e+00
5.863375258580125760e-01
2.715832330697505625e+00
4.926404500502190587e+00
3.904919979266484376e+00
2.972890584369931588e+00
2.724728399827331060e+00
1.718747906963140615e+00
5.498367863833628633e-01
3.618480959687467191e+00
3.987907096756512004e+00
7.520311861269322051e-01
-8.443293963339018049e-01
6.689940275293633221e-01
2.995800949639182420e-02
5.050364452245721836e+00
3.354083087515084216e+00
4.697576861082872313e+00
5.555819132431423668e+00
4.765900368529143449e+00
2.845169240024949531e+00
4.545191808136195277e-01
-5.994563683788332042e-01
5.055637511825965547e-01
4.513288205979256063e+00
9.859904128171050885e-01
2.781379886143430014e+00
9.362017195419873872e-01
7.171427243408423635e-01
2.487732190639379226e+00
3.429549687871681130e+00
5.315946246342525328e+00
1.879700538431590573e+00
1.169769881799314959e+00
1.228692602927249133e+00
8.983596620745561978e-01
9.961373432649454074e-01
5.907838469995295938e+00
3.553079491974713733e+00
4.236871798550042811e+00
3.450345926820379105e+00
5.506169169260486385e-01
9.662220868428326170e-01
3.124340166373398731e+00
1.042391636834176794e+00
3.884735612441902575e+00
1.178108415039323731e+00
3.069085958585953122e+00
2.779619898440785164e+00
2.217626646253502365e+00
4.031108956354085393e+00
-4.937967763096242635e-01
5.769597488575701760e+00
2.262534274690437108e+00
1.449560757365975228e+00
-8.111325639826461043e-01
3.583040359029464383e+00
2.130945710035171636e+00
2.163874650101188735e+00
5.192340084889170981e+00
2.971460216506734753e+00
3.916331627447894093e+00
3.534497266858299014e+00
5.145387668905071266e+00
2.818450752741753718e+00
4.573507825908601276e+00
2.817876958717605795e+00
2.740149125989633561e+00
5.993738753018817533e+00
1.663499206294805077e+00
4.278683372647678951e+00
3.642560667749409120e+00
1.171798640034952932e+00
5.706120746463867022e+00
5.361451478971215323e+00
5.165873306584813918e+00
2.277052284292244266e+00
2.702970462819916264e+00
2.848014867704039332e+00
2.288063214803606193e+00
4.817813342784857511e+00
-8.110222231406813975e-01
-9.540807825763479855e-01
5.123874215653870579e+00
-8.408755186126857240e-01
6.891188056277890439e-01
2.497126800947889969e+00
6.266808576818883481e+00
-8.314153363530376595e-01
1.057943881354203697e+00
6.006085871287965006e-01
1.291557654617992767e+00
3.555325991506675720e+00
3.449357717695756165e+00
4.675895492047818180e+00
3.528472208857014181e-02
-1.701844689394809151e-01
2.654274379064100131e+00
3.468500923599377117e+00
-8.477545740298388921e-01
2.180700135538781836e+00
2.111516588786884085e+00
3.787179462504663974e-01
5.068150408469024981e+00
2.188136661495252433e+00
3.190441700613945386e+00
6.112667843494691056e+00
5.268801486640624532e+00
2.982952163124565459e+00
6.239544082860126295e+00
2.020992948203490513e-01
4.348352929438991765e+00
5.513652803662816737e+00
1.873440739007666167e+00
6.006500623871591671e+00
1.473904871359168922e+00
5.499444169608182165e+00
7.156591576128139565e-01
3.270319405449312100e+00
4.437897336861329478e+00
6.247251009045996284e+00
1.388247237164901726e+00
4.901986125208123823e+00
2.874391352937731625e+00
9.337869168564356670e-01
2.522738933429905295e+00
6.872350987732973593e-01
2.484491442409009210e-02
9.179178367156977103e-01
8.794318154423601541e-01
1.401626452820555535e+00
-4.829471713993376270e-01
8.141785173732438707e-01
4.492479144594581086e+00
3.590998740991405924e+00
3.458785160203046161e+00
2.265015021398945727e+00
5.640928630490273932e-01
5.133011463835558175e+00
4.492600014644414941e+00
4.158045519476221585e+00
4.183389992891246578e-01
4.410535297924253584e+00
4.266905852017762513e+00
6.919264138037179990e-01
1.187593701046729677e+00
2.285304649132430477e+00
4.336067334493598935e+00
5.061259094597193808e+00
5.528279165957574293e+00
-5.982680577735948191e-01
4.156319590343860781e+00
1.598569802489732794e+00
-4.692563152189856979e-01
-1.502460983754287938e-01
2.558067533428143747e+00
4.323586806942644856e+00
2.132216267159306788e+00
1.010488484910211149e+00
6.490315093093812493e-01
-9.476823283241309070e-02
5.033409793502146456e+00
4.648124113583563144e+00
-1.139058537127625836e+00
2.353556919683326143e-01
-7.509802989030376352e-01
1.088584490591684606e+00
6.267052472904959259e+00
2.730897834425721982e+00
6.525364511769868869e-01
3.195827879186508014e+00
3.988768145229903084e+00
5.951702440168089581e-01
7.396037237999903979e-01
3.675074446115008442e+00
1.118442035601778350e+00
-5.322262093279306328e-02
3.285603015319285447e+00
4.812695991735854051e+00
5.153513025247880464e+00
7.704105535082419465e-01
2.798895954921289508e+00
4.370041782757754234e+00
2.574481787017241174e+00
2.444875975125054168e+00
-8.202789352725101679e-01
5.312279316348913483e+00
2.938820723593240203e+00
7.019110476152512490e-02
4.446945508224585453e+00
5.176998934961034138e+00
4.892910669199203255e+00
3.188183148678955803e+00
1.251709618839985438e+00
3.374972052709500403e+00
3.617760301059799843e+00
2.518271027705173637e+00
2.867885756838308708e-01
5.229031808999874187e+00
1.851205783147836570e+00
2.946062931796273432e+00
3.858177032236874027e+00
7.169732669859198992e-01
5.549195955130779012e+00
3.686206638107375255e+00
2.360230486884058898e+00
2.852677976340911137e+00
5.947459242037549387e-01
-9.582773264162298688e-01
2.458095508972774290e+00
1.109232388449919782e+00
2.194749939848876785e+00
-9.701166905513796124e-01
4.884245256047199391e+00
3.767436844008043906e+00
1.311264219131818898e+00
6.768195295438594883e-03
1.600572905467219087e+00
-4.078608964551104776e-01
1.474824876471423352e+00
2.859805224508303212e+00
2.498139089090781972e+00
1.609828053139820803e+00
4.901888445854604370e+00
3.043964002213110476e+00
4.132987571893902867e+00
3.430479645389301169e+00
2.730953163896705504e+00
3.572435835629535816e+00
3.256886023460850765e+00
1.587056172540771470e+00
2.506651899472642775e+00
5.026150008937314340e+00
4.764201278464048173e+00
1.693202146813108655e-01
1.751099689314584928e+00
3.421529882033436110e+00
-2.725931066280198323e-01
4.142304426179766352e+00
8.462720184813292690e-01
3.108762911022209252e-01
1.747835595495161876e+00
6.901421544739685388e-01
-4.725244327718822746e-01
4.287896333464562559e-01
1.332138870611189851e+00
9.129171560411242226e-01
2.931860065364469747e+00
-1.077992314829260945e+00
3.911831317832886512e+00
2.334350505862171410e+00
7.509015884063749979e-01
2.689276683853262462e+00
1.627100137672468527e+00
1.366409059927554459e+00
2.524949761907013368e+00
5.657805935574911516e+00
2.325054964987773864e+00
1.572828905431604696e-01
3.841957353365463845e+00
1.277259809106988442e+00
2.625806002640835857e+00
5.602051569909821893e+00
2.740418520691553006e+00
1.407932831919155525e+00
2.423354734012225009e+00
3.981469473932511605e+00
5.451844690898582257e+00
-2.853805708512693329e-01
-1.048523447808458631e+00
2.393473719189835869e+00
-8.357165689864816116e-01
1.334331679109888924e+00
3.831735162409209750e+00
1.870630254410157178e+00
5.038346741375221427e-02
3.644689118945926509e+00
3.130962596659138342e+00
3.437094651084727559e+00
4.289213543547006680e+00
1.466783069023104069e+00
3.780299176613286960e+00
4.558802695609168509e+00
3.303769418322289653e+00
3.706957326873681069e+00
1.755820780928382341e+00
2.692895443719108606e+00
9.580868056182731962e-01
4.580294916258427662e+00
2.068942879614779962e+00
4.410976357102718737e+00
1.367079878386794789e+00
5.242321502782003151e+00
1.357205703535619534e+00
6.254710306218658644e+00
-4.737032531244889100e-02
2.804573085974775282e+00
2.582919988671709355e+00
3.326274687473681269e+00
2.114188431602039842e-01
4.391103566232663624e-01
5.031454432982656044e-01
3.066647221313489879e-01
3.471101097920707090e+00
5.529867295937496152e-01
6.083826052121953154e+00
2.742375370691966019e+00
2.631831419519553350e+00
1.619527006172640782e-01
5.633868587562680830e+00
3.090244697446241418e+00
1.397480409315994265e-01
1.564812539181996698e-01
1.068511112558718779e+00
2.844738370355006651e+00
1.923970916976508683e+00
2.762572837157143191e+00
4.727724651351239871e+00
5.145329136698535422e-01
1.891007158726258908e+00
-2.735186581483528556e-02
1.592019713437231587e-01
6.299251762146598210e-01
3.709419980377019144e+00
3.468088198104283038e+00
5.208309304920089033e-02
2.760398774981215553e+00
3.106595516188138006e+00
5.297570029002825365e+00
4.720064611815391942e+00
2.493961707280687889e+00
3.234456287263745011e+00
5.503215865830073383e+00
4.030067025727833041e+00
-1.000894599585873568e+00
1.519224179751247128e+00
1.937501468996432052e-01
1.314431214276968518e+00
5.235781448492339507e+00
1.289353389996360733e+00
-1.202909009009387908e+00
2.345241692151628143e+00
-1.491593768935226549e-01
4.314674577952731127e+00
-1.226967452733214170e+00
1.411394119482732634e+00
2.854943908814250975e+00
2.052508925897573278e+00
4.440648349740103029e+00
4.743072263637330366e+00
7.538981487835352269e-01
1.367841211739177609e+00
4.084256624592054408e+00
4.745916994867773298e+00
2.018116849730372309e+00
6.023677945175673898e-01
4.497946644945132633e+00
1.912237358292879996e+00
4.026539364677384825e+00
5.911489513208593394e+00
5.681106962879850286e+00
9.071807341179507489e-01
2.722415724538114645e+00
3.171596092917651433e+00
1.827234282416898559e+00
2.287897316629548428e+00
2.852680682169482118e+00
4.464413807831611791e+00
5.999341607229400353e-01
2.731921807184553685e+00
5.406604848955604226e+00
4.019207368571972694e+00
-6.646424735708809095e-01
3.164623144280042766e+00
1.099199216918476552e+00
6.142528944371631994e+00
4.311836502898025003e+00
2.562229614207326200e+00
2.461705813070937943e+00
2.121318650028334751e+00
1.899562687778759695e-01
5.480590943866962661e+00
4.471603654841862507e+00
9.715488123458371206e-01
-6.683300147136908009e-01
-6.948356132360187232e-01
1.594141037463062460e+00
5.526101294008178400e+00
2.903719075685470941e+00
1.256138942242945866e+00
4.504538080955009960e+00
2.321652356425256691e+00
1.301533569883474684e+00
1.903153932103305301e+00
1.990462968982652292e+00
5.125971909682192518e+00
2.630507456809979772e+00
2.856286693634428886e-01
3.447025762509984048e+00
1.475423233480240626e+00
1.633537844655846172e+00
3.234864314021161036e+00
4.574823609526681878e+00
3.543953016578024418e+00
3.382725953321925161e+00
3.605638395657573270e+00
2.614418525849497854e-01
1.053793696060496998e+00
1.500232893355316399e+00
1.241477946519861320e+00
-6.912145101667714897e-01
3.381772516139829321e+00
3.955706936349850267e+00
4.415739766240214692e+00
2.043904922410928471e+00
5.461047288113023868e+00
3.178405079482965689e+00
4.733646425762206178e+00
2.140147045160963657e+00
3.669322514234545807e+00
2.803576358818159697e+00
5.994217697998298178e+00
3.762752137379532513e+00
2.515430782852666525e+00
2.944223856189537969e+00
2.768901673840229449e-01
3.914455388939664715e+00
2.998608152513563496e+00
3.014758408748420493e+00
1.111630832445407613e+00
1.016033695156253636e+00
4.625058826456905692e+00
2.170105006717689911e+00
1.768289527810065209e+00
2.425029484222575249e+00
3.165186881443995404e+00
-1.127202386602730311e+00
3.525108297825003234e+00
1.952432639077008147e+00
5.931559162817174879e-01
2.414605327649788968e+00
4.435676272070576687e-02
1.801481364053719503e+00
1.149366077796993402e+00
5.506646571477354257e+00
2.987228197794725482e+00
1.635595099220477522e+00
5.080189079643254502e+00
1.414932729999776484e+00
4.962401221661902895e+00
1.797816775421621216e-01
3.506087780117246311e+00
4.831781579072051969e+00
3.919291189878407522e+00
-8.412468838051854192e-01
-5.323936985643049624e-01
5.888202799549230093e+00
4.178205456811014074e+00
5.409318097794672653e+00
3.839097030653931597e+00
2.402212793452020101e+00
-1.235484748121594478e+00
3.851863852099613794e+00
3.948489096405413790e+00
2.611961909774503710e+00
-8.002801781763668743e-02
3.348419162513648573e+00
1.621352589753497497e-01
2.441143472781499568e+00
3.867564524125274517e+00
4.017359531838202713e+00
7.034487504598496699e-01
3.130254889130398510e+00
4.255421552279656794e-01
2.756595203772906899e-01
3.323265160713740229e+00
2.572922782714254453e+00
1.429023097512136964e+00
3.830278942287602462e+00
2.315784693210432899e+00
3.801940191146568893e-01
3.584670334933411695e+00
1.344536131642692922e+00
3.798372039904966968e+00
1.951340843989687990e+00
3.452216535240847151e+00
2.746962473800387272e-01
2.413604866268001636e+00
1.600853215451826017e+00
4.178153718810738937e+00
1.497447582140279287e+00
1.199866987457697043e+00
1.398162107930371434e+00
1.559307655950052052e+00
1.322731520471798206e-01
4.281658392206107777e+00
1.508326448709318868e+00
4.341624709467801324e+00
5.120924526043326708e+00
7.642556797056139217e-01
7.051327831112903510e-01
7.787580130435172165e-01
4.296941775039602618e+00
2.220729864677784882e+00
2.967963532078972122e+00
5.967954097245536715e+00
4.571367154228584084e+00
4.686926501348484209e+00
5.060574847418967792e+00
4.582820557277269558e-01
2.011130008361268651e+00
5.529499133776470288e+00
1.804655498657954382e-01
1.643045015822120369e+00
1.910704212234532129e+00
1.164866520887395396e-01
2.621886585454892504e+00
6.966288399324653824e-01
1.157324964311391646e+00
2.531172715517175043e+00
5.001605213462788413e+00
4.573932207337865208e+00
1.521896105268634614e+00
5.403753541075481337e+00
1.631756105931269296e+00
3.970129037663484795e+00
3.927669444725383485e+00
4.267320801186585300e+00
3.084662774226995197e+00
3.813771282743234181e+00
3.372376510510479264e+00
1.405162444039246950e+00
2.729292309593729371e-01
4.984817881158738473e+00
5.780257370620377699e+00
-1.524121257683175301e-01
3.049393159292732136e+00
5.339916011143319707e+00
2.821468957848345838e+00
3.658970501576622070e+00
2.615155026603624755e+00
4.380383527713977543e+00
4.002070868315586338e+00
2.640259969453939703e-02
2.869120362667853641e+00
2.408678348753920950e+00
5.834731659643702883e+00
1.969091183362501774e+00
3.204080868413162975e+00
2.176816509524955201e+00
3.651486458914126487e+00
1.135269136585589145e+00
2.200959297624141442e+00
1.556044934670257618e+00
5.201562659718705461e+00
1.376988267980535419e+00
1.604919912796296089e+00
8.149193120600255469e-01
1.151866985965916079e+00
1.195693248667722308e+00
3.483003497816779870e+00
4.452430634337375182e+00
5.875388934200360680e+00
-5.542040951770612622e-01
3.565042996289424337e+00
3.522900041169640062e+00
4.428522361073699898e+00
4.303609867788056320e+00
5.479625843316854983e+00
-6.380521764898983150e-02
1.215691214459229563e+00
2.768955149332713361e+00
2.775678305437777382e+00
3.978651471315444610e+00
2.102315672775519673e+00
4.164744579462851704e+00
1.613066225553425603e+00
9.792320731293102654e-03
3.261121354388340166e+00
1.223601025955797894e+00
5.749411486781720981e+00
2.404043626299696257e+00
3.451175866346357424e+00
1.186475906460717766e+00
3.734605002467196400e+00
4.457125109480070790e+00
3.441833468237794236e+00
5.007367875032180393e+00
1.782172129254864679e+00
1.642881940316634370e+00
1.878022478250176874e+00
1.004810399190504633e+00
1.346611670620097456e+00
5.386849782857090929e+00
2.593061159852517505e+00
1.572309584303202001e+00
8.298344276610389869e-01
9.733408954887883269e-01
1.364717762427865466e+00
4.443099502888678387e+00
4.457544122845961354e+00
2.952893825356940560e+00
7.412673233946902585e-01
4.563864787058429684e+00
2.664944895418592807e-01
2.868441317570470162e+00
1.932153760950227728e+00
1.771874396547742592e+00
4.821400925852552533e+00
4.924281569436933736e+00
5.617488724707715875e+00
-6.667411256378663609e-02
2.779710072949820088e+00
5.628786328741126610e-01
4.058847436856860114e+00
2.984848769037550476e+00
-1.051770080802172824e+00
1.953924752428879863e+00
2.983002172862372348e-01
4.366177203547179531e+00
2.394924223611193170e+00
1.628247413493879137e+00
5.576451371054949036e+00
4.026583450493793848e+00
3.787166197314260074e+00
5.890805582466093426e+00
5.042228156933930450e+00
3.726582491451225110e+00
3.294582873043935933e+00
9.682877851103572908e-01
1.223999706405408894e+00
3.141974238410551123e+00
1.801097843415805144e+00
3.852061779290131938e+00
4.563619780548584970e+00
2.489927015770390106e+00
4.998253665376957144e-01
1.916762303053549665e+00
1.059272245455979089e+00
4.890272485143517756e+00
3.698173906667980404e+00
2.268577671397878248e+00
5.507929408622320722e-01
5.938130419896987533e-01
6.627013322327162115e-01
4.463822662559877585e+00
5.421777123800671561e+00
2.841241926802175577e+00
2.832939232441447075e-01
1.034868188190377403e+00
4.127289632483799764e+00
5.704257599487135622e+00
5.368927881674968816e+00
3.769785254907358052e+00
1.931016381526551307e+00
4.197548623967239934e-02
-2.673124592661855203e-01
2.630917077541287341e+00
3.094454427740709335e+00
5.462880247115787569e+00
2.044400064607792444e+00
2.779254576837919544e+00
3.179395543299037286e+00
5.135387118526310246e+00
4.073242462128350283e+00
3.519976289305128958e-01
3.155441602989748517e+00
6.483078292569697254e-01
-1.075573901690999534e+00
5.929404970134795505e+00
5.316849498862593393e+00
5.293340305168522164e+00
8.853376334283886706e-01
1.496111577441072704e+00
4.150680529768452587e+00
1.300589662932776669e+00
6.195960264688299191e+00
5.978447428762086346e+00
2.247340101366433807e+00
3.593898985631680532e-01
5.497162791140741689e-01
-1.155111409817274559e+00
5.651840180834826199e+00
3.836768213915803472e+00
5.088102118109695482e+00
3.842597379673360791e+00
-3.746317072077518517e-01
2.939417101121384768e+00
4.507423262880703163e-01
1.428067341599877693e+00
4.626441662207865235e+00
2.413831185590364470e+00
4.657591234974908900e+00
5.512538074659554255e-01
5.229383728536989295e-01
5.943151702810478554e-01
1.485428737137144850e+00
2.971556692993849502e+00
3.355496345909781297e+00
4.591680457803931859e+00
4.100381762534187402e+00
3.177797066105659596e+00
2.503457743214010378e-02
6.186176112914282044e+00
6.802160994171808639e-01
1.101083639885424681e+00
-1.049979924749275373e+00
-7.719788003363348139e-01
3.820609948348485219e+00
4.683631643800998390e+00
2.667134774954073251e+00
4.521143586729339248e-01
1.400037366823343454e+00
4.541064973027513219e+00
8.641626526186465540e-01
9.955147882602144449e-01
1.817280493632105198e+00
3.436705663742667838e+00
2.448682849452563204e+00
4.087885889861428979e+00
8.254693338929008917e-02
5.446844433317655998e+00
3.611858723000711535e+00
3.684441163178426848e+00
-6.283699001319451583e-01
3.206193012569864109e+00
3.501103183596356416e+00
4.370408721487976322e+00
7.316890033676957117e-01
4.447666839263785477e+00
3.751340590941849129e+00
3.792684481385371953e+00
-4.881366397616879738e-01
5.464462893782329189e-02
1.164648577935184726e+00
2.146682813191640449e+00
-1.923713638471182819e-01
-8.754737577173949958e-01
3.761693804873788238e+00
-2.448834604272125404e-01
2.693616888822431221e+00
5.299785291053176195e+00
4.268065825089893295e+00
3.897043966678255700e+00
3.647395928518506025e+00
4.040521781359689868e+00
4.108586051372959957e+00
-5.607829670073281036e-01
4.120902554412623431e+00
3.829735721467184106e+00
4.863164914299849428e+00
6.215516624998967288e+00
4.588200490714450908e+00
5.270647031992467646e+00
8.929846246292267864e-01
-3.489628622501683708e-03
1.892669615468645539e+00
2.820341241975945934e+00
-7.619015142176408517e-01
1.989033080459109648e+00
1.411111241789203774e+00
1.822517960380554136e+00
3.353502509570656542e+00
3.571854879833658458e+00
5.649477414124280727e+00
1.708416976437259649e+00
2.563629997108680669e+00
2.328116659624477336e+00
3.075026350657028118e+00
6.054165008433662010e+00
-3.919454693688351199e-02
4.428314156028047677e+00
-3.719394497486092632e-01
1.922670831347931042e+00
2.767865377943553362e+00
-7.393261103861963335e-01
9.573937748140712856e-01
5.011586877460473488e+00
1.476010549875712563e+00
3.322405034442359906e+00
6.352225856594975184e-01
2.949040839095687261e+00
2.957562587761723094e+00
1.388349051510854970e+00
1.969660249779536798e-02
3.906325734549870532e+00
1.907374445955830389e+00
1.173047354433611744e+00
8.460338597716505760e-01
5.147369876938522992e+00
6.176382221181082599e-01
1.526761121059241333e+00
8.442130555250830781e-01
8.343242355255009457e-01
1.627578751134485913e+00
1.612387023663948149e+00
8.927922450120195919e-02
6.903480685646892212e-01
1.798701456663471809e+00
1.001803127329041310e+00
2.552362491483720852e+00
2.176734198827226408e+00
1.431520126818872640e+00
-2.519408457918697053e-01
2.612421766651521260e+00
4.042766161841077732e+00
1.931953412568025996e-01
4.807438416263922321e+00
-5.665032619567549332e-01
3.906590891237730290e+00
8.579087026953509110e-01
4.899016031981657804e+00
1.885161158732596043e+00
4.489212414192250478e+00
3.807963220798288972e+00
4.033455411760959564e+00
4.657003384483612507e+00
1.418114809775828711e+00
2.616889351834029043e+00
1.171451364290987840e+00
4.364317913458886977e+00
1.327067093389530328e+00
4.049992826935950418e+00
4.866380720427191164e+00
-3.558072700525052312e-01
5.822046772726626074e+00
1.573628267730295960e+00
2.470642527927719989e+00
1.190736364122740198e+00
5.452862037539210505e+00
5.600238997166918864e+00
5.599842138116358115e+00
4.564900423815348773e+00
3.152715143597797365e+00
2.326205036239072932e+00
2.764853680506273115e+00
3.038530213026996663e+00
1.396012110073071355e+00
2.650807387243314217e+00
2.533864478637565476e+00
-1.442716263654357789e-01
4.798079195161594868e+00
4.694038649277180397e+00
2.620915379645258447e+00
1.269375496473700515e+00
2.894654049719222577e+00
3.041291942734181575e+00
1.515546787712744425e+00
2.461740916076851526e+00
4.435797004734176596e-01
1.615943974815312600e-01
5.178598531087859058e-01
6.344577576465599833e-01
4.316040730076704079e+00
1.594796543955743218e-01
-3.406125530660952805e-01
4.644509419370496772e+00
5.463003229351020451e+00
5.911895409907554466e+00
4.580659774329911116e+00
-3.128725856899903235e-01
1.825494292219175918e+00
9.129691372536274940e-01
9.587313182125623001e-01
5.231527485044988879e+00
3.197654534489450029e+00
1.517747742781134335e+00
2.555705640928364275e+00
1.709264846402558824e+00
1.558244840310961443e+00
5.255629236802366933e+00
3.452516563543452932e+00
1.863181501101751181e+00
2.196592964730965214e+00
1.670837342415759430e+00
-8.745208643164135154e-01
4.737296323923780861e-01
9.736910205352433678e-02
1.358020425012440136e+00
-1.833640644066925063e-01
-1.623736362969383507e-01
3.962612547807557561e+00
1.515571239943890092e+00
2.406255058821070492e+00
1.551172171431494995e+00
8.285895390536115457e-01
6.203480557930820538e-01
6.268488142303628052e+00
4.128047172618778404e+00
4.934295035856454348e+00
4.206461461636662236e+00
4.225624868499920694e+00
1.303893940225107073e+00
3.859772120900375469e-01
-2.944843307183520054e-01
5.761105791728663661e+00
2.127934249973623793e+00
1.780096703610388076e+00
-2.150587872758649155e-01
1.920182821145377972e+00
6.226285512172371028e+00
4.421194716559234905e+00
1.539293639529190294e+00
3.512636477443006555e+00
-1.393521664178472008e-01
4.392172455066313930e+00
2.246912937746833094e+00
1.400653378713524688e+00
5.676542517502598528e+00
1.443099343700044557e+00
-1.765895788672287026e-01
1.868370983152080278e+00
4.296674981171783259e+00
4.519621379045343446e+00
4.984065269989267577e+00
2.745179012765327720e+00
2.866955190068648740e+00
4.633551073437031320e+00
1.607576839563455984e+00
1.535009727787327805e+00
5.204256871155168440e+00
-8.779204842765855332e-01
1.591595932129289181e+00
7.509905053350305337e-01
1.475435042679020370e+00
8.182062161518182108e-01
2.372386194861108244e+00
3.669173719837667491e+00
4.740617665004705827e+00
1.937501926801847851e+00
5.484693244909328413e+00
3.180829671124167035e+00
3.054667462087085283e+00
1.460756211483290379e+00
1.550322163533698117e+00
3.756047167754454463e+00
1.291815816072673151e+00
5.945984128571929261e+00
3.062407140910845982e+00
3.454382007030277535e+00
2.988389276363776048e+00
1.247522226756728081e+00
2.420938342102496144e+00
2.300366266951439087e-01
2.627329312215023194e+00
2.048317399544361983e+00
1.492154782962238357e-01
1.774152669246264580e+00
9.003474898309109520e-01
3.224643004771095889e+00
4.156310861864476180e-01
1.342986122500541057e+00
4.968195742672754989e+00
1.331838825539836790e+00
5.390201625229179783e+00
1.831114729314884393e+00
5.488865784486755217e+00
1.926566999091710031e-01
-5.557021663376557896e-01
3.604374881596168478e+00
2.673648915040065077e+00
1.393028166822624314e+00
1.604240876682441197e-01
4.406173916718225669e+00
3.523253862820588722e+00
1.782377015942363307e+00
3.671708954180985529e+00
1.859117527239521728e+00
2.438760537541692308e+00
2.723461626151546966e+00
3.617461724677037083e+00
9.817869553112084091e-01
4.310039499955674813e+00
4.699745851082314019e+00
1.758923959481063726e+00
3.400756686255919092e-01
1.355011144040351390e+00
1.373313551874036698e+00
5.336399718556130267e+00
1.731634740462421718e+00
5.151051632080895004e+00
1.937820159537096742e+00
4.293892970614617610e+00
7.261540947921583111e-01
8.035984066394243897e-01
4.719600751881101175e+00
2.530076190558681937e+00
2.595286829937917261e+00
-6.961971358006824317e-02
6.042229179914341941e+00
4.213022887477190892e+00
5.150188510749208248e+00
1.236321276680136805e-01
4.754707083990501459e-01
4.345081881435772786e+00
3.100269838375790954e+00
3.470045767002687853e+00
4.924830118092037523e+00
6.077472584916229437e+00
1.881895586047144242e+00
1.312977268134415176e+00
2.530985326274281633e+00
1.441506871081538854e+00
2.646433745287615658e+00
2.818836654286451804e-01
5.228296540741657950e+00
-8.946394284985439427e-01
9.180310854593738412e-01
5.530338738052803293e+00
1.175031908180235618e+00
4.188076687073689186e+00
1.177697553735015390e+00
5.446500834216850606e+00
1.676357163006227502e+00
1.716375328158147084e+00
3.809339381581763107e+00
5.277835526519197629e+00
1.194540497469144924e+00
5.901603868748569681e+00
4.209994196768709784e+00
1.921886620275929936e+00
1.793494912569369326e+00
-2.256244509526794673e-01
2.774214588593308051e+00
1.821863347301079017e+00
1.203296735449561616e+00
-1.018368191257307487e+00
5.112996105316700124e+00
2.663047091166125035e+00
-3.835206178064627380e-01
1.563554413374664165e+00
4.692663253535380719e+00
3.237935575397347776e+00
5.264148007687980524e+00
2.172466086938808161e+00
2.525471325180556725e+00
5.687766647691244515e+00
4.761444796477961816e+00
5.040322126217510856e+00
1.871516809764372624e+00
1.848500911637140476e+00
1.943154528372549983e+00
-3.540032869153071360e-01
3.334899133506883828e+00
4.390616610904190864e+00
3.859632360073254276e+00
6.435500425218076970e-01
1.956316503096609871e+00
3.105824609714449736e+00
8.952100913833218598e-01
2.121843640160868460e+00
4.709681421842859095e+00
2.540623419923917936e+00
1.523155434408746345e+00
3.594363733846599018e+00
1.181635503091078121e+00
5.925012748875081670e+00
5.168522451896409464e+00
2.756500903688579029e+00
1.805016559707517843e+00
5.026822758557290882e+00
6.171794452123162245e+00
1.649321272175038544e+00
7.796654153226407757e-01
4.781089471672498092e+00
2.891606323738816542e+00
2.759574136580512871e+00
5.404165625662473715e+00
5.085113940520272990e+00
2.212211853989345833e+00
1.077803944645679302e+00
-2.318158762786408644e-01
3.914443635123005194e+00
-2.161928965759560839e-01
5.587643358976913888e+00
2.283983780116358275e+00
1.947341328355583379e+00
1.375054465732068465e-01
4.892251330854644920e+00
2.988063457569657189e+00
9.108254903970349758e-01
2.083841751515442375e+00
3.809789071813250771e+00
4.019565750801072923e+00
1.091178703595103272e+00
1.605865427859865413e+00
1.558695114594059739e+00
2.359827842574315326e+00
3.650747398802087318e+00
8.568618353256880482e-01
5.858363764718372835e-01
-2.610226571638190052e-01
1.142888566163087205e-01
5.089215901917105711e+00
3.419535292807978522e+00
5.402676923391700470e-01
4.342496647799885423e+00
-2.596576686655440724e-01
2.204081555015220850e+00
7.425517404046431125e-01
1.089028797365036105e+00
5.257884776196604548e+00
5.144901610349833732e+00
5.011232566734076244e+00
4.773154140751195484e+00
2.400734215865946375e+00
2.742355114045567532e+00
2.155828670561525051e+00
1.925513727890439064e+00
3.068837003447820067e+00
1.981017089900372063e+00
1.033910371863435707e+00
5.967975318860458955e-01
2.786840580108475685e+00
1.562811651345753283e+00
5.170712478655815403e+00
4.521684785482566582e+00
3.988143995257008356e+00
4.839373667938341228e+00
3.202186507737039278e+00
5.399878704027141652e+00
2.237097399530356689e+00
2.008436356923695598e+00
2.415537982859917499e+00
5.510006484316551933e+00
3.423490541837825418e+00
4.807646172145831898e-01
2.359956891110019050e+00
2.047659487880368445e+00
1.860194987597589389e+00
-1.287214687053497286e-01
2.781155770004533068e-01
4.404463598993293871e+00
4.637919449948972428e+00
2.223063957455988060e+00
6.146462731333448559e+00
3.066865207287513329e+00
5.001487081388743761e+00
5.599560906675176142e+00
2.496859638859805663e+00
5.277079092375606351e+00
3.380160851764468788e+00
2.343250354863898544e+00
3.526642161754200089e+00
-9.391252281436281990e-01
2.479136394544305233e+00
4.391908953191135723e+00
3.362849027820967507e+00
1.316501300999489033e+00
-3.432929673254667691e-01
1.692554066689027970e+00
-8.546998290897258599e-01
4.233772509137951445e+00
4.277280413766504807e+00
2.257748034289216221e+00
2.431218995135640881e+00
3.317778957155837816e+00
5.898934635696495121e+00
8.097824769859656158e-01
3.204733434807593540e+00
2.020888825147435064e+00
1.500291404500440073e+00
-1.370580735056785571e-01
4.411928212825523943e+00
3.458770525106132254e+00
-3.321707216876355062e-01
6.023180143648671603e+00
1.130110735250067222e+00
3.264575948901381253e+00
1.793986180831074861e+00
2.324090441851039301e+00
1.153079080425407632e+00
1.977534070439562974e+00
3.003106079948704377e+00
2.523796436349710959e+00
4.059411507303487099e+00
5.222542805554370560e+00
4.923021843432033862e-01
3.587163005472252308e+00
3.850566135715469684e+00
3.391691772645465619e+00
2.382187419370543680e+00
7.323303965516965164e-01
4.875865726318671989e+00
2.739070345093387537e+00
1.089286082359155472e+00
4.861079415341372112e+00
2.938812077438161197e+00
4.609434553360079789e+00
6.043416248887085729e-01
3.334186997456532353e+00
-7.768580678416796559e-01
1.557680536827658280e+00
1.546037278844611507e+00
4.108167508102235743e+00
3.700933156049813988e+00
1.898071789009610377e+00
7.835397854136694207e-02
4.926681852651400462e+00
2.538492067447254641e+00
2.310066003843979310e+00
3.207375915270068489e+00
3.395355583009873612e+00
-9.104149216548806933e-01
3.830928919565707247e+00
-5.610741010188586841e-01
3.805763730267049283e+00
2.289104355337917340e+00
2.735720880379597375e+00
1.249215216852936905e+00
7.424141117334883688e-01
-2.782314896799968906e-01
1.249029381399169303e+00
2.123337675552849468e+00
5.135992638205225447e+00
1.214915478371644930e+00
2.630413219243726175e+00
2.174098477426698039e+00
3.532466123229653476e+00
4.501175603122044677e+00
2.172174054065441950e+00
1.246477720678366374e+00
2.397773497701796153e+00
6.973133063199350445e-01
3.433178684796285296e+00
5.466419182152769451e+00
2.065516779665075298e+00
1.747279391608039134e+00
1.658482414859586029e+00
5.560309732237952218e+00
5.350665195610163849e+00
3.843944532756742305e+00
2.327552923398086726e+00
2.012693611257532211e+00
3.942986073489866072e+00
3.952117879993503280e+00
1.114962171961481729e+00
-6.635214294189024642e-01
4.877048930231575596e+00
4.340396511352038189e-01
-9.330976336539551497e-01
1.900073139516827325e+00
2.509145630546159467e+00
3.446087106708933590e+00
5.660312999616422758e+00
3.915523386580485266e+00
3.665182611718638128e+00
5.937858581369610533e-01
3.592574436445980623e+00
1.338977631340814156e-01
6.057964401479150496e+00
3.864467787231387064e+00
2.981554733613116959e+00
2.630402973744172535e+00
2.143331920582768113e+00
1.476752530092733551e+00
2.047679715020045421e-02
1.407490922440493009e+00
4.595409577945815727e+00
-7.354440430164697062e-01
-6.544467390010160202e-01
1.679363005965214484e+00
5.860646023983884234e-01
-6.365020795031206546e-02
8.399703867558772075e-01
2.083240989061054371e+00
3.237963519278967084e+00
4.640035527205657928e+00
2.714201021776530887e+00
5.217763519632228508e+00
7.060897451046255213e-02
7.942497612372338978e-01
5.625018411494224324e+00
-7.912710013116583951e-01
3.771868285022929257e+00
3.652736642238538778e-01
1.255556750636360519e+00
9.707709873042222881e-01
2.162079841187630969e+00
4.774011070737076423e+00
3.652709110661799485e+00
1.254964524287236927e+00
3.312910302324077350e+00
1.143513212689467373e+00
1.133235814799741448e+00
5.208573447712254278e+00
1.808853779405206197e-01
1.944910377845843641e+00
1.483631353379769813e+00
1.816770135822700638e+00
7.621866071375738017e-02
4.664025252701042845e+00
4.176568215282042473e+00
4.534886296552061324e+00
4.107228606840603646e+00
1.132351142634592023e+00
3.500383003578020791e+00
3.159873670273080748e+00
4.316191267198565384e+00
3.730956323796295493e+00
4.939946027952172969e+00
5.628991655909043601e-02
-3.147011143957909596e-01
2.369407964965559721e+00
4.629555564809901824e+00
2.943415359325242342e+00
8.419294958990368727e-01
3.456562309658503196e+00
5.125808277892774711e+00
-4.689887284582727744e-02
5.050386728152325588e+00
3.911233813229133105e+00
4.915869519001278221e+00
5.343126812616159071e+00
2.304975974795945071e+00
4.330678782854686659e+00
5.318156210483998336e+00
2.994681455581853946e+00
5.584952839150076898e+00
5.702561104738084197e+00
5.040245422567545930e+00
3.342409432946306325e+00
1.475397906587460284e+00
5.828643797313393549e+00
3.200459954779930172e+00
2.550810075051906267e+00
3.793787569523487946e+00
4.151394145167886407e+00
5.506836775705361120e+00
1.639030319981551465e+00
3.435516869937979223e+00
4.148965533001938155e-01
5.335688958082950961e+00
3.840529499045310047e+00
5.829196522754129361e+00
3.577497983663770142e+00
2.164229726299846668e+00
3.533728336808502846e+00
-4.011720721902802822e-01
6.300091543888077794e-01
9.742018326795873762e-01
4.178302897613816569e+00
2.452880481991236650e+00
8.926679514194271192e-01
6.021916682506496699e+00
3.325877238690338800e+00
2.066489641107808417e+00
-1.215253797218451837e-01
-3.039294104026781795e-01
2.816307209954437063e+00
1.686734430737448776e+00
2.166703096817316876e+00
1.881856181298703135e+00
5.707196950750303088e+00
1.003487335880321574e+00
4.241429820522082395e-01
1.980843160054551078e+00
2.740641908420530015e+00
8.914188245145773237e-01
2.119177384369206329e+00
3.937292340114165512e+00
4.233451507548355863e-01
1.676511481576043572e+00
3.950652047589285232e+00
1.660826745495143975e+00
1.065433396302121416e+00
-3.644381989515856901e-01
3.176463276563794125e+00
2.845740023473238622e+00
-4.412306671226389199e-01
-1.043481584147483154e+00
2.574237605839707399e+00
2.314239762939506839e+00
1.817783808911416443e+00
4.531883000980116094e+00
5.176892975661440133e-01
2.251523975261107147e+00
4.147524255638217028e+00
7.720470369178284997e-01
5.079406376667767731e-01
3.162223902390239871e+00
-1.955595245050396613e-01
1.198577528764568356e-01
-1.115190553462133138e-01
-7.413689555018097010e-01
8.455612940766235042e-01
1.211539566167009419e+00
6.380236755934980408e-01
4.711368356526964618e+00
5.034489929012453402e-01
4.308702464699678103e+00
3.252896923669043261e+00
5.899416893276336893e+00
1.509583375337379962e+00
1.046507315878032252e+00
-3.172761227843015064e-01
4.587028804147763594e+00
9.125463326013454335e-01
2.213170494597632931e+00
3.501144728533308381e+00
2.733049133509394935e+00
-2.363448030986798898e-01
-1.180037792737790525e+00
2.984217234600489377e+00
3.697893050672387716e+00
4.995113997333010758e+00
1.853431940423607927e+00
1.385833533925500127e+00
2.896340700122059353e+00
-3.371643595470574795e-01
-9.052331233243604558e-01
-4.747906429577062326e-01
5.736420811454138402e+00
3.232878984668056788e+00
5.115128105974077855e+00
4.824619561596536599e+00
1.928448012944165235e+00
-4.715430520560337513e-01
2.889323925556939621e+00
-1.186074493272565977e+00
4.633004206256375213e+00
2.310384513332355283e+00
1.485831850161417833e+00
1.416648679943756761e+00
3.699081719020011150e+00
-6.904778468253320867e-01
1.475938829533685492e+00
-2.934074044887955424e-01
1.002614595257078633e-01
3.028828820426182844e+00
2.385338285738328068e+00
2.315583641163317274e+00
-5.316708545213746362e-01
1.856108065375083882e-01
1.777236825548285992e+00
5.174117123946944119e-01
4.741393198128546871e+00
3.581523660923453534e+00
4.064106902736401850e-01
1.199472597376335159e+00
5.147145234862389174e+00
3.664021700413810478e+00
9.611656346332386747e-01
3.233679897693285454e+00
2.687690001202768464e+00
1.723842404776799064e+00
9.908521411358268693e-01
-7.026131927981174030e-01
4.284048769302694737e+00
5.172538326821900512e-01
4.439935188427241997e-01
3.651041027515800508e+00
5.053113409003502809e+00
-9.723085835092772911e-01
4.104851053782478942e-01
2.537897094809826726e-01
5.973278892246620231e+00
4.333704736620582310e+00
6.047618994651816848e+00
5.730434768645180199e+00
5.049831105978947576e+00
1.595705072026456506e-01
2.870125796035417842e+00
1.537922438069454500e+00
9.698540574466081310e-01
6.726729357350329508e-01
4.647506135080970324e+00
3.601193998430053611e+00
1.039124093233243507e+00
-4.418451168735444412e-01
3.572846644147777084e+00
4.513656987298846346e-01
1.122878241327214255e+00
5.222760362607139939e+00
2.472656120297672899e+00
3.330294764108414185e+00
4.038590672973805695e+00
6.890074505449286235e-01
3.973913112433686834e-01
1.878615307246281674e+00
4.985834914364980719e+00
3.508943478072424682e+00
-1.011322762905161543e+00
2.658297939922993791e+00
5.840172805223369679e+00
4.482001862192745989e-01
6.524913196052910536e-01
4.317450229197341116e+00
2.319539785858911074e+00
3.458159426035502193e+00
4.573305755688664931e+00
3.788720834557045336e+00
3.206885215822831370e+00
1.426545488037956666e+00
4.621668270881013285e+00
4.563816451348440495e+00
4.513950802996413714e-01
2.633635170525533198e+00
-8.499720694861583326e-01
5.079342936752558657e+00
2.031025174614483397e+00
5.755292098275765156e+00
2.962824245159541015e+00
3.718786847522981276e-01
1.960553247224559037e+00
-3.495755199671988223e-01
4.094997155486955975e+00
4.796943729736684148e+00
2.698527893659131038e+00
3.206767405068347898e+00
5.018230346758347338e+00
1.633075073740671179e+00
1.088911685038029376e+00
5.754846127999178051e-01
2.690335969354309853e+00
-9.455841352187217552e-01
3.272366548741301173e+00
2.502184497767063753e+00
1.324422229704229181e+00
-5.080203421077102988e-01
4.039782410381411282e+00
1.362184183743067933e+00
5.133906772488476378e+00
1.589339192972603954e+00
2.882247125602627413e+00
2.863879128192738044e+00
-1.107266675577436299e+00
5.373625001120295508e+00
4.396120028026444970e+00
3.681108742699183978e-01
4.162376922460813589e+00
2.354968409979744770e+00
8.952390226223636560e-01
2.039718502647640541e+00
3.402812016197744427e+00
4.465570863189878281e-01
5.375764350809209446e+00
3.277318919527806074e+00
5.859149666592751160e-01
-1.121456021996183772e+00
5.906303954139918488e+00
5.222059450001028225e+00
7.265179351822590448e-01
4.235950020515272030e+00
5.969020074524138408e-01
3.069404679537655056e+00
3.476550939128900453e+00
-8.431838235573909657e-01
4.207906565547304467e+00
2.939550153771222973e+00
4.878276850186463065e+00
2.448511668714260736e+00
2.955945064337507588e+00
5.074246353031679035e+00
-7.783933959923627910e-01
1.663511234992928856e+00
2.593751473977956579e-01
-7.109698108061994759e-01
6.140681377712304823e+00
3.324023593683923750e+00
3.268861398912097371e+00
5.511421311751709240e+00
1.931795893130852093e+00
5.645949853511311289e+00
5.503158043189161575e+00
5.057269270423319085e+00
6.018505753118102319e+00
2.021516742899980734e+00
1.115948707547082641e+00
-3.130567658675893483e-01
-5.594421268085891796e-01
3.356071446065987729e+00
4.265844913914461856e+00
2.153413049246169386e+00
4.121763672265132072e+00
4.152567138347150077e+00
2.624515159752024651e+00
5.858818470241395460e+00
5.427081278834402056e+00
-4.790566262439988066e-02
2.235228249939284595e+00
-1.014747509300403472e+00
1.096851342794089135e+00
2.217439578536975375e+00
3.867702562205355576e+00
2.395583931396764399e+00
3.182094703837119454e-01
4.697558645780217645e+00
4.938656023701231135e-01
3.948703562820048418e+00
5.303705301505061698e+00
3.083862712257817051e+00
2.338019982326279056e+00
1.237349863335936107e+00
5.439502678769304822e+00
3.287032606657964706e+00
5.481708169350699933e+00
4.739189775712926433e-01
1.549520372427305226e+00
3.328039689983278038e+00
5.482303088541462088e+00
7.336291059781432367e-01
1.087498410665413751e+00
3.467568167415830516e+00
5.322421689194735350e+00
5.157602717195196362e+00
8.638773919010942492e-01
5.817203803547032592e+00
9.698476278634542425e-01
4.924959405019198044e+00
5.324921532778018829e+00
4.742780580380408395e+00
5.111449897244902729e+00
1.627618116216162925e+00
-1.797620953314913450e-01
1.517872159334608284e+00
3.561763943192991277e+00
3.762140349899928182e+00
3.788039480878849119e+00
-1.291682729091530035e+00
5.051117728664824114e+00
2.023103891083581907e+00
-3.035701965498720512e-01
1.243963701639682284e+00
2.025418172866880973e+00
3.458020389481907486e+00
1.194312185446708696e-01
-7.260736876751652247e-01
1.450815411833439761e+00
6.716877166439179092e-01
1.122372802536081515e+00
2.320394315908994365e+00
7.590354808079444737e-01
5.158239653707866523e+00
2.090628566608050853e+00
3.765237251692878928e+00
1.663538872600922147e+00
7.335746728036180997e-01
3.940224612532007953e+00
5.469985438805965217e+00
-2.320303851120950611e-01
1.499975095553026883e+00
7.499762777941763048e-01
4.156795254562448250e+00
2.693568922924509224e+00
8.102782914845683138e-01
-3.018444771154040751e-01
-1.224564413546247899e+00
3.078249282548961574e+00
2.060992623454344752e+00
1.667817937766416847e+00
3.536388274830210676e+00
3.082360761079689482e+00
-1.229037885713590406e+00
2.201173397900175743e-01
3.256060458380821032e+00
1.901026724742889584e+00
5.814495765549240858e+00
5.231016694510035592e-01
4.588715117231728868e+00
8.266123965241769511e-01
2.266743223504437132e+00
3.616362651338507206e-01
4.956689940672852401e+00
2.922868244147688088e+00
3.382406053378801403e+00
2.450002504531241243e+00
1.022117530918603912e+00
1.695641747625344031e+00
8.534732579652128948e-01
4.324877583898976141e-01
4.275512726168431143e-01
4.113194051415742791e-01
-2.005521356618853446e-01
4.016967304344719381e+00
3.433558195134429170e+00
-8.550688826787302688e-01
3.285123729383458979e+00
5.118655874660950289e+00
-5.960369820470035052e-02
1.856986050117625631e+00
3.068375976376195524e+00
1.993992461315132303e+00
-1.251328771984994148e-02
3.440027986520178160e+00
-9.464984915770333629e-01
3.861686063970186211e+00
2.233503736182488986e+00
1.950923070145195837e+00
-2.928944997581153231e-01
2.797062300464759232e+00
3.868532886478291744e+00
-1.082190320449808674e+00
5.446267332879818568e+00
3.379992869708781100e-01
-8.401044602573168874e-01
2.749385249369628248e+00
3.672307520996474395e+00
3.859349849836785751e+00
5.678477985601753986e+00
1.219139987639466405e+00
3.548312036426954919e+00
4.358587457853980496e+00
3.953777882735668214e+00
3.507515805737281056e+00
-7.124659488668481089e-01
5.510392112740536419e-01
4.374950020915147064e+00
5.742920962464269863e+00
4.384784307593584174e+00
3.116859598791798192e+00
1.275076325970332825e+00
4.259862034929398078e+00
1.845121325852236538e+00
2.671789796127845840e+00
4.450039394556149830e+00
3.800565701986371892e+00
6.346756528821702048e-01
3.561118370181869608e+00
4.187950713977775408e+00
1.940081308237892266e+00
5.606068118757688623e+00
3.131903871987047339e+00
2.011434731437598877e+00
2.318720982472410874e+00
1.413627366059107437e+00
4.935092888126355604e+00
1.490248719067218452e+00
-7.445107121935077288e-01
1.065369726772851244e+00
1.824675213710717614e+00
5.724450868492604982e+00
-1.958308960425636513e-02
2.253970109632759566e+00
5.116777949762843392e+00
5.102476063480398949e+00
1.919012890358484213e+00
-1.579652232301000936e-01
4.563939179446322214e+00
3.603976004306227665e+00
2.629824618362857969e+00
1.790455321270534306e+00
1.160067158508073959e+00
1.710558845526164440e+00
5.854806318108018104e+00
1.495344430802549418e+00
5.677229488187142792e+00
5.420244272954661824e+00
6.066762730102768231e-01
6.351342600775966574e-01
-6.991271661858524666e-01
4.831196346685990406e+00
3.596077677068761247e+00
1.103044841557953681e+00
2.599204745430390595e+00
-8.539708542412105530e-01
7.905825084851825224e-01
2.109546414883786802e+00
3.079793138418875031e+00
5.450454379632713398e+00
3.120128095183195782e+00
1.381893935628168535e+00
2.661825432132460811e+00
2.460126052862007917e+00
3.480114435159316955e+00
4.341246524854534883e+00
1.940600422102929379e+00
4.037610450336162060e-01
2.588977206136004128e+00
-7.929150128284003785e-01
2.262297759889984050e-01
2.100828880287947342e+00
5.488860084760915470e+00
4.633909928811391410e+00
1.770898399057648120e+00
2.111165633620890603e+00
1.080467721184282581e+00
4.974272037304205085e+00
3.411047257015795253e+00
5.695629256641780103e+00
1.004349409767446133e+00
1.445313481573990089e+00
1.001516810889293119e+00
8.848849067127204648e-01
-7.822166054297836624e-01
