3.269678460651230998e+05
3.161540210902865510e+04
8.587462930030355346e+04
1.220166551902739739e+05
2.004666076771297667e+05
5.713702502329268464e+04
3.709730834878451424e+05
6.231189954451461090e+05
1.037454685621613404e+06
7.471488174700289965e+05
2.855984819127781084e+05
7.092605956165153766e+05
9.610025300443503074e+05
1.141533656625372590e+06
1.318294119332545437e+06
1.351625862987066153e+06
1.387687010761789978e+06
1.453320848839079961e+06
1.451602927673681173e+06
1.453708628825243097e+06
1.454318801481689792e+06
1.454292265614768723e+06
1.454355530080033001e+06
1.454238512426528148e+06
7.797715905461143120e+04
1.449623017127064290e+06
1.445807590735653415e+06
1.454256911649259506e+06
1.446965131927084178e+06
1.451966692461445229e+06
1.453893934952519834e+06
1.454355530057575786e+06
1.454355530080189463e+06
1.454355530081458390e+06
1.452503082002072129e+06
1.454355530047752894e+06
1.454355530082591344e+06
1.453749036874372978e+06
1.454354833304048516e+06
1.454355530080135912e+06
1.454355530170526821e+06
1.454355458587102592e+06
1.454355530079366174e+06
1.451790129917628132e+06
1.454355537002492230e+06
1.454355530080019962e+06
1.454355530078914482e+06
1.454355559717139229e+06
1.454355538501017727e+06
1.454355530080146156e+06
1.454355530095664319e+06
1.454355529921804788e+06
1.454355530062911334e+06
1.454355530182500836e+06
1.454355530076962663e+06
1.454355530086362269e+06
1.454355606534946710e+06
1.452622580017769709e+06
1.450790771714585135e+06
1.454356387049870566e+06
1.454355530080136610e+06
1.454355576736702584e+06
1.454355530079856981e+06
1.454355530081242323e+06
1.454355530078978278e+06
1.454355530080137309e+06
1.454350835388901178e+06
1.454355530081769684e+06
2.143143213990321383e+05
1.454355530116600450e+06
1.454355476414592005e+06
1.454355530431748601e+06
1.454355530080138240e+06
1.446977627210291335e+06
1.444623874420889653e+06
1.453381918788149953e+06
1.454355530080742901e+06
1.454355530080140568e+06
1.454355530080136843e+06
1.454355530080092140e+06
1.454101704962650780e+06
1.454355530080137774e+06
1.454355442378377775e+06
1.454355618764670100e+06
1.454298553209515754e+06
1.454355530051603448e+06
1.454355530078834388e+06
1.454355510712642223e+06
1.454355530080070253e+06
1.454355530080235098e+06
1.454355530224217800e+06
1.438834609987131786e+06
1.454355530080138240e+06
1.454355530080139171e+06
1.454355597566639073e+06
1.454355530080136843e+06
1.454355530080136610e+06
1.454355530080204830e+06
1.454355530703858938e+06
1.448719176346706692e+06
