2.009475342235415241e+00
5.668023040040182536e+00
-1.989010676730087468e-01
-1.141637449373179791e+00
-1.763110971025990459e+00
7.620871331889000899e-01
9.491355098466760509e-01
1.120439884733738012e+00
-8.648659663998019553e-01
9.510726655575219013e-02
2.343175530877594781e-03
-1.116622045138355723e+00
7.602875102157247156e-01
7.710860138277286779e-02
-5.129942505202533809e-01
5.930529945230667010e-02
3.369457572832965653e-01
-1.588635434396375778e+00
1.068926775188350220e-01
-3.901233706756981334e-01
-1.066100100884515012e+00
-1.152771797225280448e+00
1.131368937017801279e+00
2.871680197258772438e-01
6.038637657173140383e-02
8.253429491932484652e-01
1.205880567554490135e+00
-7.273047275887680740e-01
-2.474838386059801110e-01
-1.706151409212437020e+00
-1.219676885750291540e+00
-9.291088446955466651e-01
2.117934577055402556e-01
-1.532680175586245142e+00
1.508210932758905720e+00
-7.901101522719091719e-01
-1.982721178515196581e+00
1.231400066525633719e+00
-1.840735643013076128e-01
8.263557994514432181e-01
1.729819143670892956e+00
-5.952552992706472423e-02
-5.167543911545555702e-01
2.421822799633046586e-01
1.357438891306294693e+00
1.101281875436277424e+00
-1.558096858716373045e+00
9.947454031242486394e-02
5.498863153750024324e-01
5.027901984958482728e-01
-8.104988848334135909e-01
-1.109724785325489016e+00
2.534420958153429382e-01
1.767807024027244545e+00
9.843829380382036476e-01
1.533820129945349109e+00
-1.218473992281339235e-01
-1.009861101870527023e+00
1.305671131070331725e-01
-2.018935730637231529e+00
5.889277746714896011e-01
1.473449017195735955e+00
-7.925663839916987641e-01
1.599759981946055731e+00
-9.286190030044139121e-02
-9.473504599291402428e-01
-5.864866991033794719e-01
-8.947213727651490700e-01
-4.823046214127320042e-01
5.687023827501791473e-01
-1.122486937845251553e+00
1.283762377112118713e-01
-1.941428251167268026e+00
1.158948470437049849e+00
1.566362366087734159e+00
-1.796922231309434626e+00
1.856346328623549979e+00
-9.264070628903340321e-01
-1.300542916534593196e+00
-1.831138599557692981e+00
-1.548578282568067621e+00
-1.200055217480491709e+00
-1.901321061444605220e-02
-9.129714773478427858e-01
-2.165177088548277951e-01
1.362610906427352830e+00
-1.100052857785493110e+00
1.514453016073248115e+00
-1.160983093969019553e+00
-1.465977945957730455e-01
8.539679378532945009e-01
-1.022263599352200458e+00
-5.437109063000393760e-01
-1.162019181014236402e+00
5.339918202571434236e-01
-1.914806589763854205e+00
1.857747708822078181e+00
1.090105063117583484e+00
-1.938617467321108734e-01
1.761683569881893341e+00
-7.107860175837501515e-01
3.037001677703763391e-01
1.669359626957072074e+00
-4.681623371910816900e-01
8.822299354523277515e-02
1.892136460406402598e+00
3.993971442758672552e-01
-1.189881471984113315e+00
1.358005578766316113e+00
-2.824718872807601144e-01
-1.396423763030445464e+00
-6.760596617818457332e-01
1.594383253091875119e+00
-8.274986871238176889e-03
6.092964850037629887e-01
5.902682271515420354e-01
-8.253873512511065158e-01
1.099082610724266829e+00
1.528962568470126016e+00
-9.454823246735442055e-01
-1.117453997756907569e+00
6.858461502986346048e-01
4.190755127875931407e-01
8.104796147688553276e-02
1.835382261338667220e-01
1.346882159108931276e+00
-1.613134325328802188e+00
6.076517320045349280e-01
1.623107852214813462e+00
-1.244117138309019932e+00
1.077088838577769714e+00
-2.441533411505876217e-01
-9.982069946007241512e-01
-1.038458348893458449e-01
1.001515246123174663e-01
1.067368196323847940e+00
5.113633078434807189e-01
2.598413443918614618e-01
1.293974024387072319e+00
-8.080558732747791240e-01
-1.060991216070966026e+00
1.184263537736095273e+00
7.301633915449183831e-01
-1.891335978807315854e-01
-6.006445769681469926e-01
8.763273880924584702e-01
1.782573268253470289e+00
4.859115730245289200e-01
3.676241952790562095e-01
4.766616080359744601e-01
1.565937594357844631e+00
1.004168120251805796e+00
8.564517813368199839e-01
-1.189338646261506316e+00
6.113861373013484979e-01
-4.603700188582857677e-01
-1.572010153790785569e+00
8.872949556640090663e-01
2.099746112700078271e+00
-1.594324894518901470e+00
9.831746247234898206e-01
-1.335724760164511693e+00
-5.836303782601657275e-01
-5.322966056844746774e-01
7.254287209444694184e-01
-1.417865366852244069e+00
2.046390271814359174e+00
-1.313982975453562574e+00
2.231084032623478208e-01
-1.307370804773414719e+00
1.583257493942904048e+00
1.463289191989909810e+00
1.265700824177438122e+00
6.928895916721211634e-01
-1.232514036507712962e+00
-1.870388807722518365e+00
-1.208683384827966556e+00
1.630621184735208118e+00
9.026250532043897934e-01
-1.807339686407055002e+00
-4.908938343959192707e-01
8.001636234671716252e-01
-9.539131949953061351e-01
-1.575884115742844926e-01
-1.605584393382939012e+00
1.396839554753961821e+00
1.082292253849002961e+00
-1.867445326566670616e+00
1.736671717573710971e+00
-1.403765735443478491e-01
-2.286628592135464544e-02
-3.543581490629144071e-01
2.190797107524922183e-02
1.888407261246447533e+00
-3.799177279319190248e-01
-8.801450456543289391e-01
-1.636770085745471448e+00
-1.026803551711354956e-01
-1.119186375520062615e+00
-6.407068658303991526e-01
2.924833942505156159e-01
-1.132365741085974431e+00
1.374854151997034535e+00
-2.137413835460941769e-01
2.609176597890545679e-01
-6.914036609847755699e-01
-5.550555743698879496e-01
1.505328005107844369e+00
4.150065089498244930e-01
1.350460192112931779e+00
9.679790843065951833e-01
-4.544050077557795220e-01
3.155887262520575831e-01
-1.284222970738436942e+00
8.677642330168175988e-01
-1.034969446300392448e+00
-1.287864969216489186e+00
1.474630753424548857e+00
-1.416629039172994098e-01
-7.079915448667923883e-01
2.722244088444423227e-01
-1.342459486807667801e-01
-7.957072468846266844e-01
8.381414701611156204e-01
1.031831438231628262e+00
7.904922980616779782e-01
1.623120243946418739e-01
1.773002456721568976e+00
-1.831875355592051946e+00
4.566856078328793700e-01
3.855593868651228107e-01
-1.318810455237874102e+00
2.204708266673787165e-01
1.422437529450425231e+00
1.108455915760590216e+00
3.518522428484329723e-01
9.383401500302257503e-01
1.323583524119992028e+00
7.774029312041896844e-01
1.891273237913586591e+00
8.898138107354007786e-01
2.453314912164863415e-01
-1.890130388525078864e+00
-1.078888085178435485e+00
-2.005608686393347107e+00
-1.960219750134220007e-01
-7.974115206150571566e-01
-5.594485354504641350e-02
5.057408030227685813e-01
7.676414784465386276e-01
-1.552258240501357633e+00
-1.440026418671163100e+00
8.534534260782624671e-01
-1.029471042611910914e+00
-7.933882898559065922e-01
-1.789928007315096714e+00
9.674339601644081910e-01
4.668493860540801066e-01
-3.029965173756350438e-01
-4.116407724941488766e-01
1.064477603634033542e+00
6.011511557312054777e-02
1.903688735409305721e+00
-6.630252320192822069e-01
1.270143815518115282e+00
-1.413139419318900636e+00
-1.825823336668772612e-01
-3.923956834306530084e-01
-7.472937390188461038e-01
-7.915276219710989380e-01
9.109947341821023059e-02
-1.914831648811391673e+00
1.447778188497572671e+00
-9.823180794319599229e-01
-1.012014814613944935e+00
-7.119117662890293019e-01
1.849802483989046564e+00
-7.143326899532800311e-01
-1.914461630971340256e-01
4.345037642243703147e-01
1.902345414591522399e+00
1.898257378930168215e-01
-1.334186740347458322e+00
1.111894477342164400e+00
-3.553017316910667134e-01
1.279619351483521683e+00
4.719840325756408106e-01
-5.423683241462997628e-01
-7.583861893149901334e-02
1.124022882000174306e+00
-6.789428412662905643e-01
-1.331154210182435627e+00
-1.087931687034306982e+00
-4.417091173612694988e-01
4.821335568029194718e-02
3.977747523025234599e-01
3.011847718054516676e-01
1.664062916081113563e+00
9.991398934457187408e-01
-4.570043030462507261e-01
1.693752160549664154e-01
1.625114142026440334e-02
-1.215596842702741487e+00
-1.414623543608908296e+00
-1.069141680838420427e+00
-3.882270320300165167e-01
3.471968263152653833e-01
1.477278698013914315e+00
2.137338985892924370e+00
-1.480324988676837261e+00
-6.523366460015420643e-01
1.661563604224246760e+00
1.012676898837467476e+00
5.767637077115637112e-01
6.849286025605794137e-01
-2.088358911645893379e+00
-8.899238315187103510e-01
2.066665551180120630e+00
2.684254353432358187e-02
1.305430338198831919e-01
5.637648880852506039e-01
-4.287741313776525232e-01
4.353377146305694723e-01
-7.691741560403819733e-02
-2.092494753064908508e-01
1.205354866047000151e+00
-1.236258719196441813e+00
1.145551647819562646e+00
-1.104356838293272691e+00
-1.284478407994731342e+00
1.895758538913270286e-01
6.075203499926287165e-01
-9.924428790018415825e-01
1.648010139660134321e+00
-9.641962172493148131e-01
2.995481984140013765e-01
-1.588567527208223140e+00
1.496373794883698594e+00
-2.242799558079413558e-01
-1.295995899694175613e+00
-1.701612891618209833e+00
-1.164805537647101374e+00
1.926145105231665156e+00
-4.806184108777973307e-01
-3.930977412371881030e-01
-3.246778589426595474e-01
-1.378358185620998100e+00
1.127586053432070301e+00
-9.373507006362693517e-01
1.637427759049415954e+00
1.273344578368194036e-01
-2.638968600704671985e-02
-1.511193246307191540e+00
9.547215917024844956e-01
9.274944845362629309e-01
1.341007962419253907e+00
-3.468660421653657622e-01
-2.511555888850800500e-01
2.113430381957185134e+00
-1.967614383183482474e+00
-1.535633227620245567e+00
-1.684796435375978341e+00
-1.017314339438986082e+00
2.545299884020124637e-02
-1.345531479057783031e+00
1.332727639669704089e+00
-4.045035437000521483e-02
-9.502783219641139922e-01
5.246549719405093626e-01
1.201825451577141379e+00
-1.829394990315946767e+00
1.549505346478595058e+00
-7.522258666064569610e-01
2.461769576351482414e-01
-1.657975352958799498e+00
1.839955602165872506e-01
-5.596573232878707671e-01
-3.915107671863573557e-01
1.172821138987717227e+00
-4.739098292801982026e-01
-5.498468124921540578e-02
1.499929260646830187e+00
-8.698154558705306627e-01
1.537590915999746954e-01
-7.959946932402974795e-01
-1.814290225333865525e+00
-1.205481474076346426e+00
-3.855932719045807033e-02
9.506616177803097756e-01
1.444043033156770406e+00
5.003078835762400089e-01
-9.232371356729949241e-01
3.421639275604881902e-01
-1.702971667354511442e+00
-2.213092667314811024e-01
-1.270376332107101547e+00
-1.304563098216795947e+00
1.307087734826243519e+00
2.901387613634529572e-01
2.451869598373157544e-01
-4.501207478983273447e-01
2.339046770924833041e-01
-7.234534527957139360e-01
9.102341977050967259e-01
-1.864710219555463233e+00
1.649908392102259924e+00
-8.545399374223618949e-01
1.137156430473165614e+00
3.346813859839761207e-01
1.562868853190462204e-01
1.683810042469722212e+00
1.169626721802740299e+00
1.527414153863340118e-01
-1.676518209661805869e-01
-5.515154151214183287e-01
-9.545772543376225272e-01
-1.309162712140005347e+00
1.326287640334305351e+00
-3.044088026583473550e-01
-1.221187222142566142e+00
-3.668883885593974270e-01
-2.131871994836931350e-02
2.876717124233589828e-01
6.871328608807170113e-01
1.275577064927762017e+00
-1.588505433325311245e+00
-2.098421789712423546e-01
-1.824226781747029236e-02
-3.701700447405364969e-02
1.205701666760610635e+00
1.537495449941531867e+00
4.825730596440971354e-01
7.962002598393631558e-01
-1.114504047468715342e+00
1.822547130857159914e+00
-1.143233738805003341e+00
-9.178493882571414630e-01
-1.891998275362536841e+00
-1.163549813922415410e+00
-3.063394622822812607e-01
1.794227528481194156e+00
1.774726336823869488e+00
6.344064857092313048e-01
-1.735884295618093098e+00
-1.481699407843746208e+00
1.446845286981728762e+00
-1.760052711679252369e+00
-1.137376427220599950e-01
5.635449425067111662e-01
1.569711063281951091e+00
1.050342515690810608e+00
1.425662903376653468e+00
1.081480568561170585e+00
2.014096832355924072e+00
-1.757045421987823097e+00
-9.333060742870769033e-01
-8.592476548658751767e-01
4.684350540391157836e-02
-1.015906280684861773e+00
7.002364919838655055e-02
1.264310238373131057e+00
6.258724274215889949e-01
1.786364286292474901e+00
5.594840565606871152e-01
1.372628001833319011e+00
-3.249314240677572130e-01
8.448941992036296256e-02
1.400339252002991586e+00
-2.401022887268737804e-01
1.012999333603310959e+00
-1.848369880938182774e+00
7.278615912843680036e-01
-1.203203705642426069e+00
-1.756789843471899371e+00
2.086834411520342769e+00
9.546805325150629074e-01
3.772604080674746285e-02
-1.514099867338778438e-01
-1.008130399782193987e+00
8.427634664644312323e-01
-7.262469206147104117e-01
1.019662647050748383e+00
-1.660044880393745537e+00
-7.106952054939235097e-01
-2.069685518077414965e+00
-2.193929703085908400e-01
-4.990901899237805139e-01
1.186400705193834781e+00
1.575531642900660501e+00
9.317379392598468257e-02
-4.212453667059872231e-01
-1.126462265819920816e-01
-6.213104020844140152e-01
-2.077625403455560793e+00
8.677031339705987278e-01
1.843616334821006397e+00
-1.341642711163347990e+00
1.213872733966159245e-01
1.418648973452487638e+00
-6.144238914317758926e-01
8.017628333330009127e-01
4.561520060768593510e-01
-3.813331648091091708e-01
2.624169233352846575e-01
3.083289421680888154e-01
-5.440346437630356746e-01
-1.236885533665637027e-01
1.295628419120159691e+00
-1.578062003792525481e+00
-1.029381932133052402e+00
-5.760322458630238174e-01
9.917061345516922088e-01
-6.786683702077054292e-01
-3.204731089611154715e-01
1.695095154423099437e+00
5.999957370590722761e-01
-1.574811793167800733e+00
1.495572641564899996e+00
6.666688609435125201e-01
-4.625037354700198833e-01
1.035633179918079350e+00
-1.531896927714041290e+00
-8.198365036260399918e-01
1.363098309286664644e+00
7.784502984095595934e-01
1.047156240016828832e+00
-6.083172103157741262e-01
1.704834340358263312e+00
-5.925461982129922589e-01
1.290838911095814723e+00
1.499600369427652069e+00
1.326989030412551784e+00
-1.384019333854309419e+00
9.053869601580384341e-01
-8.929768242612832196e-01
5.077007306968495115e-01
-4.567708019556642185e-01
9.183033708102561476e-01
1.305196563638942209e+00
-1.055997883923578851e+00
8.242737187310851255e-01
1.220233510580048808e+00
-6.414998351677949628e-01
1.145297659734203499e+00
-6.836232549541607639e-01
-1.055321166757225093e+00
-7.022537856696162706e-01
-1.010006527310072233e+00
-5.189931411727526367e-01
-1.022631456695819008e+00
-2.207542163471032381e-01
1.581074992974698112e+00
-1.472899348789657559e+00
4.735839627193687562e-01
6.001244533332750208e-01
3.508417871751756678e-01
-1.152334075809156921e+00
-1.415914352091452333e+00
1.383302959764007412e+00
7.581370512385614546e-01
-6.985965113821430705e-01
1.598103411152990816e+00
-5.309074341392996388e-01
-3.327989138635754074e-01
-1.401330770908686407e+00
-1.248806532616306253e+00
4.513511417000337644e-01
1.062726451357579371e+00
2.019171278879834830e+00
-1.463680775879839580e+00
1.507889346426269483e+00
1.306845166491587662e+00
-8.144165788506976256e-01
-1.093962068563455681e+00
7.641802851482424330e-01
1.143688175228573023e+00
6.196256567065550058e-02
-1.920102305038872359e+00
1.593600921201997700e+00
-1.205994809880591490e+00
-1.712080781673290808e+00
8.296962410382864306e-01
8.613080038457168186e-01
1.765651813431039940e+00
1.307329535721457603e-01
1.821999995701580666e+00
-5.398992595520919480e-01
2.016556805551125819e+00
-5.940673120433341836e-01
4.099648160080340276e-01
-5.264843804473908762e-01
1.157111355186764001e+00
-2.055965610254126830e-01
1.260321469368839153e+00
7.416025413052294013e-01
8.843193145365999541e-01
-2.726868794098953330e-01
3.096277621705221250e-01
1.494179295698740084e+00
-2.149318124197954649e+00
3.965810828055875703e-01
3.577374159475414928e-01
-5.764270184420539067e-02
-3.350659782065408265e-01
-1.204546764280565174e+00
-4.095309532338173852e-01
1.702041130989019102e+00
-9.419573059013135463e-01
-1.031005540628224804e+00
-1.109090429961812951e+00
1.812505108826867328e-01
-9.544386792649248719e-01
-1.747763173695107142e-01
5.691504845935231316e-01
1.743780093706406298e+00
8.343408508569609694e-01
-4.508321231420309161e-01
1.142123651207036517e-01
-5.405767419976967858e-01
6.307048155327779071e-01
1.254278691074370400e+00
2.130781508822023440e+00
5.358674864152224160e-01
-1.546540407091139269e+00
1.632833663643129540e-01
-3.699177919245046908e-01
-3.129852123300480571e-02
2.880436475655301365e-01
-8.583278954758881696e-01
1.543466977951997166e+00
1.973168205332207492e+00
1.092494467688409188e+00
6.292869552778457276e-01
1.193213029538640058e+00
-7.149417185654201035e-01
-2.078677286595951745e+00
-8.082744260343499576e-02
1.230232424503085120e+00
-5.639215795158722955e-01
-3.384765625708157089e-01
1.384169398239464499e+00
-6.483326490923380092e-01
-6.971587626447561803e-01
-1.929174502094128218e+00
-1.666514871088625060e+00
2.081905096563736457e+00
-1.659995058014436697e+00
-1.381984186630584865e+00
-1.555738537320531023e+00
1.212390999091997656e+00
-2.386822262680219353e-01
1.696150569284299081e+00
1.279547136549238573e+00
-5.213063267311728310e-01
7.311542998044799901e-01
-9.957075981661027697e-01
-5.477225596100616656e-01
5.817268647181492724e-01
-1.748519206053273933e-01
-1.206253070055113064e+00
-5.163026473544416461e-01
-8.473740944372645245e-01
-7.487637791086809713e-01
2.088452122186050808e+00
1.206691172696229941e+00
5.124718637140208699e-01
1.709321651072661652e+00
-3.295505768856763495e-01
4.561194242842852020e-01
1.441571278682967083e+00
-1.996452089187425116e+00
1.577396134779124992e+00
-1.143559448906064979e+00
-5.150079052856169071e-01
-1.340076660334983405e+00
1.462633116833393032e+00
9.776978509761216074e-01
-1.633305904427113653e+00
7.186539373558460397e-01
-7.672953025227915447e-01
-1.141269143171819156e+00
-1.795396618537232758e+00
-1.430575744089507939e+00
-7.708707099091602899e-01
-1.975197609212005379e+00
-1.120919087326601726e-01
-3.140276598761815308e-03
-1.324228460160355336e+00
-2.068984442833320614e+00
1.410101842578106002e+00
1.044146602992279682e-01
-8.528295335603930383e-01
7.765596118105833057e-01
2.462876262917399472e-01
-1.326366932635779428e+00
2.288048149947830012e-01
-1.200710404712486579e+00
6.993715493025485230e-01
-3.296119247165201216e-01
-4.199469955496439866e-01
1.113030733399424932e-01
5.280477011840210011e-01
7.395210829130665076e-01
-1.794571514582870897e+00
2.015605461918923424e-02
4.705111521739668845e-01
2.065112427497411751e+00
1.735228867023479893e+00
-4.029112975519790751e-01
-8.035365644391294637e-01
1.240064206277930126e+00
-2.019926079800962171e-01
8.884850908316410667e-01
-2.686139422712336966e-01
1.369365356104523812e-02
-1.262005175133156243e-01
-1.760123482076439316e+00
-9.175119399767828199e-01
1.239268191514216966e+00
4.515114968776359206e-01
-1.694578356834223420e+00
-1.151244831142387071e+00
1.067641901779808222e+00
1.026263053019995652e+00
1.640987545083865129e+00
9.512708983891808856e-01
-1.302975520452154257e-02
1.028997655224372920e+00
1.726630597999792016e-01
-1.929489611487475109e+00
-1.741993377390612885e+00
-2.414730154876831847e-01
-8.991303677299473662e-01
-7.485312239647612387e-02
1.523502740291647228e+00
-5.056216600304548336e-01
1.333880540296181749e+00
-9.033193438861975011e-02
6.959282120557119811e-01
1.528310399361654248e-01
-2.660328057586358597e-01
2.050876251617665957e-01
1.665499008837967310e+00
-1.134549767043599999e-01
-5.247004462479649689e-01
-3.632879245772731025e-01
-5.381422689201471599e-01
-1.599416372591630164e+00
3.081793474468028649e-01
-3.316147538071891887e-01
-1.302366149837840048e+00
3.408873228672639755e-01
1.865373992818406990e+00
1.544692266469439801e+00
-7.320096387841079633e-01
-2.699969463510525358e-01
5.644087319586663654e-01
-8.120002081095858415e-01
1.557013190044919781e+00
-1.047567599287684725e+00
1.376420610267535594e+00
1.493740841572073208e-01
8.394708559998722563e-01
-2.490474065174232976e-01
1.277132703054007834e+00
-1.891940809847862504e+00
1.633429846396041718e+00
4.441214752921220921e-01
-3.299959236615084279e-01
-1.913288865714330100e+00
8.241936022503759673e-01
7.198772506886017553e-01
-3.091335409776014842e-01
1.981663383848579763e+00
1.545446692842405767e+00
6.733278892209906275e-01
7.194924946884988515e-01
-9.153687804142940365e-01
-4.082043600425029339e-01
-1.951057604597733253e+00
-7.129089475739736059e-01
-1.454888345096799096e+00
2.093669878491884795e+00
-1.812192832942010057e-01
-2.847154202433692660e-01
1.769484411849413519e+00
3.267559227561545043e-01
-1.910686678577251385e-01
1.225965525514210341e+00
1.063504146421275109e+00
1.612642558346509603e+00
-1.155338654611428595e-01
-1.551462199125990704e+00
-1.086392277326813982e+00
-1.180775770967837701e+00
-9.256531081656049764e-02
-3.040710810014077836e-01
5.351407349160659521e-01
-2.308212520506351950e-01
-2.781499182964140005e-01
4.772841875044964155e-01
-1.718196171095204505e+00
-1.836985676532959744e+00
6.731971739544029276e-02
3.621940988190814892e-01
-1.642141202364787667e+00
-7.364792616686717253e-01
7.249630619111560037e-01
-1.752657758999964788e+00
2.011561540736162002e+00
1.080820066309378547e+00
6.291528778040262893e-01
2.198274503168127225e-01
-3.338980450972339753e-02
-1.162167642832717895e+00
-7.190322715772810014e-01
1.572263562874507414e+00
-7.116420572967099289e-01
-4.103174354378413824e-02
2.080844299533000097e+00
1.406097532355135016e+00
-1.063618832415162530e+00
-3.222335200529080623e-01
-6.575600601209350415e-01
4.938697031075527377e-01
1.830727321390437368e+00
5.712994647670033288e-02
2.791413559026150182e-01
-6.708341292615749296e-02
-1.232869297781106432e+00
9.192263394725799230e-01
1.434992664429078246e+00
2.253812491424520559e-01
-1.735507330780525770e+00
9.919306465172974541e-01
-8.987379534126898051e-01
2.123113429293049137e+00
-3.919111906770078591e-01
6.860001170727088038e-01
2.028478419123889154e-01
-7.222277061304662737e-01
5.142158061231052457e-01
1.223617339088949763e+00
-9.001806649313150999e-01
-5.715665358784960404e-02
-5.059464049501087857e-01
3.961789606850842915e-01
-3.747922958800762316e-01
-1.901845331518294380e+00
-1.381023276867798799e+00
-8.923305408845632059e-01
8.307966775259796322e-01
8.960617987425312236e-02
1.283732714694226118e+00
-5.236887705415558258e-01
1.828422883848009661e+00
1.494036470446006959e+00
2.154372473732513171e-01
1.090982736565688782e+00
6.656917908359636371e-01
-1.566438768446507090e+00
-1.109831058631284506e+00
1.359432447613371231e+00
2.619069828325759630e-01
-2.059145913354721635e+00
-3.478691851150204073e-01
-1.201331732404468777e+00
7.379656750404839372e-01
1.266912373925899615e+00
9.185244166579087377e-01
1.427275764981672523e+00
1.767528272273502843e+00
7.208512905826776063e-01
1.027127900905989932e+00
1.232753049298549897e+00
-5.527772296605473201e-01
-1.169577006969957367e+00
-8.096973049543310097e-01
9.916464845580374998e-01
1.417261998592321603e+00
-2.650819179694670069e-01
1.033791364564327075e+00
-1.657443937069495998e+00
9.545644189887072528e-01
8.373579951065064364e-01
-1.713115620650071946e-01
-1.387830081252185543e+00
-1.302572975628555785e+00
-3.565381499918771624e-01
-5.161087093496430356e-01
2.052938851064247672e-01
-1.779596925357518344e+00
-1.208374897752096722e+00
-1.245235593897517923e+00
5.486541542789353798e-01
-2.491989799986633614e-01
-8.794681828944170832e-01
-9.982858845507847079e-01
-5.006421749733771520e-01
-1.725658475467279018e+00
-1.278968382935993908e+00
3.883951618218484114e-01
-1.831501291803316889e-02
1.163040496454442518e+00
-1.037691004390381977e-01
-6.335841647959243872e-01
-2.958862439691660740e-01
5.672696861202908281e-02
-1.327410426121290676e+00
9.372236509544773497e-01
1.342758243029276599e+00
9.929397105808721591e-01
3.775441264497212401e-01
4.389983766880209970e-01
-1.540286137447953063e+00
-9.863418064589968282e-01
-2.731441309671405193e-01
-1.739052916334771215e+00
7.665646565498462905e-01
-5.111170714594441833e-01
5.452686558914550119e-01
-2.095896970177624663e+00
4.111035985922226743e-01
-8.032333217731872921e-01
1.720817095769495708e+00
-8.116375117477367951e-01
-1.284984976211252405e+00
-1.530973450416724724e+00
5.148521825077070346e-01
1.879202615026556167e+00
-3.502001053082093307e-02
-1.964925268327011310e-01
-1.608105481694360961e+00
5.944883649471304210e-01
-1.208207733222319558e+00
1.203378372773999061e+00
9.119811661667469593e-01
5.972219999403449719e-02
6.590868056162104693e-01
-1.440096744898049508e-01
1.203895620538483868e+00
6.700547309912074923e-02
-1.838477631835791382e+00
-1.837168774463906917e+00
-4.597071358337680991e-01
2.517598891067454048e-01
-2.832066636060677212e-01
3.163939580995940304e-01
8.272817322607108892e-01
-1.504244263295179351e+00
2.838122217131768821e-01
6.299593525035049879e-01
-1.433609231295711606e+00
1.839476798228987242e+00
7.547774189045792781e-01
5.156835534609172100e-01
5.500681362840857958e-01
5.841938470276897277e-01
1.188271107065741461e-01
-6.060877935426125518e-01
1.332558077078891401e-01
1.283316218845611090e+00
-9.608879937568284291e-01
1.694313886816196657e+00
-1.242929791245683369e+00
-1.976748350259394549e+00
-1.131246075251415739e+00
1.050178383197009069e-01
5.046502112227191361e-01
-1.902520834328313981e-01
-1.240496850001626683e+00
1.162068777080722981e+00
-1.470994263054050677e-01
-1.411284713520815082e+00
-6.986054307693461141e-01
-2.770427292498087724e-01
-1.297916910410474856e-01
5.093667110695658806e-01
-2.217661540906057382e-02
1.318050317021405071e+00
1.223988997145113444e-01
1.307240785492755464e+00
1.164315636308232982e+00
2.585287528888970954e-01
-3.460090960262069970e-01
1.418601773721191783e+00
1.455854630681209017e+00
1.733193769372975979e+00
-6.738180735448109360e-01
-1.355483186960614983e+00
3.705115952852793271e-01
8.085462744337803542e-01
-4.353111417921677884e-01
9.324209978549422573e-01
-1.178468436461554525e+00
-6.094632290861046187e-02
-1.284314340037485014e+00
1.072331341647458913e-01
-9.217646286967520197e-01
7.370647241810912575e-01
-2.070214452050056497e+00
1.337903507397570912e+00
-5.935353562870266941e-01
1.917324698232720337e+00
1.057022247999595876e+00
-1.342052578014076847e+00
9.828612867582586787e-01
-9.458993210688309006e-01
2.515315918429763542e-01
1.638011259245599760e-01
-9.692139603164413586e-01
1.564886372737265496e+00
1.636327361904371891e+00
-5.294044328301383828e-01
-2.510058342618615157e-01
9.884505113808117471e-01
-4.542973846204567678e-01
-1.571074435412117332e+00
-3.357851516903105349e-01
1.823124748707155796e+00
-1.997419518105556513e+00
-7.310525561875635958e-01
-1.217578179372251768e-01
1.269421983354318328e+00
-1.159783488313022026e+00
-7.058013138655603314e-01
-1.359449468093831825e-01
-2.153422862586281461e+00
-7.563586111244955390e-01
1.598116439018612667e+00
-1.534040467009379682e+00
-9.941753975828095946e-01
-4.371699916963747157e-01
1.945852358702607532e+00
2.058449677072397677e+00
-5.653332184682753336e-01
-6.358283234033157427e-01
-2.187666738013884782e-01
1.501100700699060653e+00
-1.132054468520683699e+00
-1.761235849925512298e+00
1.380940020873701712e+00
1.145271398337123436e+00
1.692785106187297828e+00
3.901839619497327050e-02
-2.159940355681115420e+00
1.623294200303257995e+00
-1.622958709471946204e+00
1.646738571234502402e+00
-8.713376510802568475e-01
-1.322869661580731382e+00
-3.914665958710719096e-01
-1.202669249520293970e+00
9.202749069134537052e-01
6.834750572912406952e-01
-1.443184405002523540e+00
-7.615486034245124713e-01
-1.073847334703783574e+00
6.244017192707840280e-02
-1.424100281388222200e+00
1.492302486735283651e+00
-1.179674420628783693e+00
5.521350058874983091e-01
1.318888662577613502e+00
-9.863196061283643346e-01
-1.261073620814696206e+00
1.043877599369078979e+00
-6.565379542650138234e-01
-1.563522530492342799e+00
1.015176992785694843e+00
-3.106421764158575627e-01
-2.760892459252630715e-01
-1.231544477405611460e+00
3.323182652527680858e-01
2.204073466228138045e-01
1.414129072718653291e+00
7.192379476319032960e-02
-1.636582421130812204e+00
-3.472648296368934240e-01
-2.125728613623674601e+00
7.640821460660660591e-01
-2.145857480387254324e+00
-1.789166190160460523e+00
-1.091693075509828859e+00
-1.285576029352915040e+00
-1.248972114655120258e+00
-1.368663889688131796e+00
-5.293435060482920562e-01
9.680475766714815578e-01
1.495385863822562555e-01
1.962855453602677436e+00
-9.255712184122444341e-01
8.249900106914704878e-01
7.886685687794114941e-01
-7.876607635071497526e-02
-2.043343919073266512e+00
-1.153629018766029191e-01
9.237052555198825843e-01
1.554699999446487624e+00
-2.966776216143909295e-01
1.176487773880533716e+00
1.467286790169239907e+00
1.428587469079491967e+00
-3.112763995846838938e-01
1.189967308285941883e-01
1.773494929318283120e+00
1.034544685512526208e+00
-1.223058266243002290e+00
-5.894529542254005605e-01
-8.246979440465160849e-01
-1.951504970935503014e+00
-3.693571501644479227e-01
-1.769811226975916973e+00
3.770659687736763743e-01
-1.740939583061176243e+00
-1.334981283835033672e+00
-1.948775995412237894e+00
1.526488506397742029e+00
-1.231004194199262880e+00
-6.011754925045051934e-01
-2.530750177964211645e-01
-9.124927209266031625e-01
5.293990463183373407e-01
-3.575853532007755575e-02
-4.950320133637058362e-01
-7.715216008596579300e-01
-7.882126334607253426e-02
-9.382044429913847239e-01
-7.998361310763790755e-01
-1.986061046522866746e-01
-1.540429344446501148e-01
9.634590654262620291e-01
-9.787156393030036483e-01
-1.496477579268653990e+00
4.136869699791692057e-01
9.835145234103848111e-02
-8.002968298091150956e-01
6.768224974002743366e-01
5.250610936275972307e-01
8.657218621264100022e-01
-1.443207084820350872e+00
1.439281626024335736e+00
-7.076915412708988384e-01
-1.271512799910714975e+00
1.335708126930223116e+00
9.385546773326280956e-01
-8.851561427015877115e-01
1.182038320075855964e+00
1.387229382103840614e+00
5.817388760539001780e-01
1.327823891000907253e+00
6.302923664471427045e-01
2.066647487613302303e-01
-2.092054922309730891e+00
-3.514482504340064040e-01
1.804201280574265986e+00
-1.971908710007177490e-01
-2.748192599777663503e-01
-1.578045625997055890e+00
1.041387664493762522e+00
-1.447430421767217368e+00
-5.896006961068680496e-01
-5.267303749969967086e-01
6.170588462183506095e-01
-1.628698523603783421e+00
-2.214525191408238669e-01
-1.156045852875707602e+00
-6.687632708229651612e-01
4.297308686934977473e-01
-8.214799080943437914e-01
-6.497534650727097016e-01
1.741844679671760154e+00
-3.170808763368153649e-01
2.410576841187666020e-01
1.610144479187873401e+00
-9.866573625566390504e-01
-1.381014223440483413e+00
-1.207701899336952600e+00
5.246609900033760709e-02
-7.329123924772016352e-01
-1.413887304226159713e+00
-1.662696196045697405e+00
-1.896876215886820205e-01
1.574573325217022202e+00
1.184760586008173355e+00
1.795190013849145672e+00
1.304256429751947444e+00
-3.843882717165003626e-01
1.674172706420865353e+00
6.123072114601848526e-01
1.764205561572367742e+00
-9.721292425102490142e-02
-1.379373488718562690e+00
-7.150926824578895946e-01
-4.871514804111001240e-01
8.331039894266734080e-01
7.070858152213315151e-01
-1.936000947912631887e+00
-6.707368670024802526e-01
5.086860607602705642e-01
6.505085464886501967e-01
-8.456216585595637270e-01
-2.255252506685341274e-01
9.378885907992575710e-01
-8.629534178588409432e-01
-1.711777267842173433e+00
-2.258788175905301898e-03
-2.226835395589974453e-01
-8.854346825747629879e-01
9.972096524145932506e-01
1.028991166807616153e+00
-9.429571394508684534e-01
6.169803117183594310e-01
4.609596766522763289e-01
-1.225666888237508800e-01
1.098312334307358640e-01
4.540697841917022970e-01
1.881250075397148613e+00
-5.963030123033572494e-01
2.022618264384448139e+00
1.203772045000299329e+00
-4.019398446164395011e-01
-4.349079180487516183e-01
-7.092075018801438091e-01
1.887251283902956267e+00
8.002292570334921251e-01
-1.796573456538010483e+00
1.450018225058262722e+00
8.605020097070870122e-03
-9.529098122100112533e-01
-4.566347522481972732e-02
-3.531123332827466044e-01
-9.957725981460070486e-01
2.155294991326586640e+00
-1.397348977651668100e+00
-9.366082644279583036e-01
-6.330564876847066813e-01
-8.779989116990449816e-02
-9.202284896359032018e-01
3.376748385640873096e-01
-7.448146062744536167e-01
-4.184880716299979042e-01
5.835229856176873398e-01
5.843501438186047281e-01
-6.661343893401863170e-01
6.415282349279642915e-01
1.873065091416366457e+00
5.062150025767486738e-02
2.080361912565622973e+00
1.131208647907708809e-01
3.324808275877266794e-01
-1.004095926729409172e-01
8.470323163238093755e-01
1.712841752316255572e+00
-1.051658515858231446e+00
1.861296668479743843e+00
5.585307727692558899e-01
5.832292948807085153e-01
1.263870480799682561e+00
1.736995251782571970e+00
-1.179700879086247767e+00
7.446434880557140090e-01
1.555148637021257940e+00
4.031109729696371602e-01
-2.089322125819225384e+00
7.877846071829077701e-01
-2.089933239772685525e+00
4.536737064719078560e-01
-5.459774706815210266e-01
-3.157737990425211194e-01
1.274236339170421672e+00
2.973751690998751585e-01
-2.150710683865297845e+00
8.729274263218389507e-01
-1.312168953784753178e+00
1.111833533840965060e+00
1.413860582567865620e+00
1.769568382499748793e+00
-8.161828027614230763e-01
2.037023447924095620e-01
-1.367992133933825905e+00
-5.213936296034171747e-01
-1.386283370813301552e+00
4.101212510777427767e-01
-9.406785748660517754e-01
-7.326470387000156848e-01
1.888633347618338121e+00
-2.103176875297849691e-01
-5.077647222027250606e-01
1.698858432763172388e+00
3.317569689454522575e-01
-8.341559074018034536e-01
-1.038148292989174770e+00
9.135486542343507210e-02
6.748835313194723184e-01
1.689775290867487456e+00
-1.233758066930812802e+00
-7.021362092955518719e-01
1.267893363260935047e+00
-1.467705558066473515e+00
-1.818981972862135255e+00
-8.154658998293911054e-01
2.555028382316493207e-02
-1.404929272702446497e-01
-6.696615329835147179e-01
1.715841313505991117e+00
-2.240064407283099968e-01
2.013182918124610588e+00
-1.942437082053860564e-02
6.596792715888524228e-01
-3.729450795786766193e-01
3.023359942867500649e-01
-3.784691081333413365e-02
8.580768662112578937e-01
1.386349662599246635e+00
1.104140262894315327e-02
1.789591888782072537e+00
7.362830076913873256e-01
1.044667149016151875e+00
7.958314254779708108e-02
-1.610940515433715525e+00
8.458109906377142551e-01
3.917982968778410680e-02
3.753042902374490453e-01
-1.016632474151497600e+00
-3.600008170016470999e-01
1.687377575964267962e+00
5.125908930200262503e-01
-9.949038746815030976e-02
-1.300071551713186224e+00
-1.728182143587922326e+00
-1.283910922155535594e+00
8.701123586338610494e-01
2.388575010043192393e-01
8.389285828805341794e-01
-7.800568811067218888e-01
-3.023695572594053971e-02
6.284371098223520136e-01
1.997156135140810918e+00
8.916969116618602698e-01
1.276389097377199633e+00
1.605526097331306801e-01
-1.795531464251960418e+00
-1.914678516084552307e+00
-1.081919956762469770e+00
1.850434077904390406e+00
4.279330087362502866e-01
-8.905137559641476130e-01
1.495224149799985192e+00
6.867409218389166625e-01
-7.748257900680544097e-01
-1.215515936147056664e+00
1.092039088608684594e+00
-4.467963355264616965e-01
1.820552131853051314e+00
4.908136122846764593e-01
1.173593975609444229e+00
1.765364278773975393e+00
6.152303542057149244e-01
-9.756660678810646914e-02
-3.168427668216713400e-01
2.625773671652984476e-01
1.556273426680961691e+00
-8.632332778927951367e-01
8.572460689848266924e-01
-1.160307163397780172e-01
6.883074010488297034e-01
-7.670454856810158262e-01
9.103869511085669330e-01
-1.660886120076109584e+00
-3.799012297979178499e-01
8.369721244555003992e-01
-2.510432660154293671e-02
-8.035190807530012691e-01
-2.917993652742572053e-01
-1.548461049830970104e+00
-1.382228928754742903e+00
-2.150307230239357992e+00
-2.066700649063593076e-01
1.133470782957424206e-02
4.186066807201083151e-01
1.052265106107411086e+00
8.870670892772380967e-03
1.664754408028069399e+00
3.461944780485222140e-01
8.074708821770730793e-01
6.749055773780678891e-01
3.348631118671061557e-01
-1.748994873971668973e+00
-8.239710721225055323e-01
9.050231921551450398e-01
3.479437644156924136e-01
-5.762694784525645986e-01
1.352003341892685562e+00
2.169506151288738138e-01
-1.749676833628264649e+00
1.862552652041804535e-01
-1.844654806254411472e+00
-1.889663685787622782e+00
-2.070883058044285185e+00
3.647374097339541876e-01
-5.975186274014800958e-01
8.306604961475034798e-01
1.682026800347768969e-01
-5.422804953654356552e-01
-1.142651958807126888e+00
1.707961256109406634e+00
-1.431975515316042724e+00
1.796763366629604342e+00
-2.527502316817180628e-01
-2.046000058541515454e+00
1.521520698383172387e+00
1.466816395939657625e+00
3.103473699080936399e-01
-8.750680451834362827e-01
-6.333704817426957234e-01
1.739403623186978720e+00
-7.679821636006129992e-01
-8.179444270165188158e-01
2.731927371553766193e-02
8.233130604526870400e-01
6.249342234475889768e-01
-6.213175487297215582e-01
1.213727937930820566e+00
1.104200255456767366e+00
5.563565668013028542e-01
-1.750017667052095938e+00
1.391142574178338975e+00
-3.446264318996128395e-01
8.071273972322305923e-01
-1.811927814902238865e-01
-1.037841807815437889e+00
-1.459899339486833814e+00
7.416785794032874080e-01
-2.667820267040639237e-01
-1.782313376950375172e-01
1.527787845123009802e+00
8.213099837357509259e-01
-2.108961487949756464e+00
-4.879385048140001402e-01
1.243167056738281318e-01
-1.229075721085282513e+00
-1.127558005029498212e+00
2.065991074583557463e+00
1.829138120614517860e+00
1.302968165465836492e-01
7.164609259046059719e-01
-3.188063424099034648e-01
3.521764534341258468e-01
-3.161045921970053740e-01
-1.733100816836978808e-01
-2.168700288278452959e+00
-6.870563477784248363e-01
1.223876440077132699e+00
-1.608469900299978050e+00
3.799309945687898704e-01
1.313797317856803204e+00
-1.063024602183020306e-01
3.588658917318348074e-01
-5.219068138269369328e-01
-2.692112282213177110e-02
-6.303239152044755045e-01
1.194451463583341422e+00
1.596278960749311082e+00
1.890340849432226022e+00
4.042750850544498675e-01
-2.130688981741507781e+00
-1.852929936205028216e+00
5.256575223980828326e-01
-1.775110224391163172e-01
-1.057481221014714201e+00
-2.280464190803979108e-01
-3.377561576278296229e-01
-4.339620821220089297e-01
-1.221474661549799112e+00
-1.307408306156342626e+00
-1.190818915497080077e+00
1.233749912734040777e+00
-3.093865470298897691e-01
-9.602291148775190521e-01
1.954147624090820656e-01
8.119827022064640687e-01
-2.677595607755067775e-01
7.163938882816101028e-01
1.344656609662657765e+00
-7.494508896047253899e-01
-1.950268387121468550e+00
-5.096703527649673049e-01
-7.359768250082554530e-01
-1.567595341266670328e+00
1.172610582784442634e+00
-9.805095645993100462e-01
-1.546813842146112172e+00
9.662767864605417145e-01
1.433160782696869973e+00
-2.203295962447509027e-01
7.560952708536197164e-01
-5.715971567188331548e-01
1.055509476505234190e+00
2.949315375459260480e-02
-8.440777559308667577e-01
-6.650515548066948668e-03
-7.625212740568807490e-01
2.510843299341409818e-01
-4.722395684176756703e-01
1.857544251410912395e+00
-1.864365452288240910e+00
5.520711469798902371e-01
-8.802741591554283929e-01
-6.977923250351727447e-01
1.239083512680213772e+00
1.931131191813619807e+00
1.878933983998889445e+00
-1.274459748565401007e+00
-8.115869118075460520e-01
-7.190498143584287405e-01
2.442197853115679607e-02
-4.826474547519863378e-01
1.946074030474669314e+00
3.629593578880099258e-01
-3.439302501329581929e-01
-1.086082081602748772e+00
7.713120788152227902e-02
-8.025363967829735046e-01
-1.607503436922258722e+00
4.869145646187860166e-01
1.614116687099409475e-01
8.966030171623806666e-02
1.036090148503728159e+00
2.427379899964066112e-02
1.802526596194782726e+00
-9.155303444353979359e-01
7.491367831857296267e-01
-1.633796260957035784e+00
-3.028365965265829018e-01
-1.072327502111074971e+00
-8.492321941889002801e-01
1.418361265942280625e+00
1.124560288854327794e+00
-8.751026465822437927e-01
-1.174144069662876877e+00
-9.984493490325601073e-01
8.357445288997773503e-01
-6.437873041040900191e-01
-5.792242875392119572e-01
-7.408037047628264204e-01
-3.641900743112289618e-01
-5.022848404386515142e-01
-1.383173309072974533e+00
1.312815155954869084e+00
-1.318916198805242246e-01
-2.965541301670846508e-01
5.222603888284025331e-01
-8.124141821447707912e-01
1.656103368792743780e+00
-7.421532016767837803e-01
9.937564327721073454e-01
-4.819416360718520309e-02
-1.109666104060964553e+00
3.600970043461053649e-01
1.239455069482588989e+00
8.496077978012808174e-01
-1.194678274961207265e+00
9.429540998708585420e-01
-2.428654051515106715e-01
2.122276386383905589e+00
-5.199290596794456931e-01
-3.337715662247546788e-01
1.822601907568044410e+00
-7.983103411348908551e-01
1.764631890348314691e+00
-1.316451401857542614e+00
-4.355730664531805019e-01
1.341170208776707895e+00
1.385079267056728014e+00
-1.434949580371380318e+00
-6.080588223609950660e-02
1.898473015001029829e+00
-3.385701224910473428e-01
1.330938327194726156e-01
7.773748004040079707e-01
-5.431722971127062038e-02
4.968048629242671765e-01
-9.352140712552765578e-01
-1.126478108943492984e+00
1.186239743749174735e+00
1.887189654833654195e+00
-9.149118472839301575e-01
1.412479914816227478e+00
2.030078503379614929e+00
1.342854196176324955e+00
-1.952457664972309104e-01
5.889479936980137609e-01
-1.639503595779618905e+00
-1.915721356608624859e+00
1.289953239574695765e+00
-1.748318697181093562e+00
7.943814164968010516e-01
1.344901780875332520e+00
3.518162310054782083e-01
4.735975773610494599e-01
-9.162361109731955722e-01
1.294232557911943360e+00
-5.360072209612809502e-02
9.521404195244720370e-02
-8.920837715931204670e-01
-1.981621186692644976e+00
-1.243899165363169246e-01
5.647259417980796670e-01
-5.515699753751714951e-01
-5.385671836602963225e-01
1.699438749324962750e+00
1.221537603721539966e+00
3.814780833321851361e-01
1.381659095819366634e+00
-1.591462820355085128e-01
-1.128523690213968145e+00
3.514705780566815818e-01
-1.289860855322215727e-01
1.288058064996997487e-01
-2.026201702012248695e+00
6.336949767073249973e-01
4.065549220617059589e-01
-7.102096526265615495e-01
7.486064657007052148e-02
-2.078811280015209206e+00
-3.240694348316317530e-01
-1.469724596908528191e+00
-1.269805921551377281e+00
-1.554020677174101639e+00
2.551692878337696868e-01
-5.916347561561909885e-01
1.892608515604656816e-01
1.832776201647288161e+00
-9.707635310763134129e-01
-5.212039002885884287e-01
7.336358572952317303e-02
-1.094086847080135261e+00
1.636970126842131279e+00
-1.010847126016022557e+00
1.724281486724555279e+00
9.710173101099153214e-01
8.791194711307461773e-01
-1.544088555788722061e+00
-1.328805844844191952e-01
5.870849241789155570e-01
-1.087464269184946097e+00
1.448144751203077618e+00
-1.442476784292399117e-01
5.571491584217067583e-01
-1.183840783016898879e+00
-1.167065756081475669e-01
-8.072869900065988702e-01
-1.212332411130635279e+00
-1.159570508348507722e+00
4.318358488478093449e-01
9.055181006245582864e-03
9.987822924051403817e-01
1.462423349300610020e+00
1.179208413100507613e+00
1.494401333639644669e+00
-3.685406452271227096e-01
9.028419559934501848e-01
4.255652078802141247e-01
-1.009250211031398337e-01
-6.059497062701337811e-01
1.830990015933400272e-01
-7.257173618064447496e-01
-3.062928763041297131e-01
1.650681815148757003e+00
4.392581695740283010e-01
-1.216638933102410114e+00
1.057158994405503982e+00
4.471345433028446337e-01
2.847760549736868541e-01
4.257675202118544888e-01
1.831025524550865313e+00
-1.503280559095227176e+00
-1.122445692916738125e-01
-1.305810742683686687e+00
1.658724566900730224e+00
4.569600118278662748e-01
-1.188496655395646862e+00
1.208449859033846607e-01
1.169965449759917675e-01
-1.191020033210234530e+00
1.164203271480772628e-01
-6.933705554510360969e-02
6.360619187856828560e-01
-2.316280362974101337e-01
-1.229602863541535918e+00
-4.137727642063051547e-01
8.321204188729360851e-01
1.210491581524166804e+00
1.229768619454914003e+00
1.174251260024599119e+00
-3.549450628546759745e-01
1.614541476143579679e+00
9.117909617658517263e-01
2.799558264764385740e-01
7.546645997797867267e-01
3.635844105384391511e-01
4.206874727009406456e-01
4.966504726706153505e-01
5.843810869936350016e-01
-1.581934455038891407e+00
-7.464407630614831035e-01
-1.041706353026325527e+00
-2.667405710761379112e-01
1.910766177699355417e+00
6.944432467046013358e-03
8.723925510049124199e-01
1.196035314431477481e+00
2.369285577836777179e-03
5.421190537994080572e-01
-2.040906533318109339e+00
1.699874123032962814e+00
1.555853013421645059e+00
-1.327903019643272842e+00
5.165584636032232169e-01
-1.433896358800742732e+00
-6.591290071753199697e-01
-1.851422197131556757e+00
-5.849465345261197768e-01
-9.607583331983509112e-01
1.913857072736346865e+00
4.088103654253387731e-01
-4.985626868451724647e-01
4.988108988843595881e-01
1.764043961947381334e+00
1.110213398745547586e+00
-1.920955016651308078e+00
-3.182079261808450354e-01
-2.857934345183066327e-01
1.132162205488751461e+00
1.094127542520748619e+00
-8.655623663389775402e-01
1.302967572972590915e+00
-1.558803025089954275e-01
-5.596611556474115901e-01
1.542732053430004413e+00
-1.225521782277685823e+00
1.712110873662094690e+00
-5.574942169730334740e-02
1.165522945306326719e+00
-7.213422400613920260e-01
9.101955523946525517e-01
-3.869831105037304653e-01
-9.930309235310605942e-01
-2.013657098331636419e+00
1.170552729980139262e+00
-1.123487829695954954e+00
1.464749728808345530e+00
1.329441904302425925e+00
-6.118789448511208207e-01
4.660777589319309300e-02
-1.222505207910321801e+00
-9.392985856985545112e-01
7.190704712016948719e-01
-9.834140005353333436e-01
6.513279384956156548e-01
7.752831125345513996e-01
-1.644965662997851297e+00
1.144323230620428511e+00
-1.409378683880317951e+00
1.682127567766893428e+00
1.266549521962740954e-01
-1.270949712799871012e+00
1.251641640581569348e+00
1.108948971380532278e+00
1.970017033599336109e+00
8.767451941410158156e-01
4.081108840659606329e-01
1.335693954247596515e+00
4.400361582948084660e-01
-9.748471352483001340e-02
2.017725361291762276e+00
1.544488179200320666e+00
-7.162691985770184289e-01
1.052230471430451786e+00
9.551271416073330300e-01
6.398840716313971555e-01
1.680557125397950102e+00
-4.638522933959796646e-01
-1.405944765747771275e+00
-7.276275519872017483e-01
2.094459555803104500e+00
-5.063087299283219878e-01
-1.480655872638317661e+00
1.543659865780266927e+00
7.631921677685058469e-01
-1.277537479246236174e+00
-1.320073097266316609e-02
4.375765585953246273e-01
1.178525026197286607e+00
-9.467092686621993991e-01
1.385386094414001512e+00
4.163716075436028063e-01
5.347247925403344482e-01
-9.252720510028584755e-01
-7.347597299296468876e-01
-1.182882159530667554e+00
-3.765005558464586954e-01
-1.017872479208449477e+00
-1.869708513420723861e+00
-3.386503363982740211e-01
-5.199217259300672467e-01
-1.332613953640212401e+00
9.804611729655752228e-01
2.121290993734076480e+00
1.710338249827218604e+00
8.439668424776902711e-01
6.472629532893883209e-01
1.402899148258517137e+00
1.787823020142427666e+00
-3.845991939622788180e-01
-1.491763289561523376e+00
-1.515795203273704317e+00
1.505410497288490745e-01
-7.123257797239466171e-01
-2.652826259539411424e-01
8.112009808849229842e-02
-5.130333225037908562e-01
-1.649889075736653332e+00
-1.768539764677105719e+00
1.177394719229383213e+00
1.638790659956316453e+00
-1.662652920402702961e-01
-9.261764555533424925e-02
1.026456071654556546e+00
6.011511226829995280e-01
-6.409061121385200011e-01
1.858996502046927901e+00
1.497103675381268317e-01
2.890009863405209600e-01
3.379380586993754321e-01
-9.746719944935904323e-01
7.462638701983141942e-01
1.783362150317802097e+00
-1.652238883094625521e-03
1.527215163789607644e+00
-5.060906419419657354e-01
1.289451770297736388e+00
-2.081948527089600987e-01
-1.455026693244151126e+00
1.197898938769784039e+00
-2.058534951401251867e+00
-3.271864303498439597e-02
-1.468881681963385866e+00
1.879097089841261337e+00
-1.224323237058217995e+00
-1.440765117693627584e+00
4.478172864441933854e-01
1.425867168068326585e+00
-6.073071336469384462e-01
-4.862322385755346588e-01
-4.998030530330721533e-01
-1.408098757665698919e+00
1.342093647544874813e+00
1.477042985705441680e+00
1.008507856508373379e+00
-1.696218608652386717e+00
5.121678622246577106e-01
-1.020044205979058205e-01
1.437996126718468659e+00
4.379460489255038169e-01
5.423081786890122657e-01
3.340929062759503410e-01
1.476064351330864000e+00
4.863725947633614766e-01
1.080234712866392499e-01
-1.949450185774651345e+00
-7.169425642033191437e-01
9.276666505656034900e-01
-1.342857222684410434e+00
9.360161172374681371e-02
1.985742018614811144e-02
-1.647758844298914838e+00
1.021569426686426141e+00
-1.689239443441337141e+00
1.002998568325692119e+00
2.002749367377893996e+00
-1.144512058698663459e+00
4.956316978778154692e-01
1.088923435068501533e+00
-1.389878580281885156e+00
-1.412332850214146340e+00
1.738732858204858900e-01
5.162565104836502883e-01
-8.092349608079354439e-01
-2.336605242213405376e-01
-1.823552601701443621e-01
-1.563549826225159034e+00
2.141270946461554914e+00
1.701328137577271526e+00
-1.334264478431994583e+00
7.036435392953350743e-01
1.057365690020379390e+00
1.489279599300585843e+00
7.006480955528147092e-01
-1.406816316035587988e+00
1.235420924154712274e+00
-8.621475776048477258e-01
-5.002024853290878426e-01
2.668241336100551919e-01
2.459872565470178074e-01
-5.323378026835268173e-01
-1.814671792124802785e+00
1.186053370945572283e-01
1.918234122861757207e+00
-2.250193974506373706e-01
-2.209145861726788951e-01
1.388382052409077971e+00
-8.885603101886747623e-01
8.602304617842069234e-01
1.398683725436075775e+00
-8.612127412581624952e-01
2.624207440713526296e-01
7.422004002126536548e-01
-8.794059114424168655e-01
1.440881542072856014e+00
-1.731162101543599618e-01
2.871158223344369986e-01
-2.206282273384916337e-01
-1.701410379185380961e+00
-9.415318002276240605e-02
2.004225718275058910e-01
1.226049365205303054e+00
4.844118539821167246e-01
9.937358725229117340e-02
1.228815064128073509e+00
5.981353468129926299e-01
-1.889569186814546775e+00
1.313745534746404431e+00
-4.422340512633269327e-01
7.841431616925298442e-02
-1.840543120134354727e+00
4.328777014126323763e-01
1.011034843057973198e+00
-9.732555929369546277e-02
-1.366251048429564907e+00
-4.192297791700108078e-01
-5.966262889049218643e-01
1.079410204102069670e+00
-4.384532508933283168e-01
-1.554597301940513709e+00
7.185365583001690482e-02
5.770878937412629028e-01
-1.379522655112276119e+00
8.175555057236003620e-01
-1.555876658020122871e+00
1.201813349697163247e+00
5.958309502327630014e-02
1.682985941424711918e+00
-1.229345973371454459e+00
4.179337111349523681e-01
1.056111751453939540e+00
4.694479584948263451e-01
-1.200464547742710497e+00
6.603862344428534925e-02
-4.216598065223609026e-01
-7.315833934757680623e-01
1.777348617906397976e+00
5.340693159246736599e-01
-1.682073452696954963e+00
1.677815413022189617e+00
1.569766627679553217e+00
5.064955030368869515e-01
-1.949652049279833932e+00
-1.468657145563732058e-01
-9.991204138023022097e-01
-8.296002600443834751e-01
-1.526090977526623149e+00
-2.702786683457327754e-01
-2.521228415527776434e-01
-1.199715780712850677e+00
-1.030584526049677763e+00
-2.140386016336126573e-02
-1.123228174331428519e+00
-8.948862579452336874e-01
6.597189941991477014e-01
-9.728519213618458394e-02
-1.454393089932359828e+00
-6.530042901839028247e-01
1.054229368359207442e+00
-1.461412044764637486e+00
-8.453235966062866424e-01
2.499221244222766813e-01
-1.061363168469701357e+00
1.308718901616465757e-01
4.103595953323093681e-01
-1.652062076501507271e+00
7.196127711304409758e-01
-1.031664745880354950e+00
-3.849646894587364088e-01
1.086001914773482291e+00
1.954532413861667095e-01
1.315853404752079570e+00
1.370463896464664266e+00
