9.710000000000000000e+02
2.918000000000000000e+03
2.351000000000000000e+03
1.765000000000000000e+03
2.367000000000000000e+03
2.538000000000000000e+03
2.484000000000000000e+03
3.180000000000000000e+03
3.299000000000000000e+03
1.811000000000000000e+03
3.228000000000000000e+03
3.198000000000000000e+03
3.203000000000000000e+03
2.747000000000000000e+03
3.299000000000000000e+03
3.276000000000000000e+03
3.314000000000000000e+03
3.413000000000000000e+03
3.380000000000000000e+03
3.360000000000000000e+03
3.372000000000000000e+03
3.419000000000000000e+03
3.384000000000000000e+03
3.324000000000000000e+03
3.466000000000000000e+03
3.449000000000000000e+03
3.265000000000000000e+03
3.446000000000000000e+03
3.462000000000000000e+03
3.501000000000000000e+03
3.473000000000000000e+03
3.401000000000000000e+03
3.485000000000000000e+03
3.335000000000000000e+03
3.465000000000000000e+03
2.753000000000000000e+03
3.380000000000000000e+03
3.423000000000000000e+03
3.075000000000000000e+03
2.425000000000000000e+03
3.398000000000000000e+03
2.631000000000000000e+03
3.403000000000000000e+03
3.361000000000000000e+03
3.412000000000000000e+03
3.440000000000000000e+03
3.423000000000000000e+03
3.394000000000000000e+03
3.320000000000000000e+03
3.419000000000000000e+03
3.237000000000000000e+03
3.477000000000000000e+03
3.447000000000000000e+03
3.450000000000000000e+03
3.456000000000000000e+03
3.409000000000000000e+03
3.422000000000000000e+03
3.408000000000000000e+03
3.319000000000000000e+03
3.322000000000000000e+03
3.423000000000000000e+03
3.403000000000000000e+03
3.489000000000000000e+03
3.505000000000000000e+03
3.409000000000000000e+03
3.496000000000000000e+03
3.321000000000000000e+03
3.476000000000000000e+03
3.444000000000000000e+03
3.403000000000000000e+03
3.426000000000000000e+03
3.436000000000000000e+03
3.463000000000000000e+03
3.231000000000000000e+03
3.441000000000000000e+03
3.416000000000000000e+03
3.432000000000000000e+03
3.414000000000000000e+03
3.405000000000000000e+03
3.402000000000000000e+03
3.447000000000000000e+03
3.422000000000000000e+03
3.399000000000000000e+03
3.254000000000000000e+03
3.354000000000000000e+03
3.444000000000000000e+03
3.101000000000000000e+03
3.430000000000000000e+03
3.478000000000000000e+03
3.441000000000000000e+03
3.456000000000000000e+03
3.402000000000000000e+03
3.276000000000000000e+03
3.404000000000000000e+03
3.357000000000000000e+03
3.448000000000000000e+03
3.500000000000000000e+03
3.433000000000000000e+03
3.498000000000000000e+03
3.471000000000000000e+03
