8.564000000000000000e+03
6.268000000000000000e+03
3.200000000000000000e+02
6.519000000000000000e+03
3.192000000000000000e+03
5.569000000000000000e+03
5.075000000000000000e+03
3.042000000000000000e+03
8.531000000000000000e+03
5.667000000000000000e+03
4.785000000000000000e+03
1.766000000000000000e+03
9.048000000000000000e+03
2.208000000000000000e+03
3.922000000000000000e+03
6.303000000000000000e+03
1.184000000000000000e+03
4.032000000000000000e+03
8.010000000000000000e+02
6.237000000000000000e+03
5.220000000000000000e+02
4.490000000000000000e+02
1.125900000000000000e+04
1.222000000000000000e+03
3.447000000000000000e+03
1.330000000000000000e+02
3.957000000000000000e+03
5.140000000000000000e+02
3.000000000000000000e+00
1.190300000000000000e+04
1.156600000000000000e+04
2.980000000000000000e+02
3.560000000000000000e+02
1.215800000000000000e+04
1.122400000000000000e+04
1.148400000000000000e+04
4.477000000000000000e+03
7.656000000000000000e+03
7.185000000000000000e+03
9.160000000000000000e+02
1.128800000000000000e+04
1.157600000000000000e+04
5.566000000000000000e+03
1.073000000000000000e+03
9.540000000000000000e+02
2.312000000000000000e+03
9.130000000000000000e+03
1.194100000000000000e+04
1.138100000000000000e+04
3.322000000000000000e+03
7.704000000000000000e+03
5.605000000000000000e+03
2.984000000000000000e+03
5.478000000000000000e+03
7.290000000000000000e+02
4.291000000000000000e+03
1.293500000000000000e+04
1.176200000000000000e+04
3.928000000000000000e+03
1.371000000000000000e+03
9.786000000000000000e+03
3.810000000000000000e+02
3.520000000000000000e+02
0.000000000000000000e+00
1.220000000000000000e+04
2.394000000000000000e+03
1.485000000000000000e+03
2.205000000000000000e+03
3.181000000000000000e+03
2.459000000000000000e+03
2.128000000000000000e+03
1.137300000000000000e+04
3.892000000000000000e+03
1.222600000000000000e+04
8.430000000000000000e+02
1.224000000000000000e+03
4.630000000000000000e+02
2.989000000000000000e+03
8.392000000000000000e+03
9.220000000000000000e+02
4.594000000000000000e+03
4.360000000000000000e+02
2.832000000000000000e+03
2.547000000000000000e+03
4.080000000000000000e+03
4.642000000000000000e+03
4.900000000000000000e+01
6.029000000000000000e+03
1.079600000000000000e+04
6.300000000000000000e+03
4.319000000000000000e+03
2.631000000000000000e+03
2.029000000000000000e+03
4.342000000000000000e+03
2.820000000000000000e+03
5.529000000000000000e+03
4.670000000000000000e+02
8.511000000000000000e+03
1.076000000000000000e+03
3.559000000000000000e+03
