1.677000000000000000e+03
3.196000000000000000e+03
3.215000000000000000e+03
9.219000000000000000e+03
9.285000000000000000e+03
2.576000000000000000e+03
7.156000000000000000e+03
3.051000000000000000e+03
8.342000000000000000e+03
1.259900000000000000e+04
1.296300000000000000e+04
1.294500000000000000e+04
1.280200000000000000e+04
1.218200000000000000e+04
1.272500000000000000e+04
1.271200000000000000e+04
1.260000000000000000e+04
9.985000000000000000e+03
1.142400000000000000e+04
1.247500000000000000e+04
1.134500000000000000e+04
1.252600000000000000e+04
1.291300000000000000e+04
1.256200000000000000e+04
1.293800000000000000e+04
1.291800000000000000e+04
1.291600000000000000e+04
1.291700000000000000e+04
1.224700000000000000e+04
1.291500000000000000e+04
1.283000000000000000e+04
1.207200000000000000e+04
1.304500000000000000e+04
1.284000000000000000e+04
1.282100000000000000e+04
1.250400000000000000e+04
1.248400000000000000e+04
1.299600000000000000e+04
1.222300000000000000e+04
1.107000000000000000e+04
1.129800000000000000e+04
1.162300000000000000e+04
1.198100000000000000e+04
1.219200000000000000e+04
1.123600000000000000e+04
1.273900000000000000e+04
1.197700000000000000e+04
1.203700000000000000e+04
1.170900000000000000e+04
1.144400000000000000e+04
1.173900000000000000e+04
1.170300000000000000e+04
1.121700000000000000e+04
1.156100000000000000e+04
1.271600000000000000e+04
1.206200000000000000e+04
1.148200000000000000e+04
1.189700000000000000e+04
1.180700000000000000e+04
1.191900000000000000e+04
1.211800000000000000e+04
1.198800000000000000e+04
1.232200000000000000e+04
1.301600000000000000e+04
1.260100000000000000e+04
1.142400000000000000e+04
1.200100000000000000e+04
1.185900000000000000e+04
1.264200000000000000e+04
1.165900000000000000e+04
1.157400000000000000e+04
1.159900000000000000e+04
1.189800000000000000e+04
1.176200000000000000e+04
1.166400000000000000e+04
1.168600000000000000e+04
1.212300000000000000e+04
1.189300000000000000e+04
1.169400000000000000e+04
1.196700000000000000e+04
1.208700000000000000e+04
1.238100000000000000e+04
1.235300000000000000e+04
1.149900000000000000e+04
1.187400000000000000e+04
1.219600000000000000e+04
1.170800000000000000e+04
1.152900000000000000e+04
1.158000000000000000e+04
1.236100000000000000e+04
1.234400000000000000e+04
1.230200000000000000e+04
1.142500000000000000e+04
1.163800000000000000e+04
1.163300000000000000e+04
1.242500000000000000e+04
1.228100000000000000e+04
1.156300000000000000e+04
1.179900000000000000e+04
1.275000000000000000e+04
