-1.607330429075268796e-01
-3.664705246867310251e-01
-2.871510044911849135e-01
3.052106652480768290e-01
1.079325642737316571e-02
7.211614715462832947e-02
-2.478636039583914652e-01
-1.751537855128084686e-01
-2.045804357241340909e-01
-4.203459821043438183e-01
-1.280559969620931327e-01
1.552398171992077636e-01
1.713333264108465315e-01
-3.114132447883468657e-01
2.381437574904285981e-01
-3.248321797112483367e-01
5.362739760783794551e-01
2.375987727833184238e-01
-4.102102090134724932e-01
9.222631003905590319e-02
3.053949038648084979e-01
2.012872881362328670e-01
2.993614860590199100e-02
5.864851439967369018e-01
-2.159017022201599190e-01
-3.033763255958801253e-01
-3.063674651438299534e-01
-6.449446615104825753e-02
-4.129850317488790168e-01
-2.062374343117650000e-01
1.636663943457508097e-01
-3.366433161922124384e-01
-9.072979040617745738e-02
-1.872026070346812787e-01
-3.573842204022525948e-01
1.335160116366562733e-01
-1.613766042890221186e-01
4.824132264075622345e-01
1.447355051498400158e-01
5.334463348760820622e-02
1.705990586924732710e-01
5.511280393209716522e-01
4.916307235889929572e-01
2.322626276699484293e-01
-1.802747264494062307e-01
1.226515327378727704e-01
-3.076815483574808496e-01
-5.618508983851633332e-02
-5.494501589027835919e-01
-2.802636237113755868e-01
3.933105850147855520e-01
3.424565115466462473e-01
-9.467832314178536990e-02
-1.713621082875036450e-01
1.529580255282052548e-01
-8.683019494173915831e-02
-1.203300069294988006e-01
-2.303297065771987562e-01
2.041807256418142202e-01
1.432114372682828929e-01
-3.432982294559741021e-01
-8.693274296641906318e-02
2.304280632750987934e-02
-2.266317243433393358e-01
-5.044978906093735560e-01
1.235002808950138586e-01
-3.768983349299457331e-01
2.836228823760293949e-01
8.630141121522605374e-03
-4.614049768096375459e-01
-1.588174518726468420e-01
2.963787122180816525e-01
-5.046912127695790673e-02
-4.555363042834645881e-01
3.970721332494573375e-01
-4.777397361178090662e-01
-1.267004102548368039e-01
-1.943134658267835491e-01
6.420132127836986058e-02
1.301372437326628884e-01
3.551836027408636909e-01
-2.402586068903911354e-01
4.480987826956877029e-01
1.198659095472089930e-01
-3.556607163120313331e-01
-7.950190812677604413e-02
-1.239415877799370236e-01
-3.283335791387589353e-01
3.860203186552340071e-01
-2.614485066853298179e-01
1.043986538767374128e-01
-1.377551433642691947e-01
-1.152050367011545617e-01
-5.014512127776526995e-01
3.402111062155288579e-02
-3.573526914397273657e-02
-2.028153569883883733e-01
3.870925908558664474e-02
-5.739972681617748762e-01
-3.570139494547408532e-02
-1.056607994351645985e-01
3.797824380778225262e-01
-2.597007868725818014e-01
3.977666659174303732e-01
-1.583166304809520142e-01
-1.299101082005034158e-01
-4.829721215078830454e-02
-1.241860194854353949e-01
1.600459995482150788e-01
-8.052431385829716959e-02
1.815659292250701995e-01
2.336541468641524233e-01
-2.079232189564805822e-01
-1.873580113530373126e-01
-2.008099716321778416e-01
-4.289119871887603352e-02
2.909423722574056015e-01
-2.513211248635567330e-01
-7.930134505142838464e-02
-6.766559306117869710e-02
4.939038797188022301e-02
-2.481936268762456876e-01
-2.676699914042748318e-01
2.421719221491116514e-01
-2.387335045426386415e-01
-2.639202233972168798e-01
9.123002008084046821e-02
-5.287012270998925345e-01
3.596998065251222343e-01
4.101101954627246471e-01
-5.079456937092796665e-01
-5.420161124670030972e-02
-2.194981977136372109e-01
3.172495743216616759e-01
2.727776914855688517e-01
-5.918848841452639675e-02
-5.087546591676250785e-02
3.602814971030996460e-01
-1.124180954528064547e-01
2.925985189510686979e-01
4.840658089427885002e-01
1.358792978050624711e-01
-4.363043908423760442e-01
9.165277955954209688e-02
5.069162702415681565e-01
8.167025617361112211e-02
-3.081797367815291011e-01
2.966558678584334530e-01
3.647492632301485571e-01
-2.307628235256835580e-01
-2.690930262502444492e-01
-1.161611241097588731e-01
-1.257561762327519261e-02
-4.588391050855555875e-01
-4.866307513723970857e-01
-1.116089940495763599e-01
2.488821781699579461e-01
-9.707323459061889537e-02
-2.339465501946582648e-01
1.847316146309987417e-01
-4.846956798481656392e-01
3.480946953288377443e-02
-6.015671236979436287e-03
-2.718326575110117105e-01
3.342667365781490929e-01
1.796543180016954011e-01
-3.221429503367279068e-01
-1.181791296862071405e-01
7.335303391160863384e-02
1.957873251514241630e-01
-3.404246982457515003e-02
-3.187909269091653286e-01
-1.306596092964271705e-01
-3.111860210213555078e-01
9.428136759214300611e-02
3.317566287728208607e-01
-1.745231235594211228e-01
-2.477373072477764282e-01
-1.427350695843898620e-02
8.947044694594641356e-02
-5.360633621331567511e-01
-2.063289346057910478e-01
-5.574440460852958523e-02
3.692616953931704415e-02
1.299147263915889638e-01
-5.516493818054746257e-01
1.865559155572569239e-01
-5.360494113645408731e-02
-4.927374044550614229e-01
3.449931884253416570e-01
-7.935405826631125592e-02
4.710660139149336345e-01
6.815189567019430683e-02
-4.429240928068143290e-01
-7.009153870745432613e-02
2.059295734326838101e-04
1.824339676261663712e-01
-3.964167374464171445e-01
-1.691309916926257984e-01
7.400345944226671691e-03
5.423422871606939921e-01
2.312384065295072233e-01
-4.405519963643911296e-03
-2.822218706726324911e-01
-1.631929305863000224e-01
2.626699098411791056e-01
-4.092404293084523914e-01
3.660454199321812041e-01
-1.900969360189250779e-01
-4.417351789995569433e-01
-2.135841165880298931e-01
9.066747019137544328e-02
3.834819655678671779e-01
-2.217649971220403415e-02
6.745540388046755709e-03
2.372162551080840842e-01
8.387581905539676086e-03
-4.886506072390925937e-01
-1.247298758795523099e-02
4.527493072518851136e-01
-2.819167377059716983e-01
4.331043507032905637e-01
-2.046172536998023261e-01
5.286971996246778716e-01
3.805795625745735933e-01
1.771416413512039156e-01
-1.985257260715957983e-01
2.753976387550380878e-01
2.472277521466015315e-01
-5.150219261016424355e-01
-4.457887867470677890e-02
2.942433960054575692e-01
-1.774966315985153642e-01
-1.710977852636101915e-01
-1.076233639215242732e-01
3.493880105257209934e-01
1.999168363751842037e-01
3.569434699413100986e-01
1.732981898038090662e-01
1.200921764643236855e-01
-4.693989191393432847e-01
-2.496220936014461600e-01
-2.603779872695177744e-02
-1.928253844394198779e-01
-1.791303824062673300e-01
-6.545757976949495571e-02
4.839455759857500539e-01
-6.810001228041784316e-02
-4.814651677497376880e-01
-4.918727939112539360e-01
4.231625112861037152e-01
-9.129177664561005656e-03
3.932420216206811148e-01
-8.790914559828877373e-02
3.325560030882162010e-01
4.983825453774670677e-01
-3.585703779488778054e-01
2.599575415302437520e-01
3.078541740462483745e-01
-4.694077520325512509e-01
4.283030761468440417e-01
-1.789094271402378311e-01
-4.765136078455967095e-03
-2.019069641417114980e-01
-7.641041352415367527e-02
-2.911611912921161505e-01
2.079536679683560152e-01
5.377307495235950086e-01
5.191334074446096736e-02
-1.621680964912561862e-01
1.262819658972160752e-01
2.965984149209486276e-01
-1.134215737557147108e-01
-3.347034517298848044e-01
2.732257435518903321e-01
-4.419375049727563010e-01
8.241270692919488994e-02
-8.203041519443310392e-02
1.947164127746869866e-01
1.321852367194935596e-01
-1.991534426457413076e-01
3.079891464890458508e-01
2.806178769901022108e-01
5.254066829443200248e-01
-1.078216370225799636e-01
-2.929119041132359769e-01
3.403772414923960099e-01
2.917437542726339927e-01
-5.628683925468891402e-03
-4.027301277702992621e-01
3.248923269199668340e-01
-1.236173964134135161e-02
-4.435219098132572313e-01
-1.914228822215555681e-01
5.474167308049961989e-01
3.906359978550844048e-01
3.616802939888064117e-01
-2.686606249730232321e-01
-2.355867176324775158e-01
-3.964869178183771936e-02
-3.558110948647277283e-01
-3.284320635280462142e-01
-9.537323055830793095e-02
-1.159079599331320765e-01
4.857222188749847902e-01
-1.654975927973278971e-02
3.789055568564325682e-01
-4.243036111325348969e-01
-1.737968522329653709e-01
5.087061153088558996e-01
-6.365056128599455576e-02
3.111883098980889883e-01
3.452983043586499434e-01
-3.846473567570098950e-01
1.805543975119006106e-01
3.178404796885239136e-01
4.586441509955818674e-02
9.329702802648220938e-03
-5.494882675597976274e-01
-5.107080227677958106e-01
3.741984825616295751e-02
-3.121022300268165850e-01
-1.853976843984455058e-01
3.204138489961669833e-01
-1.455997688924703937e-02
1.321233074068395297e-03
-1.084172668382032967e-01
-9.177575176588437245e-02
-6.742381534139507693e-02
3.639188196801885766e-01
-4.478615975781785608e-01
3.808618604062825597e-01
5.166085442246339809e-01
1.348598291666220916e-01
-1.964927087247954063e-01
4.501690540357881076e-01
-6.769388728526948285e-02
-2.792377010959592454e-01
-3.726997822661690662e-01
5.031167722258089725e-05
5.088879927575931106e-01
-1.857203757484757745e-01
2.219584065791870842e-01
-2.033779490195906092e-01
-2.007667623628153208e-01
-1.367479016250729984e-01
1.287296023079651519e-01
-6.733709595868742070e-02
1.710442585735929555e-01
-2.768168151198153737e-01
-3.706163684779628653e-02
4.339199426689006600e-01
5.901433588810878206e-02
1.213802916586992353e-02
-1.004359709068571860e-01
-2.879908690426411511e-01
5.408174427277021579e-01
-5.205460737511611313e-01
-3.925410279415784132e-01
-3.317286503579817136e-01
-2.582520685797664584e-01
3.351622955179687224e-01
6.371266949598020091e-02
2.684865414594481692e-01
-2.357143502705607574e-01
-8.138908722178328503e-02
-4.186067281762095860e-01
4.851756755998923865e-01
-4.333388965956128658e-01
5.489213896516194069e-01
3.951103684107479808e-01
1.803225758368443010e-01
-1.400278273931698791e-01
1.063052909950998881e-01
3.184425613113104347e-01
-7.654428609794905469e-02
2.937534945715079004e-01
2.120274289688639513e-01
3.089927328978649967e-01
5.538612626678744988e-01
-3.050948698289284167e-01
3.647121291350163830e-01
-4.212110925283187868e-01
-2.711236325913191081e-01
-2.092096940346586109e-01
4.430759089012212826e-01
4.387779616282223571e-01
1.287959401554328309e-02
4.297281452457282214e-01
-1.617382887587339724e-01
-5.025655417177752327e-01
-3.707069842980068586e-01
-2.268856828462126884e-01
-2.785794095081355337e-01
-5.774340717056176686e-01
3.851479231935623915e-01
1.120411073319136364e-01
-1.047796415930317693e-01
1.329024638226341537e-01
2.086283357865381660e-01
2.209321210199624019e-01
-9.357781483966043368e-03
8.280543579818555600e-03
2.586577047945306518e-01
-3.343017269245445178e-01
3.231847601170132478e-01
3.183848461626483939e-01
-2.522874000115002957e-01
2.925804419879955987e-01
-1.580594407157480674e-01
-4.693057268567013551e-01
1.095207983471535584e-01
-9.064081587959105235e-02
8.670152302473788097e-02
-3.170675913913614252e-01
5.457504381526128157e-01
-1.962520225924455630e-01
-2.994301446970766278e-01
-2.570264912954733916e-01
2.728525228174554229e-01
2.140239139675914615e-01
1.348147245714104159e-01
3.128425467043243202e-01
-3.482304073417079593e-01
4.012122376628823872e-01
7.360183965014677199e-02
-4.691489815047811263e-01
1.898182452894463523e-01
4.514967589968410522e-01
-4.476154733969686106e-01
2.090142262825445130e-02
-4.471753313072763802e-01
4.505381717401935049e-01
-2.224389715222505615e-01
-5.790796259623798292e-01
-2.567196369808506518e-01
-1.591765924780483843e-01
4.301963357200131455e-01
4.513527564779575840e-01
2.107828782529992395e-01
2.920816251002626984e-01
-1.297145678668032431e-01
-3.131331542463691164e-01
4.457231499828555599e-01
1.465835325140654177e-01
7.485147550583093334e-02
1.135016478909935955e-01
2.770449853222611836e-01
1.192171538713449053e-01
2.795903589533397238e-01
3.190871222323155010e-01
3.947048561244335119e-01
-2.202217178772274409e-01
-1.225585283176044982e-01
-1.707323476619393432e-02
3.540602752260202379e-02
-1.372144944643931552e-01
3.355307708361197072e-01
3.262607376246906554e-01
1.943828419085056325e-01
1.393535805236272296e-01
-3.100200608904026822e-01
1.197140263527369797e-01
-9.988077911382653440e-02
2.187836158443285939e-01
3.786829825913251568e-02
4.291683383476367908e-01
-2.450809633976973601e-01
5.045687406141841080e-02
-2.470487641438579018e-01
-3.002027765681045679e-01
-3.015839050472859384e-01
3.907430600736248039e-01
2.107391064621610965e-01
2.681641558224381328e-01
-1.313849146247161315e-01
2.239707704269298105e-01
2.430364879417652446e-01
-1.663769566566362101e-01
3.744834636413933993e-01
-3.437282380506800905e-01
-4.752633713203504584e-01
-3.025719966419888607e-01
3.348658278976524016e-01
-1.351828089780928721e-01
2.116717699435373135e-01
9.435856787835028570e-02
2.268563971436829974e-01
2.448031971565161058e-01
1.426017984697516283e-01
3.482307628980398917e-01
-2.857600009491134685e-01
1.461434979193434458e-01
2.251358021592526626e-01
-3.722431520533007188e-01
-3.226626495893647473e-02
-1.604170631043366768e-02
-1.303406182897877130e-01
2.403885467681874388e-01
-3.359834873952562972e-01
2.698067623974420570e-02
1.169789430981111877e-01
4.004275834844861492e-02
-3.397864323332298042e-01
-4.736720078226719366e-01
7.635192118728362232e-02
-2.375344826487868488e-01
5.370548077484382787e-02
2.956202420986855373e-01
1.786268069946883585e-01
4.645835822182853292e-02
1.843741340077729163e-01
3.324040779055223993e-01
-1.884104381311306753e-01
-3.201360163575897033e-01
8.782807942751524877e-02
-1.938430847396688250e-02
-6.529066358952384519e-02
-1.093629782013501028e-01
-2.919666906378797222e-01
3.270022690423965983e-01
9.952856890816264013e-02
3.273823574575907003e-02
-1.996359148629913705e-01
-4.458743053374565335e-01
1.406749566528553430e-02
-1.759324555281969182e-01
-2.090997421136098211e-02
4.719652953733568523e-01
-4.735256133073129092e-03
-1.013873227523340859e-01
-1.211084911892772453e-01
-1.054764672179278051e-01
-4.149214697066643254e-01
1.571512771637166850e-01
-8.003546994248189606e-02
-2.214212211568504785e-01
-1.282388622663575006e-01
-2.948871924435110259e-01
3.642968293389099443e-01
2.645587375534672603e-01
-1.925473080101696155e-01
-2.534360893067413301e-01
-2.171113779867175353e-01
-5.725737394715322282e-01
-3.428650088164273413e-01
-4.836873790091980041e-01
2.076334359006111185e-01
-3.401878433120577583e-01
5.297474213067765447e-02
-1.560377279388589500e-01
-1.996173671433343344e-02
3.173432082771405760e-01
2.050645324898381361e-01
-5.125949141220242922e-02
-2.540257492941497830e-01
4.543546748122606616e-01
4.870871647180630148e-01
-2.873100070224356983e-01
4.190547324039686217e-01
-5.015531293554946757e-01
3.057906363397977501e-01
-4.312262314676527097e-01
5.329067241001794741e-03
4.330785600499780230e-01
5.718806703072498721e-01
3.185948915605418819e-01
-3.531639711945508964e-01
1.651259518784033986e-01
-1.566439494959075418e-01
-2.838656471952054616e-01
-5.220660923262041564e-01
2.798038141775105458e-01
-2.733854248215941141e-01
-6.091366222495864235e-02
-5.036942431623714356e-01
1.617973364046658702e-01
7.664532817324687386e-02
-3.423701624468780125e-01
1.776387083256576460e-01
2.142495443505012531e-01
3.795453543880640268e-01
-1.491820925501023964e-01
2.742764083414463983e-01
-1.967416320085391135e-02
1.587197814492427028e-01
1.140831245296780594e-01
1.544254875681083661e-01
5.524863179527530477e-01
2.454568740154394746e-01
1.768098437502718667e-01
5.345100126782753591e-02
-1.032492648535825452e-01
-7.676991646369657474e-02
-3.516419036994724578e-01
-3.150815164800402357e-02
2.187109254086481158e-01
-4.398232463571023487e-01
-2.323808959452575706e-01
2.392785668803432131e-01
2.126650095841151611e-01
-1.259912109474372599e-01
-2.790232811495974019e-01
-3.398758338484881847e-01
9.562871034059305941e-02
-2.306348708037084805e-01
1.908604184413364990e-01
-3.953220336277487590e-01
3.323753806336640082e-01
-1.569803024712648210e-01
2.661765523703651937e-01
4.452892896642630660e-01
4.256248865532343828e-01
-4.129705228693207886e-01
-1.572313278457766472e-01
-2.532085299122925903e-01
-3.042891116764057102e-02
9.661222053072382465e-02
-1.586432392808010405e-01
6.107978316663675855e-02
3.660384111631209691e-02
-2.229567919243891083e-03
6.636827147297807983e-02
6.686680350160845165e-02
2.442947743366268298e-01
-2.969490552220630519e-01
-3.107427076327287097e-01
3.144091270065061394e-01
3.327618943670280771e-01
1.017843692943385392e-01
5.128414186356522464e-02
-1.719801640518685559e-01
-5.154009188435120237e-01
-5.396630043596228887e-01
-1.218583741222634131e-02
1.242176607979601499e-01
-8.877860102656143226e-02
-3.705903107652614992e-01
3.419314669370221438e-01
7.888774398227571538e-02
-5.291047034656770620e-01
-2.834244333278803651e-01
-7.394250047246586632e-03
2.804706620252161997e-01
-2.351578782213712415e-01
-4.376854717548450679e-01
-6.720188690119499597e-02
3.726995691853591808e-01
2.170460778793525947e-01
3.954908252960027681e-01
-5.556404209143117612e-02
-4.731529851535949405e-01
4.364888603418464186e-01
1.695309159016655798e-01
-4.330446317254015298e-01
4.154353674216704206e-01
-9.588457200743505382e-02
1.292770483869931653e-01
-2.023323309106839218e-01
-1.626700659799205084e-01
-4.844069710369502957e-02
4.078899934700324081e-01
3.833835677560459843e-01
-6.381294846961083067e-02
-1.116447304063523660e-01
6.829651899004307580e-02
3.586151300006967801e-02
3.536785450563861843e-02
-4.588689000657879546e-01
-1.404043391937550567e-01
-4.309028403773913496e-01
2.883609831550382196e-01
-3.008026470424578491e-01
2.434093149799352318e-01
1.906162175728454145e-01
-3.541673498774997597e-01
-2.093478208187571354e-01
-3.387975024235112542e-01
-4.689533773026335339e-01
-2.227740916536440352e-01
-8.010746924710598904e-02
1.527797284514056386e-01
2.822818272662264150e-02
2.426462046596578048e-01
-4.273940040831183396e-01
-2.894606836778184089e-01
-4.707317273251510059e-01
2.782174626137798867e-01
1.801971250187506257e-01
-9.791087322902569667e-02
4.822118634589909192e-01
2.266817228857176403e-01
-4.114216847532210508e-01
-9.650328876389124844e-02
-1.275192762833805560e-01
1.010374950347747713e-01
-2.734204707833924886e-01
1.266461883972427316e-01
-3.102145304200263354e-01
4.017854075455193907e-01
-7.614890792968331823e-02
-2.302982676260683093e-01
-9.828540228352622421e-02
-7.384600344521352611e-02
4.448209092368857753e-01
2.395950757438116696e-01
4.528929492210949093e-01
-1.885232869849637893e-01
3.021334555389900700e-01
-1.376557154404247640e-01
-1.548107395953692844e-01
5.389346147781814977e-02
-1.231055214476741710e-01
-4.317292816092512808e-01
-3.178111439447643960e-01
-3.701800743324499265e-01
4.506391632498161215e-01
-2.721782055262043087e-01
-2.744901918967084242e-01
3.761400524836133741e-02
7.316323991856066300e-02
-5.810494697287360566e-02
1.432894221915050892e-01
2.667600304440771453e-01
-5.198096191096537311e-01
-3.057567950602981810e-01
3.431812979758142035e-03
-3.170882316930097033e-01
-2.615277929875734486e-01
2.934091290571831934e-01
1.569730116766763217e-01
4.961265381545842956e-02
3.015464976266448716e-01
-4.411760882194970534e-01
1.958158179508000529e-01
1.933824261131809052e-01
1.856381505120641151e-01
1.253460717748957620e-01
-1.630279804331831173e-01
2.799714413848963801e-02
3.693179645646136322e-01
-9.866595051894311297e-02
-5.006071197816037710e-01
1.148675186274612514e-01
2.475091800917441631e-01
-3.225611692696457311e-01
3.685669450131516811e-01
1.423456950857593384e-01
-5.395591428363477604e-02
-9.629023196309027810e-02
3.672430383474925009e-01
1.407297182525564239e-01
1.193008374078203815e-01
-5.494413928889496646e-02
3.088398176201412326e-01
-6.393196329452788262e-02
1.532833165545550713e-01
-2.000825168746587224e-01
-8.658225327258861626e-02
1.176574559342835613e-01
2.941923225950677789e-01
-1.037848170388588898e-02
-4.848389358494937795e-01
-2.976433660263575476e-01
-1.037640859349879818e-01
4.053218355635355152e-01
-5.033845489119599392e-01
-2.498099703878562394e-01
4.971444814347947272e-02
2.207408615505652705e-01
-3.564550289659678128e-01
2.525173591606932888e-01
3.659330278302448392e-01
-1.681350000216408347e-02
-2.954808521739273885e-01
3.067799819534355876e-01
-5.728481247739312110e-01
-8.777666481479151628e-02
1.395669252921818426e-01
-2.019921176586869649e-02
5.223562673141994850e-01
-3.015041667163451677e-01
3.271404115889664510e-01
5.384332345307232259e-01
3.275194522814093290e-01
3.941546274215657064e-01
5.171055704997655766e-01
1.421601750273371323e-01
1.195048169571126806e-01
-3.998178010171882235e-01
-3.938578080189616415e-01
2.153578920917684769e-01
-2.834080549504722768e-01
4.343105717581563496e-01
-4.944464015509542065e-02
-1.200434702456458780e-01
2.755351782815473882e-02
-4.596890604921366474e-02
2.626768089976616594e-01
-2.484680243053123405e-01
-2.673926322224335905e-01
5.227736289331215147e-01
8.707930953794296158e-02
-1.816158240217493613e-01
-4.762894325359106062e-01
-3.271776421100565102e-01
-2.675699279795393792e-01
3.871410699713040415e-01
4.709527195916667353e-01
2.668967799250721029e-01
4.580783947093260977e-01
2.002849127848982391e-03
-3.518996922932515758e-02
-1.543265133081295204e-02
3.102928882360487250e-01
-2.641653696572747734e-01
-4.792379384601730408e-02
5.431687334540757917e-01
1.351591833233412032e-01
-2.386763062282000192e-01
1.419584401646378780e-02
-3.885845960099114649e-01
-2.405614822202846170e-01
1.560864208100563033e-01
-2.865963222280338840e-01
-1.246736479423145028e-01
-1.502784574359594671e-03
1.307339243899505732e-01
-1.248592221679203362e-01
4.499020749613791281e-01
-4.114637678428954004e-01
-5.170804780131099676e-02
-1.780316349586117397e-01
4.931204259136023893e-02
2.775289660710953399e-01
8.390933390595378683e-02
-2.795915775313648766e-01
-1.574905730612226051e-01
-3.720929069586818017e-01
-1.425226440534483885e-01
-1.559114242418271346e-01
-1.785296078622433669e-01
1.119899213869537391e-01
-5.290960819752221767e-03
4.701543950889819357e-01
-3.337075948042578233e-01
-4.086372504265503025e-01
-9.612059241320647374e-02
-1.805977144895676290e-01
-3.475896427578852865e-01
5.662757931090247610e-01
2.106907861382412150e-01
-4.592883229970610159e-01
1.022775739140593387e-01
5.412021192854776785e-02
3.131531729792360608e-01
-1.433397568119634258e-01
-4.863782500806976827e-01
-4.386789135438835530e-01
1.103869051148933522e-01
4.044085134765120770e-01
-4.578971000881892905e-01
-5.608767099212075280e-01
2.430780028171488638e-01
1.202244083371795114e-02
5.702042653531069760e-01
2.018542861972960623e-01
5.165531732483330529e-02
1.660233339847270173e-01
1.585728404684552117e-01
1.395795623338944580e-01
4.564054859883217574e-01
1.685442331877808897e-01
-5.124892846216351217e-01
-8.687750832092966391e-02
2.528323680292654529e-02
2.979126584133808819e-01
4.335120958544518288e-01
-4.044859734592689549e-01
1.157513426624445785e-01
-4.638678241791076573e-01
-2.462185724239933649e-01
3.987331835889289522e-01
-4.478400767552370709e-01
-5.698881534925703818e-01
-4.516091629923826289e-01
-4.224206591213253148e-03
-3.926144825100355007e-01
3.878244675613915504e-01
-4.528139437991747229e-01
6.909315197500021100e-02
-5.605573476283867151e-01
4.305974910936374300e-01
-4.026395060202760945e-01
-1.835478629151410246e-02
-2.221096852072381722e-01
4.161724329633624819e-01
-1.733946552159704169e-02
-1.948480645527874699e-01
2.716348390077829578e-01
1.487331917462686448e-01
2.274869095258047480e-01
4.685621229320746650e-01
1.678424074281759104e-01
3.201683200908558291e-01
-9.855779858619406752e-03
-6.305899113892277086e-02
1.567504703499640328e-01
2.764405278828041546e-01
4.473348287698311054e-01
-2.579192746791161284e-01
-5.218694606257479052e-02
-4.455614695656091584e-01
4.174130002631315506e-02
2.885050967233020458e-01
-1.887937911507870936e-01
1.205464151596604694e-01
3.107785242527194569e-01
1.568905438032377475e-01
-4.017106651935842265e-01
2.408595398931154818e-01
-1.501600800986606643e-01
-9.160762585950976700e-02
-4.821827484640222039e-01
-7.808732668970552737e-02
1.031376692741350354e-01
1.088681309416372756e-01
4.331236980865913466e-01
-2.081117920387267617e-01
-2.931924301037138747e-01
-3.621678989648540181e-01
4.250596335203296050e-01
-1.068795666055049054e-01
2.127630747664079891e-01
1.514361998507709473e-01
-2.004940979382716648e-01
4.878654114678049325e-02
-2.289343972060953192e-01
2.349236767407427706e-01
-3.375805163415090959e-02
-1.860981864997093282e-01
-4.192194381570093498e-01
4.646974692728953471e-01
2.650102002771745902e-01
-2.490980510435552020e-01
-2.490388828294571866e-01
2.674479826278917116e-01
-4.105695353420877325e-01
-4.673373926865433958e-01
-3.808648018392322143e-01
-4.826618763150403169e-02
5.685208307846156828e-02
-1.627999264088879627e-01
-4.134139839391970384e-02
-1.653256142938470674e-01
3.556852617440284803e-01
-4.174173323904009081e-01
1.546451357436220420e-01
1.481593855626712752e-01
3.942070431026047928e-01
-1.013296235702618731e-01
3.722191675903232522e-01
-5.378592108866211419e-01
-4.463359236892570081e-01
1.979059801074845026e-01
4.228820027313950902e-02
4.262091324075720777e-01
-8.752802775955004222e-02
-4.540925216826039446e-01
5.405796027787781455e-01
1.801717609525734787e-01
-9.233104420966053993e-02
-5.414389119826434893e-02
1.109808789864228373e-01
-3.829604506522121810e-01
4.593180635912128551e-01
-1.499931730113353012e-01
3.921153283713412208e-01
-3.481908565930780242e-01
2.123934037465522451e-01
1.629045031537188493e-01
-5.395651831746928195e-02
4.043806366525046769e-01
2.322084727197690768e-01
5.131539948229377757e-01
3.687443857295100713e-01
-5.512953000824465377e-01
-5.389615416260786773e-01
2.920373020375368611e-01
-2.972187054419084262e-01
4.561977613910332963e-01
9.473169622601140816e-02
-3.745602210223673012e-01
-5.457938493486036435e-02
-1.190853386343784237e-01
1.931161227318121121e-01
-2.741747024305141167e-01
2.985948387984276309e-01
-5.568951206060610559e-01
-9.514968308430038491e-02
-2.848974119547627026e-01
-9.952494503385711511e-02
-1.631576814170205836e-01
-4.601889706887067888e-01
-2.225749213850276575e-01
-1.598067740551361027e-01
5.603079957236989372e-02
3.239490930946855585e-01
-4.120126389948026713e-01
4.222449931253162703e-01
4.374363574102915209e-01
-2.139144016687302141e-01
-2.744092128527526597e-01
1.607412362273059614e-01
-4.708202487791091073e-01
-5.005609022952999254e-01
-4.065330634665187404e-02
1.706823354462718711e-01
-5.354436828185509256e-01
9.195375432125985071e-02
1.507798753881939291e-01
1.434621213393327821e-01
1.273697471731818354e-01
-5.890045610830973999e-02
-2.724232722063080203e-01
-3.888858503499985630e-01
2.768551939520822458e-01
4.665680657702875322e-02
-4.082615614704998563e-02
-1.267224845187584492e-01
1.097734401977303875e-01
4.690503002623440665e-01
2.191138890205648337e-01
-1.973355706414352539e-01
-1.894115806923943879e-01
3.233935569677370836e-01
-1.344756618788309765e-01
-2.762211840784871697e-01
-4.594720755337711182e-02
7.393237128692042859e-02
9.756425964324222377e-02
2.663345897582409805e-01
5.560488483833747608e-02
-4.305889321685336668e-01
5.127051774563202713e-01
-4.205019119576700604e-01
1.845810871099313744e-01
-2.277729926413920580e-01
1.724253012017005204e-01
1.802991618272384855e-01
2.405713023581821375e-01
8.521837224606176875e-02
2.573302696671930789e-02
-2.164655710149441248e-01
-1.449844568532325795e-01
-6.936423983677197924e-02
2.623695908816747746e-01
-3.959349998550605321e-01
2.230230442884097997e-01
-8.048846298203393701e-02
2.135840955336103519e-01
1.804579272287289982e-01
-3.181987967255270888e-01
-4.642582185055017518e-01
3.889845719662137213e-01
-5.007320005772974980e-01
-8.579417596819371994e-02
5.238779709828165210e-01
-1.673402619523507440e-01
2.429982752213719621e-01
-3.716254594178876047e-01
3.167184482478768714e-01
1.879987541326233469e-02
5.273970169330288726e-01
-3.871668630840625625e-01
-4.797033273778152918e-01
1.460322260314859122e-01
-3.053746897729983090e-01
2.577317020013394355e-01
-3.066069892570695288e-01
-4.757569275098383343e-02
-3.136485043282437601e-01
-4.269497011796907771e-02
-3.761665362632697907e-01
-4.066566129575202027e-01
-7.681821742201222492e-02
6.739612204314315846e-02
4.950124030728737523e-01
1.222803979720508138e-01
2.426156740705653903e-02
1.032067002984433657e-01
2.106972768597801249e-01
-3.946186167057152971e-02
-5.467362198782472760e-01
1.644451325200870784e-01
-1.053578849880674184e-01
1.246535652613012246e-02
-1.520351347747368465e-01
3.072073107289750027e-01
2.601359815591575142e-01
1.199774464178418043e-01
-9.485176975046893943e-02
-3.798357184533083242e-01
5.253124791086092316e-01
-6.249387540505768612e-02
4.138205015727924874e-01
3.040689291444742537e-03
5.844443769817964096e-03
-5.054959464153565563e-01
-2.444774150532111889e-01
-2.801223801380405831e-01
4.315723245137217390e-01
-1.018481556254622333e-01
-2.518174790891194448e-01
7.149902624817627839e-02
4.314360967662356217e-01
-4.280552578745062675e-01
-5.123391058234432194e-01
4.375753130388648771e-02
-1.641698686475834279e-02
-4.805595361937058385e-01
-4.454897596665414738e-01
6.634651269325786416e-02
-2.240515849466131471e-01
-4.808147788319061533e-03
-1.759710225472410627e-02
3.168093472474637906e-01
-3.087909292911312775e-01
-1.634560299934983973e-01
-1.611403148697574395e-01
-4.546855860791803039e-01
-5.133100172777913528e-01
2.859533542416770047e-02
4.405440316386055599e-02
3.404902883762357391e-01
-3.192188266548736664e-01
3.058583545582855834e-01
-4.198719215482773492e-01
8.180183715136823963e-02
2.228028386429139474e-01
-3.320795431288674493e-01
-2.839895811886634647e-01
1.403148758615833103e-01
2.473455728859317304e-01
-4.839806425304633564e-01
3.872147144237629846e-01
-1.124771816140199832e-01
3.505232701348628410e-01
3.749636142238168546e-01
4.013439170279102797e-01
-3.481300692411561926e-01
-2.942330440770559719e-01
4.564710231761637260e-03
2.619913516109315665e-01
-4.466607939487685641e-01
1.426771369242807452e-01
-4.580799324113673521e-01
4.096185650526695810e-02
1.234735796917032502e-01
-3.493878543872570575e-01
9.532940937281253468e-02
-2.142881971008847586e-02
1.930159175019419138e-02
1.651337393857374991e-01
1.394520353830124293e-01
2.977252095995650549e-01
-1.882369317491168204e-01
9.644645236471482974e-02
-3.737368198293307131e-01
2.407370790541030203e-01
2.240817977925058102e-01
2.447361358550823596e-01
-3.033746735915965331e-02
-4.636492754304502029e-01
-2.677155890300202401e-01
-2.662122615055562136e-02
2.510577179615509635e-01
1.080108129144852214e-01
2.313004633933344323e-01
-3.606443279330893148e-01
2.097690033698196288e-01
1.064719176194328654e-01
-1.641811815933102991e-02
1.572597195400406989e-01
2.246773054264163960e-01
3.977753701211304005e-01
2.322089815466679141e-01
7.810756474535640592e-02
-4.171615244332116390e-02
4.112788467438068807e-01
-3.595994663082811016e-01
-3.268288264066052662e-01
-1.704855423787989821e-01
-7.469713220974583123e-02
-2.842330655150107077e-01
-4.001499180061767191e-01
1.600083457047141167e-01
2.946953960923064386e-01
1.595107014579610905e-02
-3.482368746390918091e-02
-3.062687671627291053e-01
-2.456826030856511522e-01
-3.518093138261235708e-01
-4.773998305953472965e-01
2.980413339057008670e-02
4.071058965015517117e-02
2.974091329494532587e-01
4.139716811543756592e-01
2.292784853684111113e-01
2.258100281603780957e-01
2.273865673726263026e-01
-2.685112666484981148e-01
1.659271360329315215e-01
-1.062338236924631474e-02
-7.767310765788071336e-02
1.723403549486857145e-01
-2.085223656520627245e-01
3.815443084309766419e-01
2.863781155534059764e-01
-3.530560601425172251e-01
-1.546585461460949773e-01
1.346759874220673225e-01
3.196823584957764197e-01
-2.358769576666563950e-02
-2.410861841728904054e-01
-1.572641057648738183e-01
9.628380251845847226e-02
-3.830104966069853845e-01
2.821820139012860551e-01
-1.916305974563998760e-01
4.443351842672704777e-02
4.084024828668288976e-01
-3.719475665185232316e-01
-1.613829059038209834e-01
-3.523177400443344709e-01
6.949693915647348064e-02
-3.615957617460843210e-01
-4.585718532342530906e-01
-3.362758509654071304e-01
1.418615592414163018e-02
-2.317482929603000841e-01
5.210903145816025983e-02
-4.642777339597614628e-02
2.411236617594028075e-01
-5.848667253094408380e-02
-1.983528453933303126e-01
1.831554286323626712e-01
-3.569391148168703509e-01
-3.671846407554433256e-01
1.340203627323681701e-01
4.051926710716724500e-02
4.205010746834103585e-01
-5.933050404693496205e-02
3.643140701732230369e-01
-7.648864481720529795e-02
-6.844384580156415154e-02
2.700959499222062021e-01
-1.530880409320198865e-01
-1.917426419469645538e-01
4.746980684792827532e-01
4.223795395845009182e-01
4.373508889922117504e-01
-2.746898461350637533e-01
2.680259191057468016e-01
-1.126653275833691126e-01
5.614572479552730755e-01
-1.728054074422917807e-01
-4.040720841144018749e-02
7.346735351942257353e-02
2.673357669941331949e-01
-3.123801624043736069e-01
4.653713839964348509e-01
-6.379900132113647260e-03
3.942536340364384273e-01
4.882597486171373902e-01
1.403902709173943109e-01
-2.424941031281315773e-01
-3.879689838373154842e-01
2.085214850059706748e-01
1.346949009729314639e-02
-1.152559448703414091e-01
3.492457828727255631e-01
-2.405512582175859393e-01
2.550886361369952837e-01
2.884026713563105915e-01
1.643040349501205810e-01
-2.031463393559622688e-01
6.754488207099029751e-02
-3.045829305726934777e-01
-2.335252742387972091e-02
-2.254818957484161501e-01
-2.257030411399609804e-01
4.899660609378466702e-01
5.260865346367440409e-01
-2.107402196186392018e-01
-3.471578792857972218e-01
5.673478200179946640e-01
-1.758005747068800417e-01
3.881824426132407524e-02
-1.995814591978746222e-01
3.689638762116134174e-01
4.974680841663658981e-02
2.226947571689175120e-01
1.175280291686213729e-01
-1.431502036194789440e-01
3.897588004316592247e-01
2.103659802819350944e-01
-3.402906171604049845e-01
-7.328627648721752763e-02
2.210014075863631078e-01
3.687931274397744374e-01
3.635525343718661873e-01
3.600248854925300890e-01
4.195999981630116338e-01
2.760238946392039594e-01
3.057088820173099464e-01
3.853737042048717143e-01
-2.295480001187240049e-01
-3.512224157363545984e-01
3.816773470338397090e-01
3.262453272331553578e-01
-2.916056737789061160e-01
-2.859249858970533964e-01
4.069753639652855526e-01
4.336110879346044555e-01
2.908057421430223499e-01
-2.905040820835687043e-01
-1.375522220689742170e-01
3.636895236471016091e-02
-7.133722459869229482e-02
2.033694600028566057e-01
3.062269907896002508e-01
1.595035421867319059e-02
-1.874217253873586841e-01
-1.625680724160094570e-01
1.600019773596574879e-01
3.632174100756877522e-01
-3.415774929481569799e-01
-2.003510467588993649e-01
-1.268762522599207188e-01
-1.938430784045319655e-01
-5.236056622240035097e-01
9.114035308821133441e-02
4.509713824623027278e-01
-3.790055113762171857e-01
1.685913602594322214e-01
1.723277441083936878e-01
-2.094010510212136467e-01
3.184998870196009690e-01
1.045072871515237978e-01
3.634445103020977896e-01
5.220785608529840971e-01
4.849970926660045478e-01
-3.928462554222029723e-01
-2.871668842479531136e-01
1.816649556542193622e-01
-2.121668521695401211e-01
4.523889449286855324e-02
1.117412545685851910e-01
1.499981597107238329e-01
3.536025222864864759e-01
-2.346419615202952613e-01
2.523529484409747781e-01
2.947052435173009854e-01
2.911720916081392829e-01
-3.317819797526517789e-01
1.605732499593521823e-01
-3.429144224972970889e-01
-5.336489423751533678e-02
-2.356765183143396669e-01
-9.499444539819723587e-02
2.359515381497523379e-02
-3.355829560724021832e-01
3.538550540264040478e-02
-4.540171728741970725e-02
-1.139761929067164559e-01
2.690808528333699101e-01
-8.793536586693484480e-02
4.756025354187709553e-01
-8.297701785964317622e-02
-1.337151691353382077e-01
1.171812485303105333e-01
1.050389913204874404e-01
-5.317277273486720190e-02
1.963686626314000705e-01
4.883396923657867816e-01
-2.799832670060409257e-01
-1.558459832177607751e-01
3.662692471365751601e-01
-1.477308089345585884e-01
8.020656352549160317e-02
3.885551372616120602e-01
1.839915365741893183e-01
-3.487987757793433730e-01
6.754342023104076276e-02
-4.011283697098511070e-01
-3.457464953776083760e-01
-2.724707445658154370e-01
2.275121429651942861e-01
4.315671944377541536e-03
2.879277045544998970e-01
3.597840320014675797e-01
-1.498825855281316066e-01
-4.004647723904550816e-01
1.426759490935580743e-01
-4.354457383017269478e-01
3.143367470693618770e-01
-5.128998032995184531e-01
-2.377823291155278795e-01
2.440135306647430724e-01
4.556157732937018423e-01
-2.941012108830891592e-01
-6.690976245250190857e-02
-2.054361321225508519e-01
3.108888166695926714e-01
-2.787705880527662217e-01
2.034583463120132052e-01
7.346405964370195107e-02
3.602029733365883502e-01
2.075698137516539532e-01
2.590896457966573863e-01
3.080688006464384898e-01
4.939723053407831799e-01
-1.096149106338808465e-01
1.576571593415545536e-01
2.396933588368375112e-01
-4.617778743945635256e-01
2.793571556123701782e-01
-4.046109796149552906e-01
3.921880259036338856e-01
-2.597926600893458726e-01
1.508311764257008747e-02
-1.811937457598924439e-01
-4.814053404799647495e-01
2.300968180813809383e-01
5.373475988948310800e-01
-2.608159500156173038e-01
4.033751892522543514e-01
-4.848428929737416126e-01
-1.130183544771909965e-01
-1.807837601206507827e-02
3.337758534147772238e-01
2.356674764221029506e-01
-4.406773932139982364e-01
-3.216715640414413713e-02
-2.198980309969540414e-01
-3.546350194858529647e-01
9.229091411412149171e-02
3.653807077742285969e-01
-5.466239682815654533e-02
-3.884474234054051678e-01
2.708567410021034405e-01
-5.751674050970674301e-01
-1.724518022699426112e-01
3.354798653352215609e-01
-3.967483953188626344e-01
5.096823598121567045e-01
-2.473160782501757637e-01
-2.872747971982079207e-01
-2.097460308790468630e-01
2.200539033753692308e-01
2.232051533626941975e-01
4.877140097928247542e-01
-1.925695788189161206e-01
-3.816370408409799353e-01
-2.166716006222575430e-01
4.807964356005269835e-01
7.732833902938018866e-02
-3.552826186353650328e-01
3.764689600926374169e-01
1.162864931510023681e-01
7.116394213227117405e-02
-2.419608860977451315e-01
-4.319134822019456976e-01
5.543297950570380550e-02
-1.485245496892506623e-01
-3.940354776587984276e-01
-1.027750099846613807e-02
4.755083953896566129e-03
4.259175028531103635e-01
-4.089883944662311421e-01
1.641974571148026030e-01
1.058991854418351863e-01
-1.112018103630143528e-01
-2.382181472336561967e-01
-6.564967909779539923e-02
-8.234924250204223029e-02
-4.529379340224366501e-01
3.564198178797965966e-01
-1.047658563979636526e-01
3.531537778369120417e-02
-1.280077178286305184e-01
5.533365161489331996e-01
-2.019696803622981207e-01
-3.441447572340985417e-01
2.859502575340657771e-01
-3.367101997803203517e-01
8.578415628753521815e-02
-1.572029196811026708e-01
3.478856813695703210e-01
-3.979752011917350174e-01
2.773267326187545123e-01
3.957405254450661047e-01
1.192442582539126050e-01
-1.971863032276228722e-01
-1.180261634370118884e-01
4.915404201779915994e-01
-2.633289147282935616e-01
2.267496532864257119e-01
3.584216979142462733e-01
2.311115611541891823e-01
-2.206340527524828232e-01
-8.495054215212949345e-02
-3.472197484228534137e-02
2.155668557165437704e-01
-1.404945667331629622e-01
5.142632029009170935e-01
-2.028821553922819376e-01
-3.850558480644492576e-01
1.005126540392975443e-02
-3.078541695799206224e-01
2.343756890411086147e-02
-5.667874700018984413e-01
1.247995459238016025e-01
5.144804600929218097e-01
-2.563748607900588894e-01
5.079783667460215923e-01
3.897783371058425317e-01
8.818269060665517856e-02
-5.376889855120303707e-03
-5.675913218394335047e-02
-4.344213294956542626e-01
-3.037445535793441564e-01
6.959634792541358195e-03
2.614529569380934504e-01
4.361775392855751221e-01
4.508279116024116462e-02
-3.712780896824385835e-01
-3.848391250973346445e-01
-4.862819776367235391e-01
3.121467228269043659e-01
-1.690187366651256795e-01
2.054960895334323467e-01
2.524664697757383891e-02
-1.262588063073257771e-01
-6.767030219670644442e-02
-4.603435065162599926e-01
1.375410583102336659e-01
-1.608103765026109855e-01
-6.655234617187133495e-02
2.232904370862840437e-01
1.301863164272294426e-01
-3.660921324344013073e-02
1.005074189448720290e-01
-7.318748669387886707e-02
3.924965813195324671e-01
-4.359064735713991112e-01
4.865454852304544886e-01
3.328428294166663193e-02
4.695435734960815566e-01
-1.837231106680201620e-01
5.966040430774643966e-02
2.336421674514497226e-01
2.040294479823554497e-01
-2.749609638636574260e-01
-1.385963165158505817e-01
3.149650760150937145e-01
-3.848490053466937511e-01
1.998495190449762759e-01
-3.764600154987389757e-01
5.771946284072981825e-02
4.568304722728422362e-01
-8.329017330937649177e-02
-5.666692271927828983e-01
2.187240869439213142e-01
4.479694968274827716e-01
3.797133555231999580e-01
-1.925450467287230794e-01
1.207677749233146969e-01
-4.285884128641246349e-01
7.909928870929228140e-02
-9.785565281202046606e-02
-1.308805990954020615e-01
4.009450429056462539e-01
9.959655080036711183e-02
-4.054719157842185950e-01
1.249225635169315396e-01
2.189881460768106081e-01
1.528143260933667591e-01
-3.138634848868804283e-02
-8.306974701736447031e-02
-4.872579050961505231e-01
-5.519708070061106753e-01
5.541584064641469354e-01
-2.588013483569753248e-01
4.984964886015772478e-01
1.974646830225754712e-01
4.216508094428386144e-01
-2.400842432402656712e-01
1.240397280255010060e-01
5.775615462813377121e-02
3.648368745023411464e-02
2.191914083909027866e-01
1.950065726208478623e-01
-1.016600166157566321e-01
-2.841509796356671558e-01
-1.155864008771070317e-01
-4.546480711033620281e-01
-3.322961361958043369e-02
3.188234501639941598e-01
4.982165469040236161e-01
3.593986448816028911e-01
3.405793395680216662e-01
-2.624825278804809869e-02
3.235249048506823044e-01
3.701008103598759647e-01
-3.254382521175802623e-02
-6.517355499823462850e-02
-4.395995537295620537e-01
2.164285124147191652e-02
-1.105849536971241776e-01
-5.527169093735961880e-01
2.709793781895619702e-02
-4.060673356077746377e-01
4.263508846618435655e-01
2.214620841619305835e-01
-4.416183734066265743e-01
-1.214023440887999072e-01
-2.722549151924908983e-01
-2.312325610221135364e-01
1.091699854938932290e-01
4.514094392271230660e-01
-2.659293203746013745e-01
3.989761596587548809e-02
-1.139902525577438652e-01
-9.913888494313027877e-02
-5.466855124835046098e-02
-3.665270248832630529e-02
3.725375843201303994e-01
1.835964740588877930e-01
-2.612722992863387717e-01
-2.914608063149879413e-01
-4.465468641219789703e-01
2.601158295997585412e-02
-2.545012824278840569e-01
1.659857805906668204e-01
-2.476725938461505905e-01
7.310912602461083765e-02
3.865612324591172211e-02
4.573800155716494231e-01
4.799859018134373656e-01
-2.206968378513982643e-01
-1.688169978577365171e-01
3.967967809471160123e-01
2.746674346495829866e-01
1.208077955738193765e-01
3.981094159573768110e-01
-3.675859965926653317e-01
2.376437524774432930e-01
3.143500018819853636e-01
1.145013505359671058e-03
-4.301678264742188063e-01
2.940458029362069681e-01
-5.124848439804194911e-01
3.122279826539573477e-01
1.284931506871256346e-01
-1.055967954953072052e-01
3.263789751207912815e-01
-2.910982306013032428e-02
-5.611783396835363646e-01
1.186189524042884358e-01
-5.801167082266012187e-02
1.909582623166095061e-03
-5.557139584704184898e-01
1.415333248765913154e-01
-5.350136391552542392e-01
-2.656428897251430499e-01
-9.159580864636662767e-02
2.847646725948642654e-01
1.596834115659051534e-01
-1.361593572904498117e-01
-2.770792484569941649e-01
-2.317827284295272960e-01
-5.531767049634392919e-01
-4.869430744027258839e-02
-1.725019742818112434e-01
-2.483936979466747630e-01
-1.959529778540112233e-01
-2.188572040479703773e-01
2.225657602099602173e-01
4.152378932830300684e-01
-9.280891094793197738e-02
8.736090305685806356e-02
2.387300897430231217e-01
-8.698962393921050307e-02
9.028200903298788660e-02
3.393334268643570795e-01
-3.184102289733417024e-01
2.321075022936289756e-01
-4.832039084603731993e-01
3.808553234721152592e-01
1.965717332127567829e-01
1.051680743639140658e-01
-2.581763010315887286e-01
-4.269953608625254304e-02
-6.732849059468648534e-02
3.649641864637365174e-01
1.208372080885631306e-01
3.753628224816747405e-01
-2.124483125373854975e-01
3.776028960798427647e-01
-3.188846516964201072e-01
2.468026397843292585e-02
-3.715160820058169833e-01
3.129279936256779138e-01
3.316507238650059364e-01
-4.589210499278557620e-01
1.025836452910535712e-01
-2.338656775045890868e-01
-4.057234375479756849e-01
-3.845149296182448495e-02
-4.506861389236043181e-01
-2.614516484834012999e-01
2.725532283781930687e-01
4.059924946835646864e-01
1.257635145672333365e-01
2.652075849513693129e-01
3.253287436086989004e-01
3.837729741529365413e-01
-4.077940633048005026e-01
-3.493081006046043768e-01
-1.397098240572720584e-01
-2.971565309620949336e-03
6.717253428415670413e-02
-1.011836854281868980e-01
-9.465053718316251974e-02
4.841228106247239538e-01
1.553656821567805935e-01
4.416819818110520046e-01
1.427966230746937626e-01
1.669009337946523175e-01
-4.020496856946493835e-01
5.278906088633021909e-01
-2.892431490307956210e-02
-9.868760916846319731e-02
-9.893123404257497810e-02
-5.712988780664636224e-01
-5.843114181378874505e-01
2.901824319528394369e-01
-1.930416390380917946e-01
4.395325501902149767e-01
4.063542725329600813e-01
-3.883516743770751845e-01
5.082210037666854419e-01
-7.190717791425704775e-02
-3.285995038105511412e-01
-3.722204139905649356e-03
1.627141840971457754e-02
2.065486848371911321e-01
1.353273904300600350e-01
-3.972395850496539538e-01
-1.949019815936612332e-01
1.878758987985582607e-01
-2.919470340744823034e-02
3.504033145831897400e-01
-1.168891848508133435e-01
2.514164036713006922e-01
3.584764431503746351e-01
1.886699749215150490e-01
-5.329148658267524041e-01
2.918924108825917685e-01
2.849073707032667713e-01
2.401251923082305950e-01
-2.685113098803668663e-01
3.897731283770555777e-01
2.444306777479612336e-01
2.954147558341224666e-01
1.163692834693152989e-01
-1.346335600676802358e-01
3.778546143012606606e-01
2.631796372828167918e-01
-5.325067112015773318e-01
-5.093770211464354603e-01
2.093788076871607728e-01
3.248167275407345400e-01
3.090782338464475032e-01
-1.762296389769426597e-01
2.378382984805647027e-01
4.598785902877624565e-01
-1.614437754473110331e-01
-1.159618716670927085e-01
1.370827945320884922e-01
-1.184637606305498636e-01
-1.256911209691740083e-01
4.755768313021890847e-01
-5.051433857791307602e-01
1.869549695868233385e-01
-2.194876233738431992e-01
-4.872149718833522769e-01
-2.461531630811073512e-01
-4.657627021347821028e-01
-4.380351389051426736e-01
-1.780884605618311411e-01
-7.454896119861409431e-02
1.927897613921931708e-01
4.664082575129402386e-02
5.634694447652481841e-01
3.062613494519492718e-01
4.928745449883109586e-01
2.683884940651317663e-01
-2.892742535639056811e-01
2.283820082439262933e-01
4.756529425266897704e-02
-3.401571300814785204e-01
-2.119225567662574861e-01
-1.883919525682875573e-01
3.025057637029062718e-01
8.722664042224526071e-02
9.099019151643261694e-02
-3.744959906118952020e-01
-6.404726606413557732e-02
-4.766308738430069525e-01
-2.559054461014911297e-01
4.800447092576582975e-01
2.541431078658362708e-02
-4.056173965463907294e-01
-2.418278191553220324e-01
3.688860249409398051e-01
-1.644220731279437686e-01
4.042887922209903451e-01
-1.405722808264986412e-02
2.060639955234977450e-01
-8.722561360756575510e-02
3.931315056205066938e-01
1.645039868313613596e-01
-2.993588580828241419e-01
4.000802743037485953e-01
-2.370814857331371428e-02
-1.604067632160877110e-02
-5.590981170286717372e-01
1.791718528312422620e-01
2.219233683553989422e-01
-1.259516493326433562e-01
5.707105578213500507e-02
-4.885482543157610991e-01
-3.274635232212261826e-01
-1.192554601761131039e-02
-1.085434798016402524e-01
-4.140854726903357985e-01
-1.943820772602879998e-01
4.448008504255813733e-01
3.957385456346864672e-01
-2.379058776188527347e-01
-2.515562559265323017e-01
3.853562976518887240e-02
-2.603954086336033313e-01
4.023981476342957109e-01
4.186715518394157343e-01
4.240947838134276893e-01
-1.373532351346788971e-01
4.182004110360635352e-01
-4.909906415026545901e-01
1.322496425537877940e-02
-3.656201552333868676e-01
1.400996287344131730e-01
1.827281153212094722e-01
3.134507416089560294e-01
-9.527193962827684715e-02
-5.668230937134524083e-01
-2.459964304262243218e-01
-4.015182821166618510e-02
3.729524722096320133e-01
1.950366138462031884e-01
-7.589929989033006308e-02
5.118749972061742426e-02
-5.296776222818957436e-01
2.623330509415815470e-01
-3.471496346900302399e-01
-1.539059066368198003e-01
3.015366455383006183e-01
-3.093571538820913958e-01
4.516901365279171188e-01
1.866481354870934695e-01
-4.190476340324469362e-01
-6.305802467646692833e-02
-3.102792051374443361e-01
3.061298878340368290e-01
2.122489076769520366e-01
1.108225480669586815e-01
-4.173775129396846140e-01
-1.250607062064750252e-01
3.132468580098768385e-01
3.541922601740576937e-01
-4.706221937785119991e-01
-1.464794112190546116e-01
1.296048766484236836e-01
-3.605561729282857897e-02
2.999055027461983158e-01
-5.865027943230920471e-01
5.252702777245330523e-01
-2.142944781279929600e-01
6.763688109304766272e-02
2.108607510809274999e-01
3.487464314237218588e-01
-5.662481450041667586e-05
-2.821594761927741501e-01
3.394207126611963332e-01
3.396412118722569318e-01
4.537801070200151443e-01
-1.664209277847490398e-01
3.075124752528619609e-01
6.126328381897749864e-03
-1.197738712945195516e-02
1.859413102845310917e-01
-3.064708970740710470e-01
2.146201272594439047e-02
-3.941137207503961903e-01
1.140210280178788338e-01
-9.377202444725352137e-02
3.223773066097574969e-01
2.180854042285949035e-01
-4.195224423716670259e-02
-3.444673086019269803e-01
-8.883733727609666175e-02
4.419714902224027853e-01
2.380863375710049468e-01
3.143050937086151464e-01
1.449410756692586233e-01
1.887596556138015913e-01
-1.421995144419172519e-01
-1.851409088776714285e-01
3.573109236839346892e-01
2.152490178522317166e-01
-3.153327678036159654e-01
-2.048082415767948916e-01
-1.644132434579113067e-01
3.635143501966098256e-01
7.362283120396551084e-02
1.108230997444046295e-01
2.361936843629450777e-01
-2.680646778499689020e-01
5.706750944268925707e-01
4.081902117871827329e-02
-5.323535146000519802e-01
3.127615332371167511e-01
2.204955813572704315e-01
-4.414303082936452682e-01
-1.977879736723089366e-01
-3.854330475014391411e-01
6.039228882505653928e-02
-3.473312812129494276e-01
-1.801024271828035594e-01
5.014767197054936787e-02
-1.718818896269720398e-01
5.430779098609423983e-01
9.532612473374513229e-02
-3.713958188509760561e-01
-3.110304989188534819e-01
-5.976007573124686445e-02
-4.609514279632644929e-01
3.054022679559231790e-02
2.380581635145144759e-01
-2.807668456893308573e-01
5.485825941511182080e-01
2.568014129518125799e-01
-2.675325375605916989e-01
-3.077717751841309024e-01
-1.612806048868513642e-01
-4.227227857985313975e-01
-2.741179553498334087e-01
-5.294849879829381933e-01
-2.896369694868203837e-01
1.278921966064396898e-01
1.329303074282925934e-01
-3.222490282397076911e-01
2.750936597018664997e-01
-3.969212897934184525e-01
3.126586107986906171e-02
1.792295677268809229e-01
-2.191852961929265931e-01
-4.375414492019853441e-01
2.757860171997039700e-01
2.465815556151245147e-01
-2.323930035262069538e-01
-1.780788360627454381e-01
-2.764508503990539268e-01
-4.203050375121115678e-01
-1.822279558529613652e-01
5.664418927110439483e-01
-5.011121612678506310e-01
-2.096194424787114485e-01
8.607163153853392146e-02
-4.426136968225415913e-01
2.519506785085345868e-01
2.519059102552931861e-01
5.155472932990958768e-01
4.627471734941810411e-01
-2.048860109509140770e-01
1.030130506695510206e-01
-6.427888594505759556e-02
