2.728000000000000000e+03
2.245000000000000000e+03
3.200000000000000000e+02
2.322000000000000000e+03
1.512000000000000000e+03
7.960000000000000000e+02
3.283000000000000000e+03
3.241000000000000000e+03
2.660000000000000000e+02
3.220000000000000000e+03
0.000000000000000000e+00
5.480000000000000000e+02
2.829000000000000000e+03
3.252000000000000000e+03
1.280000000000000000e+02
3.356000000000000000e+03
6.210000000000000000e+02
1.656000000000000000e+03
1.335000000000000000e+03
1.119000000000000000e+03
3.406000000000000000e+03
3.266000000000000000e+03
1.041000000000000000e+03
3.400000000000000000e+03
1.342000000000000000e+03
3.214000000000000000e+03
1.793000000000000000e+03
3.382000000000000000e+03
3.187000000000000000e+03
3.325000000000000000e+03
2.193000000000000000e+03
1.626000000000000000e+03
2.728000000000000000e+03
3.140000000000000000e+02
1.223000000000000000e+03
1.072000000000000000e+03
1.024000000000000000e+03
3.320000000000000000e+03
3.240000000000000000e+03
5.570000000000000000e+02
2.286000000000000000e+03
3.269000000000000000e+03
9.210000000000000000e+02
3.381000000000000000e+03
3.305000000000000000e+03
3.281000000000000000e+03
2.714000000000000000e+03
2.269000000000000000e+03
3.298000000000000000e+03
6.990000000000000000e+02
2.910000000000000000e+03
6.660000000000000000e+02
1.528000000000000000e+03
0.000000000000000000e+00
2.031000000000000000e+03
3.255000000000000000e+03
3.355000000000000000e+03
7.300000000000000000e+01
5.660000000000000000e+02
3.428000000000000000e+03
7.660000000000000000e+02
3.312000000000000000e+03
1.095000000000000000e+03
2.626000000000000000e+03
2.210000000000000000e+03
3.380000000000000000e+02
1.753000000000000000e+03
3.196000000000000000e+03
5.340000000000000000e+02
3.840000000000000000e+02
1.187000000000000000e+03
2.962000000000000000e+03
4.750000000000000000e+02
0.000000000000000000e+00
3.358000000000000000e+03
1.416000000000000000e+03
3.850000000000000000e+02
1.912000000000000000e+03
2.624000000000000000e+03
2.242000000000000000e+03
3.296000000000000000e+03
3.323000000000000000e+03
2.656000000000000000e+03
3.325000000000000000e+03
7.990000000000000000e+02
3.422000000000000000e+03
3.354000000000000000e+03
4.190000000000000000e+02
2.523000000000000000e+03
2.658000000000000000e+03
7.880000000000000000e+02
3.278000000000000000e+03
1.391000000000000000e+03
1.145000000000000000e+03
1.015000000000000000e+03
2.085000000000000000e+03
2.264000000000000000e+03
3.378000000000000000e+03
1.576000000000000000e+03
1.950000000000000000e+02
