2.728000000000000000e+03
2.245000000000000000e+03
3.200000000000000000e+02
2.322000000000000000e+03
1.512000000000000000e+03
7.960000000000000000e+02
3.283000000000000000e+03
1.504000000000000000e+03
1.415000000000000000e+03
8.320000000000000000e+02
3.375000000000000000e+03
8.870000000000000000e+02
1.374000000000000000e+03
3.265000000000000000e+03
1.192000000000000000e+03
9.610000000000000000e+02
1.665000000000000000e+03
2.481000000000000000e+03
3.333000000000000000e+03
6.360000000000000000e+02
9.550000000000000000e+02
7.070000000000000000e+02
4.650000000000000000e+02
3.284000000000000000e+03
1.241000000000000000e+03
3.254000000000000000e+03
3.379000000000000000e+03
5.050000000000000000e+02
1.635000000000000000e+03
1.488000000000000000e+03
0.000000000000000000e+00
3.310000000000000000e+03
1.846000000000000000e+03
2.919000000000000000e+03
1.374000000000000000e+03
1.190000000000000000e+03
3.451000000000000000e+03
7.580000000000000000e+02
3.344000000000000000e+03
1.707000000000000000e+03
1.187000000000000000e+03
3.148000000000000000e+03
1.725000000000000000e+03
3.420000000000000000e+02
3.318000000000000000e+03
2.173000000000000000e+03
3.294000000000000000e+03
2.029000000000000000e+03
3.365000000000000000e+03
4.790000000000000000e+02
2.318000000000000000e+03
0.000000000000000000e+00
8.890000000000000000e+02
1.965000000000000000e+03
0.000000000000000000e+00
1.749000000000000000e+03
3.310000000000000000e+03
2.685000000000000000e+03
1.119000000000000000e+03
3.291000000000000000e+03
1.828000000000000000e+03
1.348000000000000000e+03
1.076000000000000000e+03
2.809000000000000000e+03
1.105000000000000000e+03
1.320000000000000000e+03
2.892000000000000000e+03
1.446000000000000000e+03
3.299000000000000000e+03
1.737000000000000000e+03
8.230000000000000000e+02
3.377000000000000000e+03
1.904000000000000000e+03
9.940000000000000000e+02
1.502000000000000000e+03
3.248000000000000000e+03
3.300000000000000000e+02
2.906000000000000000e+03
3.239000000000000000e+03
9.980000000000000000e+02
2.626000000000000000e+03
1.533000000000000000e+03
3.484000000000000000e+03
3.130000000000000000e+02
1.615000000000000000e+03
3.272000000000000000e+03
7.080000000000000000e+02
3.267000000000000000e+03
3.255000000000000000e+03
2.137000000000000000e+03
3.459000000000000000e+03
0.000000000000000000e+00
2.092000000000000000e+03
2.000000000000000000e+01
2.284000000000000000e+03
4.150000000000000000e+02
1.972000000000000000e+03
3.120000000000000000e+02
3.311000000000000000e+03
1.981000000000000000e+03
