2.728000000000000000e+03
2.245000000000000000e+03
3.200000000000000000e+02
2.322000000000000000e+03
1.512000000000000000e+03
7.960000000000000000e+02
3.283000000000000000e+03
2.005000000000000000e+03
2.882000000000000000e+03
3.400000000000000000e+03
3.264000000000000000e+03
1.618000000000000000e+03
2.850000000000000000e+03
3.317000000000000000e+03
2.365000000000000000e+03
2.280000000000000000e+02
1.513000000000000000e+03
2.889000000000000000e+03
3.295000000000000000e+03
2.738000000000000000e+03
3.458000000000000000e+03
3.475000000000000000e+03
3.369000000000000000e+03
3.477000000000000000e+03
1.439000000000000000e+03
2.052000000000000000e+03
9.610000000000000000e+02
3.364000000000000000e+03
3.314000000000000000e+03
3.331000000000000000e+03
3.453000000000000000e+03
8.710000000000000000e+02
3.270000000000000000e+03
0.000000000000000000e+00
3.231000000000000000e+03
2.198000000000000000e+03
3.373000000000000000e+03
3.103000000000000000e+03
1.853000000000000000e+03
3.264000000000000000e+03
3.378000000000000000e+03
1.681000000000000000e+03
1.532000000000000000e+03
1.289000000000000000e+03
2.102000000000000000e+03
3.205000000000000000e+03
3.375000000000000000e+03
3.433000000000000000e+03
8.340000000000000000e+02
3.328000000000000000e+03
3.286000000000000000e+03
3.257000000000000000e+03
2.797000000000000000e+03
3.467000000000000000e+03
3.237000000000000000e+03
2.676000000000000000e+03
3.200000000000000000e+02
3.327000000000000000e+03
3.231000000000000000e+03
3.436000000000000000e+03
8.380000000000000000e+02
1.336000000000000000e+03
1.994000000000000000e+03
1.078000000000000000e+03
0.000000000000000000e+00
1.759000000000000000e+03
3.336000000000000000e+03
3.280000000000000000e+03
9.600000000000000000e+02
5.000000000000000000e+02
9.300000000000000000e+02
3.396000000000000000e+03
2.118000000000000000e+03
0.000000000000000000e+00
3.316000000000000000e+03
2.280000000000000000e+02
2.163000000000000000e+03
3.238000000000000000e+03
7.500000000000000000e+02
3.323000000000000000e+03
1.625000000000000000e+03
3.403000000000000000e+03
2.200000000000000000e+01
3.228000000000000000e+03
3.228000000000000000e+03
4.350000000000000000e+02
1.580000000000000000e+02
2.716000000000000000e+03
3.237000000000000000e+03
8.140000000000000000e+02
9.160000000000000000e+02
3.471000000000000000e+03
3.269000000000000000e+03
3.285000000000000000e+03
3.181000000000000000e+03
3.027000000000000000e+03
3.367000000000000000e+03
3.418000000000000000e+03
2.582000000000000000e+03
1.421000000000000000e+03
