3.750000000000000000e+02
1.709000000000000000e+03
1.357000000000000000e+03
1.930000000000000000e+03
2.002000000000000000e+03
2.981000000000000000e+03
2.016000000000000000e+03
2.043000000000000000e+03
3.278000000000000000e+03
3.413000000000000000e+03
3.379000000000000000e+03
3.399000000000000000e+03
3.312000000000000000e+03
3.466000000000000000e+03
3.479000000000000000e+03
3.405000000000000000e+03
3.407000000000000000e+03
3.427000000000000000e+03
3.442000000000000000e+03
3.470000000000000000e+03
3.469000000000000000e+03
3.478000000000000000e+03
3.434000000000000000e+03
3.423000000000000000e+03
3.386000000000000000e+03
3.486000000000000000e+03
3.510000000000000000e+03
3.455000000000000000e+03
3.411000000000000000e+03
3.421000000000000000e+03
3.423000000000000000e+03
3.369000000000000000e+03
3.375000000000000000e+03
3.410000000000000000e+03
3.193000000000000000e+03
3.443000000000000000e+03
3.279000000000000000e+03
3.462000000000000000e+03
3.291000000000000000e+03
3.502000000000000000e+03
3.417000000000000000e+03
3.457000000000000000e+03
3.354000000000000000e+03
3.483000000000000000e+03
3.500000000000000000e+03
3.490000000000000000e+03
3.341000000000000000e+03
3.211000000000000000e+03
3.385000000000000000e+03
3.367000000000000000e+03
3.377000000000000000e+03
3.244000000000000000e+03
3.381000000000000000e+03
3.436000000000000000e+03
3.328000000000000000e+03
3.385000000000000000e+03
2.921000000000000000e+03
3.443000000000000000e+03
3.350000000000000000e+03
3.403000000000000000e+03
3.310000000000000000e+03
3.328000000000000000e+03
3.289000000000000000e+03
3.357000000000000000e+03
3.419000000000000000e+03
3.229000000000000000e+03
3.293000000000000000e+03
3.398000000000000000e+03
3.467000000000000000e+03
3.344000000000000000e+03
3.496000000000000000e+03
3.355000000000000000e+03
3.413000000000000000e+03
2.829000000000000000e+03
3.427000000000000000e+03
3.480000000000000000e+03
3.468000000000000000e+03
3.364000000000000000e+03
3.422000000000000000e+03
3.325000000000000000e+03
3.373000000000000000e+03
3.435000000000000000e+03
3.460000000000000000e+03
3.497000000000000000e+03
3.486000000000000000e+03
3.381000000000000000e+03
3.483000000000000000e+03
3.068000000000000000e+03
3.418000000000000000e+03
3.474000000000000000e+03
3.417000000000000000e+03
3.276000000000000000e+03
3.398000000000000000e+03
3.291000000000000000e+03
3.376000000000000000e+03
3.338000000000000000e+03
3.427000000000000000e+03
3.443000000000000000e+03
3.292000000000000000e+03
2.989000000000000000e+03
