9.758180800260785048e-02
1.973826449796060700e+00
-8.480186575510355595e-01
1.793615268133263996e-01
-4.878303512950132870e-01
8.882758747863785942e-01
-2.130059438363294699e+00
6.779740313117113004e-01
-2.007144182131145094e+00
-1.730663580664902668e+00
9.585857024154194050e-01
7.193551876755091001e-01
1.675794470464415653e+00
4.938984179083085735e-01
1.549123205636102618e+00
-6.292850283061657279e-01
-1.138677361013078482e-01
-2.310873980950729489e-01
3.927011933692137191e-01
-7.990367407960192736e-01
8.304213127683990336e-01
1.533542286730122939e+00
-9.602062032621354604e-01
-1.318134884499526649e-01
8.165279936195997124e-01
-1.874366468329267121e-01
-4.140410559974796456e-01
-7.482376688897769412e-01
5.908847075531724613e-01
1.785959531521053023e-01
1.817543336467723591e+00
-1.412406946233767613e+00
1.107521202727859588e+00
-1.540114466472092047e+00
8.728360331286300067e-01
-1.032396986654500637e+00
1.374361462760358421e-01
1.960732771048789402e+00
-2.734923392478174620e-01
-7.692021290988559912e-01
-1.688301922106183017e+00
-1.271037677472500960e+00
-1.926515901902439154e+00
1.158190602205485753e+00
-1.015083685710611583e+00
-1.959263434369789003e+00
-7.077637242815280061e-01
-5.215844595825736008e-01
-8.072232026992143261e-01
-6.159930697916298215e-01
-8.917726993712982164e-02
1.417562841378677163e+00
-1.332632624633755647e+00
1.839090993724909140e+00
7.763262571709130810e-01
-1.440893358231405408e+00
-1.601046519082860442e-02
1.825751433872657259e+00
3.217312815068140708e-02
-1.333041315654284631e+00
-1.873254752874089490e-01
-8.296624935208729568e-02
6.061295536058395328e-01
3.617545635981098684e-01
1.615959805694869189e+00
5.181760660706391519e-02
4.245405821430363602e-01
-5.919999100374973011e-02
1.838245917657378214e+00
-1.043748419454884058e+00
1.129494341441116489e+00
-4.604582470429798846e-01
1.227310576164120093e-01
1.466831780285757780e+00
7.235348962946250850e-01
-5.362079632610035063e-01
-1.394580050816721872e+00
1.840056426163686254e+00
-6.780324243441215870e-01
3.580145681095974197e-01
-1.979058728459008876e-01
-8.299911982744179184e-01
-4.345828887721374656e-01
-1.526345808258885661e+00
1.136487388780544450e+00
-5.285457734222607229e-01
1.094623022234539889e-01
-5.697778004690148279e-01
-2.516433325932379006e-01
1.746795970882939031e+00
1.130733572447367052e+00
2.563660806000154224e-01
1.388388908287849333e+00
1.190995043711149393e+00
-2.970567109921535831e-01
-1.272789455794462121e+00
-1.589258796425859543e+00
1.803781023015769591e+00
-2.991083086621983966e-01
-3.357018356201635356e-01
9.475685258341446371e-01
9.566970283440703327e-01
-8.374354558159033957e-01
2.223468725014736691e-01
-1.328385442801458538e-01
-1.048052374132411035e+00
-6.821079335754793860e-01
-1.773262695735624561e-01
8.332261812457506522e-01
-1.056338215381622536e+00
-8.952825585695913801e-01
1.720012365766034890e+00
-3.456837400334338284e-01
1.193360642599636812e+00
-5.620018643805586578e-01
1.950387587542188328e+00
-3.755716480244117861e-01
2.907218510384170784e-01
-2.936756809211225061e-01
9.130758643660925600e-01
2.903632665813580260e-01
3.500376983175268464e-01
-1.840477529042133131e+00
1.043063405176029690e+00
-1.556871759573681402e+00
-1.541769424136197220e+00
7.880415645859173424e-02
2.222940911307364154e+00
-1.278515666762917391e+00
-1.410036627850905777e+00
9.321236960369851943e-01
-6.782596945721337534e-01
-1.695177950354842977e+00
3.617381671638195684e-01
2.742478475507077462e-01
-5.127606498303816096e-02
8.161563910911606712e-01
1.058438977118651536e+00
-5.883425957362691250e-01
7.168162661399923863e-01
-7.483552580730776782e-01
4.363953112566152370e-01
1.125070254620723631e+00
-1.260946209809415297e+00
2.100252073339504477e+00
7.749843985022328852e-01
2.100406632405114493e+00
5.762641969069060011e-01
-1.819361162607319837e+00
-2.147719919854742088e+00
1.431550657864157472e+00
1.409870857073252104e+00
1.281940232642165611e+00
6.977799787769534134e-01
-1.153567208843511160e+00
-9.090376770415469210e-01
-5.983951747175391134e-01
1.386881199312740343e+00
1.229959114052380897e+00
-1.983292790807004380e+00
-7.543066099586788198e-01
4.884637388101973343e-01
1.584823272824420926e+00
1.005778032994299132e+00
-5.298591152631928480e-01
1.369793035778519297e-01
-5.563269040260019338e-01
-1.203800560632293681e+00
1.315530868161620681e+00
-6.768919319179111938e-03
1.450184249485318766e+00
4.775495080493596944e-01
-1.043752510488932916e+00
1.220601780776579659e+00
4.861305870393097806e-01
-2.052191138642473600e+00
4.519878178216529818e-01
6.585958509246658821e-01
-4.714256940231624782e-01
1.150119691704803770e+00
-3.666099137500369309e-01
1.459686037428593153e+00
1.959621042477275310e+00
8.338557361090419562e-01
-3.420684856765943138e-01
-6.054646851733362922e-01
1.086161406681408259e+00
1.354583468352474895e-01
-6.262173823925891725e-01
2.107000413051816068e-01
-8.595383956390900693e-02
7.138276485371850555e-01
8.973111835810829717e-01
8.553992324272332581e-01
-1.929069901130327835e+00
-8.729001354097132293e-01
-1.826215190327840077e-01
-2.095835523375283671e+00
1.256042690426300013e+00
-1.622346912427698129e+00
-6.862527062179228921e-01
1.793284911854140518e+00
-8.461304352462324374e-01
-9.562498553144909152e-01
1.877095364787839671e-01
-1.486282320604176199e+00
5.497017955479783780e-01
8.996741977408984070e-01
-1.313769986766735620e+00
3.377855376582399316e-01
-7.155269743722660891e-01
-1.314671687354691088e+00
4.982431765597468143e-01
-8.335983465583005625e-01
3.865858238535579972e-02
-1.490376666348357304e+00
-4.866942778984357787e-01
3.295770132717557033e-02
1.773845881387847712e+00
6.207892790161873009e-01
1.358693787772632611e+00
-5.430541238676092064e-01
-1.153719013376386382e+00
7.852739182293602127e-01
1.152110525185248591e+00
2.083552065227771699e+00
-1.471852173911947226e+00
8.565270223451939557e-01
4.113579875843775824e-01
7.229305887725150370e-01
-1.564074628585374604e+00
2.760954507019519610e-02
-1.790450928725992430e+00
-1.163495982410915452e+00
6.287254927327321496e-01
-6.739138290909103546e-01
-1.378668515102643433e+00
-1.141171694140879822e+00
6.647145515692987061e-02
2.526313385767231523e-02
3.113967441270917291e-01
-7.965476743515260694e-01
1.992462368042422938e+00
-5.370469915208531120e-02
-8.992282012956103188e-01
-1.066197695748726026e+00
7.336488942490140275e-01
-1.970551286718784656e+00
3.287494782641715574e-01
-1.089770529485458272e+00
2.042162162771301581e+00
-1.704551466918555747e+00
1.697687350359791125e-01
4.198896572730372867e-01
1.174683502558258041e-01
2.105060152387956407e-01
1.813656336597065710e+00
-3.185891475697903985e-01
-6.808309217439267869e-01
3.408542209013720736e-01
-8.273750742274099679e-01
-2.853121758080581216e-01
8.424991735661269132e-02
1.783446387405920319e+00
-5.503946526623639812e-01
5.062494915793802619e-02
5.574557934478461263e-01
1.836608252603944003e+00
1.695517446434731568e+00
-1.557949290547755439e+00
1.827510672887107113e+00
-8.718696198190967195e-01
4.906592494793757808e-01
-3.069252342774557718e-01
1.277355363228753760e-01
-1.700516585724152652e+00
-1.677789816745038465e+00
3.253874914517238537e-01
1.597479973449988933e-01
1.790885557941439998e+00
-1.626605198918500417e+00
1.183382814943570338e+00
-7.890197566536825136e-01
-1.309324139406848886e-01
-1.986816142991050693e+00
-1.170077800006708912e+00
7.431893806322351637e-01
5.798127419150276296e-01
-2.001345885346503817e+00
-7.060911576358819275e-02
1.190517835037413263e+00
2.080686897446807571e+00
-7.759880266005039218e-01
-1.582024042579691425e+00
1.135544450043664888e+00
-1.461690592731982541e+00
5.667453767664811792e-01
2.146983621026952171e+00
-5.645017027104968221e-01
1.619124376793541487e+00
2.414722541253890853e-01
-2.324587207345478745e-01
1.349573881522044161e+00
1.287815768605657496e+00
3.587568291998088910e-02
5.169192203768471217e-01
1.226436986384094041e-01
5.210136289805991083e-01
-9.500574155145082855e-01
3.236422448746791858e-01
1.176151616820447998e+00
1.172657927293636604e+00
-2.761301900073602766e-01
2.008014016253710565e+00
1.845643080654748580e+00
-1.463454243472875227e+00
-1.448093811772758421e+00
-1.093727405280191078e+00
1.198545481206592100e+00
-1.477468790315341174e+00
4.061906375993871166e-01
8.337422526070694673e-01
1.005210066471356356e+00
7.865281226227160971e-02
2.637446369592932882e-02
-2.009237788639209210e+00
6.094462257174226849e-01
-1.580197218885024846e+00
1.188714137705630947e-01
3.810889232263212634e-01
-1.459656598398320071e+00
1.036439503562096576e-01
1.081786133374459169e+00
-5.051749839562527100e-01
-1.592259400405123593e+00
-1.424859582818307047e+00
1.432983109282881529e-01
3.190302295878471028e-01
-1.413323602660110367e+00
1.101308666702609074e+00
-3.460772375401450773e-01
6.318906708803950778e-01
-1.205412443307059434e+00
1.591091865726497190e+00
-1.298170457993110816e+00
1.393285003293266655e+00
5.390783896869848490e-01
-3.152668710037431765e-02
8.096562940649674189e-01
1.154689471913098231e+00
1.658343476983069387e+00
-8.423772310498733873e-02
-2.185070899546590617e+00
-7.042695010406756495e-01
6.657494146558633474e-01
-4.112576529673441783e-01
6.749487466669101821e-01
-1.766047995190871411e+00
1.080864123885620920e+00
-1.172920163465684951e+00
1.441115238484944605e+00
1.326446758402819448e+00
-1.422995608492971797e-02
-8.326696341182788785e-01
1.049595724562122356e-01
1.425370197541758976e+00
-9.266366429431061036e-01
-1.942643937852066571e-01
-1.319687838584186146e+00
1.802698333178395451e+00
-5.941551852950084367e-01
-1.149422044035532053e+00
-1.727889162597211481e+00
-9.091082519999496014e-01
-8.588519530417251246e-01
-5.353602909345021033e-01
1.590030825731926001e+00
7.615923831965485391e-01
-1.357455836990091314e-01
1.821984211980187673e+00
4.083285921638140081e-01
2.960549786336574840e-01
1.454549843973731882e+00
-1.180873721778645358e+00
-1.629652372139026362e+00
7.627181532277873544e-01
-2.020428406751114458e+00
1.360644188344633854e+00
5.789602167249396913e-01
1.509492945736647052e+00
-1.663588975279791882e+00
-1.166946051726929223e+00
6.367226030208508192e-01
-1.508635887879763438e+00
1.058770607812443032e+00
7.817474455695370139e-01
1.462130660150785744e+00
2.366497846106945246e-01
2.152072505645473477e+00
1.636150392961529754e+00
9.329022079809599077e-01
6.421211351435900383e-01
2.160396343839536826e+00
-1.037569313883111022e+00
-3.152602327536078164e-01
1.496785633868450205e+00
7.822422401959183702e-02
1.271599019886613391e-01
-4.502293178666008089e-01
-3.249699103885257401e-01
1.007226833852046255e-01
5.257290942677332879e-01
-1.159468205667921747e+00
-1.086052955932816921e+00
-5.750618656665178463e-01
-2.041976891909929925e+00
-1.220007775404078565e+00
1.605416024092274796e+00
1.187015606456249373e+00
-1.808601727118777092e-01
-3.074986575916023313e-01
2.233259047073623549e-01
-1.078322279919703419e-01
1.225008854813410153e+00
8.442177953142806501e-01
1.105506428309813494e+00
-1.955345509748911415e+00
1.089420989754144031e-01
-1.470344859206904609e+00
7.087522247005528797e-01
-2.037946335283002952e-01
8.504529205363819955e-02
1.118625064242639411e+00
3.904886001286120845e-01
-2.143590564881811211e+00
-8.350595792493127334e-01
7.063666635014262951e-01
2.179293125787173935e+00
8.297231279675099103e-02
-1.222000810535233128e-01
1.008096329951895243e+00
-1.556091930755290509e+00
1.021524696535474064e+00
-1.252881625334268278e+00
-3.429949475137128445e-02
5.054967061694437547e-01
-1.080981563651777222e-01
-2.465112503144260003e-01
4.111758516482417747e-01
-8.173859793172066901e-02
-9.028128226193938843e-01
-4.794234388891185361e-01
4.238957801211800103e-01
-1.121986524332707624e+00
-5.556971399828114500e-01
1.262636420526597192e-02
-5.232370349956037003e-01
-9.633341298974347211e-01
1.300990497513367039e+00
2.498016194806247370e-01
4.126907395679495494e-01
9.004600652655838644e-01
-2.271777332398947635e-01
-3.755700284873402239e-01
1.037061813202992511e+00
5.371794432722731827e-01
-5.756981213542919917e-01
-1.438415122856090633e+00
8.504302701460790814e-01
-5.393623651329253477e-01
2.042910698616480225e+00
9.919693151915449647e-01
-1.354497367271534358e-01
-7.447642513413486043e-01
-1.677040549464694497e+00
9.739702368117466591e-01
-3.172912713214834923e-01
2.695324375601426681e-01
-1.909688560269522384e-01
2.178976087887672719e+00
-1.298919330207650713e+00
-1.290845110189928757e+00
-1.452895331661571809e+00
-9.388445904284665744e-01
1.087324917141277325e+00
6.482749237680849319e-01
-1.578545483564293139e+00
6.154293244706598998e-01
-5.266498988083885280e-01
-7.887578037522100516e-01
-1.153546989974094661e+00
1.220222730956198376e+00
-1.090373316114589652e+00
-1.617574309171271096e+00
2.003562740544958309e+00
-1.314967884760030792e+00
-6.353332199906418509e-01
-1.986140613865855720e+00
-1.664874541803638142e+00
-1.968491530054139460e+00
-8.525635264964064319e-01
1.921711065872689694e+00
7.607803265860759723e-01
-7.552769130361145500e-01
-7.903592547458515583e-02
-1.126865492828543758e+00
-4.917479441170238275e-01
1.896004450475926362e+00
4.607772640232452588e-01
-1.579622773877847663e+00
-2.201966988496576683e+00
-1.059792710738212573e+00
1.140206872500924007e+00
1.147859606370982277e-02
1.135025947028735160e+00
-7.873977805174927624e-01
1.022375339975104325e+00
-3.125517634131771416e-01
2.234163577941192358e+00
-4.379864589997408686e-01
7.214755731902631197e-01
-6.310907073524578692e-01
1.659883066144836050e-01
2.265069198280258433e-01
-1.197698069863823545e+00
1.929685143605026632e+00
5.272115298210273693e-01
-1.042055540089444676e+00
6.229794114345041933e-01
-2.586324895786464850e-01
4.273710247681528074e-02
-1.252153372148363530e-01
4.304292359766055398e-01
-6.225099170844545782e-01
-1.695741457108075778e+00
8.008915973556103296e-01
-1.644368787232213691e+00
1.271825199481244617e+00
-1.046098554589080631e+00
1.126586266024224514e+00
3.876045411805684182e-01
9.804800168175740183e-01
-1.472861877842772671e+00
6.830658783386747146e-01
-4.809100329909599125e-01
-1.117124842893922221e+00
1.266053037809165005e+00
-2.132683543945778304e+00
-2.813057661208153704e-01
-1.025708507684246484e-01
-2.010794978697516555e-01
3.412916175535283259e-01
-1.322662185394425371e+00
-1.193546989016114779e+00
-7.815325232527676746e-01
9.006110649782694821e-01
-8.151139306067065604e-01
4.547980513006510961e-02
1.854841041858974471e+00
1.949392103682850319e+00
-1.621533635925154204e+00
-1.475737195033915317e+00
-1.742661578141684320e+00
-1.754979085250287785e+00
1.020354371553134243e+00
1.357506903522608610e+00
1.092013794214034661e+00
-7.982882620525781903e-01
-1.593964444168589178e+00
1.842137552799375300e+00
9.350126616339942132e-01
-1.193504213977040429e+00
1.665743173861402582e+00
-4.900109029661159354e-01
6.665086857057875847e-01
2.017519571367889952e+00
5.934457362218772403e-01
1.195229601931334429e+00
9.633381376337624147e-01
-4.251865058890977878e-01
-1.061346761874394140e+00
-1.471058701150380177e+00
6.541375557470887614e-01
9.085095707078245653e-01
6.134371098115165566e-01
-3.806119011916315742e-01
1.864245059534637150e+00
5.616836972835148600e-01
1.447126782496558128e+00
-1.973796773854313180e+00
-1.876242282890774327e+00
-2.101661351834860803e+00
1.222821368650164331e-01
2.854390475400894189e-01
-6.788351870328481752e-01
1.124753329448733297e-01
-2.194125571440599387e-01
1.791172810488533607e+00
2.025025789864770331e+00
-1.130449930069766129e+00
-9.144183147160589442e-04
-9.497682154145907774e-01
-2.446633237881989942e-01
-5.226629565427192148e-01
-7.314704023237617037e-01
-5.477345403184195050e-01
1.992036205391628734e+00
-5.934671756082812166e-01
-1.055811051186372751e-01
-1.792803209046115676e+00
1.090278929681041120e-01
1.766965743810628098e+00
-1.895712734479824135e-01
-1.185165043299503118e+00
6.384438913925460923e-01
1.684166873980402102e+00
-8.991846001097671959e-01
-1.809914724209402248e+00
1.397298509883779793e+00
-1.955958816989491478e+00
-5.809833829341588540e-01
3.004012692123403383e-02
1.789525739905224455e+00
1.221117456880493890e-01
2.018989392419268114e-01
5.338469870586646238e-01
-1.490055777628220834e+00
-1.993462815031805224e+00
-5.493604267791862839e-02
-2.169154646331524994e+00
2.790897229921531775e-01
-1.499860580778557662e+00
-8.246728080569845076e-01
-1.587719761527185192e+00
-4.110217620503107128e-01
-1.530902111151799527e+00
-7.982867387926786407e-01
2.153169363270924563e+00
7.517832059354763174e-01
-1.997187559764181941e+00
1.547960191191126711e-01
-1.443582695807585914e+00
1.739045576097144163e+00
1.339756656378684241e+00
-1.344672313270427910e+00
-4.594288943367441647e-02
9.817118773778110707e-01
-5.955278761279592104e-01
1.053594458429982339e+00
1.190285372890027560e-01
9.036012943193538760e-01
1.509334324776856917e+00
-9.853784443907152024e-01
-1.148737143900346869e+00
-1.370321654308326309e+00
-1.227281003119811142e+00
1.059430641830292785e+00
-1.178917857479561793e+00
-1.973247340388146753e+00
1.640565729281647123e+00
-9.031692851242762998e-01
1.686312385031943251e+00
-8.426689387880230697e-01
-1.802347389025182878e-01
-1.978905238763939423e-01
1.968223869417347061e-01
-1.040181304625932945e+00
4.010198306331265172e-01
1.093736804194270107e+00
8.520099179580506998e-01
1.348656521005576536e+00
-1.318596251477380132e+00
-3.285038788446366098e-01
5.671330606015168030e-02
3.214515124226569043e-01
1.535794171438523037e+00
9.160793430685654215e-01
-6.766675303107838602e-02
2.034039489106850951e+00
-1.335037437909456948e+00
9.506290756399815578e-01
-1.255079736684476810e+00
-9.374966522439827088e-01
-4.354778289853378226e-02
-1.872183288410495194e+00
1.964494380753962766e+00
-7.157856223760470371e-01
-3.451773531527537742e-01
2.099480410030451161e+00
-1.258044090923704506e+00
1.059031350741483912e+00
9.206827772559567080e-02
-4.683304208659624379e-01
1.539386094724002341e+00
-1.622181406716973751e+00
9.756310398084995228e-01
8.356215320611859454e-01
1.759064241438297316e+00
-1.007243950900466700e+00
-4.761967314242117055e-01
1.302186169809029792e+00
-5.422063463293937957e-01
-4.228537151556128748e-01
-2.211113346326945006e-01
1.938371656620656580e+00
-8.014764956960354070e-01
-7.305058660480066024e-01
1.425008372647525334e+00
-8.319028572159341550e-01
-1.074447505381181944e+00
1.475585475205795305e+00
-2.852251322643617470e-02
-1.026617250579133778e+00
1.722937507232876975e+00
5.989743013735076005e-01
1.141937908944258062e+00
5.651378434312137600e-01
7.501814457924549373e-01
5.517941687530090178e-01
-5.929565343913694164e-01
6.119036192647975270e-03
-4.501263655844409683e-01
-5.654796629883840353e-01
-9.527584748710467011e-01
5.028227279294767982e-01
1.593962802493786413e+00
2.178998060223014122e-01
-1.701815768036383236e+00
-3.199086915964741706e-01
1.773327133316882076e+00
5.336509405931080252e-01
-7.809215702559137995e-01
-5.340902367492690317e-01
-2.023267835683579818e-01
1.096759082683309572e+00
7.333028901405551636e-01
1.158369441164461833e+00
-8.657977094544397900e-01
1.511080148896040143e-01
2.150285608923239167e-01
-1.390124711040221062e+00
-1.736001354035650035e+00
-3.750199125611075601e-02
2.054523182456060582e+00
1.996469212089637679e-01
-4.636610437488020153e-01
1.805546262982132610e+00
1.307172259875902576e+00
-2.060729604745563659e+00
1.349619434433022569e+00
-1.293527084459944465e+00
-1.642219281940169306e+00
-1.604146392350100481e+00
-1.484681207755469856e+00
-5.949920321701709369e-01
1.244753209651445758e-01
-3.902380112313830196e-01
3.317140835342957672e-01
1.886919212351617858e+00
-1.641359334007002069e+00
1.455175020877591763e+00
-8.090512235162776733e-01
-6.531821300048479273e-01
9.595502866722753765e-01
8.413659498810268644e-01
1.451244328358097135e+00
-1.464076564324505725e+00
-9.707290654263802665e-01
-7.941948027394767351e-01
-7.087188133643831378e-01
-1.170665911092144018e+00
1.722484217800630546e+00
8.234708129298651258e-01
-1.631608961771948696e+00
-1.152171733178265711e+00
1.678737694603952946e+00
6.241877052915159041e-01
4.435619799303935906e-01
4.397772919040043860e-01
2.071709874942897045e+00
-7.708657600517518915e-01
-1.019867146291097981e-03
-1.694946777910918634e+00
2.057921611091288128e+00
-2.915024755112405330e-03
1.353562976141152063e+00
3.828644291061369387e-01
4.977677899105792392e-02
-1.101946912877900697e+00
6.802843666338453943e-02
-1.069349482178625799e+00
7.301809018055145373e-01
-4.427520627579486501e-01
-8.935285854742289757e-01
-8.123386651582826801e-01
-8.347606386208390461e-01
1.561649978591398202e+00
4.151607788366575846e-01
1.006559203936808977e+00
1.487602917006408454e+00
1.037786161435285237e+00
1.656323698030891300e+00
4.345326354835643556e-01
-9.780535710847919617e-01
-1.560406019316306292e+00
-1.298202712481582921e+00
1.289024764586868876e+00
8.612433732152489085e-01
-1.829527397589005844e-01
-7.224580603807426726e-01
3.355885249460230924e-01
-1.238045539937271400e+00
4.628005575937157445e-01
-1.565145734490212437e+00
2.630249304996308268e-01
-1.393559957953983464e+00
8.542865631030789331e-01
5.674287148110099821e-01
1.146470511054032748e+00
1.527504881693110050e+00
-1.991235648327974950e+00
-1.679957424068178717e+00
1.254328090568622933e+00
-9.723618785665424369e-01
8.211524118487867341e-01
-1.875235701379369679e+00
-1.736299458510659477e+00
-6.327095738631749455e-01
-1.247468949136000482e+00
-2.832426911255412350e-01
-4.854128216645232641e-01
7.529217564665131590e-01
1.604826825797189827e+00
-1.973925576852954222e+00
1.222872457362421450e+00
-1.406396548443283212e+00
-1.217737737792128350e+00
-1.094091742647374410e+00
1.052735646267814573e+00
8.478306112530553662e-01
-8.341372672173266167e-01
1.824719624131018847e+00
3.426518220613692378e-01
-1.579547178087721271e+00
-1.590764932779264562e+00
4.668882188527501143e-01
-1.379850342471860891e+00
-1.645990723435177827e+00
9.702198162958453054e-01
-1.532044763451353653e+00
1.543249463416929146e+00
-1.326789789734003300e+00
-1.917890729774188507e+00
-1.773041851813989211e+00
6.007454221037100695e-01
-1.517367604507918522e+00
-1.141394444296743416e+00
4.303734776065795131e-01
1.069224235259013334e+00
-1.004102092829877169e+00
-7.438164088360075255e-01
-8.268513625935636213e-01
1.639213110371997573e+00
4.536061524252978927e-01
-1.723224948200854367e+00
8.810928472785928278e-01
8.936804156387889719e-01
-1.259214099435640222e+00
-3.661877377494180408e-01
-7.754173737138927436e-01
-3.795214268997657570e-01
-1.057708931294476518e+00
1.308390616554540919e+00
9.322858661034780781e-01
-9.445351271151718464e-01
-9.070269579775649404e-01
-1.890978456691025933e+00
-9.789260021218826324e-01
1.201494363512658481e-01
-4.317347604239145653e-01
1.365633647468299294e+00
-4.908081549050775649e-01
1.477804726719335271e+00
-8.430375291511014169e-01
-9.810989822450366660e-02
6.978833139796218887e-01
2.217719094770984611e-01
4.734861626468269691e-01
3.549677653019758239e-01
4.377145878941366419e-01
-3.883201378171872165e-01
-2.908853189092042157e-02
3.392635581103569109e-01
5.035014781978128795e-01
2.092115866221080367e-01
-1.769017589092276577e+00
1.004183744730174688e+00
-7.368203983919272559e-01
-7.213885030524886943e-01
-1.655432665210030407e-01
1.887707335334302350e+00
-8.758213067595255197e-01
-1.702940857476431535e+00
1.870581840116177119e+00
-2.086056751138518184e+00
1.794089007755613530e+00
1.226223182571928305e-02
8.879103237158725292e-01
1.048895137768451669e+00
-7.670294445423699869e-01
-7.134615474491923237e-02
1.543380291667485693e+00
1.221904478099204994e+00
-1.076182585631095812e+00
1.636656695870582823e+00
1.300422124175365290e+00
1.156215112254146860e+00
7.216522062023766892e-01
3.446493767857319312e-01
7.513147762537633056e-01
1.023546752509823854e+00
-2.336951539041098869e-02
3.812126060444498421e-01
-2.533474926762728785e-01
3.972938361122189121e-01
1.163193433020088818e+00
-6.917557899142909861e-01
-1.045377206848605578e+00
-6.138576745389734413e-01
5.276880437669237978e-01
-9.163281544356847164e-01
1.023544264015921357e+00
1.290385867098949646e+00
-3.562808814305276073e-01
-8.988393650512724875e-01
2.137173899514519526e+00
-3.489799428134769954e-01
1.762541757888670624e+00
6.111086685373203764e-01
-1.640462620008680261e-01
-6.628233156554381722e-01
2.550712303510982437e-01
-8.623985005566430218e-01
3.032520337525497212e-01
-1.515783384179631987e+00
-1.412741364836697322e+00
-8.565905581477863961e-01
-5.580951364634225698e-01
-1.364732313265270669e+00
-4.908811632503722322e-01
-1.153673849583509714e+00
6.737679836413850154e-01
-5.531313353817610690e-01
-6.807733263156396930e-01
1.605788556957278068e+00
-1.145226990161117175e+00
-1.037159183550625308e+00
2.630238112065370615e-01
-4.920583791157788767e-01
8.738204841320351690e-01
1.281931981293491063e+00
1.818131540041738603e+00
-1.618870666528611224e-01
8.390144651609245940e-01
-1.339827799331686720e+00
-4.822859131377938979e-01
1.873003238919416447e+00
-1.644174949082444215e-02
4.187291640347652333e-01
1.626263697716790801e+00
-1.506989294832252746e+00
1.897425116356106223e+00
-1.385240508818036176e+00
6.532603175004725315e-01
3.132476797880370256e-01
1.948632605538906049e+00
1.925637395287563614e+00
-8.786518830873726316e-01
-3.958187515650273269e-01
-1.941805794432334142e+00
-1.602478766184048276e+00
2.229463924134966746e-01
6.300974659473990158e-01
4.394827580319748961e-02
1.396870284433839871e-01
8.621222544965760903e-01
5.056353729357923044e-01
-1.278441243182681930e+00
1.145900218116844727e+00
1.493552599621208898e+00
-3.061950551297094592e-01
1.418023336963042169e+00
2.062637021326735542e+00
-7.319398718400833559e-01
7.008096281051221510e-01
1.183070231010523443e+00
-5.979733113292526880e-01
-4.771301098120952489e-01
-1.024496092545370551e+00
-1.894762285689801651e+00
1.439540416762463693e-01
4.257087296762858131e-01
3.327422662021426447e-01
1.812756650258984692e+00
-1.291480445588112147e+00
-5.690608197160704762e-01
-4.006912613401576451e-01
9.068289189285581031e-01
-1.432361617253089747e+00
1.028850535658158982e+00
-7.046296211296541045e-01
-9.333228833084401543e-01
-8.168532959245649039e-01
1.927902252338555833e+00
1.486865733032590953e+00
1.210384154304646742e-01
-5.130922423555261958e-02
1.584183434554327086e+00
3.635942485621086462e-01
1.819970879250453422e+00
1.336805102639182508e-01
-7.044015101394398570e-01
4.789456129084888047e-01
-8.556836695960878814e-02
-6.475444299183621411e-01
-3.148027930519159412e-02
3.794462184319860043e-01
-9.540540351739643654e-01
-1.841497392410751388e+00
-2.809543468141653122e-01
-1.700575396163399589e-01
-1.529924018810571162e+00
-1.968856708082516782e+00
-7.947623262390894894e-01
-1.774735529473501661e+00
-1.923221156579824065e+00
-1.266003641098709664e-01
-6.317035863607429746e-01
-8.576015340750595684e-01
5.819487248848034255e-01
1.820235530129428625e+00
9.666372469007384893e-01
-1.046539213496669340e+00
-1.087271523582833854e+00
4.934691968864743927e-01
2.358404662263602347e-02
9.625866748716234156e-01
1.676279690868414995e+00
-1.833949115845281419e+00
-3.062642486623037286e-01
1.781205124279576779e+00
2.023135121849114704e+00
-1.842612591427380764e+00
-1.250805533825361415e+00
-1.489272642207222219e-01
-1.429857234962144119e+00
1.511507409394265089e+00
1.760996940953306833e+00
5.848214964698126295e-01
-3.855955139474822602e-01
-1.691889555304293413e+00
-5.028742459451365221e-01
-2.821628630515569114e-01
1.348198573106030196e+00
9.029894556890560864e-01
9.560419688375576541e-01
-1.678878144296281238e+00
-7.297609222654255490e-01
5.472500647035607457e-01
-9.956584857537569277e-01
-1.053609185957280037e+00
-1.648395230696111824e+00
7.534000223451942091e-01
-4.670113630925349923e-01
-2.600623991107733346e-01
3.331825415037403815e-01
-4.858675814172830343e-02
1.276551733682323331e+00
-5.019563292613788974e-01
6.903596427990867923e-01
1.919257555734787957e-02
1.827118824098173278e+00
1.955925541401337675e+00
-1.145096312157169116e+00
-4.222828870055108652e-01
-1.040482787116734364e+00
5.147204787659873659e-01
-9.796119335022970276e-01
4.228208590735151873e-01
-3.134339720936356599e-01
-1.292140206534057700e+00
2.003564360112123133e+00
1.058171504302665156e-01
1.478998206079652711e+00
2.038017055219823348e+00
-9.616868372809692644e-01
-1.466361656808521374e-01
-1.127775354605779157e+00
1.403637821110343964e-01
-1.486491779122840029e+00
4.956921204269004733e-01
-1.989358385210069358e-01
1.195959363198962677e+00
4.010545149896564965e-01
5.434051216272415274e-01
2.012251437131540754e+00
-8.736496919494243230e-01
1.511832779905862623e+00
1.062967773526075632e+00
-9.384998668662678512e-01
-1.094139512319572738e+00
5.263190449755015266e-01
-1.923711349194263676e+00
-1.226668580302919587e+00
-9.081019846673150653e-01
1.072381819626101240e+00
-1.816304245858932909e+00
-1.627673972355027310e+00
-9.718450732820915761e-02
-2.282398337895497065e-01
1.185942682719743679e+00
-1.308882720865103266e-01
-1.840207277029465516e+00
-3.650465896163623825e-02
-1.016948236173291775e-01
-1.524492205877377327e+00
-1.319373011871194379e+00
1.590730651014069963e+00
1.424084228492326964e+00
9.439553592702836227e-01
7.910379526006003914e-01
-1.016751622739500149e+00
-1.046892758521880129e+00
-1.370098616132012115e+00
-1.882363797448025178e+00
8.468562635472052236e-01
-1.015612272872848720e+00
-1.114893048827971800e+00
-5.072307647519505025e-01
-3.917024503021657722e-01
-8.001966099561617085e-01
1.244409959649436459e+00
2.397221276953942493e-02
6.052190885691217659e-01
-1.889868329964156324e+00
-2.999802543456731030e-02
-9.546061149116091826e-02
1.040672637458214034e+00
8.261549669753769365e-01
-4.465600546546646399e-01
9.376757394008103930e-01
-1.978618276224859418e+00
1.077196452029866691e+00
3.830446908574183240e-01
1.836880309778759823e+00
-3.412356641038885030e-01
3.823602003456105791e-02
1.344972470843391221e+00
9.471064543010498937e-01
-1.469179115602674557e-01
4.827401103205719579e-01
-1.355229842819289487e+00
-3.986510069851405547e-01
-1.492895327657774995e+00
6.279543381504781863e-01
-6.744644251274944935e-01
-1.779918269002844777e+00
1.900958848293667458e+00
1.103133737778284384e+00
-6.440829993601315806e-01
1.689022811886879083e+00
-5.445483595204949623e-01
1.354356711762641829e+00
-8.391425602101065806e-01
-4.504211264300455042e-01
1.746705387241298979e+00
4.829249515420546146e-01
1.218816240144265706e+00
1.261882569792024178e+00
-6.048179997010354469e-01
-4.553281991872468737e-01
8.608810347867503765e-01
1.289937354694909999e-01
1.964317853709922623e+00
-1.493578969791943045e+00
-6.215614272965117593e-01
-1.219668904120539743e+00
-1.049589245121886893e+00
9.217623425825118844e-01
1.735625835931452698e+00
3.379671409434905627e-01
-7.891522067173930566e-01
-9.807947714105669235e-02
-3.616840053201464400e-02
-6.016152274090043051e-01
-1.734125810176636584e+00
-1.504855148922900732e+00
9.254893743153571606e-01
4.073490230668772583e-01
1.519141831135275567e-01
4.282424106403395214e-01
-2.029898536413585752e+00
1.404763047190586533e+00
-6.318400066850404784e-02
-1.629786205605558980e+00
1.978042303733674956e+00
-5.425285170771640963e-01
1.489893449311052720e-01
1.211953976586635839e+00
1.593823737755593051e+00
-1.973295852168810427e+00
1.082756966181164238e+00
1.025751051010097115e+00
7.636905328981180574e-01
-1.459229470372101822e+00
-1.674647576152903383e-01
1.864027617844792317e+00
6.344410372411859456e-01
2.528875539919948068e-01
1.233507732125329603e+00
-1.795984314467644616e+00
1.993496421138953423e+00
5.023002178251978478e-02
-2.026270823853199232e+00
-9.541647882787440693e-01
1.673301568331979183e+00
-1.087023378746054370e+00
-7.214004062876391288e-01
5.555726636422351206e-01
-8.154548568105344231e-01
2.090078347413026449e+00
-2.031795102798348740e+00
1.734495399835052076e+00
-2.160569084518195737e+00
-5.309970432989814526e-01
6.785175446922675491e-02
2.163139106709968118e+00
3.419006098242638458e-01
-2.401249997388745783e-01
-5.680770661961327406e-01
-7.372614662767178473e-01
-1.702938550294777365e+00
9.289330301687144242e-01
5.558734974407189000e-01
-5.112910424514236496e-01
5.853407972358812827e-01
1.714641683245899273e+00
1.571551749339576531e+00
3.555661640698897230e-01
1.700872606140934273e+00
8.283952455045966445e-01
1.675156488471019500e+00
-4.350725805736317398e-01
-5.528069455455977277e-01
8.399916993289906486e-01
-1.242846971619715468e+00
1.551725818356075592e-02
-1.796363189758753975e-01
1.752581370600019284e-01
6.038718530372930715e-01
-1.984726476079978763e+00
-6.481100686073002493e-01
-1.897627156941354976e+00
-6.862128539059035859e-01
9.585155412917334417e-01
1.042398948597579533e+00
5.118920415511984956e-01
1.029680869391759401e+00
1.976168065126366891e+00
-6.123175412078030178e-01
-1.676420888892685923e+00
1.673396397317583606e-01
1.458039641424866417e+00
-1.915731411965410302e+00
1.496464642619068641e+00
-5.670436686421833627e-01
-1.389470117506955482e+00
-8.674866130472675962e-01
6.177285994820582715e-01
-1.154593299279625285e+00
1.035942073346015846e+00
8.589705506962452830e-01
-7.463717054351626246e-02
5.481367786403321674e-01
-6.735662144934861928e-01
1.871363121528979434e-01
-5.603489937335250914e-01
3.201605223283801038e-01
-6.448262257667094488e-01
2.742923508045214120e-01
1.754669889482860512e-01
-9.608094084322296169e-01
7.873681163307821862e-02
1.649636194509700005e+00
2.171546164516175992e-01
3.407211040950670622e-01
1.241867463545167638e-01
1.704647110320425263e+00
-2.921134955776416575e-01
4.781862498193669708e-01
1.218119018268409626e+00
1.976225129922395851e+00
6.515438002377216264e-01
9.080885914445353535e-01
-1.311073537688143276e-01
-1.284552917608703382e-01
-1.409659099106479907e+00
-1.695103003951973886e+00
-7.727358429617074975e-01
-6.858865343828917105e-01
1.297429329966521827e+00
-8.521406336097214762e-02
2.826810969998998502e-01
-9.055211705344738959e-01
1.128803283630501753e+00
5.871726826743826066e-01
1.361598470410799067e+00
-6.183728898104483562e-01
3.244680778507813557e-01
-1.649155521139778813e+00
-8.578878507292699851e-01
5.110562379289804724e-01
5.220991729919424174e-01
1.459898910449995313e+00
-3.718999610972950620e-02
4.454360663874830095e-01
-1.180920153117999583e+00
-6.085040030679422784e-01
2.006597438969517810e+00
2.008093487108010500e+00
-1.894896181437514038e+00
-1.345012850538997995e+00
-5.187704763568268262e-01
-1.586013283178174138e+00
-6.132395697273382851e-01
1.352645844328812075e+00
-4.520485227097443826e-01
-1.063295084609336527e+00
-1.281862250085890054e+00
-5.193870002085905213e-01
-4.712461885672816209e-01
8.092694929146198035e-01
7.138631644513848684e-01
6.060257268432067690e-01
1.126524364377232246e+00
1.697432878527794564e+00
1.910342287448303367e+00
-7.194059978409672595e-01
1.685795846682349719e+00
-2.077702061093005703e+00
1.613868473744808796e+00
5.407179551677963047e-01
7.465808761250327663e-01
-9.305605352503079075e-01
5.024546529824469587e-01
1.364913474289808804e+00
1.162200508339177318e+00
1.922935655892727524e+00
-1.259195604864396856e+00
-3.806740179629271026e-01
-5.496523310563894427e-01
-2.202392091637470628e-01
-5.502501930664065455e-01
-9.270680790880092559e-02
1.176526787953635633e+00
6.037062093291520881e-01
-5.837316197769846227e-01
1.029565943362570124e+00
1.589188799386858086e+00
-1.222069951127847887e+00
1.319862187541094301e+00
1.224202640668941022e+00
1.465775493252980510e+00
-1.343359733123960176e+00
-1.891800816288125908e+00
-9.230715095831332206e-01
1.397973838496455734e+00
-1.265804799288428040e+00
-2.383851869388484701e-01
-7.624676863717816389e-03
-3.608326449340184539e-01
1.198757229654096257e+00
1.640656890225921316e+00
1.690654680580852443e+00
-1.706266260799682577e+00
-5.883373214277458629e-01
-9.887860109493340488e-01
5.343895528471387379e-01
-1.745103514131977285e+00
1.065988504627915390e+00
-5.653708978732394641e-01
-7.819535588040960050e-01
1.611504670609516410e+00
1.619493558750706441e+00
2.618381466834920346e-01
-1.850838052166310366e+00
1.654013765340058839e+00
5.480253310705061054e-01
-1.215506064920576890e+00
-1.257760967974020261e+00
1.395455872087403293e-01
-3.913597483053710135e-02
3.510715941129118889e-01
-7.010473018112914900e-01
1.456879462013901616e+00
6.107660825066920651e-01
1.096557071113584136e+00
-1.355153313147496874e-01
-1.194383487579970371e+00
-7.783222165805518955e-01
-5.871405740131390161e-01
1.427710581006297552e+00
-1.952298873845732530e-01
1.190087113981320499e+00
1.594614803562865113e+00
-1.890084869436796655e+00
3.966530193526534021e-01
-6.210354559330921731e-01
-5.317927142540863628e-01
1.070741570020992128e+00
-1.106601183828952006e+00
9.095192651149774932e-01
8.632534548243953054e-02
1.292324546241259142e+00
-9.963736166068732913e-01
1.505727372871206171e+00
8.376247664187541631e-01
-1.523746539933632516e+00
-3.347545003205407710e-01
-1.753582182499987319e+00
8.058060926643317856e-02
-2.862059564375449838e-01
-1.062052223445068666e+00
4.967481520612428980e-01
-5.219272919856923210e-01
1.702148070373972644e+00
-1.714303379064784139e+00
-5.788879370591430984e-01
1.963123469452069614e+00
-1.803472655499531729e+00
-5.082227302470627706e-01
7.832846616069026879e-01
-1.058437574589984997e+00
-2.518227960304768587e-01
1.145024837079659186e+00
5.797291664470840544e-01
1.008712395164898190e+00
-6.426949221484621333e-01
-7.195749048910240475e-01
2.052367324845905117e+00
9.152884629407251893e-01
-3.503387067854992765e-01
-9.438856826979211689e-01
-1.172914443857985489e+00
1.183949941645218829e+00
7.320907686994164720e-01
-7.675500073018080016e-01
2.192558139987692556e-01
5.740553503266188073e-02
-6.127722859698092606e-01
1.130286832994073620e+00
1.660118370032169999e+00
-2.140840967714803256e-01
-1.205071930768448762e+00
-1.786388764307146104e+00
9.094442433329374964e-01
-1.955050722587579060e-01
-1.392353584281590173e+00
-2.319266071018732944e-01
-8.194718111034111629e-01
1.399685737272573505e+00
1.293749796425066378e+00
-1.749571018438238479e+00
-1.763342042200673809e+00
1.659789747004349891e-01
-1.049299270731007372e+00
-3.877386296197036231e-01
-9.529875441757447163e-01
-5.702867355743608258e-01
-9.419671053528411164e-02
-8.919481245280937998e-01
-1.170213177055230425e+00
9.253662392409705006e-01
4.430022047340997915e-01
-1.216322439977909120e+00
-3.960798354078658434e-01
3.734472307015259673e-01
-8.843456535020344234e-01
1.631150912988625024e+00
1.400564610269342758e+00
-2.157636491965817527e-01
1.841400695766946427e+00
1.320870435939731635e-01
-4.361354999636963825e-01
1.454188680036681447e+00
-4.960877515523485215e-01
7.035515528753055747e-02
-1.583009130532192721e+00
8.688564594040135702e-01
1.325357464235534799e+00
-1.675125132973329656e+00
4.140604598947570381e-01
-3.334454756406382003e-01
-8.419333239007062986e-01
5.004859398655625569e-02
6.847296684797656852e-01
-1.529599048554091567e+00
6.753713812265749183e-01
-1.562086179908486194e+00
-1.289142230387892774e+00
7.943705171509893859e-01
9.028834603771516143e-01
1.576892000226579604e+00
1.407260395585261392e+00
1.272394959589835395e-01
1.104926442513446183e+00
1.507710315206814755e+00
1.346336453478650164e+00
1.033424489897136311e+00
1.262115097832060329e+00
-1.382138460617809095e+00
-1.452094759394910728e+00
-5.170244129890555485e-01
9.886541563666453314e-01
-5.187702802249152256e-01
2.007596757432921208e-01
-1.436501874990998573e-01
1.256095291774488309e+00
-3.562896449484656003e-01
4.587484984194514226e-01
2.833034266750722452e-02
-3.503292887707187830e-01
-2.573446293697756460e-02
-2.024085399598654522e+00
-3.762528355891845422e-01
1.957669017670040645e-01
2.092562135568568848e+00
1.761729701121725888e+00
-1.874901676132264328e+00
-5.525504203169706585e-01
-1.611174596893905964e+00
-7.732122803629994934e-01
2.730457027450583496e-02
-9.628269507811655359e-01
6.364828204342254381e-01
9.035973767105396348e-01
1.974851225860774662e+00
-4.980950349022830181e-01
-2.947251798969050540e-01
-4.405360619074283335e-01
-1.332108861491029472e+00
7.751845777047812192e-01
-1.145681075777242874e+00
1.807643408126230256e+00
-1.337923847064992344e+00
1.172454439424949868e+00
1.703076763365771740e-01
-9.257119695187601138e-01
-1.666410266761544356e+00
-6.853310535361156752e-01
1.469191231949224630e+00
9.597963764067038994e-01
-1.494624811613329829e+00
5.823321504047731523e-01
-5.456025173855998389e-01
-4.277615702770596329e-01
-1.695157042765864652e+00
1.223033072287594614e+00
1.296675386218658410e+00
9.735972158958761113e-01
-4.375437005681535041e-01
1.189587183471035203e+00
-1.882744595548232702e+00
-8.741733472139507910e-01
2.284802971196384647e-01
2.028579179857192827e-02
9.502802038267743612e-01
1.010739218788016203e+00
-4.285314597478659948e-01
5.241215840803645776e-01
4.331555176538648411e-01
-1.535565433572214644e-01
9.463311086051682253e-01
1.005572245669299036e+00
-1.711981849767674202e+00
-1.746662344701047864e+00
2.034696499680741510e-01
5.395722781760543540e-01
-1.462303569491151922e+00
-1.304822759626056428e+00
-5.792228701526696000e-01
1.857125441685367306e+00
-5.976230573029939208e-01
-4.575360932363823352e-01
1.056809003409041381e+00
-8.041008864846501680e-01
-7.439822897729104767e-01
-8.733354704305433813e-01
-9.846667199295477957e-02
5.126241870430314762e-01
7.647725922313588498e-01
1.457091774373986404e+00
5.463058352435918863e-01
-1.641628850759635494e+00
-7.923743038063371102e-01
-7.100357925179237029e-01
-3.592591283819697168e-01
1.364409900144023524e-01
-2.825486205002762929e-01
-4.945991638073339303e-01
-9.705311705658816734e-01
-7.756585914238343094e-01
-7.387625984203198826e-01
5.123562006480488762e-01
1.474503259221403795e+00
-2.725844170139115619e-01
3.305148281382388475e-01
1.782201003855536925e+00
7.610192989101891570e-01
6.293323332451006280e-02
-7.324922724645590577e-01
6.250447894844057828e-02
-1.687644585944229725e+00
1.807496424117490896e+00
4.712203888728971890e-02
3.731002339448981076e-01
-1.964551337040099099e+00
1.197221250962416050e+00
1.636030554110989854e-01
9.217806520747195975e-02
1.531807213128959511e+00
1.710410260194609400e+00
1.883132584832130085e+00
8.759513871955260100e-02
1.827267100450018944e+00
-1.129786209864849233e+00
7.338348679321127221e-01
1.165475734074369107e+00
7.167516943329825807e-01
-1.489146456488469994e+00
-1.092173503603493412e+00
-1.757071971545796085e+00
1.642855357191795207e+00
-1.526538600749439922e+00
-9.822944262695170181e-01
1.966619058109847273e+00
-2.140039625527778711e-01
1.749080966781373370e+00
-2.209268886957520550e-01
2.314446418115778670e-01
-4.049132952257474827e-01
-2.408785177518000253e-01
1.100537226365865706e+00
-1.320951311783324922e+00
2.198252973549258193e+00
2.218012873327940504e+00
-7.984684265307446793e-01
5.415238216749731492e-01
1.909021392498491565e+00
5.016953988138936893e-01
5.944812057057156096e-01
-1.754312530649944968e+00
-1.313764128499255168e+00
-1.688043244895034434e+00
-4.053985265941735250e-01
-1.572618144732288670e+00
7.736001238047984785e-01
1.789407335656390430e+00
-1.574037018368076524e+00
3.684616600489665217e-01
-1.134750451498924395e+00
-2.702638557885137516e-01
4.046320692327176616e-01
1.360010603087483005e+00
1.098292313374291673e+00
1.729957054102517766e+00
7.502542348236609371e-01
-1.299812725509938982e+00
1.172693822879318226e+00
-8.575915116548751271e-01
-9.629532964892595359e-01
-8.881329402005375684e-01
3.931838825563103157e-01
-2.200883094517287475e+00
-1.544930039110759878e+00
1.624833206016687015e+00
-3.966652220736239798e-01
-1.216329444482525002e+00
1.599078353774148198e+00
-7.265942245494230178e-01
3.744005966830412646e-01
-1.698630192479980927e+00
-1.815959289747949956e+00
1.701630196630413927e+00
-1.264872850297937834e+00
-1.216403278088880047e+00
1.865092205373056977e+00
1.639899484800587004e+00
8.559489549078547199e-01
9.517723159427502466e-01
-6.639785081782569875e-01
-2.902816286425711212e-01
1.212428119106353286e+00
1.143564432994184088e+00
1.277057173758185726e+00
1.850478599750909225e+00
3.136750613016658917e-03
-1.884088982592611927e+00
-1.163179311154543427e+00
-5.331483455815515526e-01
4.994497241793016684e-01
5.065762402551401422e-01
6.116713540170355401e-01
-1.775160772774508899e-02
5.842725944553777140e-01
8.708510763846621927e-02
-1.081738299752895927e+00
8.046358768688808283e-01
-1.063535819159438844e+00
-1.198327024249254080e+00
-1.489825783769794132e+00
-1.900596633757344556e+00
1.418761841053209238e+00
-1.230204545127138172e+00
-2.037366903184580913e+00
-8.565861945502817321e-01
-7.878545565990195954e-01
-5.850969011177067358e-01
6.459099122659939241e-02
5.711356583399593845e-01
1.860558436190173026e+00
-2.290315191849812138e-01
-8.349121700387653888e-01
-2.178009852761976006e+00
-1.899070160057731993e+00
1.884555480552791096e+00
1.291499355235554702e+00
-4.234000707775189554e-01
-5.391991972866074789e-01
1.546040916579256574e+00
-7.000499730116800379e-01
-1.314368711696729086e+00
-1.321320223572871377e+00
-1.649078464697146806e+00
1.473018887698510859e+00
-2.401347164967884140e-01
-9.921325662005857637e-01
2.057633094961315301e+00
1.192179450526227313e+00
-1.942206293955906382e+00
1.348125152145058792e-01
4.270862505044794588e-01
-1.489702488123092472e+00
-1.060084977696540420e-01
8.976542118581418706e-01
4.819946140995368111e-01
2.067639359051481662e+00
-1.142570295773257527e-01
-1.340223352490277353e+00
1.787303047070705198e+00
-1.124199309602955665e-01
-8.346260579749698039e-01
-2.350961262513955319e-01
-3.144931570240796503e-01
-3.035821975434007669e-01
1.448926460844487174e+00
-2.910401040425112384e-01
7.734266778195415526e-01
3.203900023513961415e-01
-6.193222725957872044e-01
-5.769627855839933872e-01
-7.679366807654535165e-01
-4.749454339909169320e-01
4.823089323342610868e-01
5.712960963995978858e-01
1.450665306649164599e+00
3.668070751707128707e-01
-7.452334344905819918e-01
1.448268740024087009e+00
-5.807466928648015170e-01
6.646707966499834086e-01
2.710185415831460887e-01
2.076073497998098816e-01
-2.189096172285985187e+00
-1.372224263654873155e-01
1.466491990377408072e+00
3.888529594264591438e-01
2.240945496161117489e-02
3.321120879283139260e-01
2.375077512205292507e-01
5.961812406066124836e-01
-2.128004794166549640e+00
-1.100841011167779104e+00
-1.444963415779723537e+00
-8.554971982408368092e-01
1.536850214069898968e+00
8.787052157167920541e-01
6.893563447762769414e-01
-1.351147667492780258e+00
8.536578382537154397e-01
1.549823197155615340e+00
3.147446809179665905e-02
1.259146363992613260e+00
1.550414657658421014e+00
3.625832672783868560e-01
-2.867400291215735919e-01
8.044521388253480509e-01
8.091852049496921495e-01
1.281624544499182505e+00
1.274346761116121662e+00
-9.432772595722012099e-01
-1.117095891640170091e+00
2.543697564496856245e-01
-8.498677599873047939e-01
1.073771188728727566e+00
1.118632964935954988e+00
3.562446319524870120e-01
4.381725298076233344e-02
-5.742500018441045739e-01
2.086538016815699947e+00
-2.133908596499368926e+00
2.646317730339697860e-01
1.263796500036733050e+00
8.486219686447071808e-01
-1.013058101334165517e+00
1.060759635333039519e+00
-2.618606545686752440e-01
1.673187614867908124e-01
3.101667217210462013e-01
-1.616827899405798519e+00
-2.861673638939610242e-02
-8.406852534440591995e-01
1.787377826731798791e+00
-1.719854907877600425e-01
1.485166433953184040e+00
-1.314911736645710150e+00
1.056901872234052853e+00
-3.800199200644351905e-01
4.949343158031505041e-01
5.969729245706023590e-02
1.857837448836461292e-01
-1.060127120657817557e+00
-7.621614450588678480e-01
-4.215886887047179954e-01
-1.277800425554741715e+00
1.099421873400235228e+00
3.981970147933644455e-01
-9.671481648245263685e-01
1.358736669873010783e+00
3.864262404540532714e-01
1.521263297549513283e+00
-1.673949102070366735e-01
2.026296259471060068e+00
-1.834462245442489703e-01
1.461127994607340774e+00
-1.641976331182684046e+00
1.515449611199130686e+00
1.528000527364497430e+00
8.944427013836619977e-01
-3.664797919661193504e-01
9.027986864675607848e-01
1.341967412180538055e+00
-5.117327861841536318e-01
-1.577119331235357969e+00
-1.685989255877107684e+00
8.767796601737076756e-01
2.020321616330178927e+00
-9.270498526401071970e-01
-2.985852297413327250e-01
5.685279579902724478e-01
1.500500257583698982e+00
1.792186226156410100e+00
-1.379236605962176121e+00
5.944398947453422011e-02
-4.336727258488837222e-01
-3.064932889125255855e-01
-8.507513987865147342e-01
-1.714398629964495324e+00
-2.392116265665755748e-01
-2.840583611132849740e-01
-5.764163577733496524e-01
1.025855867394636078e+00
-1.148025481915019963e+00
9.344303588112730097e-01
2.529544301039523546e-01
-1.290691972773738705e+00
-1.409762707841467844e+00
-3.192862337966051456e-01
-4.503968843020453861e-01
2.963439041963127352e-01
-1.707040346038622758e+00
1.810397614560654844e+00
-2.048058451163505822e-01
1.395732342903155399e-01
-1.471144266057713423e+00
2.614881774207775678e-01
-1.486101442275090889e+00
8.883892992740882733e-01
1.934498811422664666e+00
2.135602815018513567e-01
-1.202876288750553080e+00
-2.672569851929580409e-01
9.740408355359786441e-01
4.581268255109884890e-01
2.117383150742755404e+00
5.848518052212234863e-01
1.255880321711540404e+00
1.168704708190237973e+00
1.144787759290322171e+00
6.355386889568812592e-01
-8.653526197138567966e-01
-9.005015782554970372e-02
-9.124063119083327678e-01
-1.388087349511950119e+00
1.168984912137563725e+00
-1.372152866028324425e+00
7.437282892603107598e-01
-1.372781894346684073e+00
1.286485190189980976e+00
3.216539300954543990e-01
6.197718915303260800e-01
7.728039653393405928e-01
3.546441446988097823e-01
-1.898480001081815693e+00
8.161743029278465400e-01
-1.135707944205972098e+00
1.132250795781709840e+00
3.543074111438855311e-01
-1.749053628030079466e-01
7.275248067598907298e-01
-8.656384662773772831e-01
2.010096992653470416e+00
-1.344878582359437580e+00
1.632950667229150277e+00
-1.862105956541043383e+00
3.303636680504604684e-01
-1.151397144088006641e+00
4.214179675965548100e-01
-4.799215864918844332e-01
4.562467237233391870e-02
-1.849273628469631614e+00
1.334106631719029323e+00
-1.662657124918258678e+00
8.602333541227515923e-01
9.982712128472854829e-01
-7.301536244814776921e-03
2.042586998383592700e+00
1.034857002035682427e+00
1.455461738873273347e+00
-7.426798909617469135e-01
-7.692238168803990916e-01
-8.048419000117847943e-01
1.013257069420950174e+00
-1.451645705159434474e+00
-4.110557959694016716e-02
-9.639943528464636202e-01
-7.129995928559926810e-01
-4.039968730600964619e-01
-1.812900045359907786e+00
5.915564190293620683e-01
-1.859766123752040201e-01
-3.287023174445753426e-01
-8.576937834830422602e-01
1.555364789179028762e+00
1.878874755766609894e+00
1.598019491422951077e+00
-9.276901431339359405e-01
1.533770995529950554e-01
9.063623493474768367e-01
-3.277591102270829282e-01
-2.975996727494232275e-01
-1.666322885258815223e+00
-2.889049200661117922e-01
-2.231167596081089499e-01
2.169767821012075437e+00
-6.841425752999263921e-01
3.396616356530479663e-01
1.685432996648464687e+00
1.116345329311276835e+00
-1.380825371662179890e+00
-1.782442562831073829e+00
-1.187066075563635081e+00
1.446482107589567079e+00
6.167921978493744462e-01
2.259524138789998915e-01
5.717890854324529926e-01
-1.171627170645228588e+00
1.207813271183590942e+00
1.453685014259903596e+00
8.253292220548891223e-01
1.530331945744616284e+00
2.388407210151495264e-01
-3.307987999339880858e-01
1.322559914214396670e+00
-1.460101199270049666e+00
