-1.316275320150021688e+00
5.495959772175923241e+00
1.866815096078346059e+00
-1.530140089966011807e+00
2.458731074477114475e+00
2.924523346089316078e-01
1.538460968455019007e+00
-1.534181127137568712e+00
-7.432498169159194035e-01
-1.957058015176414756e+00
1.707372871628276556e-01
-1.360317146107110631e-01
-1.379428950978347501e-01
6.045188430813634994e-01
-4.867684252690143154e-01
-2.938019116719959634e+00
-2.002040500513047050e-01
-1.565490823092297035e-02
3.291533826013370856e-02
1.771369065121294994e+00
-1.127817705341835008e+00
2.621522653656374047e+00
-2.061529653021081820e+00
2.933307207101271352e+00
-2.178534513379285720e+00
-2.413114885480007743e-01
6.546759573948524036e-01
-8.893202231192294249e-01
2.679649317696723543e+00
-2.449629064984313320e+00
1.602413377010742934e+00
-2.205584116657795413e+00
2.020663574376531102e+00
2.805431360542343100e-03
-2.911512405611750509e+00
-2.847312346620398671e-01
-7.826873558624072302e-01
1.131778890598060805e+00
3.984281285041237908e-01
-2.195064798392567518e+00
6.663166464149838930e-01
2.539328292963602962e-01
-2.379814426695019414e+00
1.523999928193876308e+00
-1.950443850137544732e+00
-8.619406786669792098e-02
-2.662786836553019398e-01
-8.785260384762150210e-02
-2.885895148225356532e+00
3.068777158928881477e-02
-4.039800552641974463e-01
-1.662168493238987743e+00
-8.761542059974312124e-01
-1.734839830289160556e+00
-7.317238067470217544e-01
8.484278584137552315e-01
-2.100804269345498909e+00
-1.893012414410567779e+00
1.159012312034109371e+00
-2.242228874501117630e+00
9.788826378328945310e-01
-1.743402257066100525e+00
6.690960012181790262e-02
-1.189815930013633505e-01
-1.265662199075328065e+00
2.067647327654444922e-01
-1.910644833139390375e+00
6.795722140856650384e-01
-2.728151426869154683e+00
1.235026347478278552e+00
-1.671460698803572509e+00
4.866261440712982278e-02
1.162281428772379499e+00
-6.266854313443817048e-01
5.182626618441954491e-01
3.255786834975182842e-03
2.408553650507041510e-01
1.598387064728035156e-01
1.463217954055120451e+00
-2.407166758709653465e-01
1.766760089435401859e+00
1.090902287868766862e+00
2.136463247820148403e+00
-1.473823558091688746e+00
-5.541977821982939645e-01
-2.732527802462919375e+00
-9.038726460002717289e-01
-1.187606319381195874e-03
7.755323920866832310e-01
-5.867535619314079298e-02
9.228220333121726071e-01
-1.508059319869825110e+00
2.306469188231623946e+00
5.094640873726019592e-01
2.990647518050295162e+00
-2.267391272638129784e+00
-1.148983637213068398e+00
8.485307136115611826e-01
2.864788322917124930e+00
-2.607842276558487438e+00
8.571820681652049245e-01
-2.917616799393760729e-01
-2.213306580707155025e+00
-1.471431562635316048e+00
3.056138324287713814e-01
1.059061228554551981e+00
1.585840563869608033e+00
1.436783342215623982e+00
-1.427334594767855513e+00
-3.259521606095105994e-01
-6.301484051560581889e-01
1.991242630485152709e+00
-1.040205557219296750e+00
7.870829886166230693e-01
1.885830068226451495e+00
-4.616635216344366910e-01
-1.296403019457272876e+00
-1.190876841059948177e+00
-1.467002883815036185e+00
1.894400824573867936e+00
-2.494996360578781491e+00
-7.234231619875854946e-01
-1.617790168149921826e-01
-2.788722788990156687e-01
-1.833204204118453973e+00
2.320423923484984385e+00
1.570126836255499647e+00
1.105537472434465762e+00
6.166181659563374495e-02
5.811827495924219988e-01
-1.216513384431911149e+00
-1.727657247695133513e+00
-1.778725625854856496e+00
1.172836396540053450e+00
1.916335836249876579e+00
1.848022490051224764e+00
4.162754930960312905e-01
2.584452954154290438e+00
-2.398200658277330088e+00
-1.558025696868110543e+00
4.941017333552188973e-01
1.859754846774207770e+00
2.023917568627828345e+00
2.139335181830679389e-01
-7.834463041010231166e-02
-2.338624833586631091e+00
8.579681569727100054e-01
2.825708505898177236e+00
2.651915128076759665e+00
1.446762406068323514e+00
-2.093115328979377132e+00
-2.075089966551875609e+00
-6.911261274135584998e-01
-1.037706878783883013e+00
9.307966192700032337e-01
1.853561078437185650e+00
1.925690840738276677e+00
1.133453746393861650e+00
1.341648791554383990e-02
-2.364875459666713198e+00
2.278961287476875874e+00
1.286157345059743662e+00
-9.592213885568403597e-01
3.845462123216503159e-01
1.843827745429260645e+00
-4.107234634727605638e-01
-4.061376353783785476e-03
-1.892593484780364044e+00
6.201900234349011498e-02
-2.027009852158144110e+00
4.578869917256334077e-01
-6.703389490930442562e-01
-1.216919815441244168e+00
6.526437580848618580e-01
-8.488155746434244975e-03
2.400499960482287420e+00
5.352022893896020150e-01
-1.964692764994016017e-01
-1.891879319112226288e+00
1.573032874606919762e+00
-4.642144435260853186e-01
8.753978344333130934e-01
1.230997551258834477e-01
1.505880855050532041e+00
-1.464252393664978946e+00
-2.060409654615345865e+00
-1.395827556290756277e-01
1.143454261397954141e+00
3.290765267993656096e-02
-7.856750251170767640e-01
-2.176137328526392967e+00
1.135671493356912976e+00
1.812493135651234155e-01
-1.173278877990615143e+00
-9.627221834617563090e-01
2.750875666760252969e+00
-2.831571215312068901e+00
2.017821231612064281e+00
2.769930682818150913e+00
2.788027380674263256e+00
3.823593993025582449e-01
2.333927231296854643e+00
-1.479468818389900520e+00
-4.553507572681549931e-01
-7.892871665108875945e-01
-1.323742551995723549e+00
7.290536689597075792e-01
-1.695454685615936263e+00
-9.650563333574080360e-01
2.897479287463497144e+00
7.369597693265852456e-01
2.796295683160447965e-01
2.144950172456375981e+00
1.246104493990372042e+00
2.388248436303030076e+00
2.010097976314282775e+00
1.396342027175821343e+00
2.680150024217658355e+00
-4.128804561920880190e-01
2.058601588308215824e+00
4.872663115605782025e-01
1.226202517624566113e+00
1.735219967143930120e+00
6.748720480047669668e-01
-9.417280936110117295e-01
-5.353032940953452723e-01
-1.639823008106558788e+00
-4.279582403986550432e-01
2.328589869235210941e+00
4.380886202037359567e-02
2.400105646463178033e+00
4.600368377732380054e-01
1.986341230828518434e+00
1.144358049285587597e-01
-9.425104361937730602e-01
2.477683066598530104e+00
-5.166778079556184622e-01
1.033857557542750882e+00
-6.692605658345227582e-01
-1.818518251835188337e-01
1.556590245078238510e+00
-8.624240577504842520e-01
-2.833312130600325496e+00
-5.512248843433216194e-01
-1.022274160267969911e+00
-1.144303912508863874e-01
1.665982246882029116e+00
1.274178579631922048e+00
-4.848385678650295461e-01
-3.944157070537865906e-01
-6.676586326411975136e-01
4.296715747935664353e-02
-1.048037429021372979e+00
2.580616201907410812e-01
7.621802189141213546e-01
8.409697039684980169e-01
-2.222112594507750227e+00
-1.406788784135409642e+00
1.188465234134694626e-01
-1.702939781258127283e+00
5.541121833289954779e-01
2.356206122088458699e+00
-8.071250788126036468e-01
-1.770904128933291410e+00
-2.405945629294857113e+00
-7.717263697837495329e-01
1.079720690848882114e+00
-4.617056945440456417e-01
-1.397279636777939871e+00
-8.537262171524115928e-01
-7.090298183624028638e-01
2.859420474964645464e+00
-2.650015441704738350e-01
2.163108773364950110e-01
2.819149966748851099e+00
-1.970624285644157148e+00
-2.679269742411811261e+00
-2.080521927514958236e+00
2.201547557630302521e+00
2.573271364216880741e+00
1.803534169175251556e+00
1.382931103387141647e-01
1.907795563614513412e+00
1.651174841622978562e+00
-3.277514383066284509e-01
2.867033460403378697e+00
9.288163504182014307e-01
-1.727289622209510433e+00
-7.745834704161502771e-02
-3.460052112772924460e-01
1.992022732005476193e+00
-1.953041787343181568e-01
1.366723579167134162e+00
2.401246427810423967e-01
1.252774455626372685e+00
7.469993724659147460e-01
5.840961479772310838e-02
2.101726213857297410e+00
-4.365525333087658666e-01
-1.357446703494509244e+00
1.271913217982785227e+00
2.682470653040125441e+00
1.680027960114058416e+00
-1.644594204170370055e+00
-1.932083894764268450e+00
1.150938072909887921e+00
8.101277810402063295e-01
-2.188813148454594959e+00
-1.001667703133749754e+00
-1.816792937212088344e+00
-2.280479629067212244e+00
2.152781741741339516e+00
2.558647234119604263e+00
2.434709910602780525e+00
3.055667020244172249e+00
2.071323254107532819e+00
1.846505029834411005e-02
-8.478270926478863601e-01
-1.311110940978561956e+00
-1.940454953759012113e-01
9.724525117792026663e-02
-1.490796417031917898e+00
1.617770217566073754e+00
-2.661358628638708090e+00
2.538649914938011065e+00
6.901118969684381099e-01
1.457439412945254809e+00
-9.364533530177592269e-01
6.779116288012438929e-01
-1.384304530211344364e+00
-1.262719646932297213e+00
2.882823348711927025e-01
1.925483270493266730e-02
-2.289453400872098143e+00
2.303147023290720519e+00
-6.090566248254969395e-02
-1.051293208982599481e+00
1.643623732222341260e-01
1.583336278199714897e+00
-2.238388895060443584e+00
-1.220752391478870713e+00
-2.434218862792928206e+00
2.034000829322392789e+00
-9.793722989333808471e-02
-2.268129248703418810e+00
2.442108442928272893e+00
3.411261141787385043e-01
1.230971790963160117e+00
1.757905372226637120e+00
2.693008860597139176e-01
-1.919333653520050476e+00
-9.199820731203551816e-01
1.228767112511402360e+00
-6.078180499549530325e-01
-9.440609012406007139e-01
1.582223907335444935e+00
2.809811949545830245e+00
-6.482049085848871073e-01
1.608157604744420155e-03
-2.741834872236725396e+00
3.446576602597097860e-01
2.210862434568658941e-01
-6.030257065543942474e-01
-1.872545106206060517e+00
1.370277681940745396e+00
1.723684950341248800e+00
7.699044298140158560e-01
1.061154895165632439e-01
1.536616245066148245e+00
-1.158243041704821064e+00
2.393898301291910613e+00
2.648244792453279040e+00
-3.520168912859222843e-01
1.195107506444653467e+00
1.154196672482639130e+00
-5.387399379682387135e-01
4.624731201926142177e-01
1.259462246470977931e+00
-1.504258302561618521e+00
1.287658877828413040e+00
1.693852220126998098e+00
2.041950452242602410e-02
1.561638295957859413e+00
-1.092103331337531458e+00
5.912627671038386268e-01
-2.272949197471324290e+00
7.053716909134450930e-01
1.307670191925119241e+00
-5.404352947790913575e-01
1.270779380475377529e+00
-3.970177810586230649e-01
-3.041677855582172185e-01
-2.981749636934289960e+00
-2.150953074728918502e+00
5.558222168344624237e-01
1.773537026921269799e+00
-1.820915019724251405e+00
-4.236878393211531701e-01
1.182300336917805339e+00
9.297259157797030937e-01
-1.304996790441961263e+00
-1.033909416955127725e-01
-6.025530808573220654e-01
-2.488911925305936634e+00
1.236741677970885078e+00
-1.665544517893480236e+00
4.526023963738081690e-01
-7.413021528318610720e-01
1.142781947582435009e+00
2.438442334367360687e+00
-9.185918613968908630e-01
-5.927273470792586707e-01
-1.274230836793679877e+00
1.003009190817595098e+00
1.169430867633476367e-01
-9.962696863108346790e-01
-1.536330787457496072e-01
-1.026561890794877030e-01
-2.188019887320571399e+00
-1.708686586235879545e+00
-1.379937760508162636e+00
-1.632839029159918187e+00
2.438527455038972391e-01
2.791333933798223477e+00
5.457563733439618758e-01
-2.024996046736795563e-01
-2.017910197119290316e+00
7.031151230835384069e-01
2.464553750288885681e+00
1.758745174728460370e+00
1.862396131859761716e+00
1.570171452372829179e+00
-5.117822024784581814e-01
2.476353901507151178e+00
1.602736884815580964e-02
1.412787968502319913e+00
1.075743537203008415e+00
2.114915334715878892e+00
1.154316229313971931e+00
-2.773811709007319770e+00
-2.780188494032707069e-01
-1.466100578380347130e+00
-1.510709106370668131e+00
-1.844808393333733143e+00
2.727626108629015889e+00
1.276161798964217553e+00
1.825664495172716784e+00
6.854799589213191879e-01
9.459818816154275112e-02
-6.932892150377600871e-01
2.009868226059754903e+00
7.754053355576431272e-01
-1.098457775042586348e+00
1.408189592837191029e+00
-1.892132872090102502e+00
1.373382498209199554e+00
1.931490793423080277e+00
-2.694160792492670708e+00
-4.034857844065289356e-01
-2.037169326843957684e+00
5.419899309110665087e-01
1.006383522531294261e+00
1.571058138528874437e+00
7.887049234511644968e-01
-8.486327339330390629e-01
2.011999995038289413e+00
4.508454203526959247e-01
9.566690527975385550e-01
-1.352663359759758599e+00
8.697484229627345798e-01
2.474306841361251230e-01
1.215184324159649165e+00
2.746628468917602817e+00
1.967924063054651285e-01
-4.097041320854399871e-01
-4.516005785090033697e-01
-5.946961206267182831e-01
-1.031035551583742382e+00
3.517648446458565559e-01
-1.130889984187279929e+00
-2.402002339199414749e+00
6.898093073856905733e-01
1.376112874039712608e+00
-2.092902728301062609e-01
-1.493772728747728706e+00
-1.522144621004544174e+00
-1.509695247579613930e+00
-1.449991777200736465e-01
-1.359820570528972539e+00
2.771521755972621293e+00
-3.088388084065059047e-01
3.012467607375352685e+00
7.552542356831217774e-01
2.805027157557304918e-02
1.804300476762596972e+00
-1.878261923639041431e+00
2.651729005796605421e+00
-2.414431918461175552e+00
-5.318492284804632320e-01
-4.455576868779873578e-01
1.699319208960629268e+00
-2.826082195843671041e+00
-1.966810089458525646e+00
1.240594433180254086e+00
1.975779460940584542e+00
-1.014150508998369560e+00
-5.690791955414882253e-01
1.143779128141271251e+00
-9.947765084118795897e-01
4.814328624648664956e-01
2.420930651744599871e+00
1.680024250072809977e+00
-2.505008392388617278e+00
-2.433328189231245275e-01
7.508361032787753686e-01
-1.200693850295734944e+00
2.568630453815064385e+00
7.741196826543035314e-01
1.521085476439020923e+00
7.627739111923990123e-01
5.583622008161892580e-02
-1.428333257983910087e+00
-1.650161997984871842e+00
-2.363102655763498205e-01
-2.367157257409659987e+00
2.092151370325147752e+00
9.383301387448756969e-01
5.677805649343978800e-01
2.943306289600480241e-01
-6.227457809961460811e-01
2.003013091288221581e+00
-1.383121873604820085e+00
-4.072667134761687180e-02
-5.275123112371238321e-01
-5.466269473132099321e-01
-1.908396584372904492e+00
-1.500889358453639133e+00
-8.508107414828209869e-01
-1.506079469401393034e+00
-9.371303343500851923e-01
2.459766520749009366e+00
-7.632279998585369540e-01
6.371576918404198153e-02
-1.370927811256648088e+00
-1.014404789866063528e+00
1.348695122742148200e+00
1.176491532676308793e+00
-2.981911023315344078e+00
-1.705338295972135043e+00
-1.152046918398911934e+00
4.996522850478148925e-01
2.139266469080762789e-01
-3.699796377997408570e-01
1.290479199731091597e-01
-2.483986914747460695e+00
2.817234088588191909e+00
-1.075226801821825617e+00
-4.994360250178004890e-01
4.202586314364502584e-01
-9.418725348141929743e-01
3.460326166290350614e-02
1.037522192935201204e+00
3.949783555293109316e-01
1.536285200192557099e+00
3.783149732403892074e-01
-1.723259014510638565e-01
-6.325435844493068061e-01
3.796482784224899376e-01
1.446563157904183328e+00
5.108147995709444444e-01
-1.379475399918188572e-01
-5.338830413147928056e-01
5.751304835454584818e-01
-6.480393987413206602e-01
-5.516480295533208178e-01
1.060245908553204330e+00
-2.863499717557136393e+00
-1.498000076396310831e-01
-1.851346562925352046e+00
2.175654414717271834e-01
-1.663078186808903070e+00
-5.127426734226414595e-01
-1.546084657067865464e+00
1.879877270581699733e+00
2.698202832890946645e+00
-4.897984666954657840e-01
-4.969793148020356099e-01
9.649921357314186210e-01
2.610084721447285538e+00
9.533657585596753137e-01
2.957356941408795237e+00
-1.379504157247345653e+00
1.619088957396925821e-01
-7.679559966838889196e-01
6.870824125193495391e-01
5.393564332368319114e-01
-9.151954918135807304e-02
1.790254869515678138e+00
-1.977029524078082190e+00
1.405320355008448985e+00
9.252783560050588108e-01
5.330273561893896783e-01
-1.598196095926436300e-01
-1.484443520302497710e+00
2.299120416816418100e-01
-2.012616654947373185e+00
2.361906870623942112e-01
2.291979208702965565e-01
-1.014037625353729766e-01
-6.579587598372480528e-01
3.285097610062752693e-01
-2.536562799082406894e+00
-1.363113064941474217e+00
5.329670984423273694e-03
-3.713111358479554980e-01
-3.969702388542906135e-02
-1.328462012674791914e+00
-3.019317576980549145e+00
-3.970523359967375043e-01
8.636523620106837384e-01
6.132025676800978431e-02
2.175027609383217708e+00
2.172742691607202126e+00
-6.880161487738369885e-01
-1.097956240369239111e+00
-1.098664250863372605e+00
-1.531165349081163196e+00
1.139638446862174526e+00
-7.707570735528648243e-01
-2.583700861386599712e-01
-1.319447636626036591e+00
-2.161070120147368101e-02
1.784325691754760079e+00
-1.350429995954073092e+00
-3.387609959298742979e-01
3.160570079853899372e-01
-5.781465633621207800e-01
-2.444994958386952355e+00
-2.703525341488498768e+00
-2.811434714410446567e+00
1.095454225958051531e+00
7.789744727003808933e-01
1.307842495104518221e+00
-1.849875189644334839e+00
-2.093091168764233512e+00
1.036555274081454314e+00
-1.967678760797682891e+00
-2.155594272442487025e-01
-2.446347324014213953e+00
1.279050308122554824e+00
-7.446463460652559263e-01
-4.968527614213353871e-01
-1.017360731999878976e+00
-1.764102234845328354e-01
2.523488648722572947e+00
-2.825880124311463959e-01
-5.527016929074815010e-01
-1.966628355540840811e+00
-1.203771104758763144e+00
-3.841989004789541085e-01
-9.135541537507716470e-01
-1.821132590891844316e+00
8.070006248281362815e-01
9.499640537775855265e-01
-1.644851362996653243e+00
-1.868332647017714176e+00
1.440537854301727094e+00
2.310767438793972062e+00
-2.647383150943018570e+00
-2.686937523097493674e+00
1.634778346267475868e+00
-2.533041561349102633e+00
-1.357651884189552405e+00
-1.096278653508022671e-01
-2.385806734958872077e+00
2.775397987829379964e+00
3.013879616692609176e+00
-2.442250194857358281e+00
-8.960780891314668040e-01
3.145263483301228291e-01
-2.102859494148740183e+00
-1.924326889529571094e+00
2.064203650625247910e+00
-1.505262102445677819e+00
-8.732227067678630661e-01
8.343386112205539717e-01
-2.651745546246473850e+00
-4.785176020203820713e-01
2.058874858083965975e+00
-1.165408406515013873e+00
-3.202125738625856144e-01
7.118617392932620191e-01
2.366603458555864847e+00
-2.569803753114249467e+00
1.339770290752997361e+00
1.787973886813559510e+00
-8.039409968455890620e-01
-1.525031468072346463e+00
8.703173632581382435e-01
-6.164991926372023201e-01
-4.915683990746746446e-01
1.729367106202994719e-01
-2.310960499801510082e+00
8.196124913689875058e-01
-2.200014293798377985e+00
-2.289451336024708183e-01
2.529697510727141108e+00
-1.016436891461691250e+00
-9.448292760667582613e-01
2.903658500912174034e+00
2.949206154836270244e-01
-1.070707243651369822e-02
1.649043030099602625e+00
-1.354527603424546811e-01
3.405631229539292093e-01
2.552595001015689036e+00
2.272899588300603568e+00
-6.830243041411208083e-01
-1.802594435486662761e+00
2.941873197532444806e+00
4.262231150425357384e-01
2.502884355012940709e+00
1.435433513757326196e+00
1.329841720578606612e+00
-4.733410988125106300e-01
4.712300855235396213e-01
-1.308548382459956194e+00
2.558320671065210661e+00
-4.266872484687223022e-02
-4.724938851914215476e-01
-3.032100474927058364e+00
-1.403513876138573480e+00
1.011292595631601898e+00
-2.454073540732321312e+00
-6.489369519654921703e-01
-4.827150132987334530e-01
3.886725417260539217e-01
-8.872051164677383639e-01
1.286460025771958726e+00
1.392302517405656914e+00
2.010523374090560367e+00
8.364516431300792476e-01
5.598052284144481305e-01
-2.313732865084353385e+00
2.495333844035794613e+00
1.237448977952090523e+00
1.883168028759967250e+00
-1.061336709562775482e+00
-1.015310058141573712e+00
-1.464262100285727008e+00
-2.473049512626900981e+00
-1.988881019199939093e+00
1.536980420877238629e-01
-6.253045104783030439e-01
-4.387601775133287418e-02
-1.528379040635821973e+00
-1.723345653339761974e+00
1.127022554080837402e+00
-5.300908096851584261e-01
3.245361534054227448e-01
1.518143795100993287e+00
1.201489982945527224e+00
-1.205346313529739533e+00
-3.041562162813399084e+00
1.502023108867289736e+00
2.402543589762831999e+00
-2.780142197157113859e+00
1.700629190486829145e+00
-8.715935205055522772e-01
-4.780526849169195458e-01
-1.841089240534262927e+00
1.047928517163320805e+00
-1.836113910990393450e+00
3.346569513875330415e-02
9.357959595734026692e-01
-2.335027455844576050e+00
1.645692170670973731e+00
1.084742041908399734e+00
2.225307377011521481e+00
7.619934444940721363e-01
1.346814261142345259e+00
-1.293305685227066348e-01
1.720808936154116786e+00
8.888649035701687851e-01
-2.488992091712447507e+00
1.789599963810721839e+00
-1.217969363551802520e+00
2.648385554151200694e+00
-2.298597580774179860e+00
-2.463913037790134819e+00
1.080413789506931010e-01
1.489205984946650574e+00
2.453488940965621978e+00
4.118004596152369245e-01
1.462849669723155444e+00
-5.150200603729810922e-01
-3.643172630642972365e-01
-7.536570791206678166e-01
-2.197118993251301333e-01
-9.002067357118503921e-01
2.027844922366252689e+00
4.934348436489868206e-01
-1.669410444529098481e+00
-6.026661040375884681e-01
1.621665500513943314e+00
-1.983345606511131010e-01
1.324549395554512898e+00
-7.795061720199045752e-01
1.073841387701524042e-01
-1.548996299913411701e+00
1.852816229951169902e+00
-2.106028528760506724e+00
4.758971394797262278e-01
6.418674528417440683e-01
-7.181541879731518918e-01
-1.984261647383621430e+00
1.800475924108077663e+00
2.488417717966746601e+00
2.149403568762418004e-01
2.764741113191942823e+00
-1.334202452776168890e+00
-4.336328816110448514e-01
-1.018308751449661376e+00
-2.186525209620201693e+00
-7.931683241692280006e-01
1.841490471029969100e+00
-5.179610103560694512e-02
2.004555001903758793e+00
-2.471627905311113871e+00
4.582317049357182981e-01
-8.219077012805433569e-01
-1.213141931541923846e+00
2.535002907462651223e-01
-1.464475828071766017e+00
2.013716070921005574e+00
1.925725203353072956e+00
-1.581387866028653999e+00
5.045243248415207660e-01
9.042390663576700405e-01
3.502021019728642770e-01
3.523898214060849909e-03
1.677810864009241953e+00
2.826116740710280517e+00
-7.190545139304109767e-01
-1.116045396013947144e+00
-5.147012006655060645e-02
-7.698434479196869518e-02
1.904051299577023570e+00
-2.105340279078140586e+00
1.039927260611737125e-01
-1.078087273072052543e+00
-2.547440596371734145e+00
1.544869332758597835e+00
-7.098241249852641488e-01
-3.672943427087282942e-02
1.480657090729069481e+00
-1.937750532400528414e+00
-9.275700514759961379e-01
-1.130682246032834293e+00
-2.728795200191908243e+00
-3.291499001526032586e-01
-1.102161931912535309e-01
-2.163317457513178610e-01
4.415243571418745461e-01
-2.280332438070491463e+00
1.454217285796399750e-01
-1.008691009427196139e+00
-2.162897323695680107e+00
-1.359289162219656788e-02
-2.747476214866624300e+00
-1.466366663856875530e+00
-4.739506960191599561e-01
1.722672078290887754e+00
-1.111689212923457681e+00
1.737837741851677720e-01
-5.557995835895859216e-01
1.723106778713967557e-01
1.391272441355130951e+00
-2.938382978062544559e+00
-1.341546222130726385e+00
-6.539068969262880060e-01
2.463158357582884150e-02
-1.654144358772565937e+00
2.837394672443044108e+00
6.882247220029551471e-01
2.618858366753307187e+00
5.661663603478697127e-01
1.592920875828058414e+00
1.577995040990369802e-01
1.536024859030579393e+00
-7.349478969680136586e-01
1.774827408702799758e+00
2.713320360027369205e+00
2.220555081288855703e+00
1.378151203694422122e-01
2.004934640197872042e+00
-2.743714119633093418e+00
-1.635899604565969945e+00
-2.542729432636525733e+00
-2.419223704537402320e+00
2.101271173978791040e+00
7.637008061232002376e-01
-1.780244189003950872e+00
1.466178829680735873e+00
5.740052191299263029e-01
2.759487609129291918e+00
2.181977569476836187e+00
1.465276077739217975e+00
-4.426736337984600311e-01
-4.543823146780407995e-01
9.527147955459200901e-01
-1.561250462910007020e+00
2.377145654137287067e+00
1.864443335067431207e+00
2.675981434317264984e-02
-2.008276052846178494e+00
-4.334216997469875210e-01
1.981273672884011461e+00
2.441036983038723740e+00
-2.309902991061556055e+00
1.090536390724361482e-01
8.096129416104780319e-02
1.801511722196806886e+00
-7.627046646470230229e-01
-5.277948160658745280e-01
-2.317274813681074797e+00
1.454569220412727404e+00
8.082914274132333432e-01
-5.905907775004024529e-01
-1.700914870030827419e+00
-7.075944882409030967e-01
3.932636454446480911e-01
1.207329014030547043e+00
-1.077432474647465721e+00
-2.658198223933653459e+00
-7.114272942929309451e-01
-2.597761338643920226e+00
-3.851824617963162112e-01
-1.495477015112101071e+00
2.087040737189971296e+00
-7.559405829131371490e-01
-7.287706482088989191e-01
-1.701648157926398675e+00
1.063999979713802446e+00
-5.972171112287121275e-01
-1.305921340417661725e+00
-2.670160592160724100e+00
2.361764972199841495e+00
1.682708352582704237e+00
-1.171532572663146254e+00
1.365978938034670520e+00
1.794757478179663579e+00
-1.756353381172306882e+00
-2.474999282651859644e-01
2.635796721763938422e+00
-1.766814123402780101e+00
-8.461297009694437321e-01
-5.615242584093529388e-01
-2.175641798838082508e+00
-1.297650717696257949e+00
1.135416618358140894e+00
-1.514191242467402443e+00
-2.141408055740410710e+00
-1.132565336953255564e+00
1.546189035191318339e+00
1.481075319061854856e+00
1.879252334217632381e+00
2.852414776286167353e+00
8.302658939065397092e-01
7.068507635276946033e-01
2.196166460549857646e-01
-1.949163491824950079e+00
1.809778004002511764e+00
-6.943137609713154745e-01
5.370746733611682089e-01
1.667368251142578472e+00
9.200855926361972692e-01
-1.656607396799064880e+00
-1.856326595554401493e+00
-8.221593561668250061e-02
1.501039554830230216e+00
1.223539000012969780e-01
-1.376505932400429622e+00
4.304251154720795114e-01
1.801207999356513767e+00
2.824964550297703880e-02
-2.031153033834883992e+00
-2.734408613058727511e+00
-2.101884011451087275e+00
-1.923347589650887812e-01
-1.582805952381229453e+00
-6.131967785053840103e-01
9.000362091470233139e-01
-7.546946702058674461e-01
2.233012270363168739e+00
-2.029862163348918891e+00
-3.004457955763593091e-01
-5.225504601169426167e-01
2.293041137222431303e+00
6.740483556581589042e-01
1.766034617900089643e-01
1.772488013044268840e+00
1.899260460888601898e+00
1.764866871248086611e+00
2.298367871291056908e+00
1.023869833926851491e+00
1.694845874093693361e+00
2.466354373315979842e-01
-1.274194271799904410e+00
2.403213965348301784e+00
-4.003009219043907052e-01
-1.057473552065095745e+00
-1.449391219483367355e+00
-1.807656524460574676e+00
3.578047480559343185e-01
-3.165700009441643203e-01
8.468219995128105637e-01
2.509562367639985858e+00
6.712378121887940807e-02
-3.856952111065279354e-01
-1.988539278898891371e+00
-8.438144246693966011e-01
-1.204682998380999237e-01
-1.218125974626331764e+00
5.535294130904997445e-01
-2.633815765119464913e-01
-3.182784988838980311e-01
-1.384898651259169888e+00
2.473120369759618242e+00
-8.366944205984543359e-01
8.925749933495534805e-01
2.020422885798795143e+00
2.287408171719742533e+00
1.182721508487230899e+00
-5.277725594931848008e-01
-1.118635434102532411e+00
1.493566830653203503e+00
2.671579188395510229e+00
3.962799167009283252e-01
-1.332516883914445227e+00
1.477259743068475295e+00
-1.121797419492513992e+00
-3.196103172701612039e-01
1.578774743790026136e+00
6.400438337509886111e-01
1.228833513334883776e-01
1.028864047278419847e+00
2.621724696158112877e+00
9.504380227018405236e-01
-9.507473330771798459e-01
1.816756017598471828e+00
2.360717189443639619e+00
-2.001223689180200438e-01
-1.273045385458448919e+00
-3.604364731500160346e-01
-2.898939731509715401e-01
2.686556730675510707e+00
-2.335760034465815149e+00
6.942152853387746347e-01
-1.901047531800891477e+00
1.338709761824810052e+00
3.309127017971578155e-01
1.510873305914718578e+00
3.734731562379955960e-02
-1.663964829053764305e+00
1.695047265480975618e+00
2.076253754325804834e+00
-1.987674998111176095e+00
6.645919108793352237e-01
2.111448950876787301e+00
1.424672889780680407e-01
-7.996061796944964328e-02
2.703125832406401585e+00
5.328557839248846406e-01
1.063269354328227223e+00
1.480664024204526363e+00
-1.165682510150152673e+00
1.423744232135410570e+00
-6.501239607065913972e-01
-2.201759194281125431e-01
1.085415350314633542e+00
6.879591268418145944e-01
-2.160496391193118981e+00
1.166616714566599100e+00
-1.989803962786822478e+00
-5.988254533278318803e-01
-1.606489978616965963e+00
1.676132231306945997e+00
-2.390529964044691980e-01
3.011369354384560992e-01
1.614195603279369173e+00
2.820098345901555170e+00
-6.483688157186504597e-01
6.897875126889241315e-01
1.229432050124312781e-01
1.168460343228126419e+00
-9.398450606639023874e-01
2.014506887166308324e+00
1.035006253445429181e+00
8.538171204521862734e-01
1.807907969057370501e+00
-2.927987865270542223e+00
-7.058047959440916230e-01
-3.931958609626313716e-01
2.661530915402053665e+00
4.575541189314211721e-01
-5.197847877352685941e-01
-1.786710538966123085e+00
4.241179947710174147e-01
2.441032611274662756e-01
-2.907263037800957406e+00
-4.212347901082953427e-01
1.761243192803556568e+00
-6.975685419421697731e-01
6.813232329259744091e-01
1.110675688730543342e+00
-1.996827630394534481e+00
1.729228993797409686e+00
1.537895730268436623e+00
-4.496714115616766705e-01
3.099613803092360342e-01
-7.796838062799764657e-01
1.998794231383089759e+00
1.114236035705349792e+00
1.637091104022562860e+00
2.431907288775656539e+00
-1.221882075871062234e+00
1.033003267245589996e+00
-1.636800008457752753e-01
-2.946152898510373319e+00
4.377313269171976273e-01
-2.432264210899726109e-01
-3.027464206489431042e+00
-2.040516680323811727e-02
9.189762402046417478e-01
-1.617633355810068174e+00
1.861747796164243240e+00
1.391300441276613675e+00
1.505214023447491556e+00
7.886361529763652456e-01
-2.399182871494686786e+00
2.184960159337694385e+00
1.793139399715446558e-01
7.547414195097426060e-01
-3.090754704853662105e-01
-6.510104786669055343e-01
8.090255346345154308e-01
6.974180635515834226e-01
2.919645108032536740e+00
2.454847567624884874e+00
1.479946346500429222e+00
-2.201586687788857688e+00
8.985882515117760150e-01
-1.549041602837544662e+00
-1.525434972713006765e+00
-3.719631533068614715e-01
-5.147499444926397771e-01
-2.610159660970898798e-01
2.652333736171208045e+00
-7.834089361787750505e-01
-1.682454540197193538e-01
7.643417420707656618e-01
-1.472971500746620865e+00
-2.783362286147097464e+00
2.911313506271278051e+00
7.083309768967707143e-01
2.940468613807327714e+00
-2.115587583338556232e+00
-1.547632605749106105e+00
-8.057495819781621549e-01
-1.484566978623484967e+00
2.138962823791617396e+00
1.433803484398435302e+00
-1.130310921452329254e+00
6.429836781531790280e-01
1.893555449936691559e+00
7.214344401084069602e-01
-1.340020780735358130e-01
8.589728316482485582e-01
8.662753460764696101e-01
-6.601747381535245651e-01
6.578517384844664306e-01
-1.721714542735246489e+00
5.339405396768448497e-01
1.598932629687903173e+00
-9.512640074104989907e-01
-1.219193326643275732e+00
-4.324026609136950583e-01
1.675193411035814428e+00
-1.947948024226500152e-01
-2.704861911021462895e+00
5.359576501859661946e-01
-2.518333761942965765e-01
-9.494338139479543415e-01
-1.255503668414974072e+00
-8.926858005651947536e-01
1.186507080142095383e+00
1.583397206211554220e-01
2.545323424256450195e+00
1.407390572768249193e+00
2.129207520806382092e+00
-1.451463935181564580e+00
-1.533836646930611280e+00
3.029298306509589978e+00
1.855760926052728799e+00
-2.209860088958544466e+00
-1.026691661972878755e+00
-1.761982827052567924e+00
-9.883217181748813474e-01
-2.252893733633811735e-01
2.299327496699742568e+00
-7.677782596465165810e-01
-1.136768932253592546e+00
1.544428345043737494e+00
6.947930554436680950e-01
7.054409678615760626e-01
-2.689119569875777049e+00
-2.212095238961740318e+00
2.881124196802227644e+00
1.076233676296725505e+00
2.131975114408405148e+00
1.223457648314171919e+00
7.749120895944905385e-01
7.103619465495292218e-01
-9.450451018775138934e-01
-8.202701723650518417e-01
-8.780324878627467911e-01
-1.848104267843676318e+00
5.993017307953740769e-01
1.140915796669899507e+00
-8.964982897689859342e-01
-2.223704563488154484e+00
2.884771976216393696e-01
3.883376229173451932e-01
9.739188999689858406e-01
-2.475826496583050762e+00
-2.702741611863408000e+00
-6.715014508954721961e-01
-2.503822094469289716e+00
-6.178750235630543486e-01
2.883978062147924959e-01
6.608226111768633615e-01
5.594755294899913522e-01
2.949475957327019060e+00
2.880436180720327144e-01
-2.088312941779193466e+00
-2.410370582751620194e+00
1.837262256045955056e-01
1.727561239234938206e+00
1.434313782589345720e+00
-9.014345013548812346e-01
2.125093305327419912e+00
1.063390553294595975e+00
-1.077456179455278384e+00
9.200384238583776408e-01
1.382040204834634523e+00
-1.250739006347423743e+00
-7.381607466807240669e-01
-1.592808249350043504e+00
3.048835823399459244e+00
1.584186651378280963e+00
5.325287976251269484e-01
1.171372835606003804e-01
-1.213464278077605485e+00
-2.307363405710561644e+00
1.960811468930029555e+00
-2.515697298032685936e+00
-1.731668657131997247e+00
7.704941455879046330e-01
1.376357963623493497e+00
2.426120055702009282e+00
2.072720909583186888e+00
-9.156391413186941719e-01
-2.885760087967823573e+00
2.445237846379582081e+00
-2.244341134896335355e+00
2.425259333053464417e+00
9.390643428160512229e-01
-9.423480675821167551e-01
-2.852128940502421273e+00
-8.365499730998653405e-01
7.370071809621716596e-01
-1.725956750162404685e+00
-1.927762328813047876e+00
-2.115412594678183655e+00
-2.245564560947561183e+00
-2.207882948246788768e+00
-2.202452439152589925e+00
-2.239790843892457417e-01
2.728494874439343576e+00
-1.591969783862533738e+00
1.141466720831243009e+00
2.695622021649852762e+00
1.530236853090638505e-01
5.458206067816497864e-01
-3.561958700058145411e-01
-1.453672731844121380e+00
1.653564721567217788e-01
6.464334657963144437e-01
1.778921843115282009e+00
-9.513124968517416846e-03
-6.119174872509001162e-01
-1.978769422660098698e+00
-2.383649533179796887e+00
1.363443026007768566e+00
8.063867010133431990e-01
-2.884895248420829006e-01
8.800421666812541233e-01
-9.236774830006817538e-01
-1.212561311124458641e+00
-1.903913075601306293e+00
-1.757316796669893044e+00
-4.138923320828169494e-02
2.243300606774654149e+00
-1.270268907882051046e+00
1.400492627565683712e+00
6.109981694251391815e-01
-6.388963353585479510e-01
2.859362473305307795e+00
-1.218760156019544905e+00
-2.805035247035823964e+00
7.482331348727555564e-02
-2.189310247715814395e+00
2.685442289097240476e+00
-9.303196221856024906e-01
1.322138026950465672e+00
2.348728982538074384e+00
-2.238873441581153756e+00
-5.375682838037558753e-01
-3.014850536590554242e-01
-7.998309025183889531e-01
-2.957149582671735999e+00
-9.039087245967420969e-01
4.475361071960204384e-02
8.221069526635815805e-02
2.412791923690996043e+00
-2.120179375132466681e+00
1.124062074693267022e+00
-2.464679065204782304e+00
-2.272726423270490681e+00
1.579190036630824245e+00
-2.187090944392100500e+00
2.082611833634588017e+00
-2.767478091936878215e+00
-3.079800812889050832e-01
2.224353730953472663e+00
1.696859934245980917e+00
7.092879157157030434e-01
-2.342138198677848226e+00
2.982333205747506710e+00
2.666924170742892564e+00
-2.271221034551241580e+00
2.414366844999825901e+00
9.240660586877229576e-01
4.365777819147895755e-01
-1.936237281690876166e+00
3.808412112280832318e-01
-2.098008482245357076e+00
1.939851627650903687e+00
1.330236237906078145e+00
1.423564915936944786e+00
1.246236957987957084e+00
2.591127032364349603e+00
-1.589396946315879688e-02
8.181424618547472605e-01
1.256382609807898731e+00
-2.339335503693771301e-01
1.218769520660719863e+00
-2.019122959648942395e+00
-2.256015220132489674e+00
1.123879134572094429e-01
1.055753503116716452e+00
9.099448862436663177e-01
-2.916579024392592423e+00
-8.560214776751431387e-01
9.887609603266529490e-01
-5.656456564155325495e-01
4.596075597035724769e-01
-1.873436762462624472e+00
-1.535362593574171264e+00
-3.464353005992837353e-01
1.164920072678079066e+00
2.120233008743759306e+00
-3.943365120652755351e-01
-2.481756541558199913e-01
-1.920049318561729113e+00
-5.268609675762050415e-01
-2.646331591560729279e+00
2.095606252030163041e+00
9.006103796802458206e-01
1.448963092543119835e+00
-1.519201959083930298e+00
-4.952279006056325983e-01
-2.343060142024533832e+00
9.291905558374491392e-01
1.829757291460917479e+00
1.985872622091107154e+00
-2.492990498712972514e+00
-1.968977672762530773e+00
-3.775060170868851372e-01
-3.331561322512825996e-01
1.974883499136971921e+00
-1.569198369577236019e+00
-8.711275880554048001e-02
-1.182166955311851897e+00
2.025389994406374683e-01
5.009716801747243764e-01
2.971127014453660564e-01
-7.630128485605496280e-01
-2.847810776951920531e+00
-1.824781416792822242e+00
-3.693963155737192139e-01
1.860648118421739383e-01
8.074274010557136450e-02
7.195036513638042308e-01
2.927486679186914742e+00
1.202445530404304463e+00
-2.202238928586938815e+00
-5.287730919082296310e-01
-2.412040184231925899e+00
1.667081747837311667e+00
-1.100723747154859211e-01
-1.500259842938217680e+00
-2.320975403564040196e+00
-7.634132305987062495e-02
1.149849969951089790e+00
1.813778362584907988e+00
1.421550411706999917e+00
-4.221352787466496892e-01
-1.740548953553435751e-01
-2.487757611228390786e+00
-8.345659512734773244e-01
-1.021782266792028437e-01
-1.639977232838440102e+00
2.099413071842999301e+00
-6.007560493831052284e-01
1.170455158466243262e+00
2.013785434692034748e+00
1.375323582324197602e+00
2.255720103998028137e+00
-6.894457149009296515e-01
2.634945380250027114e+00
1.118071337049366676e-01
1.661167304674036060e-01
1.094302948570522460e+00
-1.341046187364280051e+00
2.906903016051822775e+00
7.790312606389546701e-01
5.854897978850317486e-01
-6.630134201108042191e-01
5.965863368497004160e-01
-2.578370856183777704e+00
2.929447129815745399e-01
2.875758964441511800e+00
-8.415743673212441323e-01
2.353330635420331163e+00
8.313346379674291242e-01
1.386647525132751468e+00
6.109491084053688681e-01
-2.830030295099450921e+00
1.550602976939281064e+00
-2.810511585342769791e-01
1.251928230051698065e+00
-2.472899173509555126e-01
-1.469377098916217594e+00
-1.360789597638122572e+00
2.323059509381564247e+00
2.817638388234922076e-01
1.253546526707076225e+00
-1.302998751184729187e+00
-9.658168890550395957e-01
-1.222934846222334393e+00
2.073599715882721739e+00
-1.818192395875435352e-01
1.802929785274471897e-01
-1.323567801896361473e-01
-6.902939851340663679e-01
-1.240045976373449932e+00
1.360084088218968645e+00
1.806585196108829727e+00
-7.373777886232444345e-01
1.169196292717806784e+00
-2.383659334777741279e+00
-2.358668194379090366e+00
-7.337127915108547782e-01
1.435448978778863349e+00
4.559288776229148965e-01
-1.517102663949518870e+00
1.066361450950054746e+00
-1.000709938352835948e+00
4.664789278215248913e-01
-1.658981771767284563e+00
-8.653045703116468701e-01
9.244186608060012134e-01
1.676008864239530993e-01
-6.408908581977268426e-01
2.028043003346970963e+00
1.673320478094235675e+00
2.890808750435091667e+00
-2.405906083227594028e+00
3.974187006263205646e-01
-1.088402855325418805e+00
-1.043412016938474185e+00
-5.877149887730261923e-01
-9.281067192885226191e-01
1.386721091779788750e+00
-4.896919900379987922e-01
3.042170805873389838e-02
-2.999627455217748206e-01
1.312344754633745225e+00
-2.011189728250722730e+00
-6.166672379743332044e-03
-1.596610036701111568e-01
2.047393859254946769e+00
1.825178844695570568e+00
8.084721356377624346e-01
2.450768739667344320e+00
-9.414810079620625771e-01
-9.498814418399099679e-01
-1.834698850487563870e+00
6.886254182054596384e-02
1.199051704103984761e+00
-7.440027278835126268e-01
1.630894550746642579e+00
1.286745474434484393e+00
2.067970823511327438e+00
-3.696262171359183668e-01
1.726578609850805357e+00
2.523731070614527283e+00
-6.672338763444116694e-01
-9.908584274946186099e-02
-1.110632165740815580e+00
-7.312416656952320793e-01
-2.266888876741904646e+00
-1.104644123091937935e+00
-8.206463832234591749e-01
1.222441293902930326e+00
3.192372002637364758e-01
-1.275734507439034271e+00
-1.789978554616610040e+00
-2.011333049189239830e+00
-2.271098878531272458e+00
-2.669267200983309607e-01
3.767794081953912411e-01
1.569657517142465153e+00
2.861288964715900107e+00
-1.190271476622024593e+00
-1.294177413940414301e+00
-1.374360852801112642e+00
5.452902261360517144e-01
2.499498468219698566e+00
-2.903036645336385835e+00
-1.948855874114545639e+00
2.645598573499339246e+00
-1.630367984573318552e+00
2.472216438091107804e+00
1.530808663372127398e+00
4.500711851169922895e-01
-2.407079002780756927e+00
1.442355705456006554e+00
1.542481099378196774e-01
-8.277533850931302339e-01
-3.190311415910755954e-01
2.144666111648003692e-01
2.120562745129763726e-01
-4.238552480663040356e-01
-3.098977249934131706e-01
9.641202973352509531e-01
-2.044276080332509515e+00
3.530942505495451300e-01
1.848096881133352021e+00
-2.451500472941202879e+00
-4.529398409991172159e-01
-5.774860069573870547e-01
-1.501348425942571119e+00
-2.128875009859489964e-01
4.068784269931944308e-01
-2.193657648280450623e+00
-1.392809585072531942e+00
-1.057110405115197160e+00
1.134416266743226487e+00
1.592331351384416394e+00
-2.326904499358365186e+00
2.831242086954219417e+00
-2.653507676147415673e+00
1.755333808365291404e-01
-1.606856166322692570e+00
-2.714285067313070954e+00
8.650614339623690086e-01
1.621465550099393305e+00
6.255322071468869538e-01
1.367596957672459368e+00
-1.715674645647004226e+00
-9.049267185693414817e-01
2.757375661860370641e-01
-2.131103216695704017e+00
-8.300516707562612950e-01
-1.791553681831361544e+00
-1.149884446636482149e+00
-5.342004061748051313e-01
1.531508340677607549e-01
-1.656397258650242232e+00
-1.619733461695537002e+00
-3.097850836589204349e-01
-2.968545471823830884e+00
1.090690880341464997e+00
-1.491809431628960958e+00
-3.621569295097870622e-01
4.786292610268185754e-01
1.792817831825646913e+00
-1.184442038978273271e+00
-1.395950087460029465e-02
-5.477578572455295003e-01
-1.574332538799177783e+00
1.797323183923986711e+00
-9.730167555244815247e-01
-1.037825387499677898e+00
2.951803964387398338e-01
-2.716615264300159538e-01
2.606408639288058104e+00
1.481083463075005824e-01
-1.487884804021509133e+00
-1.785512324001210516e-01
1.149194712539982177e+00
8.713654808941182495e-01
2.568641120954158197e+00
-1.550816657583044211e+00
-2.557653552983140788e+00
-2.282311089874860421e+00
-9.812744032965987628e-01
2.215076654414351864e-01
-5.373969761616681495e-02
-1.684991912871460773e+00
4.069327887132034860e-01
-1.602302118641520501e+00
1.270199071679929403e+00
-3.326675732662387475e-01
-4.285384508201666165e-01
1.389235667096534677e+00
-2.456685292341433957e+00
1.707661538815168356e+00
-2.887303972441189082e+00
4.244252677564555043e-01
1.316741108829718954e+00
-1.029991338067709705e+00
-2.383412821308620089e+00
1.290626338450265642e+00
4.431263437108139414e-01
-1.838514961555052452e+00
1.511023946583308408e+00
-9.501642470701359144e-01
-8.478037029845078010e-01
-2.654199521411336082e+00
-3.568274367838988326e-01
-1.232982962255766424e-01
-2.131040163054045422e+00
5.506314813750634585e-01
-2.510623330362119709e+00
2.396064096632097851e+00
-1.344633540218227452e+00
-9.039243166209587343e-02
-1.448029643011579992e+00
-7.819975533811884816e-01
3.739958824769207268e-02
1.611683250032101888e+00
7.022903170513998816e-01
1.852554726726341805e+00
6.332820789887545487e-01
9.810645123106631615e-01
-7.794826912294112731e-01
2.100615737025926855e+00
1.507471809984255451e+00
3.156405833561493068e-01
-2.258614232532774047e+00
2.013876086392711429e+00
-1.172719468485663441e-01
-1.187799158844446978e-01
-2.205646981265681816e+00
2.775038253599602101e+00
1.822911677977843148e+00
-6.040224591764564721e-01
-2.081286317743109571e+00
-2.535277099570657278e+00
2.864846611673597110e-01
2.388610956738355995e+00
-9.964334425754595159e-01
-1.739448605771370282e+00
-1.000685234766901743e+00
-1.015194663374185957e+00
7.997320568939336738e-01
2.680373534359645760e-01
-9.574400492306711641e-02
-3.420165422241803199e-01
-1.396692265784394316e+00
-2.751596386907495528e+00
6.546919525848320376e-01
-4.265384293195921828e-01
-8.351035892608837941e-02
-9.172127776588112624e-01
-2.325191548349102355e+00
9.849719245690469194e-02
8.874271670907578624e-01
1.347044488773773807e+00
-1.719525298650043776e+00
1.370426028614688541e+00
-2.609474243824124962e+00
1.238095428697409517e+00
-2.610312964192045726e+00
1.391413263357414998e+00
2.392744899168024020e+00
-1.161619299060903998e+00
-3.085164391537076778e+00
1.709901252819548745e+00
2.405219865327110185e+00
2.830086212930488898e+00
-2.120020468218150711e+00
6.027482527323400063e-01
-1.161785915057293117e+00
1.203169850607172187e+00
3.011629853767649578e+00
-3.703774782879918348e-01
-1.471462370883206638e+00
2.005109594155650043e+00
-2.484560054107572302e+00
2.403692520162838520e+00
-9.963101165802754622e-01
1.885388631502382673e+00
1.944326782569239853e+00
3.161558432550970466e-01
1.845585433981222323e+00
-7.889197136948986611e-01
6.290119301366665638e-01
-6.382798323272904639e-01
-2.238218204047595083e+00
-2.581227071397096395e-01
-1.368669388991838431e+00
-2.109333343160189056e+00
-1.506954681876048419e+00
2.386319763070828159e+00
-2.760780106556445013e+00
5.866362983678072851e-01
9.290158918112298991e-01
1.892600907307122604e+00
7.218311516888196167e-01
4.976551933107398185e-02
-1.821073456151705017e-01
2.395483782464272515e+00
-2.068313503769161343e-01
-6.795282429947304692e-01
2.724061663000741262e+00
-2.150587897865692710e+00
-1.190134751539205560e+00
1.396288918212730046e+00
-1.314123433202452063e-01
1.052308061714200882e+00
1.255091610083050035e+00
1.475794292360355087e-02
-1.699232444887814886e+00
-2.365453039909528599e+00
1.333326408324201573e+00
-1.269258447640727816e+00
9.455823056390197934e-01
5.784189252139686488e-01
-1.560391904446888134e+00
-2.669938634025248891e+00
-1.778942876195754419e+00
-1.720242361963299160e+00
-1.913742249794359029e+00
1.488920881000401764e-01
4.475059286044604789e-01
1.463452705072176840e-01
7.040051559136291104e-01
-2.199671394646754319e+00
-1.860224219012805769e+00
-3.708298550654838266e-01
1.946552231702757041e+00
-1.342051049177999111e+00
1.143971645398085712e+00
-1.481168996499043544e+00
-6.879307673685897129e-01
2.734370674290003578e+00
-1.196128999887925204e+00
2.536254552604995105e+00
-6.860154675162082327e-01
-8.949356624907611746e-02
-8.022615137838755572e-01
6.565461986139853323e-01
2.639373379104988260e+00
-2.017685125143050762e+00
7.264662801762744593e-01
1.124799191898839368e+00
-2.020562092422641953e-01
2.212473778617251696e+00
2.307747131433117715e-01
1.306676263340991184e-01
2.865751890405534574e+00
-8.448968786400268272e-01
1.296649874444631756e+00
3.923834019909309134e-01
1.987815384600946089e-01
-3.416535662367188309e-01
-5.938473807411757122e-01
2.315609032231797926e-01
-1.833354063837263404e+00
-2.626631346427147129e+00
1.523846832771461379e+00
5.863128803468136141e-01
-2.084187707613637031e+00
2.466788249980194081e+00
-2.173427207479107892e+00
1.797561541199559798e+00
-4.899949940630019540e-01
-1.240606864165526346e+00
7.980944799440425896e-01
1.228592925454076834e+00
1.884215287741161760e+00
1.383972316005785075e+00
1.991803324502336991e-01
2.315658743619522397e+00
-1.545849468972981811e-01
1.652065141353262767e+00
-5.301857159585887658e-01
4.924758315556454491e-01
1.089538470266360193e+00
-1.619857491007427264e+00
-8.612545132452966712e-01
-1.449793324207606648e+00
-2.958474655408007692e+00
-7.991142445407533046e-01
-6.644615714004409313e-02
9.711004489022982966e-01
1.463022156650167993e+00
-1.621507410451552555e+00
1.254945293072159629e+00
-2.380523106223443541e+00
-8.181288969265683164e-01
-9.359332823088371001e-01
-3.968896888650856880e-01
-6.819137155889380963e-01
2.054322450255061661e+00
-3.813350697680935042e-01
2.517297280233417034e+00
-8.651620332370697497e-01
6.044587467706241668e-01
-3.498572992870725429e-01
-1.605755800413244394e+00
4.291389080624643526e-01
3.921502734889159569e-02
1.397460645877385943e+00
-1.634334810444255659e+00
2.907453331220459347e+00
-4.506610251223239771e-01
5.652774594240792538e-01
1.314259568439370085e+00
2.229198673414057197e+00
-1.012918067035979419e-01
1.655076856056114210e+00
-1.340847297408882532e+00
2.617331354710346503e+00
-2.646994559824902282e-01
-9.171129215814204372e-01
-2.293321513326780803e+00
-2.728281002354985940e+00
-1.588193549103609215e-01
9.479753711923617487e-01
-1.862243724825148661e+00
9.098726960648235718e-01
-3.598020035654352355e-01
-1.026613070186830345e+00
2.848111981312881014e+00
9.799443467982715816e-01
1.773273202154688200e+00
-2.841212022481265365e-02
-8.073014077930862342e-01
1.327424582851427282e+00
-2.355398378042733221e+00
9.704343239592141401e-01
6.319313456692130515e-01
-2.079684525185085953e+00
-1.482029023625290876e-01
1.248724512352264782e+00
2.983779490764771225e+00
1.806474719534538309e+00
5.457507234167220389e-01
-2.305225124557154004e+00
2.183999583739090866e+00
2.497679055037495210e+00
-1.788945809859143310e+00
-2.454498184142877903e+00
-2.110130388624096742e+00
1.599580143133899846e+00
-3.253578094806446330e-01
1.286782174720539906e+00
-1.056841263688443000e+00
2.448261830219636614e+00
-2.164193372344770161e+00
-1.754390413265038973e+00
-4.859758214601495041e-02
5.199893782153015565e-01
1.569944714547362175e+00
-1.086822589747097112e+00
1.278692760366828551e-01
1.242909478881093932e+00
1.268096009872680341e+00
-8.941293682573636659e-02
-1.707225484592687526e+00
7.627949690337922917e-01
-1.761582579613965471e+00
1.803702907293804003e+00
-7.363759135407779155e-01
2.047949018277252620e+00
-2.237857288863597027e+00
6.433436785592405727e-02
-2.714384477223687142e+00
1.909715245652820137e+00
-1.679253556459407992e+00
1.381180761006259416e+00
-1.341209201947215490e-01
-1.358771461034436356e+00
-2.842479272771440524e+00
1.792710002197721586e+00
-2.343442762476329655e+00
7.876057256215105440e-01
-1.364724672163072583e+00
1.548742371871830059e+00
-2.815077006620720912e+00
-1.429692287655694560e+00
-1.801116545641388011e+00
-2.925652326026640715e+00
2.105794005859945806e+00
-2.773352969245017619e-01
-3.928376951079597390e-01
-2.458597481094624282e+00
1.625723319715199899e+00
2.317646916487352549e+00
8.005420783175196675e-01
1.611450418852644617e-01
-2.555320645775477573e+00
3.797690423045114727e-01
7.906297667012101016e-01
7.886010536282217487e-02
2.269476032939556909e+00
-1.925992874645072739e+00
-1.131592689575876776e+00
2.238741252668382309e+00
2.507969277065516422e+00
1.367004161927320993e+00
6.303432487364961645e-01
-8.980924739427980086e-01
-2.959926977030065132e-01
1.047119737002200957e+00
2.294104241891021800e+00
-9.974046236986433556e-01
3.682067064839014137e-01
1.366859318890965014e-01
6.894447093869802146e-01
-2.527501606042193316e+00
7.982254258901697597e-01
-9.608889008290386613e-01
8.274394650749963276e-01
1.708124115234959106e+00
1.047185744830882115e+00
-2.957618896777507445e-01
2.051215874981675569e-01
5.876095518676303087e-01
1.061124265490559715e+00
1.737390211066212053e+00
-1.440278404721567096e+00
-3.017666413217397370e+00
-1.034708623094798163e+00
2.211804102908913272e+00
-2.830764354120129056e+00
5.213107926563012029e-01
-1.461489622763445517e+00
1.675718698151889008e+00
-2.005901366245387507e+00
-1.842738403825935123e+00
3.503199302911994550e-01
2.785934854674820826e-01
-2.211369578312010642e+00
-3.584315364606176502e-01
1.993831499994951351e+00
1.172928790682742139e+00
-1.092243543917637005e+00
7.850656118693164487e-01
1.345839665478784752e+00
2.980080600879180253e+00
-7.638202331863794825e-01
2.681196320759360319e-01
1.785655509261304452e+00
7.529587190991415824e-01
1.864063607496912134e+00
1.179775851282940380e+00
-1.612376016049390959e+00
4.985635913796180319e-01
