5.520421520227846202e+01
2.038572516354535935e+01
1.080015166696819193e+02
2.103470065645886677e+01
3.159800452982397090e+01
9.892214224474449225e+01
1.212887203197433479e+02
1.044239423833709992e+02
1.660719259495882909e+02
1.822723203731707713e+02
1.683912237697127523e+02
2.111356337256708002e+02
2.116297530599204038e+02
2.103883660265632898e+02
2.128006738245541385e+02
2.127738327261753568e+02
2.128354250492711799e+02
2.128309681509722111e+02
2.128152101282620094e+02
2.128145239222282896e+02
2.128312891853666144e+02
2.128353992684233731e+02
2.128350348899198252e+02
2.128288024551340527e+02
2.128341975273642390e+02
2.128331013009508865e+02
2.128269626004418171e+02
2.128036338928852729e+02
2.128351588223413273e+02
2.128338766699450275e+02
2.128321416271269584e+02
2.128332496961780862e+02
2.128353169670633065e+02
2.128331981837683315e+02
2.128353926265600649e+02
2.128354332874487511e+02
2.128353953571055399e+02
2.128354013168741687e+02
2.128348973500732484e+02
2.128336361436014101e+02
2.127758530550758564e+02
2.127784752368831676e+02
2.127478787674819500e+02
2.128334424125851285e+02
2.128324571615268894e+02
2.128345488241672570e+02
2.128327756248296510e+02
2.128339255975404001e+02
2.128348156528207937e+02
2.128345430373271654e+02
2.128319039497014273e+02
2.128211311113129227e+02
2.128352948726305556e+02
2.128354397383996570e+02
2.128352874272748920e+02
2.128351586919159786e+02
2.128290123377286989e+02
2.128353803160453595e+02
2.128354434452116948e+02
2.128354240618585607e+02
2.128315065613250852e+02
2.128353619783010799e+02
2.128350533072097903e+02
2.128353383452704293e+02
2.128231356960312155e+02
2.128347882893594374e+02
2.128354299803108347e+02
2.128346077207654901e+02
2.128352893352272304e+02
2.128317906788907408e+02
2.128343618280335932e+02
2.128353917807735058e+02
2.128040930808039946e+02
2.128353218733990673e+02
2.128163952121532247e+02
2.128353303542765502e+02
2.128348453123163040e+02
2.128353668364797215e+02
2.128159823042324206e+02
2.128351218429312723e+02
2.128354436926170479e+02
2.127944219585448877e+02
2.128353360575684405e+02
2.128335955500730847e+02
2.128352109786636674e+02
2.128265792394700213e+02
2.128353594192618630e+02
2.127703498114192087e+02
2.128333910797379360e+02
2.128331246155879910e+02
2.128300671554465850e+02
2.128341778877924924e+02
2.128341390861845639e+02
2.128354407980172880e+02
2.128338983387360486e+02
2.128352214779885969e+02
2.128354354068789291e+02
2.128037135656743715e+02
2.128336766599802843e+02
2.128195695269851058e+02
