2.682898642668739342e+01
2.853323149430591243e+01
1.446954382942638340e+01
1.083686843983124071e+01
7.036432314792148190e+01
6.474955389233825542e+01
8.973428041798059951e+01
1.066120301045709624e+02
1.128636689271369846e+02
1.170583676614468231e+02
1.168440995656027042e+02
1.172981893354000675e+02
1.171523832446263356e+02
1.181388270439193064e+02
1.156374282522375694e+02
1.158852797010077325e+02
1.189812763449552193e+02
1.189609180763924599e+02
1.188073309968958569e+02
1.188702369093864633e+02
1.188148351463486136e+02
1.188766968735738772e+02
1.189875247619537930e+02
1.189763088207178754e+02
1.189057346925519880e+02
1.189675448578780106e+02
1.188664154799757569e+02
1.189224110016560161e+02
1.189349129441120141e+02
1.182529143311294746e+02
1.178297362818974250e+02
1.177691422757065425e+02
1.188404917804215160e+02
1.189844714823183125e+02
1.182908576949736812e+02
1.186807784121702412e+02
1.188939649119308086e+02
1.187842842004500170e+02
1.184402507856489279e+02
1.188472219572678625e+02
1.188653275960522535e+02
1.185790365332866259e+02
1.188039909912383791e+02
1.189294218398438545e+02
1.188297359445452912e+02
1.189859751514575095e+02
1.189876759797004411e+02
1.187891757354557996e+02
1.187386928658713714e+02
1.188347047773948049e+02
1.189326690113948928e+02
1.189845096770373516e+02
1.188411251974801104e+02
1.177637733380026930e+02
1.189649210691770094e+02
1.186361738173808504e+02
1.189876808709216789e+02
1.188199114202322448e+02
1.189691652270613247e+02
1.189875867872378166e+02
1.186922285930561003e+02
1.189875716358754119e+02
1.187286072492060498e+02
1.323123469088304205e+01
1.188940917671041575e+02
1.189876241595607667e+02
1.188727272012270930e+02
1.189876184869898168e+02
1.187661083561294788e+02
1.189229756545348806e+02
1.189876775527837793e+02
1.187976322341154543e+02
1.188714323973890288e+02
1.189355270136298230e+02
1.189874837341557310e+02
1.188597565007065100e+02
1.189876732107723143e+02
1.189876332879909313e+02
1.189274058622101364e+02
1.189102795066062441e+02
1.188001527980199938e+02
1.189668045331825539e+02
1.189867138841743213e+02
1.189760396903527777e+02
1.189876716484900641e+02
1.189554884866825120e+02
1.189566516494991788e+02
1.189805018132630181e+02
1.189817967087354305e+02
1.188701956988455066e+02
1.189876761626134538e+02
1.189532398259109840e+02
1.189276866757029296e+02
1.189877009823248244e+02
1.189875524245384781e+02
1.189876868732872452e+02
1.189306900581525213e+02
1.189520439369530465e+02
1.189743056525877307e+02
1.188283435368780943e+02
