-2.929090229205703722e+00
1.402491178501582070e+01
1.731588370408411848e+00
2.727530400979713221e+00
4.290476710194488064e+00
-1.475454170653053509e+00
9.334640419674853362e-01
2.556753849874233708e-01
-1.644211860855786522e+00
1.931205606077016412e+00
-3.554192904890774329e+00
-3.932280700779601013e+00
1.313775272251804793e-01
6.251340420785584939e-01
1.286830320490429003e+00
7.722910359301025096e-01
5.294385953725111449e-02
2.664847933057641782e+00
-3.018705168571838016e-01
3.916497181984068376e+00
-1.480971601382171876e+00
-7.616464816986763253e-01
-8.544346570417697961e-01
1.315983991016064891e+00
9.138055453012370322e-01
-2.920694026306385194e+00
3.710296646735356418e+00
-1.693837968955528517e+00
-1.667771646853504208e+00
2.975861068368903517e-01
9.954464679742711652e-01
-1.140850101804309791e+00
-6.417116325421012846e-01
3.914485753766708598e+00
-1.229212499573992812e+00
4.462259760440955958e+00
-2.703220600753608593e-01
5.773101121161641203e-01
-1.592317070498295184e+00
-2.106772954267666087e+00
3.456825086197722996e+00
-3.030655622348676914e+00
-3.038906461477441923e+00
-1.452783310879330880e+00
3.215499739545125024e+00
3.846564281923839701e+00
-2.851341121707706705e-01
4.036049561060684354e+00
-4.481053441856994723e-01
-3.750259695834621265e+00
-2.564899471596540970e+00
4.314717619781013980e+00
-2.705935190165338788e+00
4.137776963870713587e+00
4.583478403303619331e+00
8.001957402307766642e-01
-4.069510852352950181e+00
-1.361624096876506762e+00
-3.879552143569116929e+00
1.272136895982239224e+00
-2.489405620025699317e+00
2.383035146589139508e+00
-4.713758853486017308e+00
3.469584164902547840e+00
-2.666409567980324802e+00
-2.090025604772459467e+00
3.208230168293088269e+00
1.693994510513734397e+00
1.981430129287965691e+00
-5.115025717765462332e-01
2.882741477535225805e+00
-2.724409575971309394e-01
-3.316424172904419265e+00
-2.558356308025295789e-01
-9.792518885455434585e-01
1.048349081511918079e+00
2.533910855399486017e+00
-1.706774000780134415e+00
-3.633987385461864505e+00
-3.204084275530381110e+00
1.144678321556916956e+00
1.149556578894746828e+00
1.445266637437918611e+00
1.845713705493596812e+00
4.328276954044998348e+00
5.769939949639768528e-01
-2.165096766941427830e-01
-3.600449256310453539e+00
2.570832584109739472e+00
-4.208682091093880473e-01
2.951054440109055932e+00
-6.959659263069406521e-01
3.213438300382264856e+00
3.108922214844200838e+00
4.260142404698976648e-01
6.882919149653501378e-01
1.368172696077602168e+00
1.652106310799684508e+00
-4.157495713772669355e+00
3.936719521909340713e+00
7.396759775741674758e-01
-2.173717444637987661e+00
-8.902198931946472271e-01
1.239756758584444896e+00
4.735649286783106149e+00
2.580306492097815152e+00
-1.049224105047272371e+00
2.266963354896169847e-01
2.728077957204866344e+00
3.754879387123633450e+00
1.786369016313703817e+00
4.572407195643071631e+00
-3.719382350816306637e+00
9.158471562974765945e-01
3.260878145174363141e+00
4.063238112144702541e+00
3.319900296146711227e+00
4.881664119933235568e+00
2.980333893137014911e+00
-3.945828223078243102e+00
-4.471738106718946781e+00
2.820333739094891712e+00
1.888070796209218472e+00
-1.449054332271713097e+00
-2.831436941666576779e+00
4.776060836140912258e+00
3.921138488480425011e+00
2.771538648409331174e+00
2.256776695174472991e+00
9.383427309827290230e-01
2.774039481192584589e+00
-3.176410229342307989e+00
2.977713943105682048e+00
-2.185815136899366351e+00
4.732158719372751676e+00
-6.216245430560221052e-01
-7.298181789134492448e-01
-2.425104096572845869e+00
4.793750264873590794e-01
4.519594359392549165e-01
2.673190828332918656e+00
-3.877811409486522365e-01
2.654786847742373723e+00
-1.656919139165760058e+00
-1.975590966598961273e-02
1.873832282287271944e+00
-2.502589437824065843e+00
-4.079260570643699957e+00
3.380816348120717407e+00
1.268505450154389536e+00
4.477222623964282278e+00
-7.282329210277804776e-01
-2.353159832181084266e+00
-3.139563816888697456e+00
-4.598868690504382961e+00
4.981782184381806644e-01
9.604931719232361331e-01
-2.152522197368234913e+00
3.467236686920948330e+00
4.380485687008697226e-01
-1.221670543925493568e+00
3.326257195771484376e+00
-1.048230835993378740e+00
-6.568662954280943822e-01
-3.464918129255854851e+00
-3.479382827819210267e+00
1.313267487585876303e+00
1.984157646036958766e+00
-2.674661351984516600e+00
9.600919299388017691e-01
8.177663604826213017e-01
1.121411209938526277e+00
-3.218810542604666480e-01
2.304640765856368567e+00
-1.802596449689142233e-01
-4.381637918415473010e-01
2.131677318467769311e+00
2.343016696043756397e+00
-9.074169551336428441e-01
2.306459707449370455e+00
1.615286362664829056e+00
-3.201246654955448356e+00
-3.632674019270334842e+00
-1.756225609374602925e+00
4.381270873723819292e-01
1.595650548051116502e+00
-6.121689599882564892e-01
-4.583543842161859949e+00
4.837357006591467723e+00
2.643034625702687102e+00
4.289845134147290295e+00
-1.470490955860199733e+00
1.819827741671966592e-01
-1.066389724857617072e+00
-9.797424655975515151e-01
9.130281542124212280e-01
-4.184276681885179094e+00
-1.646060898832640618e+00
-6.005550114026441122e-01
-1.960557462003031493e+00
-9.089880145076980611e-01
-1.327636112985958405e+00
-4.200552201506859262e+00
2.266857188902610787e+00
4.020871067982403346e+00
2.962221022232888856e+00
-3.312379070033867556e+00
3.277361958935184560e+00
-1.684188875719418554e+00
5.512396073273411190e-01
1.373016201329329888e+00
9.952413245470630443e-01
1.420745250894669631e+00
-2.706944589467807916e-01
9.043752368536051023e-01
-2.664307132111277454e+00
-3.571083772396494549e+00
-2.249523617324763691e+00
-4.372506554187779670e+00
-9.478121892246669233e-01
-2.830228135358851649e+00
1.846118174749599383e+00
2.202282261908115046e+00
3.269287839568342235e+00
-2.342021504133633414e-01
3.657501106664915014e+00
-1.463291042686725163e-01
-4.491264338025976244e+00
7.512138822370104663e-01
-4.846660984152979523e-01
-3.196339529062894869e-01
3.076415281636952770e+00
4.806449502829106990e+00
-2.741743319810723278e-01
-4.767331279926851906e+00
-3.075027310523505086e+00
-2.151824536825666101e+00
-2.491368756550254027e+00
-3.547454540218879515e+00
2.839724762439814754e+00
1.126349676137516909e+00
-2.115642596283324739e+00
2.612800985900428863e+00
5.848529571832656870e-01
-2.432466792072845330e+00
-2.704220863519628093e+00
-1.384174134745719709e+00
1.532060884593645866e+00
1.452649919590420780e-01
-3.026894835888414015e+00
6.449245640470397944e-01
3.745978019621682975e+00
-1.715814782610683764e+00
-1.380995038041823442e+00
-7.354631094251313783e-01
5.224079670353187765e-01
-1.330156017887456077e+00
-1.123104747496961764e+00
-1.792483414445912970e+00
-3.427299347510264216e+00
-3.215927854794174756e+00
-3.737661744808703723e+00
-1.424299047343969171e+00
1.591738700995202649e+00
-1.882025802910858303e-01
-4.476832376250841072e+00
2.993816964924177704e+00
8.111211709299626094e-01
1.504447435699978186e+00
-1.336115116836846806e+00
-3.578755502460332139e+00
-2.728424471181432942e+00
-3.598685707006470835e+00
2.315546803602138937e+00
-1.828960704316315855e+00
-8.945981402257476844e-01
-6.428193905776948824e-01
6.395784088037492765e-01
-2.184504261012563120e-01
-1.787883198815276131e+00
-2.884470643738951345e+00
1.511412684501195258e+00
2.964390786298530145e+00
-4.493596191608384416e-01
1.804632909304261901e+00
-2.966549073001643055e+00
-2.479715864624250088e+00
-2.233436023171677220e+00
7.426258027480887591e-01
-3.889103909885515797e+00
2.943936334806018351e+00
2.270003208472540557e+00
-2.786764509298407688e+00
-3.272768414243527602e+00
1.148279670211786119e+00
-3.183364973638656004e+00
2.406167762848179237e+00
-3.192279906290419689e+00
2.384218939153653238e+00
3.666201947989520704e+00
9.719062793532318167e-01
3.768310026242616573e+00
5.318633823569616226e-01
3.946527987538985371e+00
5.000000000000000000e+00
3.649244013161821343e+00
-5.465772407562310420e-01
1.775063873208493348e-01
-2.312314157102537404e+00
-3.005051964930313790e+00
-3.667583938523693021e-01
3.226141667545752156e+00
2.465283148128991186e+00
-2.053745276603675673e+00
-2.067548615502651010e+00
4.236379329960527684e+00
-1.530668215363610862e+00
4.934184364056894978e-01
-3.522648805381387138e+00
-3.064519844398334580e+00
6.852656246686494868e-01
4.650062449735013814e+00
-3.638457089655704912e+00
3.839977681551991040e+00
1.220501806043710502e+00
-2.010988146282033373e+00
5.396294729427797421e-02
3.026829130458185801e+00
1.348186570933136430e+00
-2.261775830447128044e+00
-4.035132068105189873e+00
-1.772762386192861417e+00
-4.117450991846120623e+00
4.932603016463186663e+00
-6.512308859956483786e-01
8.091088063576190592e-01
-1.055680568925724039e+00
-3.302493927779192262e+00
1.155318064878855466e+00
1.221557068892364484e+00
2.296725075629347579e+00
-1.539129050581782288e+00
-9.003753035849300090e-01
-1.951181584893118881e+00
3.569004016072147678e+00
8.210343075585040395e-01
-3.681230197217804978e+00
4.486605316883718331e-02
-5.458116246737452215e-01
8.503410133331312792e-01
-1.646583760656818551e+00
2.734024845758940003e-01
3.875924288571360066e+00
1.004927390649785757e+00
1.684399932012404122e+00
-2.694763107429567484e+00
-1.451591915679821820e+00
3.717511102673606516e+00
-3.571984562478644598e+00
-4.108654799176792771e+00
-2.295089878866694022e-01
-2.678513157901201591e+00
-2.091137563416172629e+00
4.252992552608169774e+00
3.600073179436511950e+00
4.096407630418134715e+00
-1.873628857481663523e+00
4.995518178927600417e-01
2.849943829341359702e+00
2.527998257342789046e+00
-9.731765618391641226e-02
1.472512324260632610e+00
-1.315747836102370005e+00
-3.341389049122386545e+00
9.171118811147804806e-01
5.180822551487729299e-01
-1.556026676763432093e+00
-1.027175040629966229e+00
2.841159513135327330e+00
3.857760619548031400e+00
3.435336930288443114e+00
-3.022294381395886909e+00
2.328344052191618552e+00
-2.335540881048645545e-01
-3.516511755271749085e+00
-7.673959947893411737e-01
-1.636800226444908191e+00
-3.228320116125678041e-01
1.584779062583415055e+00
-2.522105305313266044e+00
-3.993423285254483979e+00
5.087652130966171526e-01
2.050778649505798690e+00
-1.597973556450742461e+00
-7.879304065007115554e-01
-1.627007606390619365e+00
-1.235122977229337504e+00
4.600371502647460531e+00
3.391111618875479294e+00
-3.509499654629972376e+00
1.480304647490546799e-01
3.891981320045411863e+00
4.699407573789425641e+00
-3.702889913640774910e+00
-2.105514647009840701e-01
5.804606687003062149e-01
9.175067120373121554e-01
-2.716398125531708452e+00
4.279674380138619227e+00
2.937727443422339491e+00
2.438489132181630659e+00
1.484436755178060174e+00
3.076261985041819358e+00
-2.828232747372253719e+00
-1.783622734999545489e+00
-3.062616250579832222e+00
2.434251380638256634e+00
1.654011632662804487e+00
2.852537792217077595e+00
1.312307583233673469e+00
-1.793140609820618625e+00
3.262180507345103564e+00
2.972521944965076379e+00
9.175489758653574413e-01
-4.403882435893081926e+00
4.586061325689607671e-01
3.014560936345535680e+00
-1.463018553298753854e+00
3.963988700686480016e+00
-1.663506602104303234e+00
-3.907535515926673142e+00
-3.925641555670275729e+00
2.515129158601579817e+00
4.693165208602401606e+00
-1.742897526472741987e-01
4.069984052789781259e-01
2.735681424507045989e-01
8.833000810850863971e-01
-2.562603040889574579e+00
-3.708163606683253732e+00
2.333342670486087123e+00
-4.294614394375981803e-01
9.817684196482723280e-01
2.225359605166053356e+00
2.167247633262331163e+00
-2.454188009604720833e-01
-2.026403305685269274e+00
3.274205625914932583e+00
-1.561724240728830537e+00
-3.571085328230827471e+00
1.359183915182783586e+00
8.459228498055857415e-01
4.540134769474757803e+00
4.479944259700939568e+00
4.367517658328601726e+00
-1.570572711497444374e-01
4.433227698146104956e+00
5.802929116973141177e-01
-8.035815554225678170e-01
-1.816247132114356511e+00
-3.900073833080179853e-01
4.403436003170384083e+00
-2.463115180214204170e+00
-1.087682598551900526e+00
-7.883563874579184727e-01
1.821791303863644629e+00
2.052726569783731136e+00
-4.456043123276177909e+00
1.386380629525590713e+00
2.694312659389490605e+00
3.295839738897463178e+00
4.289696902524923416e+00
1.563906288668279743e-01
2.750615581982298607e-01
2.730765793986899226e+00
4.368644139131834692e+00
3.136370773717182203e+00
3.079806395692044063e-01
4.645059498155593047e+00
-3.216328179674011079e+00
-2.797957090718425910e+00
3.813978837342176575e+00
-1.681519311818799878e-01
4.548008684343729513e-01
1.311840279904031625e+00
2.168163582027684555e+00
-4.973958505377984451e-01
-2.323933424294185812e+00
-2.459081627801817937e+00
4.551328340236386438e+00
2.710312655288981354e+00
2.317981214633958231e+00
1.565699096102229682e+00
2.502990768465518379e+00
-2.677679855303587431e-01
-1.420945016484154166e-01
2.651962649602928046e+00
-3.552449044999521632e-01
-1.759829830557961827e-01
4.479376557339190157e+00
3.061708618317560138e-02
-1.362757503489301136e+00
3.793341096222917486e+00
2.661069896911714139e-01
-2.721737808729455921e+00
4.097674993175459690e-02
-3.997955353368110032e+00
3.083345207147045741e+00
-3.868844386419474368e+00
8.086474063925477296e-01
-2.924019580020659870e+00
-2.240854608589855523e+00
-2.421295567059154052e-01
1.025281010803785975e+00
1.493447908098650245e+00
-2.433682942438493146e+00
-4.434821066373348941e-01
-4.967247441128401775e+00
-6.851883653997434820e-01
3.732252180702237965e+00
3.700715247778145311e+00
-3.728831068846157670e+00
-1.601219684339719063e+00
-2.744265917305517277e-01
-1.061624003469285871e+00
2.196643722615865713e+00
2.479375046959106044e+00
-1.749999694518470150e+00
2.048162885513060694e+00
1.575591610100390838e-01
-8.201859325339944107e-01
-2.712397273115091600e+00
-8.058683508826591790e-01
-6.058875935621479414e-01
-5.876185041100079331e-02
1.655984993751933310e+00
3.533156457847841381e-01
-1.441357974268394848e+00
-2.346281572484950395e+00
-1.531017112918590772e+00
-3.287043989296554614e+00
-2.129142800771379740e-01
-9.944870055403765008e-01
1.307862650084809175e+00
-3.421158468959295540e+00
8.865285369839686069e-01
-1.859504562741831624e+00
6.764624771702880679e-01
-2.828342578957168119e+00
-3.633160768429142262e+00
-4.605514515978927470e+00
-1.450845811509322125e+00
2.577962460513573362e+00
-3.029433092403998717e+00
-4.515150065842473026e+00
-7.980606319944225646e-01
-5.120970361514540770e-01
7.711659641790173936e-01
-3.251915056091428724e+00
-1.048222380517528585e+00
4.350296378649819218e+00
-2.770098259756192949e+00
-2.105710670878993440e+00
-1.361128204686576026e+00
-1.990985706733254812e+00
3.066706252237096919e-01
1.257509484482066675e+00
3.752929520256170548e+00
-8.739605000745971353e-01
-2.667333799024656393e+00
-1.476352818555093815e+00
2.340970527081128516e+00
2.856269455221339015e+00
-2.606167006854900769e+00
-3.410369880980761437e-01
-3.082406777330906067e+00
-2.776533505284768832e+00
3.299153787967377127e+00
-3.144310093195994860e+00
-4.214764509683764260e+00
-1.494835312982765174e-01
-5.319924149218309140e-01
-7.237017575926385504e-01
-1.540672509654484656e+00
1.389166055893293894e+00
-1.206238357339680434e+00
8.593922066273904647e-01
-2.814078849379492375e+00
-7.000069555168950686e-01
-3.970945083718011137e+00
4.170422650493485150e+00
1.456327683154318819e+00
-2.199290476028705754e-01
-3.742608746881259663e-03
-4.218036476695349535e+00
-3.737892865673904552e+00
1.774172866282640371e+00
2.267183840548576690e+00
3.681279655843212595e+00
1.076828160241066534e+00
3.894983219906045235e-02
1.149999222416226985e-01
-1.113032439583445665e+00
3.631455329470387738e+00
3.826452806498034320e+00
4.068904482715892001e+00
-2.638690966042127606e+00
3.827727995286542395e+00
3.006019661737981963e-01
-3.577311574094976798e+00
-1.751452789655906450e+00
1.288415232846946701e+00
-1.265990411184096498e+00
-1.187737554604405332e+00
-3.497638574422152313e+00
-2.328824732675272013e+00
4.464325609602447287e+00
2.001586329457611946e+00
-2.705390793037385500e+00
-1.093240409497813204e-01
-7.151294110006620741e-01
1.877526863816100899e+00
-1.253102582922371866e+00
-3.410597499723246884e-01
-3.701134459432455337e+00
1.231691747306803641e+00
2.833195542755522212e-01
-1.114092375558849213e+00
8.047360696090670729e-01
8.157069093861268883e-01
2.615669476119412806e+00
-9.610681994999481503e-03
-6.977763160078414018e-01
-3.165038981876299840e+00
-4.481878002735343536e+00
2.006663090427460716e+00
-2.662433841765191822e+00
2.089202651371957487e-01
-4.979050163616998148e-01
-2.822910356291763012e+00
4.367507416509305074e+00
3.337269333046013031e+00
8.570001322778617592e-01
-4.682265184387616408e+00
-2.476907841717665093e+00
2.608241073324126802e+00
-2.590546220877789629e+00
-1.180372925877351875e+00
1.859820527593591066e+00
3.396148623600538485e+00
-3.121985342427473942e+00
-1.761211815803696012e-01
1.935241863003605012e+00
2.851722686280192320e+00
6.264106046177531084e-02
3.836168604380281622e+00
-1.606066666044046798e+00
-3.277038574951738781e+00
-3.971089676453882777e+00
-1.156834871689390809e+00
-2.622627599736444104e+00
-1.109977990007753323e+00
-3.503015003254429161e+00
2.057158126573606971e+00
-1.211520012098147969e+00
-2.186308483886714171e+00
-3.507176292312768062e+00
-2.846948638546209942e+00
-4.177110726073482994e-01
-8.196062973564046672e-01
1.018992213583745254e+00
4.211349164490128416e+00
-2.406219266356757203e-03
-3.142138310185086603e+00
9.418630590844809802e-01
2.970545823293100796e+00
-2.227416857228650571e+00
1.028202566633908077e+00
-1.186568404483897332e+00
4.107222756353134940e-02
3.385825108633795821e+00
2.655090306255440957e+00
-4.889751386375658093e+00
-4.318042210786101620e-01
9.170434543374073044e-01
-6.467425821212096082e-01
1.763468310435111874e+00
1.292380822629139558e+00
4.853983845094088423e+00
8.295172813620075303e-01
4.301053007283190510e+00
-4.536789435430289785e+00
1.936847779445804107e+00
4.555429693208562725e+00
3.441342437411156752e-01
-3.846840203767696309e-01
3.481648592281967325e+00
1.740410982424910102e+00
-4.450010527009568229e+00
-1.998110873947776867e+00
-1.189008621981893832e+00
-3.206565332160895565e-01
1.535447945607089082e+00
-1.619824071479595062e+00
2.810622701721767314e+00
-4.300260374512952843e+00
3.903189638929379868e+00
2.525389026813561699e+00
-2.616974707785597598e+00
3.969080547876501441e+00
1.680687344007971262e+00
2.409443035786607012e-01
3.018107487604206440e+00
-1.075981685050173553e-01
-9.615804596176218411e-01
-1.946569100759893534e+00
-2.503567337702126139e-01
-2.832254259625371695e+00
-3.901149428383057227e-01
-2.521187605494299433e+00
3.419788209591205330e+00
2.506845898758895963e+00
-2.749338266171876821e+00
-4.850943172151577443e+00
3.358207574576043797e+00
4.368509112914138015e+00
-4.444882691951460352e+00
-8.827952498453415231e-01
-1.151282770463764038e+00
2.109400375527009430e+00
4.991194745706323488e+00
-2.069522557523027828e+00
-1.771394834376317284e+00
-1.812981947241305569e+00
1.309219133690476156e+00
1.252592808291823623e+00
3.281128553449404350e+00
1.451089971756728048e+00
2.211314916230939787e+00
3.602447622466996791e+00
2.011571832083582478e+00
1.556358046107279236e+00
-1.245676411311384513e+00
8.689947482162532211e-01
-1.296047585323838014e+00
5.096654614158779850e-02
-1.509444655635711285e+00
-3.792794553406109603e+00
4.064209804623160949e+00
3.764733757405515746e+00
-3.046374843373143460e+00
4.169883997472963344e+00
-8.704328531214038378e-01
1.999014565760156792e+00
-1.970550378592508256e+00
1.491704093006661402e+00
-9.946174216304584093e-01
-1.822586703430318700e+00
1.695172624279400964e+00
-6.935305987311348730e-01
5.556885265226574333e-01
-1.259342528882037016e+00
4.260691069088816008e+00
1.600965985601662922e+00
2.765855123601108190e+00
3.007910390249474375e+00
-6.000205679225363298e-01
2.931375113767130003e+00
-2.163667715828637483e+00
4.146647374151299914e-01
1.341542525597242630e+00
1.999558297899882930e+00
3.968127959023711071e+00
2.955716224428115879e+00
2.216319502720168977e+00
-1.854276813177872185e+00
-2.863715503312604937e-01
3.044824405411542756e+00
2.932004699830127237e+00
6.423844322244400828e-01
1.564397242780247055e+00
3.184072935919589398e+00
3.744218836338950140e+00
3.270966222258621769e+00
-3.787569948317626167e+00
-1.416220008639028194e+00
-3.099525518308010597e+00
1.621047573613276782e+00
2.807287191433122331e+00
-3.536429355204017799e+00
3.222817648685278868e-01
-1.235614351440966985e+00
2.324844989402277129e+00
2.416788781216907545e+00
-3.147060270645034130e+00
1.806809033303176548e+00
1.904799058000699041e+00
1.617649758646786395e-01
1.838527876135240824e+00
-4.651975171176497170e+00
2.975820775266599938e+00
-8.359402672707041404e-01
1.817650613453763775e+00
-3.027832078096168722e+00
9.508707268159666270e-01
3.135502920235355262e+00
4.017479505899082426e+00
-3.236990502006672266e+00
3.963053054688412402e+00
5.967130330495340473e-02
9.326015609229587611e-01
8.339972984047232529e-01
-3.092633061639228131e+00
-2.424620692802098354e+00
1.825001973148950185e+00
-4.532135431928557168e+00
2.419807893159214629e+00
1.364410584501990265e+00
8.708981502593813318e-01
2.538855282341709874e+00
4.470552340762075971e+00
1.582403433063877429e+00
2.090576216223354322e+00
1.673483533126912448e+00
-3.562037334754164064e+00
-3.696040285091783950e+00
1.584299596699998425e+00
-1.482119572124720452e+00
-8.453124091203525481e-01
-5.555483059690544678e-01
4.902341309497682431e+00
1.278327242459910806e+00
7.668670372925570078e-01
2.658322993512802768e+00
8.184526643021090564e-01
-9.277038180753578445e-01
2.831217983137683802e+00
2.692560146633963925e+00
-3.003055477209348734e+00
4.245983371912569027e+00
3.376400414118453597e+00
-1.262432831022611168e+00
-1.514880225577602602e+00
-1.359197487491320189e+00
-1.702952040012463364e+00
9.206944908515923842e-01
3.945535692055804233e+00
-4.323035704955291436e+00
-1.716717876636083773e+00
-3.554135896139971607e+00
4.011888535576206394e+00
-4.373750663790349158e+00
-3.103906896371770419e+00
-3.441584628849040151e+00
2.955171867041757494e+00
2.328908048540306197e+00
2.947255042471867093e+00
-2.958823335052136017e+00
-4.886078679296105065e+00
-3.622149569775969358e+00
2.953086132103786454e+00
3.438845116787463851e+00
6.015490465890236393e-01
1.589606628241497788e-01
-2.495120378192101640e-01
-2.749158673114884266e-01
-7.559953835545885070e-01
4.433437804222853273e+00
-2.574581386461931132e+00
-8.104693887211373848e-01
2.846319563724817314e+00
-4.524815841151342610e+00
-1.190330216007243092e+00
2.600380094026699673e+00
-3.114373090248243603e+00
-7.352814630598913936e-01
-4.568273790095491727e+00
2.041660281910830932e-01
3.191443508727939360e+00
3.872668300159896049e+00
-2.804248411275150232e+00
3.880649993690932220e+00
2.614925068925729512e+00
-2.050998095108567121e+00
1.176987730632095719e+00
-1.025010977090584419e+00
4.146622147089916055e+00
1.232986927426784618e+00
-2.258849438497092521e-01
6.540463702686460934e-01
-4.034727041387091262e+00
-2.801901081951235994e+00
2.450947214235022820e+00
-4.390426532624871037e+00
-2.744914325389729015e+00
4.625042070925255544e+00
-7.632372301344094723e-01
-7.972660884115780888e-01
3.194601980562580934e+00
-3.317673394875305881e+00
-2.528176255984619480e+00
4.866017057309491634e+00
-3.122882040696922878e+00
-1.276204864256866855e+00
-9.384602577554401748e-01
-7.707529083684150351e-02
2.899271515858778514e+00
1.365106042369221839e+00
4.467207570174624109e+00
5.146386723114746431e-01
1.856205136123030286e-01
1.573785678039008040e+00
3.573181915068314396e+00
3.517030683250252920e-01
2.877985942166908728e+00
-3.829712020707809472e-01
-3.420661831309609546e+00
2.723869093574149858e+00
4.675190136876299363e-01
3.878859071081308230e+00
-3.106630730420259390e+00
-2.154150506878091509e+00
-2.809624864321962789e+00
7.790798707950212787e-01
-3.519153089968272585e+00
-3.202274224236978384e+00
-4.572711733507697218e-01
-6.421543169647740967e-01
-5.988143244112995589e-01
-2.637179920738708105e-01
-2.689247548393937315e+00
-4.847687263657422641e+00
8.021443606060447706e-01
-2.281200640444782657e+00
-2.414657835945375197e+00
-1.941308697936575012e+00
-8.706092167578027841e-02
-2.651959315778224635e+00
-3.561008942260865950e-01
3.789358766564316028e+00
-2.522757793359319045e+00
-1.071587508675424072e+00
-4.431847443763084371e+00
7.973780233571483578e-01
-2.953653633033272108e+00
-3.373990243572548842e+00
-1.906671273124131982e+00
-3.957985957762959472e-01
-5.921316938683132136e-01
4.193405042151843176e-01
2.094110765121541817e+00
2.336774839771024403e+00
5.774356436606788989e-01
-1.954334749415738592e+00
-1.062048516092283901e+00
-8.193473730934819343e-03
3.441458764962977313e+00
-3.007929071042014790e+00
3.801444022344455220e+00
-1.522803655322734873e+00
-2.604439659948030172e+00
-1.096722732827526858e+00
-3.049699343998815149e+00
4.783724405291103210e-01
-2.931496328034496557e+00
2.798816474511781394e+00
3.174664159336860081e+00
2.475087708508122653e+00
-3.887654281694501890e+00
-3.120145178377150330e+00
1.302755319931576672e+00
3.232790719900515697e+00
3.198696541871955290e+00
-2.196892028694739984e+00
4.334990520996726104e+00
-1.845411704627766269e-01
-2.900490304150876497e+00
-3.268611221566454006e+00
4.369971049837806376e+00
2.716556502831749320e+00
-6.228566534369530672e-01
2.799100089076922870e+00
1.089745510186127753e+00
-3.664455422665130691e+00
-2.100331362534401780e+00
4.044093329428621431e+00
-1.697931259179577879e+00
1.134543696994958495e+00
-1.917104381296393711e+00
3.788775399626265639e+00
-7.862964637437475091e-01
3.765120083143180807e+00
3.817652177459979868e+00
-1.901614817358256104e+00
-3.931620484189826570e+00
3.702558354844615707e+00
5.367038963800938589e-01
-3.953199119099398473e+00
8.363937591231245250e-01
9.738287596602903662e-01
-1.636564328867985196e+00
2.075744721737332377e+00
3.423136584469972377e-01
-1.083697632575061576e+00
3.188631946347676660e+00
2.030353921499229664e+00
-3.229210707607102826e+00
-3.885667641279875628e+00
-3.714786034586508912e+00
2.395536654740000770e+00
4.718297581052679490e-01
-2.919289539260054411e+00
1.460839051147109657e+00
-3.771517599798541287e+00
-3.324727078768203281e+00
3.068800092748009689e+00
3.483097946424768665e+00
-8.916316726622222077e-01
-1.257118384596711547e+00
2.547707499503726325e-01
-2.744455318087690276e+00
2.674612451554123638e-01
1.676484452408102399e+00
2.809073189047608388e+00
2.871125830209018126e+00
2.791871502614656997e+00
-5.318462982569638342e-02
6.039560596700646045e-01
-3.383308657185239099e+00
4.242687246383450628e+00
-1.788401951688856961e+00
-1.088167319077260053e+00
2.646827958433633832e+00
-2.480972055659890430e+00
1.840199683220773430e+00
-1.642791758909842859e+00
-1.923947304078885701e+00
2.298548699856217681e+00
-1.607467846690181723e+00
9.489756532443802683e-01
3.804179109996653096e+00
4.143226131443695337e+00
-2.637473276271228073e+00
-2.773747297950972523e-01
-3.206503089436729681e-02
4.186450620626509078e+00
3.207910775602066167e+00
2.904663924750154003e+00
-6.258072340423215252e-02
-3.493201792078807877e+00
1.182209025709699546e-01
2.706691677271737539e+00
-2.238142910699250976e+00
-2.388931681054311085e+00
4.705282231670231852e+00
2.486988150181623780e+00
-4.763904858326678315e+00
2.866211287160087551e-01
3.926570634251513425e+00
-2.185721677923945894e+00
3.900162678447360420e+00
1.004988016827997654e+00
7.789166825540503325e-01
2.563513094073930354e+00
-7.580215705133488413e-01
2.403213949218540257e+00
-3.201684959867439062e+00
-4.120184976180301994e+00
1.340851184123133422e+00
2.642020978631576256e+00
4.280408995382916970e+00
-9.627772800399609920e-01
2.496259029797989193e+00
7.581219274743222769e-01
-2.052743059896854128e+00
3.897139407244676335e-02
1.519303244253311647e+00
1.058282424693228307e+00
-2.068858844101877370e+00
-7.493895388499680621e-01
1.226810700121849784e+00
-2.627189521286722673e+00
-1.907816089381102476e+00
-2.090788125894236238e+00
2.960114776948669757e+00
4.723278227216425762e+00
-1.433203812774304531e+00
1.392657971989748056e+00
-2.108069822413756622e+00
-2.681443385612764629e+00
-1.984020955453091428e+00
-1.525703868984085165e+00
-2.271963821935718553e+00
1.439208079816742369e+00
3.549067370985774517e+00
1.831681918591564262e+00
3.312219975662367588e+00
1.229214385883588001e+00
3.438510640173131350e-01
-1.213392787302080222e+00
2.835197232333212192e+00
-1.194966805565558676e+00
-8.442899288775596034e-01
-5.577421852915644962e-01
9.742767946388255496e-01
-1.300404979512074899e+00
1.301597647704239691e+00
-2.450139579301898074e+00
-4.599284990042900922e+00
3.359081150237708258e+00
2.303908613908934200e+00
4.955948026876569656e+00
4.652036152519146484e+00
-3.436457268432138168e+00
7.247157483419810475e-01
2.417093798504428293e+00
1.897546480407713787e+00
-1.126216055129867222e+00
-2.094948145578418242e+00
-8.791312140629647942e-01
-8.164517096611678681e-01
4.106074072206064685e+00
-2.595292283010040002e+00
1.684213783302961787e+00
2.099643142753485847e+00
-3.304911490320232570e+00
-1.990262262047413522e+00
-1.969521746629903980e+00
2.808783699691811186e+00
2.292737039005057653e+00
9.487027820419333679e-01
2.652236486957249006e+00
1.834847958288605696e+00
-2.487565026635612409e+00
1.171090584504380416e+00
3.295237296360976842e+00
2.907694745364244326e+00
-1.134349664152871640e+00
-1.497836047491469813e+00
4.681808562040540522e+00
2.632379015669132905e+00
-2.067884779773669024e+00
4.120411317335294754e+00
1.022633129589696210e+00
-1.104610588587240372e-01
1.161348042049555218e+00
1.446723669636721610e+00
1.437686079257661120e+00
-1.366526648897137264e+00
4.059907433887357087e+00
-1.292734345837471821e-01
2.492944886433187790e+00
-3.471031196217317927e-01
-1.297114563287868894e+00
2.144205384316317797e+00
1.340444963702360326e+00
-3.920269631739249583e+00
-6.492288744949137325e-01
-2.586423334766187132e+00
-3.948539093731691096e+00
-4.585300677804242220e+00
4.995062484751491283e-01
4.080067594068314207e+00
1.865861777019192758e+00
2.099238971643774043e+00
8.201174704576130736e-01
-5.965319712935173158e-01
-2.294781158057466186e-01
2.530761962930309750e+00
-2.376753893866966116e+00
-2.674872588017801256e+00
1.833799536666004037e+00
-4.557527765476145021e+00
2.693284293941452745e+00
1.140139128955695469e+00
3.298634727354926355e+00
1.128895429035587483e+00
-4.443818083914557349e+00
3.014664174844558175e+00
-1.442732700316782690e+00
1.419259415343395503e+00
-5.701070709438829098e-01
-2.710482802506373190e-01
-1.759862428382899857e+00
1.916942521696224588e+00
-2.288354431252251686e+00
-2.020741501349934133e+00
-2.389054986522680668e+00
1.942512716480276680e+00
1.895321055954989120e+00
2.442585004414407734e+00
-6.435759034317705130e-01
2.382165916676339812e+00
-1.273817812955635898e+00
-4.064284582634414278e-03
-2.051023763156000435e+00
3.430113885911701743e+00
-2.131527834524771237e+00
6.996334062987070723e-01
-2.563832649770916294e+00
-1.614764791377691910e+00
-4.797037525058791552e+00
2.128827638484718676e+00
3.108063401120952918e-01
6.134513611074918771e-01
1.685595791892087192e-01
-3.969556725205539927e+00
-4.096563422460602233e+00
-4.549402677494982505e+00
-3.028424077687112081e+00
-3.348912110166575751e+00
3.194387121375520167e+00
-1.176713328203549125e+00
1.900539375416010479e+00
-3.221626185935635434e+00
-2.239553370802865651e+00
2.598397330362778312e+00
-2.554084897444654167e+00
-2.609642424021372697e+00
1.445051463815749671e+00
-3.417381116965689802e+00
-2.022486000452248245e+00
-1.764117735763479633e+00
-4.638920124044673798e+00
2.799260460182324550e+00
4.177961117179723516e+00
-9.557292123843472709e-01
2.080580052852001316e-01
2.414473271341110561e+00
-1.099176238091057467e+00
-2.765324011867003051e-01
3.840539201567645833e+00
4.409051841342385814e+00
-5.878789945700351183e-01
-4.811821204933744767e+00
2.430830703336969378e+00
-3.370132347096228553e+00
-1.421216974533987543e+00
1.552147376115136090e+00
-8.261420879625074321e-01
2.683530303368772962e-01
4.067171998945669387e+00
2.210029721316777440e+00
3.252691713387758199e+00
1.398801704465714835e+00
-3.662997582343994196e-01
-4.891177698873110380e+00
4.373081190120263528e+00
2.364021035865221165e+00
2.886865068113396049e+00
1.343273741316375336e+00
-4.655312641363079429e+00
-2.303054259659986780e+00
-2.370678625895301650e+00
1.161375636521034593e+00
-4.024498567145862182e-02
2.809330992662584237e+00
5.332654884351022417e-01
-3.644133586073845521e-01
-3.622326670088341416e+00
2.413546513358513224e+00
-2.022087273154312026e+00
4.479602058091812111e+00
-1.906751124518888396e+00
4.698880380207549834e+00
-3.428330762376718521e+00
1.035037759769894095e+00
9.039540200178901586e-01
2.960079932132320124e-02
1.226207818314614784e+00
9.884391912916967726e-02
-2.694508376076338418e+00
1.006423322309196955e+00
6.501036380606608489e-01
-2.656681360341738518e+00
8.525682887017405065e-01
-2.313583389086302233e-01
3.721911625977940119e+00
6.533100997730834081e-01
8.339971155373726575e-01
-2.319531878032941474e+00
-2.186164108847492571e-01
-1.536378944519208645e+00
2.959849348722549678e-01
2.624073937247713317e+00
2.419361111572513323e+00
7.929578005056745482e-01
-3.727959471980843986e-01
6.849131626453042188e-01
2.544000104434777754e+00
-2.775003023169692717e+00
-1.366689369690548439e+00
7.283947771890204592e-01
4.552243077905737678e-01
-4.171053950873798932e+00
-3.496429156129172711e-01
-1.373638620128950549e+00
-9.931336239122172671e-01
-3.250368312753266764e+00
-4.210437525645271961e+00
-3.219608437947252710e+00
-3.695036333048214772e+00
-1.429713728111909887e+00
4.329368578717804894e-01
-4.844636574711493893e-01
-3.213031785780918526e+00
2.090538865462285401e+00
1.107279420193229669e+00
1.249976952787315909e+00
-1.556897731500217930e+00
-1.193117028182861805e+00
3.835528134514298415e+00
2.027303379661749005e+00
-3.647058882082688136e+00
3.595505133767991524e+00
-2.076255962706748281e+00
3.775273306665251738e+00
-9.966258982158731072e-01
7.998436491567852968e-01
-4.829006780525944009e-01
1.798968318668846322e+00
-2.782474293017607181e-01
-1.574604238150589808e+00
1.881869476115580753e+00
-2.011816758207692679e+00
2.465534136710730628e+00
-3.581464641022342743e+00
-2.928107902573757304e+00
1.638100306960370567e+00
2.587303646362173026e+00
5.200129423723005573e-01
-1.110716935534336258e+00
9.583237680416321069e-01
-4.340028428336839994e+00
-2.812732647693183541e+00
-4.144848218099276060e+00
-1.382286979892945133e+00
2.245949033982626020e-01
-2.679963302149201532e+00
1.587879685646219841e+00
-1.221316564647402458e+00
-1.330534513052638701e+00
4.087202368011677578e+00
2.011710806288313336e+00
3.009353366210037350e+00
4.021198939244023052e+00
-9.176004532129660163e-01
-2.016861372699312316e+00
4.272471138196765494e+00
-1.839777624821969049e+00
-8.405927804992465724e-01
6.426024732550654761e-01
3.360709876688527942e-01
-1.011330381842030945e+00
2.170807453441824464e+00
2.555309526935751308e+00
-1.832574728754713611e+00
-1.725660410706536751e+00
7.633904070019470467e-01
9.908612142300849968e-01
-3.368537399093387563e+00
2.147927577981646685e+00
-2.093346900545525635e+00
9.101705484341664487e-01
1.824126815728000395e+00
-1.863511335751484310e-01
-3.684762775573649840e+00
3.320221642482284352e+00
-2.875727163258635422e+00
-1.354063983718719832e+00
2.770096901451180926e+00
-1.515518407568405390e+00
1.586612011154623580e+00
2.133414748097806068e+00
3.212908067961217640e-01
-4.565239834435086408e+00
2.599282492310173609e+00
-4.482566534530889157e+00
-2.463208621245713825e+00
-4.255198174985853399e+00
-2.448110829778351150e+00
1.289894974763813096e+00
3.145872972845232596e+00
4.282759334643897020e+00
-2.630901085707146425e+00
2.414097315869597082e+00
1.086961644292973261e+00
-8.811121102792407456e-01
-3.689583930598657524e+00
3.505026214408001550e+00
1.830974550684302926e+00
3.903813684935101946e+00
-1.387456385868578224e+00
3.714296656970432764e-01
-3.659518687615639365e-01
-2.206097925742953603e+00
-4.781794677664066739e+00
-9.475504089259700891e-01
-2.648011796555325148e-01
1.771008989801472921e+00
4.569473799270088676e+00
-2.372550243398560799e+00
-2.124544065173608054e+00
2.023348725018316863e+00
5.771295596456527122e-01
3.968936808300309593e-01
5.623649376844408465e-01
3.076592799513797161e+00
-1.506181926646402047e+00
-3.210832420558942246e-01
-1.142673766584489492e+00
-2.756333298277202193e+00
2.776433799418902559e+00
-6.132234102140090570e-01
-2.729428667789752794e+00
-2.738705226384334335e+00
-1.648100930969779832e+00
-9.498930643584646560e-02
1.445089139495450148e+00
1.015342435652399899e-01
-2.685487781836801702e-01
-4.620555376957046434e+00
1.390948019553489345e+00
-1.946782725842670203e+00
2.284058187641599957e-01
2.082065982941725402e+00
1.868253387678836752e+00
4.869562470403115739e+00
2.872347469812154941e+00
4.302255683447437917e+00
-2.931903720612387687e-01
-1.707724890303574217e+00
8.713672319993897020e-01
3.468930345062348763e-01
-3.124530242232463895e+00
1.279877212351088644e+00
4.943842631690031908e-01
1.956282637293624838e+00
-1.778427125300272582e+00
2.909727408267546167e+00
5.993178243870209698e-01
4.599429257785310199e+00
3.188201633768718679e+00
-2.924840548656983952e+00
-3.131876607057196171e+00
1.884111169751488291e+00
1.582446971380190526e+00
-1.719449526516452664e+00
4.040975513162770483e+00
2.700120394908417154e+00
-2.957805639814912180e+00
3.012777674840037889e+00
-1.640989436013898128e+00
-3.022729426772602146e+00
-1.339614430684390456e-01
-2.241785300318217544e+00
-1.052039760464854368e+00
4.022333073632470501e+00
5.615387909613644979e-02
-4.654804921692825559e+00
3.575760141620660804e+00
1.481076233165433464e+00
1.074620707244767104e+00
-2.247853884930559598e+00
-1.190885006430888460e+00
2.179154798866536957e+00
-5.000000000000000000e+00
2.042049532040204340e-01
-2.178044230038945983e+00
1.632141590888126714e+00
2.242705330251134832e+00
1.335571926926954589e+00
-4.279517392559331057e+00
3.887932022064392257e+00
3.175153010287349531e+00
-3.111309405774604908e+00
1.458281665747477973e+00
-1.514364463319876286e+00
-1.752193662086918735e+00
-3.023168533014002790e+00
4.213320277009868775e-01
3.524157512265251313e+00
3.514483045829242869e+00
4.021954144925260266e+00
-1.583348858748689025e+00
3.909623471604941614e+00
-2.588619057114402544e+00
-1.905424648026441403e-01
3.401647503012057427e-01
2.722784099440536565e+00
1.325940626913865827e+00
8.491681154681609556e-01
4.887705172586990443e+00
6.643206168540984891e-01
2.149202155178866036e+00
1.217667552491285221e+00
4.321915863322242757e+00
4.147246460760994680e+00
-1.399152010354297815e+00
-3.301596929624524446e+00
-3.331893585831830151e+00
-4.360198080381374908e+00
-2.348531698130795764e+00
2.557779103153117184e+00
4.550790052150881948e+00
4.324841680924343734e+00
-2.122188558476265641e+00
2.477924484733929233e+00
-9.108774693964383218e-01
9.024794340391038006e-01
3.368559575293437192e+00
-3.836910162734486818e+00
7.086564628401816890e-01
-3.857728113433506856e+00
-1.902444166248037583e+00
-2.456463888482414148e+00
-1.817930789909903311e+00
3.102569319526606861e+00
2.798008367071163072e+00
3.293748611213811017e+00
-4.800985893984851316e+00
4.484116297223659231e+00
-3.144834927663151980e+00
-2.093824903359621459e+00
3.788088757727816613e+00
-6.671175272054421512e-01
1.847954661621628247e+00
-3.896221828458015679e+00
1.974997030550359689e+00
-4.215236390175075343e+00
-1.412232851024016966e+00
2.942813005976607776e+00
4.821798831755417680e+00
1.360370230013079329e+00
1.186847124164148504e+00
-3.135622936966963259e+00
8.874362030696172354e-01
-1.710926883239184626e+00
-2.866646039493885301e+00
2.255833131244866507e-01
1.970533063467332369e+00
1.373525925926184499e+00
2.237573702803765663e+00
7.269506908070368922e-01
4.541967597934226220e+00
1.020840645937205693e+00
-2.495019882959041979e+00
-2.925160669217747866e+00
1.775035545093439637e+00
-3.828299667177912369e-01
4.756543013815567988e+00
3.225137602278680404e-01
-7.158514274013825229e-01
7.490844972195418450e-01
-1.827990914368170294e+00
-3.930504282257623050e+00
3.033007140406153823e+00
2.632775762246062357e-01
-2.251853224233349771e+00
3.615676207147043186e+00
-7.865422326575526313e-01
4.142054015124616129e+00
-3.802647336242217957e+00
-3.457912724993327025e+00
-1.946522670302686109e-01
-2.678400654121488866e+00
-9.320521911186885333e-01
-2.685757359591131710e+00
-2.975182096490103234e+00
1.362477115589553200e+00
-5.751730837840671740e-01
1.412128935502652283e+00
3.061095466955460864e+00
-1.681296331273873790e-01
-1.476215981400063271e+00
4.325806263001920726e+00
7.150912343556790063e-01
9.184466037322174259e-01
-4.275308030041548690e+00
1.972265710475062939e+00
-2.083841262254703786e+00
-2.206494460955723103e+00
2.651368405758347535e+00
-1.846940632710519559e+00
5.142733405388266732e-02
3.177338455950449614e+00
8.924064119298407149e-01
-4.514721167576881911e+00
1.435815196036496211e+00
-9.648713495448815181e-01
2.522054216332163534e+00
-3.590302254960897166e+00
1.937311457852889163e+00
-1.599754531340491503e+00
-4.125717690739127086e+00
-2.233795628417304613e+00
-1.649818548272476537e+00
3.967484177942578683e+00
1.676722811341109676e+00
-2.784837930681285378e+00
2.556173788103275335e+00
5.443209621550861854e-01
-2.589946455459943397e+00
2.971091205615685737e+00
-3.618166038643560789e+00
-1.267606881445173528e-01
1.348732639646541998e+00
-3.146182526031982007e-01
-4.309948632006868507e+00
1.507673955050230497e+00
-4.992148642039843764e+00
3.867153961481088587e+00
1.757752122687072038e+00
2.208252627090767639e+00
2.849702159154539949e+00
-1.154686690968966811e+00
3.150102736303262319e+00
2.107482764926578156e+00
3.677990451346889955e+00
-3.072009597848005313e+00
-1.880784158416533014e+00
3.991865236988104471e+00
7.821362515044496533e-01
2.671911641031689655e+00
2.206787518656867064e+00
2.761318382327162979e+00
-1.251585934075905016e-02
-4.162844230574247462e-02
-1.671111546527219716e+00
3.196855295542221143e+00
-3.870588496120523914e-01
-1.859957682005485502e+00
2.967059948461383101e+00
3.280141847573885272e+00
1.667726860756513219e+00
-5.285367600987189718e-01
2.443190460434093936e+00
-4.708572885600660562e+00
-7.794295570447422605e-01
-2.823965992376351597e+00
-4.069709679426954274e+00
-1.280993495002786808e+00
-2.299258004373668118e+00
2.685613796094771466e+00
-4.747230532618305077e-01
-3.972240146569801844e+00
4.757603113575054721e+00
4.927392574146804094e+00
7.501472918572389403e-01
3.728944293001299926e+00
4.084346192775212714e+00
4.720582194440819279e+00
3.451532194288589039e+00
-1.575379522766322538e-01
-1.213588411749981777e+00
3.781157603199682526e+00
2.718168920508652775e+00
1.839467981883043279e+00
3.948493962608072394e+00
-2.552619123494538123e+00
-7.998342044410211571e-02
-2.398230740693904295e+00
-2.907104706538192751e+00
-7.735158384897111716e-01
-1.139658957000950767e+00
6.408025458385075979e-01
1.054471590784629598e+00
3.691308848391585684e-01
-3.166582477690448094e+00
4.197943748917257523e+00
4.263280501606335093e+00
1.845092649123537321e+00
3.034053362982566782e+00
2.416756675630193918e+00
4.627303901593963431e+00
-4.934365866053758154e-01
-2.750962964912510245e+00
1.950689077432500085e+00
6.455399313068603817e-01
4.643223433128355282e+00
-1.564270222505155683e+00
-2.208683812556357040e+00
-3.891538068144786422e+00
-1.812965443920813602e+00
4.375644025456217889e+00
1.380887260385787130e+00
5.426602569555996070e-01
-9.364841078840049349e-01
2.011587202405884511e-02
4.146292185363586569e+00
-2.398420658033098007e-01
-1.176378885798252671e+00
3.158696522375631588e+00
2.904029828681585101e+00
-3.072284346215746531e+00
9.007315086928899817e-01
1.439864639791275103e+00
3.997682492501464679e+00
1.055686160375065796e+00
-1.002074631052392917e+00
-3.434867186358075308e+00
-1.032223959918725509e+00
1.752104549106963560e+00
-4.317413908858995342e+00
-7.667714008623773836e-01
8.716728413507537354e-01
1.886205607334288104e+00
6.836352952081981016e-01
1.033946479430697174e+00
2.075028032067365302e-01
-4.658670072952047825e+00
1.158722608540330157e-01
3.649835634721753763e+00
-2.776472362852624443e+00
-1.448538333733742078e+00
5.123884441497850162e-01
3.562946430643410878e+00
-4.868321336870007343e-02
1.111850909899461115e-01
-2.624309184753597535e+00
-4.166761430003978361e+00
-2.657948718118623432e-01
4.411359218153849682e+00
2.374168721822069728e+00
-1.375194880146965559e+00
-2.420368501830409524e+00
-4.026000399632268412e+00
4.509829367859875759e+00
2.953789626420585179e+00
-4.515087277048949410e+00
-6.677197160418382182e-01
3.248144252633334617e+00
-2.623496236650542102e-01
-3.176401350305026128e+00
-8.204305457918259492e-02
-2.056512046843550490e+00
2.378858360908937541e+00
-7.599394934223600018e-01
1.705624963461525923e+00
-2.011095546755552466e+00
-4.305912856060290395e+00
3.112584801077494134e+00
-3.157456640245213109e+00
9.733581749725850329e-02
1.792120659700669805e+00
2.742936325071525516e-01
2.620618656817484293e+00
2.628898495521223566e-01
-2.544936159135308795e+00
3.911900306538605321e+00
8.442876980380367158e-01
-3.152413945843801635e+00
1.870544017103275003e+00
1.409600897442379264e+00
-2.029888220902247298e-01
-4.241068913378571281e+00
2.903801517770378204e+00
-3.507075069051621696e-01
-3.474152591886892072e+00
3.484730679378397866e+00
-2.834516987300938595e+00
-3.365566041489866045e+00
7.673838336579663633e-02
2.634612436415455505e-01
2.261763934997490288e+00
4.560951049329645457e+00
-4.135610920471020968e+00
-1.772151756305958337e+00
3.964740296122982954e+00
-1.678014449728215229e+00
2.659034535174246372e+00
-2.604743945646266212e-01
2.142535473531657075e+00
4.379125776172630324e+00
8.424681237466487005e-01
2.382377508223103568e+00
4.213472431640690630e+00
-1.035918422396701732e+00
-2.231311878343186894e+00
3.674820086431275001e+00
2.078023468834871323e+00
1.430146686472522077e-01
2.543219120576950765e+00
1.499275097813532298e+00
2.096752465922175901e+00
2.381931176794649829e+00
-3.917422998730488271e+00
2.469602433853365753e+00
4.034856261605730410e+00
-3.414584620775217516e+00
3.786542269354946200e+00
-1.037165167030540402e+00
-4.082526807762841159e+00
2.376764956706701959e+00
3.260754402770928095e+00
-1.941622224234471616e+00
-9.111664246504949105e-01
1.416812660598009366e+00
1.152428315889897803e+00
3.029835814573910824e+00
-1.593857238706148927e+00
1.060253588191832463e+00
2.053287385744240190e+00
5.829225698968230063e-01
2.091846105884433982e+00
1.212288473321613935e+00
-4.223310103484603673e+00
2.744987009021464530e+00
1.322369997246406470e-01
2.966753331035931751e+00
-2.524072312330913892e+00
-1.427848580439136761e+00
2.051787695550700619e+00
-3.439561387476155474e-01
-3.910684016859429235e-01
-4.466954368178416956e+00
-4.217018193152233252e+00
4.795250507041062704e+00
-3.130575897129530549e+00
-1.880353682070838861e+00
-3.444710249275297009e+00
-2.300540115274323671e+00
-4.454374024052452086e-01
-1.136366445130393643e+00
3.557443160392669057e+00
-1.947914934715210933e+00
-3.665000540018069408e+00
1.891487830341541887e+00
-1.780131508886842795e+00
-9.852649551007601758e-01
-1.457133370146084239e+00
-3.599146598406743891e+00
1.101510229643007044e+00
4.598098916301182726e+00
-3.603483668152565045e-01
-4.177932234740390882e+00
1.155411047746339293e+00
2.904241217351550830e+00
9.424083662473474732e-01
-1.017351766560652848e+00
2.949412443957887930e+00
1.514211685612959712e+00
-1.525736005514842120e+00
3.093049871175006516e+00
-3.727842256859240422e+00
4.664035997209731832e+00
-3.099490630191354956e+00
-3.196446555593883687e-01
3.817497790396593871e+00
3.630856299788312924e+00
-2.373953690026776364e+00
4.154270986019509948e+00
5.980449681436894593e-02
2.328320098783778214e+00
-6.246514351868661663e-01
-4.133209731248301821e-01
1.306234834814095080e+00
1.388375177015710449e+00
-1.492977231631456903e+00
-4.296841724290096920e-01
-3.300760589527524935e+00
-1.259688239276812283e+00
4.075390940485728919e+00
2.607465540982709662e+00
-1.501502930994720320e+00
-2.157593937488947233e+00
4.198267375985054173e-03
1.582451240864610753e-01
-3.664179552152325048e+00
1.098629621646745491e+00
-4.850342216023767250e+00
-2.499813101414514627e+00
-2.519691611035753454e+00
3.386732340369608352e+00
2.063588484431472025e+00
-1.830035668458955822e+00
1.443883335256361811e+00
3.852934103661320719e+00
-2.253081779955430353e+00
2.283453287476126192e+00
-1.744047022514653822e+00
2.222412639183781735e-01
4.481522280630056088e+00
2.650583966881448816e+00
-1.382051110342317202e-01
-1.972956936220623625e+00
-1.123752954552621031e+00
-1.366777220613392796e+00
-1.661781652230898132e-01
-2.938518205114880821e+00
4.139368234112961176e+00
-3.810214103349387926e+00
8.107032922753827364e-01
1.211010140211604025e+00
1.849945596273007808e+00
6.888143822176022724e-01
-4.183165579422166047e+00
2.666807350864388582e+00
-1.043257246477299560e+00
-2.880105957792436833e+00
-4.682503829051672284e+00
1.227423648737357098e+00
3.539699418948611509e+00
2.556456954784604108e+00
2.126683885012584874e+00
-1.464223944766839480e+00
2.102575556354944197e+00
4.191886887842974474e+00
-4.517523315214715396e-01
1.546751583444598843e+00
2.372353971928829353e+00
-2.638689540119033339e+00
4.057160531083535915e+00
-4.120872173699049235e+00
3.712531423555656573e+00
-4.616077038043240321e-01
4.381046705380494899e+00
3.546398711705746720e+00
-2.995798284773018683e+00
-2.874285616857790604e+00
6.284892037298330791e-01
2.053395026688505709e+00
1.064407452125120557e+00
-4.715649528201844021e-01
2.212619202686861186e+00
-1.455161502165511767e+00
-2.434779898042727098e+00
-8.091102206735145685e-01
2.250398101076013901e+00
-3.672579993360493233e+00
7.203836857970946639e-01
-4.044550454231009340e+00
-1.334900359808965931e-02
-8.739830887775772439e-01
1.580190892549730997e+00
-3.647664645262729266e+00
-4.202019647326943996e+00
3.136985304842447420e+00
6.808833409432315520e-01
-1.842721364947374596e+00
-2.836803856575963678e+00
-5.335314616591988468e-01
9.652854635580272458e-01
-6.654391032198212486e-01
7.120641520853840944e-01
-6.455651466605214495e-01
2.851340766524312009e+00
-2.761388718322264069e-01
-1.499720544264979694e-01
3.935316647387393729e+00
5.228509859457295406e-01
2.871133996910925745e+00
1.166771682753839912e+00
7.746925220676583734e-01
8.622859303290555388e-01
-1.740890987230660159e+00
2.829676702275822464e+00
-8.051493901801975994e-02
-3.718680291848419639e+00
1.969024193466044181e+00
-1.302131048274959291e+00
2.961845329410408567e+00
-1.902415044248804143e+00
2.743708054942706198e-01
-2.984941010172018849e+00
3.195166574795869963e+00
-4.364664804489032157e+00
2.364360845080239137e+00
1.294699587893644477e+00
-5.020567112079401539e-01
7.264090586624778467e-01
4.162101958954973924e+00
1.376308002298456401e+00
2.520835119596538831e+00
1.872439976769822323e+00
3.838578531729037735e+00
1.689060777405408054e+00
-2.427265279641287243e+00
1.188654054112787684e+00
-2.311526042974041406e+00
8.280891266882246526e-01
-1.686870211149162913e-01
-1.023048541822820567e+00
-3.345835812858352742e+00
-3.797219825851845254e+00
5.510739357410852080e-01
7.664104191715797043e-01
-2.552157829975150172e+00
3.393860311333501301e+00
-4.078429334659466221e+00
-4.209226602842538689e+00
-2.889319748916967523e+00
-2.142201777103008187e+00
-6.310722473831873458e-01
-7.113441457859073225e-01
3.482017273755825926e+00
1.949848262204847416e-01
1.211763241967204863e+00
2.997781321489959794e+00
