-7.894564512131836687e-02
-1.102595402461186058e-28
-3.715327011490800651e-14
-2.030208049166084262e-11
-1.973026401588865967e-18
-3.181668918681321984e-02
-5.589468620007913914e-08
-3.880020560017532051e-06
-1.395222031196709616e-06
-7.262189966011811557e-60
-1.559285553909497533e-66
-1.363103333577843051e-10
-1.247743519491939799e-16
-2.503611275392000832e-46
-9.107697050843005507e-83
-4.685702063252300178e-16
-2.541176095515891922e-02
-1.515010983568562527e-51
-3.307069938039212107e-05
-4.480783263688510764e-39
-2.678097020312353136e-37
-5.497699641436006648e-22
-4.819696708523845368e-48
-2.427922762481390462e-42
-8.205802618706450010e-14
-1.256488289948874307e-47
-3.387088700344197611e-73
-1.007603849494660580e-07
-1.970971148796459333e-32
-1.635602166077735378e-22
-5.739953197041628650e-60
-4.297079544693167976e-57
-9.673031768943051869e-27
-9.088467710304504390e-18
-1.456828206629682981e-20
-1.878678041367453552e-10
-7.822482652743754149e-97
-2.452158100340646888e-05
-2.790133166576743012e-61
-7.794960051082669730e-12
-4.083946029565044794e-30
-4.374568032515432662e-22
-5.192191840441125891e-41
-1.150421485803867702e-02
-3.617510038812810386e-30
-4.063741518517622684e-14
-2.606426514566165115e-32
-1.733741988555416583e-22
-1.248830978664995216e-04
-3.812411966351126958e-14
-3.991296237971740554e-12
-4.662869079183495179e-94
-3.620652126530877645e-39
-7.448267390819014071e-34
-5.661351277561674974e-45
-5.389513379986275553e-30
-9.786393164958146407e-09
-1.806773015338648255e-27
-1.694554811545161469e-19
-1.708818511343501539e-19
-2.959477147660602357e-21
-5.715661826391861591e-08
-1.327969643410777589e-03
-1.652835601966899007e-26
-2.580812034935950760e-44
-1.015333512356560370e-18
-1.426847902302741084e-08
-2.000195780323990656e-25
-1.482167388297623091e-75
-3.078544873255835280e-15
-2.149767792928783796e-65
-3.659384912942159593e-118
-5.646287579011714771e-39
-5.248913681928350550e-35
-1.591828799157394792e-104
-1.324618078731568044e-28
-3.178887844390528294e-01
-7.010095277067911741e-51
-3.032117942623674954e-22
-5.210302596280100965e-14
-1.788920090507925225e-29
-4.156594575787223077e-05
-2.074378247952978143e-29
-5.977253590206159883e-24
-1.924402398253628424e-20
-1.319971624721049685e-14
-2.713806582070982752e-05
-4.018956997121198846e-33
-1.624111462220763075e-98
-1.742343052771761424e-81
-8.549839594973629442e-02
-8.478167359591698503e-12
-4.593201786453922700e-03
-5.361797505443951917e-16
-4.111549366209740476e-35
-6.745311150882496812e-58
-5.294269096983221058e-29
-8.534026269374256002e-99
-2.764476899048334539e-12
-7.947013848470026672e-33
