6.538977586409917553e-01
7.722935531496850636e-01
2.600207145981787704e-01
8.180579125387943407e-02
-1.367467496023438756e+00
-4.250569286270700076e-02
8.474467985285603078e-01
-8.479957905906942983e-02
2.427368671207402961e+00
7.992593851065645794e-01
3.064368528533783831e+00
6.019001845131208839e-01
3.295644423999224415e+00
2.635845491777535798e+00
-1.171308471544172392e-01
1.661780798901718370e+00
-1.446258532621463644e+00
-1.868586254838509930e+00
1.463139538959845609e+00
-1.064192680906598021e+00
2.433690086823691701e+00
9.746049578410609371e-01
1.946877162972530328e+00
-1.876273749072896457e+00
2.672924371116806697e+00
1.921799642016859266e+00
-2.393681882554199447e-01
2.538439833722705430e-03
-1.155183687853921448e+00
1.386640125562718318e+00
-3.077295146344089183e+00
1.895184008916217522e+00
-1.459914285035321946e+00
4.379146784060132802e-01
3.078527986815725370e+00
5.094713331343516671e-01
-2.377808476478985966e+00
-1.353938505201287335e+00
-3.026786651228543512e+00
3.498894508333382447e+00
-3.643157285525279399e+00
7.545178578932034696e-01
3.145603275013046485e+00
4.502619574414135073e-01
8.330085474976245408e-01
9.178049633588258871e-01
1.213779249202616484e+00
-2.011848369991157348e+00
9.866407966347914282e-01
1.087046620841391587e+00
9.615693862690601890e-01
2.942008846515413722e+00
1.609919149524413839e+00
1.170189164269650917e+00
8.952584717898055544e-01
-1.895900069360170193e+00
1.429615793520414790e+00
-3.620802906480493633e-01
6.440110573425563700e-01
1.168113176811059972e+00
-2.975777052067432038e-01
4.446362205888085839e-01
2.083459270849363776e+00
-9.066505303143106431e-01
3.188687436801041386e+00
1.707057973270877937e+00
1.346113467876630665e+00
4.114185244295276433e-01
2.255887739165087780e+00
1.337518047631528262e+00
1.570087350085902500e+00
1.689936451925523997e+00
-1.749082221875091658e+00
4.307546025339004103e-01
-6.309827645341403723e-01
-4.473590862124625644e-01
-1.909952511174362932e+00
8.432504728665186633e-01
1.414135742121613859e+00
-2.313546896442860934e+00
-3.229334959717854225e+00
4.592889750233952739e-01
-2.593688375844823923e+00
8.042513937523132483e-02
2.302228843554122939e+00
1.932553682714921450e-02
2.112213418073523030e-01
9.649325519415956620e-01
-5.783128606174088304e-01
-3.320841399767902047e-01
3.048874774521159736e-02
4.800538824065476717e-01
-1.197412003535575309e+00
3.543473159676366890e-01
-9.734691345671055984e-01
1.936192819626038286e+00
-1.566977023338529396e+00
4.643891188505842038e-01
-4.668136555756392525e-01
3.256365846905632466e+00
1.955825721957676677e+00
-2.554898996743075745e+00
7.432526896180133846e-01
1.561882055474336894e+00
-1.484349713815050098e+00
4.921269840196078604e-01
4.424112022329707017e-01
-1.335069376602453950e+00
1.617249599618928002e+00
7.014989103402511361e-01
-2.339429190582035467e+00
-2.440377522339478134e+00
3.359159089359058825e+00
-1.564266788870392055e+00
-8.880295413016696671e-01
-2.309839492588003473e+00
2.672288860368549734e+00
-9.201898660551481868e-01
1.249656638322629298e+00
-1.335130576496526000e+00
2.791812329369911083e+00
8.933112344736819921e-01
1.622212509427130911e+00
-3.185205390113319268e+00
1.831683802650251103e+00
1.251879073454521318e+00
-1.602107468528717327e+00
-3.057193400307611775e+00
1.780484775326243607e+00
-2.988872186975339851e+00
-2.382678593406041934e+00
2.098541146897807685e+00
-1.330452218823555910e+00
-1.228821119669615491e+00
-1.062228653500729703e+00
1.523390978306693455e-01
2.001280689340081409e-01
-7.378604638139432126e-01
2.088736032057822101e+00
1.010214642839928345e+00
-2.887272117140851080e-01
-2.365088611886378089e+00
3.525274109823168800e-01
-4.395594440971342109e-01
-2.376494957212682113e+00
-3.169543772444125551e-01
-2.667456737876809036e+00
-1.742579599511016042e+00
-5.494360285132247057e-01
-3.770713295453536062e-01
3.915405810061649561e-01
1.062499373782088696e-02
5.561372032314384484e-01
3.085543225258838618e+00
7.896439346182937413e-02
-3.563868423261816964e+00
-5.619051976205069465e-01
-1.005883049422644504e-01
1.822846710106459156e+00
1.740997737609061957e+00
-3.084974733663364166e+00
-1.105550738972290503e+00
1.452484109871370777e+00
6.169619076061207963e-01
-4.381747250301497587e-01
-1.983241115808569432e+00
3.294882494899002978e-01
-5.242416355659349492e-01
1.220781271428483805e-01
2.855466631883385453e+00
2.931825583364888743e-01
1.015810354910437141e+00
1.443271511960410258e+00
-1.224696658885602307e+00
-1.762462339979316450e+00
-3.292552623646181065e+00
-2.011421956618058449e+00
-3.758912216737524403e-01
9.327742047765852362e-01
-1.801920017164994725e+00
4.967954293575385094e-01
1.225561799498233739e-01
3.435254253767936916e+00
3.961371852818826866e-01
3.219519184121599764e-01
7.755345469974974648e-01
1.583139749540141139e-02
-2.579846654268711958e+00
1.392876063359422822e+00
2.056315923269441015e+00
3.612951034067467759e+00
-1.153698973693502605e+00
-2.333026584937043957e+00
3.228985073946695650e+00
2.591934296512662605e+00
-1.645869256316916829e+00
1.553020143575695400e+00
-2.506381128754451293e+00
-1.076388736325673889e+00
-2.715245372769976573e+00
-6.525982563749739285e-01
1.316637648266150151e+00
1.949062344769467714e+00
2.066803839871926840e-01
-1.909176760547284246e-01
-1.460013143901751853e+00
-4.686477821876078309e-01
2.055322428694880799e+00
6.693900329184927500e-01
-2.206578356443883671e+00
2.373765681733458699e+00
2.359806402801829961e+00
-3.012681928979999313e+00
-2.565396809629167052e+00
-2.459953109756289447e+00
-3.668785372798384792e+00
-3.057744947041554084e-01
-3.117069312328681452e+00
1.857327841860826112e+00
-2.519642196280000856e+00
-1.982969286485771754e+00
3.026871171479061928e-02
3.499891081681134608e-01
4.276479220824747074e-03
-1.397552846554118489e+00
2.043889218903713889e+00
7.913631917225245616e-01
-5.552232774616738809e-01
3.914168031779405865e-01
6.722461781028190586e-01
-1.045608116530525322e-01
-2.996280121010261865e-01
1.046135157189071130e+00
-1.785355675937410957e+00
2.779467276385050312e-01
5.808264675333072447e-01
-2.554419784505999047e-01
-2.452458960726896287e+00
1.254217594419254844e+00
2.708798122550588161e+00
1.331291519731292894e+00
2.911064463392525781e+00
1.620275072874878930e+00
8.616950635347029319e-01
1.916507174138526892e+00
8.609681422817017094e-01
-8.135143724535680576e-01
-1.603440693475350010e+00
-9.315443896257686873e-01
-1.447229168212719852e+00
-2.092150439192732136e+00
3.017196668574408491e+00
8.054452922417629779e-01
-3.412176671001354578e-03
7.712662456355348084e-01
2.204971387800220839e+00
4.260693271232396384e-01
-1.629235980333231915e+00
-3.172410586059585036e+00
-8.421103112144798786e-01
2.042667715111257110e-02
-1.656617558810795643e-01
5.948092424589699334e-01
2.035927819292492558e+00
1.010711459594149986e+00
3.323645470189234175e+00
-2.976257652630679651e+00
1.531344774103229334e+00
1.233050155938746784e+00
-5.455695622565466252e-01
-1.761822213970040352e+00
-2.830766998833996517e+00
7.378975762710426878e-01
-9.142063308763157536e-01
-1.046676415581205166e+00
-8.005419740915256099e-01
1.840209056497807971e+00
1.836102681955599891e+00
-2.980324243495797720e+00
-9.656737302055287131e-01
1.487858692939866501e+00
-3.081753427268154599e+00
-1.393117988352345904e+00
-1.646603053638813208e+00
8.785650490857852546e-01
-9.617685109449283232e-01
1.668419473688924626e-01
1.850391328920469647e+00
2.530596134710036083e+00
6.105124644231647579e-01
-8.446644604765021214e-01
1.868026406615012291e+00
-1.352333314846861256e+00
1.284907823323417908e+00
4.967169394241928160e-01
-2.765254590491217357e-02
1.492704450101326685e+00
-2.729015623651929179e+00
-1.690555156236499545e+00
9.855145924908628174e-01
-1.487003769965427935e+00
-3.167286198324720026e+00
-3.244003146438663165e-01
-1.256245561092499852e+00
3.393678041400308487e+00
-5.280909770884356647e-03
7.138653223360460487e-01
-1.569334725003566078e-01
2.278002614311733787e+00
6.985730900513464903e-01
3.888429003584956689e+00
-1.397495863985835474e+00
-1.530307948378956340e+00
-2.632595189184918638e-01
-1.934967881491800323e+00
-3.594303313474166650e+00
-2.992079535855975969e+00
2.450482308655987040e+00
2.389314177252098936e+00
-3.230761566963149534e-01
-2.630817713381726541e+00
-2.998107642134684170e-02
1.190742561351698647e+00
1.805329698666524152e+00
-4.528046408483028529e-01
9.824303594145691321e-01
-1.784893922911678477e+00
1.032505507875073114e+00
9.649911178305483617e-01
-1.115280187519225752e+00
2.844924982523780344e+00
7.339856754384861404e-01
-1.693999490105719818e+00
1.868092896162512950e+00
-8.202885060219760049e-01
6.441020517496394149e-01
-9.118909048429539865e-01
-8.020455059972508849e-02
-1.988817513666993886e+00
3.905619481810331806e-01
-6.374342762764486636e-01
2.510224239369383881e+00
-1.844653854963352657e+00
1.587660329454267050e+00
1.254548171992554195e+00
-1.365264739801279603e+00
8.225507596186361070e-01
1.990591702379518324e-01
6.113014336035762497e-01
-9.641848383046358606e-02
1.133677624268644379e+00
-5.122065015175216729e-01
-3.508462053065639186e+00
-8.594424179126498586e-01
2.243089238758260606e+00
1.455050036187835794e+00
-2.004266949890870286e+00
4.785834275576483776e-02
2.896903676219300117e+00
1.703613076170476859e+00
-8.372235036534068087e-01
-2.837081961830529409e+00
6.003414197701815169e-01
1.689341052844611113e+00
-3.410779735534355872e+00
-2.613810626695851180e+00
-1.708270497113510089e+00
1.836449169878276777e+00
2.104576917869937169e+00
1.228705998786270293e+00
-1.695711710014675688e+00
-2.812872535474234326e+00
-9.575925323339529172e-02
-1.770862845436962818e+00
-5.736516651939691513e-01
2.121696309550101134e+00
7.714983586450463449e-01
-1.047895636202198055e+00
-1.011355318764098676e+00
-1.407561163956376316e+00
-2.052190138686502241e+00
7.657610107411461087e-01
6.347902908164337887e-01
-1.286390527657701011e+00
-2.436884059071844355e+00
1.322215813217253455e+00
1.091804034394517231e+00
-3.716536693497749511e-01
2.276076552119229213e+00
-9.410440927440308911e-01
1.672738787263352123e+00
2.421125129111728391e+00
2.538605834226828506e+00
1.428818472115112925e+00
8.627150462977093426e-01
-2.743516105840788200e+00
2.886845767848083000e+00
-2.017207015403087667e+00
-6.314697343077444458e-01
-1.933190080017912482e+00
-7.863818302216332157e-01
2.195882913967182049e-01
-1.822602209203885160e+00
1.727411050919665847e+00
1.357213849246702964e+00
-1.061479266029590196e+00
1.601901814845041017e+00
-6.956166735525215472e-02
-1.189532771826533608e+00
-3.577221058091964334e+00
-1.754175613283925461e+00
5.150693014507812251e-01
2.714143001028127777e+00
-1.132781684907395725e+00
4.282204539534237853e-01
7.344619956397382410e-01
-1.127867194914398130e+00
-3.008913824805422799e+00
-2.767056685321067633e-01
1.971879583756745546e+00
3.516715085116137729e-01
3.118804179764740780e+00
1.095815647477529353e+00
-2.403988905602122195e+00
-3.480710098603418956e-01
4.940714592420665241e-01
6.226119303075137168e-01
-1.738257313899814527e+00
-1.091800675041716850e+00
-1.970240007193337917e-01
-2.611741593719320242e+00
-7.409861266288855219e-01
1.026111028164939931e+00
-2.020341946682362444e+00
3.067435732215519906e-01
-3.846662827229034853e+00
3.906822664499625120e-01
-8.807497166985456261e-02
-1.249889854760968255e+00
5.307956333582222186e-01
2.357985268659707145e+00
6.245389916333596858e-01
3.273090720740325921e+00
7.886368676376438458e-01
-2.084676841990118934e+00
6.875444115114168753e-01
-5.199705914189864941e-01
-2.173610421318732389e+00
-1.700143575957546282e+00
1.938998811525545207e+00
-2.079937024191994333e+00
-3.544089480072586618e+00
3.449345783919650188e+00
-3.017721192343246983e+00
1.257256245541249484e-02
-2.795066688348081030e+00
-2.530545606520842039e+00
1.063129611892000170e+00
1.962871256010090271e+00
1.146420849183027002e+00
-2.242379891846884021e-01
-1.428105274684980497e+00
-8.603941207052638873e-01
-2.811398832693173144e+00
1.277803559916973697e+00
-1.990233271130549042e+00
-1.948758827332139898e+00
1.338186913472453554e+00
2.815817502240252068e+00
-3.038854897771618990e+00
-5.718843217203728457e-01
1.740670251158276116e+00
-1.805932804968142680e+00
-4.267943626136769808e-01
5.643791771178197081e-01
-9.612866364656751372e-01
-2.499682610967155494e+00
1.535633237084366165e+00
1.197063937411568801e+00
1.354775851627644023e+00
1.967293668711392662e+00
3.472489077412799219e-02
-5.940187139503194658e-02
-7.359613490382805878e-01
-9.220887605966643363e-01
-1.470284519548997970e+00
-2.065086967080489444e-01
2.510788028505968050e+00
8.178159832374305438e-01
-2.095739447878779860e+00
8.040675704181481365e-01
-2.676110050966812537e+00
-1.624451319917937120e+00
1.906385932319913046e+00
1.203531579576364585e+00
-7.682952036454571143e-01
-1.076418079620118817e+00
-3.765388226582011555e-03
-7.982125477027395277e-01
1.073836508461093686e+00
-9.730918941239705688e-01
2.155290393210527178e+00
3.136989217394184237e+00
1.133962022174896944e-01
-2.332977974980586566e+00
-6.758688136180568407e-01
3.108923404353920006e+00
1.032377803077201506e+00
1.650055711749732978e+00
-2.003836949904262976e+00
-8.526949267792316434e-01
-5.237772017996178420e-02
2.278677450468855170e+00
2.684032067122603671e+00
-1.914477837026230311e+00
1.616426568446325263e+00
-2.013783856250347171e+00
1.280251749698191333e+00
-1.665296979325852078e-01
-1.502618457984097322e+00
-8.911221042458521424e-01
1.383418753809567470e+00
2.463183554573694423e+00
1.277863661034280618e+00
1.139845819157704554e+00
-2.898385661027556459e+00
-1.370119595328017859e+00
-1.266396158530385119e+00
1.809692178508683469e+00
1.813810908313451264e+00
-9.870293025803071885e-01
-5.790661639071945643e-01
2.995486074257279085e+00
-3.654716988939430422e-01
2.233460662392080742e+00
2.710776780797310437e+00
2.058495683788798658e+00
1.473666402498277073e+00
3.254311451635651053e+00
-6.417188372727391510e-01
-3.689109342477677522e+00
1.175682296094571200e-02
2.034595613955337612e+00
4.268320298144123726e-01
5.411217100976637440e-01
1.370789190929329493e+00
-1.503670314917409989e+00
7.061360969421093259e-01
1.276391577354427653e+00
2.546537258826844230e+00
-3.035837217388381859e-01
1.345805900652747411e+00
2.297175720045680158e+00
-3.178570858456523318e+00
7.751611249823886496e-01
-3.142648214416734476e+00
1.510446972174421809e+00
-2.307410119112658364e+00
1.752733297566139825e+00
5.088947552146176889e-01
1.323786858595710214e-01
-2.989488628597020359e+00
2.435353681167605977e+00
-2.999512596824942090e+00
1.529322958026399171e+00
3.559843759598681601e+00
1.908694781881202118e+00
-3.055374666679879780e-01
8.470414111977611071e-01
-4.286316614526466395e-01
2.895328524552523319e+00
1.404501079754449933e-02
-1.644045318249389709e-01
-1.631679675756470438e+00
5.187191189971489536e-01
-1.989726107757756601e+00
2.839652170929296560e+00
7.613572806315813679e-01
2.645986155522374261e+00
-1.338862878186333205e-01
9.851117214827294077e-01
1.234167829537895500e-01
-1.423341379164275722e+00
-5.776257091925582898e-01
-1.391007625039675233e+00
7.701563449412383022e-01
-1.773118330002056986e+00
-4.180100090461218443e-01
-2.552669424501041728e+00
-2.525702147029680322e+00
-1.545942793628943157e+00
3.212508880311732540e+00
-2.837501542808169130e+00
8.306823538720555788e-01
1.620370442732280480e+00
-3.481711747148219516e-01
-1.388814541187160412e+00
3.859630438380090567e-01
1.834193759557729564e+00
-2.006838110426811372e+00
4.493002812530626500e-01
-1.159468086968114875e+00
2.428213307750751504e+00
1.908744268143283129e+00
-1.948755966739657008e+00
-8.904345301247849065e-01
1.414106541044635179e-01
3.188683208998712715e+00
-2.803800474502065043e-01
-8.329412835143212845e-02
-2.242069071848262762e+00
2.804268648164418565e-01
6.405330877479631368e-01
1.317625252788917400e+00
1.480198221775992806e+00
6.902165912425761718e-02
-2.467183730924942253e-01
3.203727014783511962e+00
-2.610793437252034721e-02
-1.051496250310290925e+00
7.793977859412724030e-01
-2.173393844081887849e+00
3.041606827320588735e-01
6.587608734996770465e-01
2.401898670373700639e+00
1.124647911624752084e+00
-1.707444509767448881e+00
-2.502943465452515781e+00
1.816777626426264725e+00
-3.174613999600806480e+00
-1.529620597448981822e+00
2.532395421699559890e+00
-6.005594280085464476e-01
1.812606366428878069e+00
2.083060680432017087e+00
-6.426196303061360027e-01
-1.586200886042720803e+00
-1.157064613830103283e-01
5.153163207855495642e-01
1.141366189851904522e-01
-2.758715725241984718e+00
-1.753253631057499540e+00
4.201179982097569265e-01
2.032463436794347267e+00
-3.236735704566999772e-01
-2.040147633172902264e+00
7.556269596729272564e-01
-3.274323116908641751e-01
3.340874853396803346e+00
-5.337136159905835342e-01
-1.909221303089339017e-01
-1.418345115351527408e+00
-8.102427431719627648e-01
1.169916916576726251e+00
-9.608804728587942989e-01
2.720595717394507673e+00
-6.999137749395583086e-01
6.835653349853618721e-01
1.717052665341913809e-01
-2.497254508930355499e-01
-5.792746278444731445e-01
1.043661723263068275e+00
4.141678344465145045e-01
-3.098833766369977205e+00
6.694279108193992300e-01
2.063330815052015765e+00
1.659019930983040680e+00
-3.945508771629000933e+00
2.180893036208725988e+00
-1.431976059785311506e-01
-2.990246789397755123e+00
-2.705613451816848425e-01
1.954136377449846584e+00
-1.674514276912273392e+00
2.977654581615939655e+00
-1.272747890266756610e+00
-8.833970577377643352e-01
1.718545702546024678e+00
-8.957425196224857444e-01
-1.260132762336833245e+00
-9.736831903895302176e-01
-1.087786161300605681e+00
-8.524653502467831601e-01
3.120183118520026611e+00
2.334355432723061341e+00
-7.145636076175083673e-01
5.673221214289316805e-01
1.192769837561655777e-01
9.510364768258430246e-01
-5.812531321638534365e-01
-1.661525965010346439e+00
-7.232114667811782027e-01
-2.457865412715820597e-01
1.326663797810409662e+00
4.494510338928208171e-01
-1.611842517665795782e-02
8.332141963041719279e-01
-1.385795154800645967e+00
-7.664382943809044946e-02
-7.697174117038025898e-01
-1.516352171774548729e+00
1.341037469263939741e+00
3.061804314168453445e+00
-4.087974383142851664e-01
1.640164961688919121e+00
-5.820444571667815481e-01
-3.334274131158786680e+00
1.469336295851579877e-01
3.376213129482181330e+00
-2.417023535851739346e+00
-2.435739135339636263e-01
-2.363658210021713835e+00
5.689765151124026588e-01
-1.974905137275226874e+00
-5.701480059518688748e-01
-2.017669769520125556e+00
-2.570075709491593585e+00
-3.021257882799055494e-02
3.816103529376047021e-01
-2.901550703834676614e+00
1.972717321692232240e+00
-1.439318854483175869e+00
-2.584903835559680285e+00
-9.293684854918637939e-02
3.076970232216899248e+00
2.258648600596097289e+00
8.552897125031844183e-01
-3.168710653460937721e-01
9.764180754021420938e-01
2.785651915929985734e+00
2.073754463900948863e+00
1.185688887768273858e+00
2.443162238427714961e+00
1.470779728173151391e+00
-1.344691713099082087e+00
-2.401152239645887310e+00
-2.860435017346576902e+00
-5.808210092871384234e-01
-1.498526671151471312e+00
-9.156842911847853372e-01
-4.692502870178820729e-01
-5.617133454744562826e-01
1.442138634461715974e+00
3.046072723459491982e-01
-2.953363307473200638e+00
-1.176428954047015196e-01
6.929160322464849031e-01
7.736198515642778162e-01
-9.857019560803781388e-01
2.493835557630688093e+00
-7.478957404360384587e-01
-5.981826400845013936e-01
2.576797327095153634e+00
-4.914303902256076384e-01
3.614378622260190355e-01
3.332403558976881897e-01
-3.300173560155883479e-03
2.070682197998898744e-01
8.999132877769735472e-01
3.800026264389808617e-01
-1.129364462764966159e+00
-3.841930691124160191e-01
-2.253434471026746877e+00
2.804151794277558452e+00
-1.672267480538339068e+00
5.056161433241506131e-01
1.517475074084032372e+00
-2.194851646831691205e+00
1.824983944963365801e+00
5.020772243722486650e-01
1.924752534257119230e+00
-1.623575662242249695e+00
-4.568669515357921540e-01
-3.202156379239107231e+00
-1.179769534430790578e+00
1.288546202246669381e+00
-1.486578417813977371e+00
-2.215400086348480624e+00
-1.473575816966439245e+00
1.289322191104966819e-01
1.209129607631349579e+00
5.683309008522670069e-01
-2.473538391674146908e+00
-9.108805286225960529e-01
3.145829369763644578e+00
5.125520737958151329e-01
1.225535959561858235e+00
-2.907048296983301139e+00
3.455313166949892434e+00
3.375122715013551655e+00
4.201649198827634990e-01
1.600483514935219453e+00
-1.092089527164010754e+00
-3.112855013742386046e+00
1.638310903425495013e-01
2.172235870240225353e+00
-1.567988981494186085e+00
-1.548914578250442986e+00
6.477013847401655866e-01
1.702576647279787636e+00
1.124092879623175278e+00
1.691075322373319700e+00
7.810965278833768011e-01
-5.362324250231464973e-01
-7.303318415974793254e-01
1.639720790941097128e+00
-2.449848797218553642e+00
2.148260655564926402e+00
1.716567363749882169e+00
1.303973487755810012e+00
-5.254401261277692470e-01
8.805459776433188779e-01
-2.516781532831549484e+00
-4.632012951015802571e-01
-2.417778274286786377e+00
5.374437654771977435e-01
-1.574572411486365286e+00
1.188305834840014619e+00
2.321609444527561905e+00
-1.735397814320410959e+00
1.396485188669975841e+00
3.077824472054137672e+00
1.037854612902098239e-01
3.073785259959347371e+00
4.102950810159473605e-01
-4.915169047957492765e-01
-6.307688446574477581e-01
-1.781621652643257114e+00
7.278397022245206571e-01
1.199054643058836689e-01
1.573548898618923886e+00
1.628822692027007690e-01
-7.916903784447191228e-01
2.055521145281449691e+00
1.045291590504016099e-01
-1.349491125535156044e+00
-5.456699938246964976e-01
1.664676615519312897e+00
-1.480476283063354881e+00
-1.738065302231809106e+00
2.543532222656271102e+00
1.506295615845363756e+00
-1.835481586228827844e+00
-2.029904663348183202e+00
1.588747715346505274e+00
4.269053215431810600e-01
1.860274176922137812e+00
-1.020332907640817410e-01
2.548220390021407766e+00
-2.057936898478449628e+00
-5.539287536397097256e-03
2.873438312202148737e+00
-5.531590262817154269e-01
3.707814725036602255e-01
-9.367907169156195479e-01
-1.104111189830573103e+00
1.320808072876065609e+00
1.690935179673127564e+00
2.446599155422815031e+00
5.103094131085068597e-01
-6.067703167601301573e-03
-6.916183865167466749e-01
-8.789609840063707935e-01
4.310153609648148532e-01
3.968662895270822943e+00
-1.914258801046988534e+00
1.783148881067637248e+00
-2.647205144697508672e-01
1.902811334702909640e+00
1.336238077780299349e+00
9.869610840376950023e-01
2.600194529379669994e+00
-1.477862615136700253e+00
2.229702865153515567e+00
1.216610741369571258e+00
2.277807118410594356e+00
6.478536473583567101e-01
-8.189579954135703943e-01
3.014899038326639413e+00
5.228831780088434300e-01
2.844284370561577013e+00
-2.141637236177861503e+00
-4.950779134352956135e-02
8.558526165579571909e-02
-2.513775985743626151e+00
-5.443804166856018867e-01
-2.565246336105047931e+00
1.328242655749942713e-01
-3.490159182705323992e+00
-2.782671436026866729e+00
1.746834901818830943e+00
-1.966414777300009131e+00
-2.812732204727414143e+00
-2.971697788950302677e+00
2.136764229763086220e-01
-7.540112856449878720e-01
3.068716551603408504e+00
-4.991189482643543229e-01
1.976217182231561509e+00
7.037870883068091388e-01
6.758531533041551853e-01
1.170047630936382532e+00
3.291211735217750345e+00
-1.777632856765407610e+00
-1.389677767245052209e+00
-3.085022330206315555e+00
-1.830824001748546870e+00
3.949341512911548335e-01
-1.527391632642100205e+00
2.487508474412489790e+00
-1.971879964612367253e+00
2.437444077007951293e+00
-1.456955353990286195e+00
-1.250474508022125786e+00
2.114339815848477855e+00
1.800505498414941563e+00
1.835990844112501463e+00
-1.531793187413731161e+00
-1.150437332896814269e-02
1.517105200438231272e+00
-3.243019598021632977e+00
-8.906603593207078617e-01
-9.622265223050598948e-01
5.237402037254152987e-01
1.249913965937068383e+00
-5.248818090791083080e-01
-2.635635682468107532e+00
-1.411031905858521007e+00
3.532402968869545745e+00
3.766478731760333432e+00
2.158957449044359933e+00
-2.214419175890700586e+00
-1.159202711490301407e+00
2.318128521813369147e+00
2.237729522733276966e+00
-1.902955415879369561e+00
3.305663160072459306e+00
3.455176764449365834e-01
-4.893522702171742012e-01
-3.723612267926406094e+00
-2.301384514130456083e+00
1.920632636348223343e+00
-3.244382819771214344e-01
-2.874359022890147219e+00
-7.383951397547701134e-01
-2.035075418922738688e+00
8.374643450543706180e-01
-1.260918932169388995e+00
3.829916900093941479e-01
3.030278961810743965e-01
8.603619150232670876e-01
-5.203988262173364632e-02
1.432769656474608411e+00
1.345031100069117969e+00
-9.090674945912242677e-01
9.775880268098546821e-02
1.040522596894312812e+00
7.946573040123725562e-01
2.516560048918217163e+00
-4.319172774600144038e-01
8.565519718317826658e-01
9.809995182798747493e-01
3.208168226794867905e+00
-6.483163756647520870e-01
-1.358103517932418569e-01
-3.374967058735087733e+00
-7.119915526046760590e-02
-3.093286198338894177e+00
1.379401055394964715e+00
1.974273841263725515e+00
1.642060791208694859e+00
2.677717960832451283e+00
-1.550154478618965825e+00
8.011324908197794414e-01
-1.008850065782398442e+00
-2.156572389573522486e+00
3.619953100247341737e-01
3.887343472269524369e-01
1.574228404026825956e+00
-1.224351389216105090e+00
8.202723089066488171e-02
-7.743176595531755524e-01
2.424424123167564282e+00
-1.292499205191401490e+00
-3.839969501881665970e+00
9.668539368364452713e-01
-3.175789721990964765e-01
1.790603461762140469e+00
1.748011568945607941e+00
-1.741030000240033626e+00
-3.854863313299521366e-01
8.411260790400065801e-01
-1.971654462216983372e+00
-8.831888823815496892e-01
-5.919746546787791885e-01
-8.247999763903068882e-01
-2.250128491743932813e+00
2.196078274258706386e+00
-1.097062235894218141e+00
1.508898564770428052e+00
-5.703547866699576474e-02
-5.803260590091703364e-01
-1.007350338400800904e+00
-1.844443482853184157e+00
-3.386070269850475434e+00
1.126056222740353441e+00
-1.883298680215819143e+00
-4.636441320416819778e-01
2.556529216532740456e+00
-1.459904536531733132e+00
3.614952872659976890e+00
1.077390458846697818e+00
-1.381080366310602159e+00
2.020365415907784623e+00
1.324810578924568105e+00
7.005004361947158031e-01
-1.740706843893465638e+00
-1.545203952060958397e+00
7.820884991482701665e-01
-8.579164388840805344e-01
2.517576482750722988e-01
5.274933642975483394e-01
1.857638054466121957e+00
-8.094218831226331901e-01
5.766527456431669307e-01
1.715399597291552780e+00
1.115025448154228549e+00
1.625051629985268420e+00
-8.006125652703026674e-01
2.282623597209054722e-01
-5.707175030084972178e-01
-1.973566025646524835e-01
-2.157385920404895074e-01
-8.973579755694771620e-01
-2.055876136068730098e+00
1.078633266296780135e-01
-1.423051628476035280e+00
-1.503424402937550752e+00
-3.290949844259261514e+00
1.051606067024338564e+00
-3.174621167489348750e-01
2.920960122859714403e+00
9.239777274878164803e-01
-2.185326007067756926e+00
-1.108649000279358088e+00
3.341526987424010997e+00
1.563407717595142188e-01
-7.095611449761314304e-01
-2.245196290054778387e-01
2.274774022512870530e+00
-2.332745661535610804e+00
-2.122128675655331698e+00
1.149777381206097182e+00
-1.322083782214219738e+00
1.207789463797917406e+00
-1.294214864210632143e+00
6.429676549195795232e-01
2.181927922120285857e+00
6.743181837539484746e-01
-1.984635711411328884e-01
-1.324913077645066828e+00
-1.434834126369501917e-01
1.144185104591510793e+00
1.935387052417596010e+00
2.321124626505451261e+00
-1.076275363588490297e+00
-1.481898150330820396e+00
1.331950456788212556e+00
-3.867036552897857860e-01
3.978873334752623947e-01
2.160699361255776552e+00
-2.412351974450945402e+00
-2.265028791671706010e+00
1.740858742025393369e+00
-1.283734724218859036e+00
-1.073484324357751873e+00
1.286613691813231597e+00
-5.436285486109682097e-02
2.650971082682220370e+00
6.196926395383171027e-01
-4.623598209214740962e-01
-3.041599209137593185e+00
-2.777373699530558682e-01
-3.353890863453872218e+00
9.785690009807890277e-01
7.771937389493039916e-01
6.003332028500629747e-01
-1.542723043210280309e+00
-7.662939852013197495e-01
1.337611333463431862e+00
-1.999096423258800215e+00
-2.206002013291785691e+00
-7.016837182971045195e-01
-5.034718132781765831e-01
2.127387639484621396e+00
4.188136303221234868e-02
-2.127932490636978979e+00
5.281997404360971871e-01
6.728454274246020717e-01
1.451333670303840861e+00
-1.849532890641793159e+00
2.684867307732447195e+00
2.680946520965974855e+00
3.412802826894100860e+00
-1.651759241602456907e+00
1.218364238115783316e+00
-1.322647307468857836e+00
-9.832938043396257655e-01
6.376884530173851928e-01
1.067744410693601154e+00
1.207745934986426128e+00
-4.657943754581586049e-01
-1.819305754770597972e+00
2.617663714077215431e+00
4.817141613894895258e-01
8.880109002903724402e-01
2.016053873489813242e+00
-3.200361032612573098e-01
8.874761594549323007e-01
-1.470281279918608242e+00
2.235976686103291478e+00
-6.036320080028065860e-01
-3.263278068744295268e-01
-9.299925815601612911e-01
1.669157009823755367e+00
7.718666980563559932e-01
-5.739218829646812736e-01
-1.489018187857578557e+00
8.909627055994251421e-01
3.007298952358537392e+00
-1.350657020466223823e+00
2.203555274580217826e-01
4.298468178508194626e-01
-1.510972789992293119e+00
1.041419383758971584e+00
-1.683981109231607043e+00
1.106837534982405558e-01
-1.927960343114817121e+00
7.630284810397203188e-02
-9.910974579406994778e-01
2.543216017598046719e+00
5.849628293798723178e-01
1.128714708602327477e-01
-2.940710458102414826e+00
1.999112823942894579e+00
3.300191024865856804e+00
1.352610027337988186e-01
-1.015681261275978020e+00
-1.310373481128339623e+00
3.502278326612469073e-01
-1.214122511375161917e+00
-1.345319292649440612e-01
1.502645862815281674e+00
1.530090253969023095e+00
3.333110223020540275e+00
3.236780269241236851e+00
-3.686604363699057529e-01
-2.442027457474472918e+00
-1.083800696482824399e+00
1.817207511112441942e+00
-2.894076106705849583e-01
-7.930003259899560675e-01
2.601423582184065886e+00
2.467293448665460076e+00
5.587625116041987638e-01
-1.072615966470325866e+00
-5.570859733896149635e-03
-6.031060425452050566e-02
1.733207817176075416e+00
5.713272960069826212e-01
-1.283406532277097334e+00
-4.362364296941398933e-01
-1.862519262413799837e-01
-3.509749947855969054e-01
-1.577020728026440111e+00
2.442758426733995236e-01
-1.411418288952292599e+00
-1.175332900929105584e+00
-1.943290552302086027e+00
-2.827861051665056635e+00
4.910571730841715166e-01
2.097289400577023954e+00
1.094354777960369063e+00
8.405571937235887248e-01
-1.123189149954342270e-01
2.244620715133364364e+00
6.364665444592620958e-01
-1.418058455917972083e-01
-1.231479826605671235e+00
9.012678608057145269e-01
2.712698798424419522e+00
-8.331122801632648844e-01
9.450113551179448734e-01
-7.767011294082450945e-01
2.084570282970599209e+00
3.431520415740877183e+00
-1.132279961851422101e+00
3.095849988763717420e+00
-3.643219664465753294e+00
-2.834918156672155298e+00
4.912009143321283133e-01
-1.018920191493673855e+00
3.329142036166860663e+00
-1.703045323108367537e+00
9.511740346396759804e-01
7.776026475959323392e-01
2.388531099341584252e+00
2.684718965326226225e+00
-1.389617596216599971e+00
-2.877786738273071521e-01
-1.293078309173930407e+00
8.760379738730978971e-01
-1.548877956127477695e+00
-1.095265013702185541e+00
-2.229591248045637020e+00
-1.145512554043790487e+00
6.707343453851795090e-01
3.315855345489069350e-01
-2.751518459654574755e+00
-2.914882116890274766e+00
-1.121387363471032295e+00
-1.222113500209196513e+00
1.208421087046338549e+00
-1.962485238087884998e+00
9.300014322434444480e-01
8.739069535617343121e-01
-1.350327606631405164e+00
-3.255980421377184797e-01
9.023703565699383589e-01
4.674306697137069477e-01
-2.116257194648002660e+00
1.314763918945295984e+00
-2.306740905064854630e-01
-2.079347628999474562e+00
-2.584470609879025993e+00
-8.210460557749472699e-01
2.562655532416945547e+00
-1.090373358412302984e+00
2.500433528756421886e+00
-2.763423431757645599e+00
-2.879888885550414557e+00
-1.239066698443629377e+00
-4.239580950429928663e-01
-2.434214387015688708e+00
2.114987777953789561e-01
7.341587092653281132e-01
3.288214603609345588e+00
-5.746676205878653576e-01
-3.028585131651714057e+00
-3.667857076939986527e-01
1.236971060434330916e+00
2.139666009512417588e-01
1.035578813906944617e+00
2.614674113130794453e+00
-8.238443347258730398e-01
-3.585814106441761240e+00
-7.305524784135721816e-01
1.997039575712450166e+00
1.945781603535216675e+00
-2.494622940549007684e+00
-2.644842577375192683e+00
-3.833118946242795033e-01
-2.851762294486597238e+00
1.298959700509319859e+00
3.166699752655874889e-01
-1.438383137583131521e+00
-2.424044178392534832e-01
-8.309039976293099983e-01
-1.502584235640561872e+00
1.854076386020602207e+00
-1.360541210445084026e+00
-1.397848974012436685e+00
6.686880257267198147e-01
3.729783587762733887e-01
-1.703093806828437362e+00
3.155786018610903909e+00
-3.392231518229928966e-01
-3.229410745474084798e+00
2.850543201257854875e+00
4.961793117036705780e-01
1.445979000867032127e+00
-3.015652394270980530e+00
2.098941499960689683e+00
2.116616690173104942e+00
2.144724007825971057e+00
8.369927266390320142e-01
3.512720060270204669e+00
1.570986837547387438e+00
1.631657487602691248e+00
-1.675631111745126134e-01
3.308717035250165139e+00
-2.607453899251440887e+00
-1.423218069420514986e+00
1.516558927635871967e+00
-1.209383484848801871e+00
5.590804021912454402e-01
-2.200024666138711726e+00
3.033482528291489899e+00
2.059339139317035716e-01
-1.542167882412146973e+00
-1.775741111591185195e+00
8.619333460407361258e-01
2.621336088826945243e+00
-6.158664024116369262e-01
1.354530490441051782e+00
2.147975079245240337e+00
1.243669597927850923e+00
-2.271131803374644154e+00
1.182538788741077873e+00
1.509747963994585440e+00
9.160424373341111703e-01
3.406126772001279335e+00
-2.061303615424704638e+00
-2.310633142109716598e+00
2.031472161999431592e+00
7.592469114492219617e-01
-1.165556007897089685e+00
2.137304312200791756e-01
-2.211831529785389883e+00
-3.604966391635393563e-01
1.708863110997866919e+00
-7.661205240205459788e-01
2.394646536779356794e+00
-1.971681315682908497e+00
2.552144523596805215e+00
-3.221404110855723868e+00
-2.828100335578521030e+00
3.890430888157457190e+00
-2.917023244022345363e+00
2.732732192527063120e-01
-2.036020064455541512e+00
1.275167742109742264e+00
-4.477988483992536572e-01
-1.068555683006683132e+00
2.433077650081456156e+00
-1.539858719192735315e+00
2.977161481557884848e+00
-2.415320579683233770e+00
3.925660396415743492e+00
2.680429842779998850e-01
-3.270962559276888726e-01
2.018325539350089848e+00
5.597382954165963653e-01
1.925708566631930907e+00
9.545464281840452259e-01
-2.072923951761887373e+00
5.006870327030839007e-01
8.634446752699833638e-01
8.113854259183632678e-01
-2.049574582655966815e+00
-1.364862996095382641e+00
1.408992624168064367e+00
-1.751006890873350041e+00
-1.835101687380138458e-01
-3.205437610757329026e-01
-1.118640926793776025e+00
2.267888850028773717e+00
9.905792161157247477e-01
-3.167368111452532276e+00
4.846580492544552143e-01
-1.430803336418794203e+00
-9.411518658802311421e-01
4.324429541829051260e-01
2.663970053512993985e-01
-1.510566372569783766e-01
-1.158145816339359868e-01
-2.091561348487238625e+00
-9.215666631886136884e-01
3.535360724984688119e+00
4.883355961333615269e-01
-1.370740144303082886e+00
-2.526291861897598690e+00
9.105888501720906802e-01
1.930160723972097259e+00
-2.035262705423883212e+00
1.353334939785328039e+00
2.393859736005888195e+00
-2.374331422411594339e+00
6.762774596331944110e-02
-1.723587605138093171e+00
6.878385000076070455e-01
-2.000729609324970681e+00
-1.603438348930996682e+00
-7.507603242898586160e-01
-3.203476252876336972e+00
3.513793786084736581e+00
-1.075299330090111471e+00
1.225098750026059946e+00
-3.509970648074553612e+00
-2.359627473001050468e+00
-2.824874267323699950e+00
-1.061811181968397300e+00
-1.184523113856899457e+00
4.168487358648675922e-02
-6.188526274020818008e-01
3.768517254213987755e-01
2.133990069802536027e-01
2.034566397784228542e+00
1.139727601059282946e+00
4.501117945857391334e-02
-6.238476623718991476e-02
-1.480405764820850845e+00
-4.247671543410973527e-01
1.118965958531036975e+00
2.147410614651819927e+00
-1.421147330030078759e+00
4.275923485529080637e-01
1.356279818170333940e-01
-3.303643751530058736e-01
1.443196323536861669e+00
-6.196108971977896118e-01
2.987146963443145786e+00
-1.598654790543667215e+00
-3.281388653893486662e-01
6.193988653892414931e-01
-2.613317712169457074e+00
5.117124837967779172e-03
1.061208607234452650e+00
1.208091771281365467e+00
2.868197947029229589e+00
-3.570997865626059475e+00
-1.793279520058599363e+00
9.175343357633458652e-02
2.077969953402332592e+00
2.529474220009614527e+00
4.192047189641208149e-01
-3.029557956185904288e-01
3.801572596585351960e-01
-9.900795833953770497e-01
1.186887750822438470e+00
-6.433218256428565596e-01
8.502182103254618539e-01
-1.418971124807844042e+00
-1.031124394149508738e+00
-3.639392239067570145e+00
5.900936887179302204e-01
1.624990876753081182e+00
-1.261121935606918321e+00
9.512892245584616546e-01
-1.707187895842553260e+00
-1.203697576398450764e+00
-1.393603348031604572e+00
7.402361633861831436e-01
1.898503130772480674e+00
1.113470827652227158e+00
-1.755170908003051977e-01
-2.184230853244697457e+00
1.501198502830753512e+00
-1.953027410805283637e-01
2.000544364753329418e+00
1.176051479548232415e+00
-4.452199167278623193e-01
2.612459451367259433e+00
-1.915719861729937357e+00
-1.013694782390262894e+00
-3.743314151560542591e+00
-1.286246459508176621e+00
2.857231365368972931e-01
6.021293314290332432e-02
1.971071814777855202e+00
-2.812383501825847176e+00
-2.271996914673096057e+00
1.323560987916758691e-01
1.974408978104047918e+00
2.137715922198083263e+00
2.518724282324584784e+00
-3.360833597494918834e+00
1.102979725676043188e-01
-1.334876361605975781e+00
1.189362745527510867e+00
1.523259134759690880e+00
-4.518662541750710915e-01
-1.292398226851032561e+00
-1.751097523334217421e+00
-1.166245552082996184e+00
-1.839059118056312059e-01
2.545865125808520091e+00
2.923710538744614951e-01
7.728371722987539272e-01
-2.524873731756731576e+00
3.964951818376913906e-01
-1.204658711844529329e+00
4.086210290570903680e+00
1.710832830789696501e+00
4.540326843583244454e-01
-2.264439780327123675e+00
-1.390257992785044028e+00
-1.688970334112733784e+00
-6.878206222936125158e-01
2.420275017439541543e-01
8.461715660461859301e-01
1.364410579463857687e+00
-1.294626977088197961e+00
-2.678221369551144093e+00
-1.286083240176256748e+00
2.752556770475933945e+00
-1.464486109781331535e+00
3.272195323009459145e-01
-1.559129145197145405e+00
3.058339477563391640e+00
-3.340881326175338728e+00
2.808730882612420210e+00
1.957087161138173492e+00
2.173296005368738903e-01
3.787204213537140873e-01
-1.209775140045787900e+00
3.286704464382600221e+00
1.326232518181900133e+00
1.656318485428580622e+00
-3.984195959426139133e+00
2.967507233432704616e+00
2.577673417781047860e+00
2.565058101754075892e+00
-2.524425041428204342e+00
-2.005341830473863496e-01
8.940574627191031354e-01
-1.332094906881691188e+00
2.473406109457323865e+00
7.960868161712681967e-01
1.758353470222871806e+00
4.998364112395066172e-01
6.636987174097317421e-01
-6.964202497533893421e-01
-1.489512231114158425e+00
1.814659474884690482e+00
-1.426136952785237000e+00
2.411417865723985976e+00
-6.610202468422050615e-01
-1.328637090876773730e+00
1.603241359804519206e+00
-1.894949763431914569e+00
2.132100051563430299e+00
-5.631556082884650039e-01
3.085674517547602136e+00
1.489749530460134253e+00
1.494792979348435580e+00
-9.800318155509408768e-01
2.585361899273833863e+00
-2.192870989769647672e+00
6.994960165396202356e-01
3.042792243564221621e+00
1.590778603627596155e+00
3.057744136265021950e+00
-1.843601965483214755e-01
-3.800061269175732726e+00
-3.185206290778838323e+00
-7.466624701188928626e-01
5.213276226085330478e-01
1.562024548946400415e+00
6.560729204589375030e-01
-3.121126805161349438e+00
-5.136136243835753845e-02
2.094752481234250396e+00
-7.238043364920336842e-01
1.066086393634950724e-01
-2.873470730068766077e+00
-1.254595427479880509e+00
-1.976448335320752037e+00
3.203874711982418688e+00
-3.635783468350942904e+00
-2.570557268075760682e+00
-6.552731302586360940e-01
-2.678173266429953792e+00
-3.422834830760646874e+00
-9.178563564399251362e-01
3.608228823564807897e+00
-6.392475617808122124e-01
-1.052963445003636700e+00
1.882812193884078056e+00
2.735500546490410301e-02
-3.296431766513483019e+00
2.197457051111415538e-01
1.320150238309727442e-01
-5.314526456528732012e-01
-3.855718068473592552e-01
-1.190608182032331541e+00
-2.753838853273752996e+00
9.568685575974278379e-01
-8.285943799536283905e-01
9.471836968764266729e-01
-6.775296988563148659e-01
-2.757383283543815011e-01
1.095757199040226837e+00
-3.659627579854021207e-01
-7.057015993106432461e-01
2.114128501591836518e+00
2.743983022715279496e+00
-1.010738177003384308e+00
-4.454854197207112065e-01
-3.268789203586817127e+00
1.405642013295059556e+00
-1.128622155067238175e+00
7.201407526665537517e-02
-2.248899630146969031e+00
-2.501112909988020938e+00
2.649533541370186818e+00
-9.779470334750639537e-01
1.406769282441002744e+00
2.921744765032441293e+00
2.652636324500261544e+00
-1.787959988008408274e+00
-5.413096763078417695e-02
-3.109110023794956490e-01
-8.661040728718640835e-01
2.468017357572724890e+00
-3.127569079860309742e+00
-1.411063926956355630e+00
-2.738634851800991754e-02
1.274244344021204789e+00
-1.620815567629732001e-01
1.983806706696283229e+00
1.242513575761785560e-01
-7.877356156701686984e-01
1.564583663987292539e+00
-8.767898138028513699e-01
2.399306777348719777e-01
1.608134064731983059e+00
1.389871028372594353e+00
-2.470058200088345313e+00
-7.254556140446668522e-01
-1.599768581314356730e+00
5.282871384300715789e-01
-1.488585313883869610e+00
8.287786143121422811e-01
-1.393321824819126142e+00
-3.252856240915691366e+00
-3.598566072013138495e-01
8.935807029628426434e-01
2.037727616831029209e+00
-1.491230689054387604e+00
-3.023244639376892362e+00
2.367165895935404052e+00
-3.236190601175881199e-01
1.463619709390798995e+00
-9.061378794261631953e-02
-3.309130624027103451e-01
-4.758756381493611798e-02
1.315581062614898933e+00
-8.672424042110034037e-01
1.286663701671223237e+00
-2.148674227777549905e+00
-6.582864524083449353e-01
-2.723474141596422538e+00
1.610365142083941770e+00
1.666273129968143252e-01
1.215013565440132837e+00
-7.687875256058935847e-01
-1.486199794798857887e+00
-1.197410191257946455e+00
-7.058617218557907691e-01
3.301207424901528853e-01
-2.481328256865826809e+00
1.025969791796912389e+00
1.483050838236890101e-01
-2.345121512239352057e+00
2.693542916147797506e+00
-1.217061485769272533e+00
1.552419792690819200e+00
-1.557176953505825523e-01
2.087845637965216383e+00
-2.927713276838431078e+00
1.317683704028559610e+00
-1.984870207086152583e+00
9.203382008555074378e-01
-3.221541551602040698e+00
-2.786062006543438052e+00
-8.956058129052379968e-02
7.254736791204772217e-01
-1.273259433340425684e+00
-6.116287511510041242e-01
-1.534366433726074064e+00
-1.670408767264493832e+00
3.117056834278912447e+00
1.307056052790152023e-01
-1.093917978790706513e+00
-2.451618330834666182e-01
-1.682618770121120377e+00
3.109863589308979215e+00
-2.547917773977373734e+00
1.284938379710263590e+00
-5.377070847106608653e-01
2.968405481034372073e+00
2.876006680762555057e+00
-8.287328437214966925e-01
-4.015496944824763048e+00
1.616808836785303072e+00
5.126193223217292427e-01
1.523926035126736522e+00
1.089986346440960041e+00
-2.506491113831474937e+00
-6.234882161641657206e-01
-1.192674282802748120e+00
1.069518325437978312e+00
2.643712350599251693e+00
1.694654830712493343e+00
-1.303409969153993764e+00
-2.127797665745844835e+00
3.291185916962778180e+00
7.875346492477275362e-01
1.976141240719443637e+00
-2.060404020502789812e+00
9.815612526029191542e-01
-1.248221654788259638e+00
-7.754762443572635888e-01
-3.089434362119193977e+00
4.208315625300418361e-01
-2.396234619181489833e-01
2.827453785908359052e+00
-3.426252332274640544e+00
-1.797826082870676245e+00
2.269586226455131417e+00
6.265092541786057012e-01
-1.950556677843775510e+00
-8.580304821693101047e-01
-2.800171050455629640e+00
4.730009317991186180e-01
-2.648330035951645733e+00
3.022576781915505606e+00
-3.352829007923671334e+00
-1.836370928573047845e+00
-1.556803382030839344e+00
2.816407562004794585e+00
-1.061819633111741989e+00
5.684361524013770151e-01
-2.867937841080451022e+00
1.035886935251301821e+00
3.729020249111911767e-01
1.014697019604753336e-01
-7.009956669009298480e-02
-3.542956781556005019e+00
1.632291018978189179e+00
-1.135185507939743488e+00
1.539253224456435198e+00
-1.134509616603214255e-01
2.307638805485121125e+00
8.437406182055617876e-02
-2.974902256545250978e-01
3.684173443049589380e+00
-5.625771396415757408e-02
1.147087171820004414e+00
2.305161751121654667e+00
-2.529474106331944583e+00
-4.338576807449996409e-01
-1.675145254845060716e+00
-9.960301474375530262e-01
2.836109899810076662e+00
-1.973768166237448440e-01
3.511449342567267706e-01
-1.738938410161803727e+00
-1.453353114351079611e+00
1.390134988941589711e+00
1.588254011947016764e+00
-1.264102834674956988e+00
-8.908629917076362759e-01
-2.886438296117512348e+00
7.134801413590041719e-01
2.544464905278028155e+00
-2.591167590659804176e-02
-5.780408747147403048e-01
-1.348010413214294267e+00
-4.848187815452860150e-01
1.649103138017837367e+00
-1.926035412189050611e+00
1.122205246330697292e+00
2.227181055667442067e+00
1.190018480519069222e+00
7.785839377769798730e-01
1.699037441031757467e+00
1.982763953030387327e+00
-6.814491816988113015e-01
1.197359196940989357e+00
-9.222238265184037331e-01
7.989226770983490766e-01
1.066010736857327501e+00
3.112240440083960280e+00
-3.287924452503904860e+00
3.905572081653220451e+00
-1.213581012647724222e+00
1.271356088606152568e+00
4.791871147231221428e-01
-2.154833910313703083e+00
-6.664466579975858451e-01
-1.013809474065544336e+00
-2.962077901761270837e-01
-2.199049367904232000e+00
-3.928010052800132712e-01
1.122882211696190957e+00
-2.371821180534571916e+00
1.928207768080221207e+00
6.607933273317740941e-01
-8.135880268878290522e-01
-2.407804093366427090e+00
5.855459850177924253e-01
-2.474091398821805399e+00
-2.388657336847287205e+00
-1.437638266788878738e-01
-1.632507440230304141e-01
4.208508633776908425e-02
5.468476170839728923e-01
-1.903193722774740859e+00
1.792104900156431313e+00
-6.900635694131178610e-01
-2.612283107366641932e+00
-1.401245225605895595e+00
-1.140192881555206483e-01
-8.445107633230932720e-01
1.754632729062935326e+00
1.655159839386897147e+00
-1.951435474533151915e+00
2.506948403626428679e+00
-1.177865759648243582e+00
-9.817651118059398385e-01
2.069636655164490691e-01
8.033564093267830941e-01
-2.131026668952475944e-01
-1.022787909059569067e+00
-6.578980943105250390e-01
-5.061559011812040154e-01
-1.090021270247097718e+00
-2.494838806979966517e+00
-1.798362236559374328e+00
-3.411662578454937034e-01
-7.119707070967615792e-01
-1.423833365095256376e+00
-1.460122195168262138e+00
2.927205940237698201e-01
2.771008657359814720e-01
1.830965924466375405e+00
-1.437120017292836671e+00
-1.376174196472759181e+00
1.776971240135010177e+00
3.549587104178186792e-03
2.813695945731744530e+00
-3.988173384691563683e+00
1.180437805395615491e+00
3.474332152180220845e+00
-7.709203195262119834e-01
-1.202647586730492435e+00
2.053150751173548727e+00
-1.067464727381252310e+00
3.121244550289240749e+00
-4.308047113208948176e-01
-9.831699365511648026e-01
1.687006329654415993e+00
2.440150206223419715e+00
3.236503639990422343e+00
7.851465554695646887e-01
1.050876901052150814e+00
-3.903229913844974419e-02
-3.288747348946543525e-01
-3.436575407983957220e-01
-1.872002069972165117e+00
1.099781342483861835e+00
5.350339645696369217e-01
3.744745987979802848e-01
2.314603655026252760e+00
-3.554298023170020748e+00
1.757312545750640886e+00
-3.907402393683767627e-02
-4.573326966975450603e-01
-1.687170041326398362e+00
3.412857815463784306e+00
2.009795285564212719e+00
1.359640490806687474e+00
4.484696031073198697e-01
1.761186153476410610e+00
9.725721959660793559e-01
4.402812301784386761e-02
-9.047721472394067987e-01
-2.275395754250034486e+00
-1.748763336473914798e+00
8.716594727360806871e-01
-2.957284691732924742e+00
1.399793974332701474e+00
-1.815464647512543550e-01
2.351161673084477322e+00
-2.667588275695873090e+00
1.042869489296055718e+00
7.266693858021575636e-01
-1.026334085422281106e+00
2.057317964382843201e-01
-1.959960271091381490e+00
-2.628482735649146917e-01
1.329919269247586300e+00
1.087722783216795719e-01
3.187838314086155478e-01
-2.062483302968604271e+00
-1.016068863379475662e+00
3.724936328350919368e+00
2.248656003150014904e+00
-2.851391662085265288e+00
-1.314094047850885794e+00
-2.121393405262931964e+00
-1.382528488734581451e+00
-2.379085744707090111e+00
1.503394026624388147e+00
3.200817915967327565e+00
-8.755009387246026620e-01
-2.771137690640586015e+00
-2.114075059876645568e+00
3.618567460539672709e+00
-4.564661075503320120e-01
-7.309219467085430466e-01
-1.763041399182096569e+00
-2.776842128526901377e+00
5.143138566740557138e-02
-1.404700441603039529e+00
1.699771947361417901e+00
-1.944018732953835649e+00
6.306981992707267892e-01
1.733630590536392901e+00
3.658490141776390203e+00
1.669851397409680693e+00
1.915138112387767322e+00
-7.226986131908486044e-01
2.705424893055381474e+00
-2.651305257410010441e-01
1.748142749261205608e-02
2.404971091444652487e+00
1.082729078681960999e+00
-9.305859669101188558e-01
-2.807769527088979089e-01
2.624245231942321510e-01
2.032952164344639989e+00
1.172031061792184303e+00
6.792617296114151770e-01
3.757661005651140584e+00
9.006690089550630773e-01
1.946737258493276279e+00
-1.429960291596600541e+00
1.704295448600563034e+00
-2.678039130620743613e+00
3.472371471126471931e+00
-1.945699258098274598e+00
-2.263256532735307136e+00
-2.572970267025891378e+00
1.729170349252628469e+00
9.534432440912077311e-01
-2.462194553258419738e+00
-1.749025088205544698e+00
-2.299433992667498927e-01
7.403673574738913743e-01
2.129572712897708442e+00
-2.362542126052419977e+00
-1.389040827669252298e+00
-2.442724031383158856e+00
-5.121297494154761765e-01
-2.314892604079377136e-01
-1.965374861164512765e-01
2.572555720208421270e+00
-2.430926055631934535e+00
-2.190166448199179605e+00
7.328080529214462402e-01
1.913120125821208717e+00
-1.999883219218256958e+00
2.869748663870854699e+00
2.008856325000531129e+00
3.667708744792719244e-02
-1.843073357212733576e+00
-2.646037713502504829e-01
1.370903224417395982e+00
-2.876040193947537293e+00
4.628277821904491773e-01
-2.104889601238770780e-01
-2.771406833597968244e+00
-2.274480347800359681e+00
3.905108336484204301e-01
-4.361446069421290872e-01
1.474043950432323058e+00
-1.913064812270117709e+00
-1.826114994776384837e+00
2.435700279634913201e+00
1.206363270662615506e+00
6.521692039595805568e-02
-7.513081138614285948e-02
1.143328702520651774e-02
9.384517993322329943e-01
-2.330753830979697128e+00
-1.364552210995233494e-01
8.624072443520933717e-01
-2.450507775299495261e+00
1.251934947230310513e+00
1.496289493268577075e+00
2.961851722397410569e+00
5.535006864161040596e-02
2.108962698773694910e+00
-2.282485856003570568e+00
9.818162987910019623e-01
-3.288960144955908937e+00
-7.027468178363571738e-01
1.054895517401893912e+00
-3.009064639708565192e+00
2.234634597271263345e+00
2.996259851573164212e-01
-2.195628903476509741e+00
