3.723000000000000000e+03
3.853000000000000000e+03
1.018900000000000000e+04
5.950000000000000000e+02
0.000000000000000000e+00
8.841000000000000000e+03
9.486000000000000000e+03
7.919000000000000000e+03
1.210600000000000000e+04
1.171000000000000000e+04
1.228800000000000000e+04
1.214200000000000000e+04
9.360000000000000000e+03
1.169700000000000000e+04
1.202000000000000000e+04
1.188300000000000000e+04
1.117000000000000000e+04
1.243700000000000000e+04
1.238800000000000000e+04
1.203400000000000000e+04
1.224500000000000000e+04
1.188400000000000000e+04
1.157900000000000000e+04
1.205900000000000000e+04
1.233700000000000000e+04
1.171700000000000000e+04
1.214900000000000000e+04
1.190600000000000000e+04
1.118800000000000000e+04
1.188700000000000000e+04
1.192200000000000000e+04
1.214700000000000000e+04
1.195800000000000000e+04
1.142900000000000000e+04
1.180200000000000000e+04
1.210200000000000000e+04
1.167400000000000000e+04
1.159800000000000000e+04
1.151300000000000000e+04
1.219300000000000000e+04
1.196300000000000000e+04
1.176500000000000000e+04
1.200700000000000000e+04
1.231400000000000000e+04
1.196600000000000000e+04
1.182800000000000000e+04
1.199400000000000000e+04
1.167000000000000000e+04
1.178800000000000000e+04
1.192500000000000000e+04
1.192900000000000000e+04
1.248200000000000000e+04
1.184300000000000000e+04
1.129900000000000000e+04
1.163100000000000000e+04
1.194700000000000000e+04
1.181400000000000000e+04
1.211700000000000000e+04
1.178600000000000000e+04
1.215000000000000000e+04
1.173700000000000000e+04
1.188500000000000000e+04
1.210900000000000000e+04
1.220400000000000000e+04
1.193300000000000000e+04
1.170300000000000000e+04
1.209000000000000000e+04
1.150600000000000000e+04
1.180100000000000000e+04
1.208300000000000000e+04
1.209200000000000000e+04
1.158900000000000000e+04
1.212700000000000000e+04
1.172400000000000000e+04
1.150700000000000000e+04
1.223500000000000000e+04
1.207900000000000000e+04
1.135200000000000000e+04
1.214400000000000000e+04
1.126300000000000000e+04
1.200500000000000000e+04
1.190100000000000000e+04
1.236700000000000000e+04
1.209700000000000000e+04
1.154000000000000000e+04
1.151000000000000000e+04
1.230200000000000000e+04
1.184200000000000000e+04
1.181000000000000000e+04
1.195500000000000000e+04
1.243900000000000000e+04
1.163700000000000000e+04
1.224700000000000000e+04
1.217100000000000000e+04
1.172800000000000000e+04
1.156400000000000000e+04
1.213500000000000000e+04
1.173900000000000000e+04
1.228300000000000000e+04
1.253300000000000000e+04
