1.787433785846245592e+05
4.142436649681792915e+03
1.585894005654737994e+05
2.692019799227189651e+04
2.710020592440432665e+04
1.834290625422740995e+05
3.197679610232767300e+05
4.159659540306213312e+05
1.767671063261394011e+04
2.719920336148836650e+05
4.911785852112257271e+05
6.914321921859895810e+05
1.040791221683231415e+06
1.434865725789804012e+06
1.547603954271628521e+06
1.546443046725554625e+06
1.554739153608105145e+06
1.554991990848466521e+06
1.552948162865237333e+06
1.554991990849840920e+06
1.554991990849835798e+06
1.554991990849840920e+06
1.553004392572943121e+06
1.554991990849843947e+06
1.554992069623870542e+06
1.554991990893742070e+06
1.554991330930324038e+06
1.554991990849847207e+06
1.554991990849829745e+06
1.554607371114719193e+06
1.554991990849879105e+06
1.554884386981664691e+06
1.554991990905452985e+06
1.554949555668764748e+06
1.554888577516716439e+06
1.554991990857234923e+06
1.554991990849842317e+06
1.554992069526926149e+06
1.554845129221054725e+06
1.554992232385125710e+06
1.554991993499468779e+06
1.554991990850762930e+06
1.554991990845314460e+06
1.554991991824005265e+06
1.554991990849839523e+06
1.551643130659342278e+06
1.554991990849849768e+06
1.554676965895707719e+06
1.553649282909539528e+06
1.554991996589669958e+06
1.554991991508108331e+06
1.554991992347723804e+06
1.554991990849844646e+06
1.554991990849072579e+06
1.554851456566946581e+06
1.554991995098101441e+06
1.554991914849600988e+06
1.553987331736497581e+06
1.554991990849862341e+06
1.554991990849867929e+06
1.554991990850108676e+06
1.554991990849840920e+06
1.554991990849846974e+06
1.554991990849845577e+06
1.554991990866725566e+06
1.554991990786238573e+06
1.554991990849842317e+06
1.554991990850443020e+06
1.552833328031997196e+06
1.554343372479259968e+06
1.554991990849845810e+06
1.554991990723594092e+06
1.553187071492607705e+06
1.554991990850929171e+06
1.554991990849896800e+06
1.554991993977776729e+06
1.554780382861934602e+06
1.554991990849843016e+06
1.554992017577763647e+06
1.554747017335716635e+06
1.554991990850066300e+06
1.554991990849843249e+06
1.554991992535805097e+06
1.554991990912753856e+06
1.554991990849843714e+06
1.554991990856577642e+06
1.554991813304482028e+06
1.554991980725223431e+06
1.554991990869742120e+06
1.554991990841499064e+06
1.554991991672523087e+06
1.554991990849846974e+06
1.554991990849858616e+06
1.554991990853982512e+06
1.554991990849846508e+06
1.554991990849968512e+06
1.554816806127605960e+06
1.554991990851242095e+06
1.554991990842228755e+06
1.554991990850351984e+06
