-5.479971833917546276e-03
-8.883674008161584650e-13
-3.238442182213005229e-10
-3.819465905931644150e-28
-1.858549246421111409e-17
-5.237821796454890505e-06
-4.380083873430245522e-01
-1.562144433839885403e-02
-6.715642976779238346e-08
-7.285497832274633821e-53
-7.561739602913592200e-05
-6.914167123320996339e-29
-1.462014095327300062e-20
-1.812082981610882028e-10
-3.697626601790965351e-29
-4.933887805676722717e-11
-3.380050313812188759e-35
-1.980225667370231746e-22
-8.174214123736730968e-56
-1.952625210691380804e-41
-1.236274121957663853e-08
-4.133723196331068776e-12
-2.425445790088935974e-02
-8.334308331228160379e-71
-2.009582116620460947e-04
-1.122747497721932605e-48
-3.952490242528715054e-43
-8.508326109100262884e-50
-5.215162780476836220e-14
-2.307420947158830860e-27
-1.582384024070440103e-38
-4.039655310216754921e-07
-1.182150844712901622e-62
-3.411699600976073462e-45
-1.940908841603608387e-44
-1.859568531846958321e-05
-2.060064480317055350e-11
-6.235986376676697348e-09
-1.548054949347317185e-25
-3.162582684960197017e-28
-1.617366758382325859e-08
-9.945189231104619559e-49
-2.306151811954885994e-05
-1.679493188799998008e-13
-1.663006033908495421e-99
-7.625000651888661521e-19
-9.509912601431090155e-46
-6.260067852758455874e-60
-1.658251065711340926e-28
-9.150826295078762844e-88
-3.104385370977553343e-28
-7.915939574922410602e-51
-3.139847632684604453e-42
-9.897990721198161621e-30
-5.300541923152296916e-19
-5.163834180481661381e-06
-1.548496989095907996e-05
-2.203207810887073545e-12
-6.415548636804215779e-13
-1.786100247786866753e-28
-7.219759193029589325e-11
-2.153347659395091547e-34
-2.615849610784443766e-08
-3.645539324487709518e-30
-7.652551276149382856e-55
-4.481451416551868461e-13
-2.248553387679503744e-49
-4.681260827704056294e-36
-2.272139591221729550e-42
-9.435445600326216875e-81
-9.883201761706397126e-11
-2.066301640023076817e-26
-2.085385594601908624e-23
-1.627973503518337868e-09
-2.992277100575953814e-72
-1.849779796628940001e-06
-4.144269340782233847e-60
-3.721832246519206630e-37
-1.191769767076404513e-78
-2.977944451124628532e-32
-2.702489960921012225e-03
-7.476729071664515948e-64
-8.812924847795289405e-62
-4.074880625874334761e-20
-6.359494677936438628e-51
-7.855420073254611151e-14
-2.941543697913070897e-08
-4.410632399448292046e-45
-1.104077184266675912e-22
-2.821137489630990737e-03
-3.403767152607076879e-02
-1.065826248605770697e-57
-4.306244268746822620e-06
-6.262755874912792620e-02
-2.302951925104269824e-44
-3.518853318406703476e-19
-6.881599805679328862e-40
-2.042822963600250501e-03
-4.253725041394633152e-12
-2.515322521098924251e-59
