7.783158638390306194e-01
-1.576835978478498212e+00
1.082803043426583400e-02
-4.288168359073969427e-01
2.789950302729611309e-01
-1.743934148363592840e-01
1.393049356831874697e+00
-6.082777069642499868e-01
3.825806328488159380e-01
-1.599898152550053965e+00
9.082777258454290958e-01
4.978314260181875284e-01
1.197273577544766709e+00
5.450116201197854338e-01
1.549849889071457376e+00
7.972307039948862695e-01
-1.694743539838622581e+00
5.846427998074021914e-01
-2.289219732415972430e-01
-7.056627950382754477e-01
1.096412447885155572e-01
-4.426630772580377737e-01
7.070576816975924217e-01
-6.014361563553567436e-01
1.485318141529047509e+00
1.505910085642595320e+00
-4.837923830816750481e-01
-6.765040507612027909e-01
-3.028660847952187041e-01
-3.792804574475923118e-01
5.488931191455908021e-01
-6.216796916939220097e-01
-5.567745052633226166e-01
1.456876358281522954e+00
7.385672933035944965e-01
8.458553610688301916e-01
-1.495430431610242916e+00
-3.719186764050004257e-01
-9.544876831386508442e-01
-1.689489283506349526e+00
2.233989159905149791e-01
-1.269533911049531838e+00
7.255862000736819084e-01
1.006153226136881962e+00
3.545937558785094978e-01
-9.011506532862645358e-01
8.399673747522413692e-01
-7.076678188233511690e-01
-1.138161492467997249e-01
-5.627931007613984349e-02
-1.054540642847474174e+00
-1.390414764159708660e+00
-3.344737815283505000e-01
-7.608012250610345362e-01
-6.389562952301997001e-02
9.284822907622114485e-01
-1.539877774701412516e+00
-8.324325907746690234e-01
-5.333616043711675303e-01
-1.615086178320889410e+00
-4.269235597468501453e-02
4.864015157595478200e-01
-1.213516880173978407e+00
1.529124505360528019e+00
1.136171597372261921e+00
-4.182439490589189290e-01
6.571565635102771807e-02
-1.654288961925605150e-01
1.571990284010595040e+00
4.184529638071863289e-01
-6.674099059189106953e-01
-7.228051949695881717e-01
2.488690734253475867e-01
4.119722540563408586e-01
1.480293278498994169e-01
-5.055624821898465626e-01
-1.346058366742749257e+00
3.673348869324861710e-01
-1.539033668181470027e+00
1.608860697886353996e+00
-3.831332917244099079e-01
-1.498142300363047852e-01
-2.183999511983012454e-01
-4.371513902047761135e-01
-1.278568282065891015e+00
-3.446425130025376760e-01
-7.777126034165835478e-01
-4.758910212945242080e-01
8.655241846358787683e-01
-2.303056072750040428e-01
-1.914858551262295094e-01
1.798048829073914945e-01
-9.879271234458855133e-01
9.015317302368455188e-01
-1.315115878879803191e+00
2.089597952587576302e-01
-3.107190990425401367e-01
9.934148499590005343e-01
-9.077617032790907814e-02
-1.179035337880449674e-01
-1.349722245657752673e+00
2.271395237920623700e-01
-8.988086245034141442e-01
3.278735031297781433e-01
9.291948907488167819e-01
-4.149218900434190616e-01
2.445478907132194735e-01
8.164691981498695128e-02
1.994619381672944058e-01
-1.636784469653554286e+00
-1.031931522270697066e+00
1.282415553143325226e+00
7.655628983338580440e-02
1.564657514669152150e-01
-1.338210857896440231e-01
-1.302806210968388001e-02
-5.312764870152930641e-01
-9.686811572693958539e-01
6.896739749289437782e-02
-1.240054916650481509e+00
-8.574959237403909640e-01
1.664884342242132220e-01
-1.353962781970285967e+00
-1.734943009479403830e+00
2.690040932860924272e-01
-1.621975446391102693e+00
1.167894570388287256e+00
6.027375968435899622e-01
-6.325578802283979840e-01
-1.249250090733964313e-01
1.654166643188609953e+00
7.652551555023983099e-01
-8.103538713264821780e-01
-1.058863578605798494e+00
-2.547867915814263640e-01
-2.861384340551742511e-01
-1.749875298995398065e+00
1.661029833810285794e+00
-1.497963732657332070e+00
-9.950087423285225441e-01
-1.359087738105957399e-01
5.579218508247185682e-01
-8.329942363894922153e-01
-4.723700379477993039e-01
1.613983117869292272e+00
2.553834324587498372e-01
2.182479425333738732e-01
1.283874018029401931e+00
-7.112626867113425178e-01
1.412184119717112551e+00
3.946662941706957639e-01
1.153649558676513642e+00
-5.893287347331046533e-01
7.252880622556370227e-01
-1.408933509620040603e+00
-1.163740396068975169e+00
9.851872231451750395e-01
1.206544965716127571e+00
9.804704998156390516e-01
4.311390011785753984e-01
-6.609578885861360220e-01
1.461407901825779732e-01
1.023958916240292893e+00
-9.278501138890682398e-02
-1.099443999909460956e+00
1.055197491126907750e+00
1.217647589706381872e+00
6.426619720123802892e-01
-1.833137219425804432e-01
9.754893641749662336e-01
-1.429305438177821408e+00
5.854254195651371617e-01
1.689352828361229797e+00
-1.417996681519507973e+00
-1.445339956569194229e+00
9.775448164956213049e-01
-5.818083806296314719e-01
4.943768497930509653e-01
-1.282355526861410411e+00
-1.223159345939345943e+00
-8.226597217219486780e-01
-3.001261054677675233e-01
1.204151523740810248e+00
-1.044762078592397891e+00
8.934977342840184633e-01
1.352562023598813390e+00
-6.345976054397226562e-01
5.535034482916572074e-01
-1.217815954769467357e+00
8.538164831332508697e-01
-3.569115018786730431e-01
9.618890760883598290e-01
-4.475980019347254313e-01
-8.834860489222560176e-01
6.926045634946120799e-01
2.111186661902673123e-01
1.399401248340641501e-01
-8.516007732417243403e-01
4.053499602936918578e-01
-1.221538357072603276e+00
-1.256467372007902483e+00
-3.252229123690151269e-01
7.814042391956190770e-01
-2.406950657843456298e-01
3.531317543811329784e-02
3.712713585227520596e-01
-4.669071986841748512e-01
8.711507691727584657e-01
1.451712763208266033e+00
1.006217231385580391e+00
-8.967426886552702925e-01
4.558958000861315085e-01
1.196839418086828033e+00
1.331974566373334667e+00
-3.847826725788916491e-01
8.833644081309177665e-01
1.183786051810833406e+00
-1.068660476381260160e+00
-1.114458175016081576e+00
4.115043014220622908e-01
-6.903155129339566543e-02
-9.286599875336598586e-01
-1.154661366541133827e+00
-1.551913459009336194e+00
8.521646697958376038e-01
-1.715759972533132949e+00
-1.116811672628035268e-01
-9.953407067369219874e-01
-5.498008712553925648e-01
-1.291853779604458907e+00
7.307450995579722886e-01
6.144930839629427766e-01
-4.365823467516252165e-01
3.025548118179957058e-01
-4.692845126976656900e-01
-4.080373922687048349e-01
-8.493394014497646083e-02
-1.275649383503668410e+00
8.248881729418124920e-01
-1.388797400854602682e+00
-6.703565906113233552e-01
1.620062249507057572e+00
-1.372539188956878320e-02
1.353793474475643244e+00
-1.573329508485047157e+00
-8.344813221120261915e-02
-7.227883878538401419e-01
-1.106827122151575971e+00
-1.191949271915468955e-01
-5.820197494546972550e-01
1.031382920120885061e+00
3.093928456119900972e-01
1.207814206519756794e+00
-1.607445759286671993e+00
6.067867862002218615e-01
1.043010949131026877e-01
9.995175936531186522e-01
1.499030775970300766e+00
1.240605049923270364e+00
2.945103039679928258e-01
5.771337743464659553e-01
-2.512989807313656954e-01
-5.807764608008625373e-01
9.109363971935247051e-01
-3.278271939765886600e-02
-5.537323521547703464e-01
-6.594620702089875053e-01
1.104392283166218292e+00
-2.958181564706672262e-01
1.291971567998276171e+00
2.668012006084543586e-01
7.940761281032475694e-01
-1.633580798753247354e+00
-4.701009724469420448e-01
7.835785586660612978e-01
-9.143326321091986841e-01
-1.303132732313383446e+00
-6.574130411744931735e-01
7.795330363299992626e-01
-1.671483625185934407e+00
8.131990237254687059e-01
9.242652342937498489e-01
7.189716057192647725e-01
-5.083585808453117139e-01
4.080450020980332937e-01
1.816485612064022703e-01
-7.635685449639648681e-01
-5.317086995832909224e-02
-3.400784811840509292e-01
1.503613361821027894e+00
3.563792212410881177e-01
-8.786578368442441445e-01
-1.717881664158067867e+00
9.608600943240475090e-01
1.007341214930720596e+00
6.390938522399025601e-03
1.160875409201552522e+00
1.073353013694547720e+00
-8.338367304940197400e-01
1.263470384180569894e+00
-4.333876442609962965e-03
9.331621387370336862e-02
-1.438908981803524334e+00
1.449371976709453946e+00
9.465310479515531839e-01
-1.118971028381951616e+00
2.989943863657140710e-01
-5.734816145035788182e-01
-8.175069366032392537e-01
1.168982496030253948e+00
9.619249582552269473e-01
1.240835867597058773e+00
-9.650289369731606115e-01
9.603342532757697114e-01
6.220118005360886215e-01
1.166923898043503272e+00
7.432289117158488168e-01
1.556197944785802534e+00
3.431668893787058749e-01
3.758760215739851418e-01
-3.324416183537532987e-01
1.389991131451580486e+00
1.527710127787715422e+00
8.096103739067217475e-02
-1.533619919491240324e+00
2.702723523646106685e-01
8.107622568548311648e-01
8.253172465581499750e-01
-1.001020627187044987e+00
9.020518559444408169e-01
-1.184831557482119102e+00
-4.922779603138192073e-01
1.582590623624806625e-01
-2.825651779206870273e-01
1.241471260114686892e+00
-8.548693913205225314e-01
2.274229736540931412e-01
9.769882408430738963e-01
-9.607820428359490350e-01
1.231393150589354946e+00
1.024077282035994685e+00
-1.049104270967937680e-03
3.335716351070194818e-01
-1.161684372665634513e-01
-1.174685706655828721e+00
1.014349571414800977e-01
-1.567421232779483198e+00
-7.496691190659268145e-01
1.128739781357637639e+00
1.416699479510223902e+00
3.146491995793079255e-01
-1.675445702777608403e+00
-7.905069679110425795e-01
-1.212535731389050575e+00
6.933994693144818200e-01
-5.315521451683933307e-01
-1.170885322757602154e-01
2.448477352493849679e-01
7.432132062138734341e-01
-6.301134356329027852e-01
1.130733846419121669e+00
3.269663907342472697e-01
-3.469926443820696704e-01
6.747315975913483754e-01
-6.108341049614516294e-01
2.517992604908680931e-01
-7.103397251397183254e-01
-1.071070248633234634e+00
-6.754776717245567497e-01
-1.256513328319845080e+00
2.089781685276106415e-01
-5.443718266855448462e-01
1.300109315095361318e+00
1.184333969825539512e+00
-7.670818189491495076e-01
3.874077249127054756e-01
-1.816816288957037173e-01
-3.209764675966217951e-01
1.228120937502037435e+00
4.598803708568830473e-01
-7.208891379811674938e-01
2.777895358981492535e-01
3.382471267580200447e-01
5.125700307249658749e-01
-5.294047992406483161e-01
-7.045120402382938352e-01
1.052636272959487584e+00
-5.561368208458281615e-01
3.742622348345872041e-01
1.833685287745723258e-02
1.147303311460017738e+00
-6.523638617765881165e-01
-8.682546893181983805e-01
-3.530564305739556374e-01
-9.135168994693056987e-01
8.977048705818013730e-02
-7.457865165697441512e-01
4.695590403719887007e-01
6.944279410071763081e-01
1.202200632162560012e+00
1.053747065916649461e+00
-1.166331246479685557e+00
-1.264335471064242711e+00
1.609327600285799242e+00
-1.279454871794906801e+00
8.214584213007629643e-01
4.076895918542664532e-01
2.455620425967275366e-02
6.188985342197188544e-01
9.544164023784240669e-02
1.060965934140874367e+00
-4.504939598477442075e-02
1.548439136981343722e+00
-1.278976470616091099e+00
9.599987075848046558e-01
3.129900736512567505e-01
-5.138782308237512808e-01
1.152400960927359996e+00
-1.167297476816766544e+00
8.396852774340999304e-01
-7.814215419214942671e-02
3.531737180496783424e-01
-7.004344924789993598e-01
-2.779098447157322127e-01
-6.415919466172930186e-01
-1.910006047058443457e-01
-1.259561723148186374e+00
-8.100574556767625722e-02
1.223148273673536401e+00
-1.436408370372185939e+00
-1.142415197686923456e+00
2.025915327886806949e-02
8.859088882510306462e-01
9.791613904706206739e-01
-1.005635695837389321e+00
4.175419862304252661e-02
-3.572809115689743464e-01
-1.223695851070536023e+00
6.243257295673867446e-01
5.147137896430118431e-01
-1.086309357630708572e+00
7.788832583728186876e-01
-3.334790698301146605e-01
-1.428399759485419196e-01
-7.749863974619861651e-01
-1.379014738174957344e+00
6.744837261272760287e-01
-1.330971145004538059e+00
6.174000918656936676e-01
-3.863381059811121787e-01
-1.163230142521822330e+00
1.290553501970733485e+00
-1.025635319591273298e+00
-1.259976712386625675e+00
7.801427413026473801e-03
-7.026078210949391334e-01
1.020937774400967335e+00
-1.665844191246960371e+00
-9.456867843676821650e-01
1.102516572462981514e-01
-1.193413738806906821e+00
1.177232280565013944e+00
-1.629653593505215881e-01
-6.755152328817448648e-02
4.626571795552614219e-01
-5.736805481159450437e-01
-6.026794353819795447e-01
1.195725557344076151e-01
1.345330375392379096e+00
4.661086050460463426e-01
1.271837748731981854e+00
7.314706896909184408e-01
-1.272587047301564134e+00
-1.516123896543178695e+00
6.988697970963784201e-01
-6.368215242738752835e-01
-9.723281220623904986e-01
-2.230100868944306924e-01
-1.100622559040362436e+00
-7.004409449024864287e-01
-7.362590499374475073e-01
-3.017401236781198648e-01
-1.128661826684419722e+00
1.177314264335032057e+00
5.898217974339745595e-01
-1.103031209101143162e+00
-7.902712026831109071e-01
-1.031554052212084738e+00
5.797089029838495833e-01
-4.430287139309774247e-01
8.778904440254242658e-01
-6.137264697760080878e-02
-1.669150616686200017e+00
-2.083198733260367419e-01
1.114454482212609676e+00
3.029364606804421101e-01
3.288102757843072155e-01
-9.977299376084394211e-01
1.094168334524582065e+00
-3.135597808198191672e-01
1.621112627815275431e+00
7.090232676334480288e-01
-7.013286019407498628e-01
2.615806621705276669e-01
7.898916237042090671e-01
6.985026901670696731e-01
1.456329288044095449e+00
4.200734060295303607e-01
-1.042339145026064173e+00
-5.221294309812396506e-02
-5.761657240153068571e-01
2.332610678622835110e-01
3.220367227237650454e-01
5.927155260038086126e-01
-1.353774218593902123e+00
-1.467939059158044124e+00
1.259042060453677614e+00
-9.008902714360207398e-01
4.120199691044481582e-01
7.608327069977622870e-01
7.277682329259729244e-01
-9.840321566993015523e-02
-4.091178936226560481e-01
-8.916643695135650916e-01
-6.417113014427879847e-01
1.202452041047018305e+00
1.307033921263192511e+00
-9.499956374629263678e-01
1.488519586209696044e+00
9.489238380172668741e-01
6.163045069416543953e-01
-1.153962305854128179e+00
-8.335665344698606205e-01
-8.178033756597287152e-01
-1.132333491035657058e+00
2.589995286062141133e-01
-1.379881443665986751e-02
1.045567988953153282e+00
-4.896825990189475064e-01
-3.843477513507727039e-01
1.434790614257344110e+00
-9.546323391245969958e-02
-1.579571668662541839e+00
4.648625844572098487e-01
7.938047056321542172e-01
-2.531168338329692347e-01
4.054347417641279705e-01
1.623903019718877516e-01
4.754995336153626795e-01
-1.098418538976809078e+00
6.691242168867352902e-01
1.369663583351655944e+00
-1.103844734408587769e-01
-1.370976053898824709e+00
-4.761140880091421224e-01
9.962273642755032910e-01
-1.285153258513513919e+00
5.858635325119490034e-01
-5.959236227779936002e-01
-5.229068912219156928e-01
4.814065330911274643e-01
-1.185935293200659046e+00
-1.067665456299016213e-01
7.215928582944304281e-01
3.456219020326471991e-01
-7.793701805520338866e-01
-9.571353134412952102e-01
-1.528091949934879068e+00
-3.494492757812439621e-01
9.655946191057473982e-01
-1.639567498123621903e-01
9.710338690933291161e-01
1.320489573825334162e+00
-9.971068315720197361e-01
7.968183066774905399e-01
1.004375818721765512e+00
1.059900091002097255e-01
3.501331463159464974e-01
-5.431110888396410985e-01
5.446607199760151730e-01
4.596301622120808617e-01
-1.365493298746608630e+00
-1.448415265283186759e+00
1.540245988359618678e-01
1.115769748397310579e+00
2.900336759929658115e-01
-3.173779917101189341e-01
-7.008302179965966161e-01
-2.524628631126732969e-01
2.553235151079302767e-01
3.044542227790083544e-01
4.566110287426230485e-01
-7.158478028825268069e-01
1.739034805577191811e+00
1.151721207970997085e-01
-5.268382960877966426e-01
-4.999825319268147439e-02
-1.366399527300880656e+00
-4.714207678411748148e-01
6.942182056780410448e-02
-1.026231367267349537e+00
1.461237544833373647e+00
-5.422957815595559339e-01
-4.236648669712330673e-01
3.092022674370262791e-01
-7.145085924475047534e-03
6.459317650453568760e-01
-3.732597807545978696e-02
1.160241123365315374e-01
-2.011586831766667416e-01
4.889357232260689301e-01
-4.451477086796646887e-01
-2.134812217380499533e-02
-3.811965368905578799e-02
-1.037798815461585811e+00
1.491145187425781948e+00
-8.700328767292724308e-01
-1.373034695800646965e+00
-3.873517506533659116e-01
1.434363331172320954e+00
-2.670638583047901804e-01
1.103465117678537943e+00
6.446941925375853089e-01
6.698130950045024790e-01
-1.413112778730483132e+00
-7.070899567208552838e-01
1.729811403713216400e+00
1.605148763984914240e+00
-1.565453381544557043e+00
-1.049966564196023189e+00
-7.391931134763591871e-01
-1.575850092601171148e+00
-1.544951218529337922e-01
4.181280074360333998e-01
-5.221105585258074555e-01
-1.642007101820357473e+00
4.325238275435348001e-01
5.357880613905585676e-02
-9.192298073127656011e-01
-2.700709944400934148e-01
-9.682990929110308898e-01
7.160216301327064770e-01
7.600574998672273708e-01
4.522787189712005329e-01
-1.466646900983476165e+00
-9.353996547527856364e-01
5.434748770226951464e-01
-1.508667418289305395e+00
-6.118726053273118026e-01
-1.481230284383157070e+00
-1.011950353808325431e+00
1.218912671636173783e+00
-9.962277535439554299e-01
2.053873723382837468e-01
-7.352602645690708982e-01
-2.294183429698088972e-01
3.861208505992408391e-01
1.499919827285558505e+00
2.137879841027263694e-01
-1.170128399017229537e+00
4.187189937086159830e-01
-9.639840328030579997e-02
-4.049116527201253035e-01
7.126050655440963055e-02
6.616919877579601206e-01
4.891007084681735506e-01
-1.032116264831659525e+00
-5.278940550254498376e-01
-1.130592262036708817e+00
-8.428609400745807889e-01
9.228814571968024794e-01
-7.850048342253241884e-01
1.243962063316477185e-01
1.261434058841214068e+00
-5.755820850704322922e-01
-6.003359745935208380e-01
9.879893074759671379e-02
1.129762235086801958e+00
8.948948666537326346e-01
-6.279491339998903854e-01
3.912983209009848196e-01
-8.231224034302542236e-03
1.115657853374703024e-01
1.305513929126517425e+00
-1.318304570852117052e+00
1.030358285498355286e+00
1.181468650922202102e+00
7.988845238888986344e-01
4.887648143219784913e-01
-6.788337324241746629e-01
3.912904618225638842e-01
-6.894771697002122224e-01
-8.310538093482566779e-02
3.626241720162584059e-01
-9.148246409995897110e-01
-1.155744366865540051e+00
1.252022344589835967e-01
-1.312992053144165006e+00
6.800888834482998746e-01
-9.661531715390143660e-01
1.189906893070484806e+00
-5.631737147170658986e-01
-1.573833753792897028e-02
-1.298022894171654951e+00
1.602920654324266891e-01
-5.138530904743419114e-01
-8.229345057668986385e-01
2.809945504532116445e-01
-2.597781467862603222e-03
1.030364967145782629e+00
1.386247510681912765e+00
1.016320521633207186e+00
3.860169303129259433e-01
-1.527237328568418206e+00
8.680283648326794221e-01
9.686971972590407987e-01
1.521380668299832983e+00
1.189032475316851745e+00
-5.162222510720519963e-01
1.181072868447322399e+00
1.321632923386935055e+00
-1.501693125514176330e-01
7.839662266521880696e-01
-6.463471053226648166e-01
-7.070244047580578339e-01
5.964523503123784209e-01
-7.960919287256551513e-02
1.080551329699488861e+00
-7.093386741010698771e-01
1.344075585763677694e+00
-5.786076085656741697e-01
-2.622602318663869170e-01
-3.747111561478098096e-01
-1.065338992081724889e+00
1.666883791064607934e+00
-1.155513110891278394e+00
7.621748476774925507e-01
-7.337285191713851518e-01
3.851892489246449003e-01
4.040158360379866309e-01
-6.943028590165019054e-01
1.243443273697733886e+00
5.802234039031404222e-01
5.838846064877678543e-01
5.568911055503535934e-01
1.490512547721993819e+00
-1.433019119598312408e+00
6.267580695977770233e-03
-7.025174136983594053e-01
3.427791677104590207e-01
5.547505956834717367e-01
-9.333249602126958422e-02
1.795784357940535259e-01
-1.030421358256905062e+00
1.397420950493867053e+00
-2.780478453465793365e-01
1.130096349526281685e+00
7.744147371801703983e-01
-7.558906283418478367e-01
-9.382466427232616368e-01
-5.613283749997677319e-01
-3.376214773203587427e-01
3.371828060512092051e-01
-1.216973904645566762e+00
8.540074438475819818e-02
1.014255356422186338e+00
-9.845414336953384193e-01
-1.195287638174316491e+00
7.040136409613486634e-01
1.605798737500277795e+00
2.509682540860271871e-01
-2.010334719794029112e-01
8.169222589924114430e-01
-1.049368292826884375e+00
-4.120407804362287152e-01
4.462851941061529715e-01
-1.869331791826480682e-01
-1.306455122661644541e+00
-9.941822808618931973e-01
-1.502097939825428607e+00
-1.683698399519222288e+00
-1.018189383641225909e+00
-1.886548516733990155e-01
-1.255987855018231514e+00
9.350577040328165168e-01
-7.447279216596696116e-01
1.143480292120992559e+00
-1.373587187647907548e+00
1.556019034945976820e+00
-3.530793909148144394e-02
9.773883084528014464e-01
7.450527197330591989e-01
1.570629278283936614e+00
3.155097954672880789e-01
1.542900252015568796e-01
-7.979795778486922231e-01
-1.330955621756457319e+00
-1.554118025804585468e+00
-1.483237432307886738e+00
-5.219159079218762542e-01
-1.520982795428464929e+00
8.822244395944078832e-01
-1.629044565212007800e+00
2.032848623916239106e-01
4.116788783196678736e-02
-7.458767618473762795e-01
-8.979466648705294318e-01
6.608821014711896424e-01
-1.346837201389247340e+00
-6.194059505899467410e-01
1.209819129348196576e+00
9.296880160650182745e-01
1.285722026534950047e-01
9.027492097594613796e-01
8.112112484967326509e-01
-9.335338633399601349e-01
-7.484977595670994077e-02
7.707891945415745738e-01
6.659481368206465746e-01
-1.100823172489048041e+00
-6.869650664891926439e-01
9.788155122767561167e-01
1.550017102570979688e+00
-1.561967523106775335e+00
-1.098183193048456019e+00
-7.260758511310507757e-01
2.314492060134121232e-02
-8.829702460314692303e-02
4.842776911116599692e-01
-6.290018251681317452e-02
-7.637060161163899963e-01
-6.488729469239817860e-02
-4.316814808250706292e-01
-7.713230283980267998e-01
-1.082353134149501628e+00
5.609138848705139679e-01
1.736477894008237044e-01
6.418863234078084901e-01
-9.097476377447337725e-01
-9.499897623452264739e-01
-1.626491007866937011e+00
-6.769145506887532804e-01
-1.140616100134304034e-01
4.863878764089255569e-01
1.446990467838009664e+00
1.541582936259045411e+00
4.024425253065286867e-01
-1.308440045654318595e+00
1.737162709468792698e+00
-3.478629530761541133e-01
9.172528422403747328e-01
-5.394507595599371541e-01
5.176951279295138875e-02
1.451683804650372167e-02
-7.159575915536846580e-01
1.306473930138452921e+00
7.916123239050065763e-01
-6.178387133485045979e-01
-8.739782799278312808e-01
1.540759400174210647e+00
1.145906418268101135e+00
1.106073934277944204e+00
-1.331861937386666028e+00
-9.344192125091943524e-01
5.572660754146312456e-01
7.598016500800568451e-01
-7.239625899960797639e-01
-1.233602996255935835e-01
-4.542516569111372249e-01
-1.025757035150824947e-01
-1.518491548820256831e+00
-1.821970767458669371e-02
-5.712015050032981378e-02
-7.703034516572628831e-01
-9.197042289164283346e-01
1.527215211769928693e+00
-1.177459146054380401e+00
9.956545950916506627e-01
-1.459459606671011045e+00
1.600789548952523234e+00
8.391514050934034685e-01
-2.010081403084216234e-01
5.866607558869851857e-01
1.599975302255760568e-01
5.130169837104165964e-01
5.023930083368188804e-02
-4.699208146122675345e-01
-9.019622667776925340e-01
-7.570905743681075606e-01
3.940275280260818747e-01
-5.908166842944817532e-01
9.409904892096889739e-01
5.623394443724158975e-01
2.735406249740588436e-01
-2.170118624634778115e-01
-6.001026371570965523e-01
1.334585289397940855e+00
3.221547483994839922e-01
1.590576831614746389e+00
-1.241701006929067486e+00
-2.346946911084666354e-01
5.628165624415295554e-01
9.773013142159499012e-01
1.041927367238439039e+00
-1.437737937507233887e+00
-5.941305119478847985e-01
-1.983728574878655948e-01
-5.608755152805082744e-01
9.081037375972558223e-01
4.175187359698782075e-01
1.734694325921992686e-03
1.299051641276049551e+00
1.415851588112548853e-02
3.911289004878639730e-01
1.067963998169599193e+00
1.652119929402589449e+00
-1.468811975329638919e+00
9.299758954971029112e-01
1.256105305093976554e+00
1.495097557515077114e-01
1.880339609717749383e-01
-5.796725478344448845e-01
-1.877471469341571719e-01
1.545019073681849875e+00
1.533295121988098586e+00
2.696425533082855708e-01
-6.169674611354025728e-02
8.147413629931676837e-01
-1.819416874513617444e-01
-5.386522251933847372e-01
9.798651501380017947e-02
-3.869018129155525898e-01
-7.743027571407150589e-01
-5.325184694533815488e-01
5.791514945344156118e-01
7.123860860283501850e-01
-8.470869843350943285e-01
9.802017164901339896e-01
3.019954965573070638e-01
1.473058192695085644e+00
-2.684182077565280267e-01
-4.418193936786600773e-01
6.954090474108651776e-01
1.416323735784157378e-01
-2.430291738155565540e-01
7.050689508301655195e-01
5.353658140970036783e-01
2.347101429340749945e-01
-1.134946567696650366e+00
5.382433548951865987e-01
-6.551438393125206261e-01
-3.272352809384120320e-01
5.547159875575058408e-02
1.234792537246206301e+00
-1.076562717672495229e+00
-6.886142989738539555e-01
-8.666269952996863424e-01
4.604218205858288115e-01
5.480194783203575781e-01
-1.775090266801573335e-01
7.845901503360588336e-01
-1.617582827637225051e+00
-5.347661427693415348e-01
1.542191117993759519e+00
-2.037972781471530936e-02
1.621228036544337670e-01
1.009442424303440333e+00
-2.232700503719016183e-01
3.979323964151770809e-02
-6.879937413422245740e-01
-1.390624192045763152e+00
-1.225840792322161033e+00
-1.295292133767358411e+00
1.072816611971879830e+00
1.257658291876170509e+00
1.219874222522543405e-01
6.890212622356717276e-01
-6.920950298150527757e-01
-1.347499104481216126e+00
5.909038417086796002e-01
-5.001045966600008441e-01
-1.722529541433681644e-01
-5.801468525794550857e-02
6.907890032496215582e-01
-1.530692645934167651e+00
4.278399569608781761e-01
1.398588121542695184e+00
1.404183725081721512e+00
1.269760518337401223e+00
-5.533046763074569441e-01
-1.420705392875682982e+00
6.816639143502802867e-01
8.251159572348143456e-01
4.761169575036872104e-01
-2.205932542246804573e-01
8.716014600951620395e-01
-5.907728695945699826e-01
-1.141967058954254099e+00
1.125157552097491021e+00
1.442869459306352908e-01
2.320643309591199355e-01
6.180084886358541141e-01
-5.468544351625581612e-04
1.933759354537167852e-01
-7.823859279549587598e-01
-1.478696230358550245e+00
-1.524770196053296445e+00
-1.358077496651418414e+00
-1.674205759842430918e+00
-1.140503168344817020e+00
-2.305332741555226050e-01
1.320601642786993324e+00
-3.760583493879590122e-01
3.731504778491956387e-02
1.323860177393202164e+00
-1.217633729005156429e+00
2.478426583920265713e-01
-1.447887673480047876e+00
5.320537066361330503e-01
-8.630295846375952706e-01
5.367707287312803999e-01
-1.176912074794813634e-01
1.307433018264898550e-01
-1.185724767526158629e+00
5.596845341446199384e-01
-1.324584354178429457e+00
8.957365845978486618e-01
1.139911241742586512e+00
-1.155716069044627758e+00
1.114997780157803930e+00
1.290738927279988957e+00
2.617311552283263509e-01
-1.400443239709504795e+00
-4.815279795687672504e-01
-1.006729049890567218e+00
-5.959097524346743668e-01
9.714771527953258712e-01
1.368818889772816405e+00
-2.859276711305440699e-01
-1.637654042113108943e+00
7.176956340494813347e-01
3.649974014531940369e-01
-4.026892085609636851e-01
1.085791629816461601e+00
-1.385411285610255838e+00
2.954138793863467782e-01
-8.429686326475636093e-01
5.894419833397357422e-01
-5.016658620702250104e-01
8.670413087593882295e-01
-3.275513384281314444e-02
-1.267728070847319088e+00
1.002223258533289751e+00
7.593994253279046092e-01
-4.095149631547387870e-01
-1.039397628892473335e+00
-1.083077860268962134e+00
6.688329166226054667e-01
2.438384429869797643e-01
-4.094375582107279143e-01
7.791342648162302709e-02
-2.619552712748225431e-01
-1.335830320856668862e+00
-1.705075514604200926e+00
4.620355067505617086e-01
1.382435347594766384e+00
3.973990641398685852e-01
-8.577349085799133022e-01
-1.593920439740229789e+00
4.772043826681837686e-03
1.106620476254054353e+00
-1.637568566711724571e-01
-7.470426308402497995e-01
1.423358725930379265e-01
1.247421487268994156e+00
-9.489992326824410185e-01
-1.259467725253078818e+00
-5.558436607573025157e-02
-1.294192342585502864e+00
-4.810512323464273265e-01
9.577413856257654956e-01
1.270548745353235809e+00
-9.601082443745250217e-01
-1.041804246588131200e+00
-7.459713010607007533e-01
6.689243733909000511e-01
-1.386682281808377937e+00
-3.650277537888939605e-01
1.356462632123545120e-01
8.996324836415690029e-01
-4.297770673171932287e-01
8.853567162525175505e-01
1.324804175689209274e-01
1.702289916131238812e-01
-1.027325340034251688e+00
-1.579044914018038703e+00
-2.867418014201978949e-01
-1.645099431066558981e+00
-1.228763946707830179e+00
7.291600728146150345e-01
1.631725098681025443e+00
1.275089953749821703e+00
3.856412802232327408e-01
1.122973338388804088e+00
-1.566955650746643336e+00
-1.457982085206477318e+00
-7.592678248659208151e-01
-1.615490675106752150e-01
5.130576055257201062e-01
-2.333101796889769375e-01
-8.480669175430248785e-01
1.294125982916066064e+00
1.160035035906306966e+00
6.730529933092199713e-03
7.558817285617900339e-01
1.611223114371338028e+00
-1.234125009940880702e-01
-5.769003016242093551e-01
-2.953813352245582280e-02
1.087841595513393322e+00
1.197999102254495796e+00
2.221104364784736163e-01
2.469803987972341019e-02
-1.641533749754096050e-01
-7.167637145099128304e-01
1.084363035520985008e+00
-2.025975654699410100e-01
9.918055558003446848e-01
8.314636457175206274e-01
8.581477721457968499e-01
-4.859429461028144104e-01
-4.399801023301357361e-01
6.457351358048377676e-01
-7.027237887443078534e-01
6.934743956611688631e-01
1.022499262641982654e-01
-1.054157253236676084e-01
-1.315615498303053243e+00
-4.470394438590741260e-01
-9.198124305692960689e-01
1.339354452303995302e+00
1.289844927906672822e+00
-7.642958582153367431e-01
4.343651831787731510e-01
5.336843793569681083e-01
7.656943269829596943e-01
-3.508788955296884282e-01
-6.447099155372661983e-01
-2.060760748789878249e-01
-5.927597461224358710e-01
3.091744219173850894e-01
5.700010261945998025e-01
1.367220285541206337e+00
-1.417073952014731297e+00
-6.869179818930408743e-01
1.384040805396411500e-01
-9.592661460993072708e-01
-5.738628071662530417e-01
-1.206147848027381286e-01
3.101444938386102024e-01
1.199515735832203944e-01
-1.128781043856914579e-01
1.019465135808529155e+00
2.297590192881360238e-01
-1.027079083957745276e+00
-7.064082761975276625e-01
-2.928023483304666996e-01
-3.191661548788404801e-01
4.523400088271802844e-01
1.274276730797740065e+00
1.250837796261734525e+00
4.560529188982664905e-01
1.094710079918971957e+00
-1.150216466934939508e+00
2.629021517835985478e-01
-7.831851263377833661e-01
-9.666686717712575927e-01
6.548413593369817320e-01
-1.236552616509420943e+00
2.310015174967254836e-01
-1.647640330560698363e+00
4.314190364728283100e-01
1.705676668456881373e-01
-1.004842111803010418e+00
-6.986989595593477986e-01
1.350073826786940323e+00
-1.133248113738067886e+00
-9.828232275939523532e-01
-8.458763815312577705e-01
-7.502602122869985735e-01
-1.031038953812664083e+00
-1.318341778280791132e+00
9.129932394020343622e-01
5.620023310390562798e-01
1.603236659493338934e+00
-9.856653497188503366e-01
-8.045899778584457707e-01
-6.593551454227988273e-01
-1.211531525269889276e+00
-2.275085721821277218e-01
-3.285504583191407590e-01
1.686460807519249983e-01
-3.483483505556881354e-01
-8.712875700275057866e-01
-8.972298782765495417e-01
9.065609567237675748e-01
8.366870212034971388e-01
1.465941140516566321e+00
9.846980780362946106e-01
1.225952632947366894e+00
1.036676631823205241e+00
6.460082925890420213e-01
-6.513827292848848316e-01
-1.720547537597965526e+00
1.157320771281488803e+00
-1.737754983353816396e+00
1.054650133012863478e+00
-8.282023946773788836e-01
1.307013040547360561e+00
-6.624738824959672812e-01
8.861520142415280077e-01
-1.554336381745535789e-02
-1.299837109029544635e+00
-5.461937830479381972e-01
8.707240367256403601e-01
3.950910216318597179e-01
2.465245527262407421e-01
5.122943644683441988e-01
1.970182595993801300e-01
6.605473337827838520e-01
-8.356109598291379115e-01
3.751896820842981484e-01
-1.128030008836671705e+00
-4.151384750397424384e-01
2.569856144302349321e-01
-2.991861009255334380e-01
-8.924701914564963090e-01
-6.993430776365032742e-01
-1.176429533424176554e+00
7.931580380328737689e-01
6.922903746179169815e-01
9.658265115027671044e-01
6.372307546238555886e-01
1.492381708849083388e+00
-1.178517269624876906e+00
-1.325569233920182999e+00
-5.452012176120524245e-01
3.181248309412385566e-01
-9.757978510098430647e-01
-1.330825818208294375e+00
-5.173379367214892000e-01
1.250176837643995675e+00
1.266628841236776992e+00
-1.297306915425100016e+00
-1.201350041592776918e-01
3.256686165324396143e-01
1.494460420264336342e+00
2.912020202023368753e-01
2.553229425689318433e-01
3.200578788696333277e-01
1.424124967877970604e+00
-9.746951573028432847e-01
-3.427231259515881590e-01
1.547640157184534182e+00
2.946740288130813568e-01
-1.112638630226682857e+00
-5.627631886435144892e-01
1.352044114674515463e+00
1.675592959096427137e+00
2.952473720023593984e-01
7.289537938674115480e-01
6.913710168402511513e-01
1.168246736242776862e+00
1.098743344291635893e+00
1.596645358745457877e+00
8.263668398067895993e-01
9.132780438665646372e-01
-7.457132723781363381e-01
1.181834721171412639e+00
-6.194548607250913719e-01
2.289582933019289612e-01
3.542385898157931479e-01
-2.764287284449826743e-01
-8.168905409382034577e-01
1.281467650489257259e+00
-2.654912034516296870e-01
-1.939964399779938731e-01
-9.403667434481679521e-01
-5.615281328932208993e-02
1.009991385892038629e+00
5.196719610509612508e-01
1.313439065231126968e+00
-1.139212551025183817e+00
2.050787894266026257e-02
8.933574940893080907e-01
1.038258867411721909e+00
-1.130986727155345761e+00
2.412018804142679329e-01
1.666010244300260013e+00
1.568368399893625309e+00
-9.211752137990156797e-01
-6.645124561895867643e-01
7.160300440536708777e-01
7.896800679026627634e-01
1.271696017052894589e-01
-6.331971890696683758e-01
-6.159172690305396713e-01
4.751469685201534787e-01
-2.891217761764508509e-01
-1.192911955953633196e+00
-1.167240768377446170e+00
-1.279360454009747627e+00
-3.371724772302897577e-02
-1.669391052537801734e+00
1.036935606664104448e+00
1.098254220452581364e-01
-3.389478171852990940e-01
-9.132240291642279573e-02
-1.408619160818120886e+00
-9.915824784581399598e-01
-7.412593605312691736e-01
-1.440071467893255797e+00
1.578123894410721206e+00
7.203942622602372836e-01
-7.167295368766275487e-01
4.323965788337122973e-01
7.532941419810148531e-01
-1.130438612303792389e+00
-3.789456843966476640e-02
1.188805338309515847e+00
2.849036831910289891e-03
7.861883455592399983e-01
4.112543934409043089e-01
4.432053260579928988e-01
8.802233681048932112e-01
1.604779148100481834e+00
-1.164401874713438811e+00
-1.443839359384104792e+00
3.571337894462631724e-01
-2.463631662571170722e-01
1.216252631230039682e+00
1.356239955130842390e-01
-5.833208695055427384e-01
-5.430436413386114936e-01
1.438842977338484985e+00
-8.128112615100038241e-01
-2.517747833509673683e-01
-2.008386851772216986e-01
-1.039751924925938376e+00
-1.170624482948371181e+00
1.163985031580089036e+00
-1.224244531327692620e+00
-1.125117286469303757e+00
5.716665326297851735e-01
8.333743703737699349e-01
1.438903993058389119e-01
-8.003966856996447277e-01
7.701970781908764607e-01
6.429003299813356165e-01
-7.444606910980589021e-01
-1.241418702563759524e+00
-1.523731645775670884e+00
-1.081945638184441005e+00
-1.415956776719182741e+00
1.864466695427458021e-01
7.627244190438897675e-02
-8.287704448970956150e-02
-9.706508855743916087e-01
3.532055393161428469e-01
1.302667278203371026e+00
6.638136664066358605e-01
5.004868145596717000e-01
-1.555285643724798383e+00
-2.373507899434574853e-01
-5.449439657567953788e-01
-9.292262938921567184e-01
-1.290777315287465754e+00
-1.192932245124822543e-02
6.372719362815661981e-01
-6.285647884558560605e-01
1.234973815349333925e+00
1.356397533967495406e+00
-1.001408260951442308e+00
1.624632578901366919e+00
-6.905117168437584496e-01
-3.777183253869864643e-02
-1.115563004083383714e+00
9.024260521051346018e-01
-1.454531761046675697e+00
8.490519794549360455e-01
4.704848192348096703e-01
-1.523640675035817793e+00
-3.118845835652193088e-01
4.520342982383578345e-01
6.863863202761137927e-01
-3.079579935332708018e-01
-1.937274965571580410e-01
-6.074647025179764626e-01
3.801786256600001579e-01
1.182745675683448461e+00
-6.688936387802160155e-01
-2.042158520627559426e-01
-1.509982567224551708e+00
8.678839137740768095e-01
1.347852906987126786e+00
-1.616668530971759665e+00
-3.650010036851227824e-01
-3.951262530427177566e-01
1.338363218705136859e+00
6.152702694270466566e-01
9.646605769643485928e-01
-3.866219283089122882e-01
8.211576183394200257e-01
1.075465656316736407e+00
1.551133836684880585e+00
-7.773631883421021627e-01
-3.890015422899173458e-01
5.360504363656772853e-01
8.064933850169033747e-01
-2.230150213045822838e-01
6.288795397022628464e-01
-9.944594690366672651e-01
1.144880164174929327e+00
5.871183566673154886e-01
-1.139274015089230652e+00
1.380734877318268161e-01
-1.256200882680418296e+00
-1.151282357420623015e+00
-4.552034477679072211e-01
-1.413066475750949458e+00
-2.995475551731772157e-01
-5.933537470955823068e-01
1.049027122378816124e+00
4.669927502359607630e-01
7.958387663587469518e-01
-6.918862998247803375e-01
2.272083600337992948e-02
8.203000907818891463e-01
3.671580859101730709e-01
7.174122269741580737e-01
-2.455873868252247405e-01
1.736060326545683097e+00
8.301204005501059413e-01
-5.477393042397098455e-01
1.136780099976917313e-01
3.201158529318179902e-01
-6.307695116226472720e-01
1.743331359616107079e-01
8.056129424722318078e-01
1.195870606059714625e+00
-6.215703730785975267e-01
-3.255627358716841613e-01
1.476773832932982700e+00
2.566318810840995113e-01
-2.129723421442095699e-01
1.370540780008179027e+00
5.853516412851691442e-01
3.879559298916568366e-01
-8.550133080092434668e-01
-3.274006280637014044e-01
3.429317089943708652e-01
-1.527052777582790455e+00
-1.038534196398666509e+00
1.497514625313772996e+00
-1.158422300217889500e-01
1.101293561020000311e-01
-5.206597699365067555e-01
-7.339715151011407812e-01
9.886706889131229303e-01
-3.181628069734516728e-01
4.036841473130525770e-02
-2.201092257630428151e-01
9.663502042068152775e-01
3.018888985286318771e-01
-1.665101474873314391e+00
6.588180321265646455e-02
6.498440871097859173e-01
1.058034941032852672e+00
1.520314592655417130e+00
1.004363547793039046e+00
1.144702291211238787e+00
-6.694971326603917916e-01
-1.000634846520969123e+00
-1.402141531029189814e+00
-9.521684787608215572e-01
-1.289275601632708934e+00
-1.308999446579482751e+00
-4.209994049802290306e-01
3.358349974364713830e-01
5.579843005281412971e-01
-5.101141935571202879e-01
1.591985506852947374e+00
4.912333017963259607e-01
-1.547859164937859244e+00
-2.197928982016756905e-01
6.703657467455403918e-01
3.198062546164628372e-01
-1.330446793858341969e+00
2.197663823049342824e-01
-1.049751240049169532e+00
8.847229088946750863e-01
-7.942843898956395421e-01
5.274494055862479769e-01
1.388878618423827760e-01
-8.340633871763181162e-01
1.212394762911937818e+00
1.401755120625214346e+00
-1.418712640462684860e-01
-2.872323972936161596e-01
-2.339225299545040215e-01
2.089925582276110916e-01
-1.108650072503405415e+00
4.656002056061705474e-01
5.718494495223289675e-01
-8.016969705689689363e-01
-4.482832773847569285e-01
1.133780981806912891e+00
1.364427938281576047e+00
-7.285096458123785368e-02
-5.269127539725646514e-01
7.453663278797790781e-01
-1.665083006898804285e-02
-1.220039758173997235e+00
-1.920470346612974666e-01
1.618678743453787483e+00
4.149101110873312237e-01
1.081977786501003180e+00
1.232990195611971984e+00
1.125983007900916988e+00
-1.258071452370321364e+00
-1.176745734072386806e+00
-8.902927361187282784e-01
-7.927439560196791746e-02
-1.713181917902685925e+00
-9.668260689408638697e-01
1.228475825504368402e+00
1.456182907512997282e+00
8.357189141391732079e-01
-4.410496636624117173e-02
-8.092248930380305794e-01
8.560990132728418800e-01
-8.732349293432708492e-01
9.283573252665764386e-01
2.820399295268121165e-01
-6.116396647974546852e-01
-6.369259093537396055e-01
1.570867765924599979e+00
6.795324209520261505e-01
-2.878869195339337494e-01
5.002111616555620088e-01
1.002924783857813473e+00
4.688120123386223526e-01
1.509791616106674894e-01
-1.085699325119726666e-01
2.960936744845499291e-01
-2.601188960313640663e-01
1.647653901098228957e+00
1.485523533342355762e+00
-1.336482242867580439e+00
9.006954545867511541e-01
-4.087176101077778512e-01
6.778501577528928124e-01
-1.543922174941680048e+00
9.150980145652676256e-01
2.756170569318712182e-01
-5.748667148832629081e-01
1.408324082631651208e+00
1.611435983705429287e+00
7.123378767610812901e-01
1.992673582773294427e-01
-1.120396229160686374e+00
-1.670260771324592497e+00
2.876313943781925175e-01
-9.611468427940863535e-01
-1.931781572925634904e-01
1.367531043543754876e-01
-7.884123926951449590e-01
-7.913324654744764430e-01
-1.073247630647003348e+00
1.587234034238750091e+00
1.035829330748031296e+00
2.688978329698894498e-01
1.670297688692484961e+00
1.084639455660693308e+00
-1.523061673080409406e+00
7.917533748563441165e-01
-1.091520936555182786e+00
-8.968349315165591307e-01
1.410029229749614643e+00
-1.170179040797120429e+00
1.438118062936873720e+00
1.021905427777749509e-01
1.688230679496864894e-01
8.201209020646951231e-01
-5.567645025502532263e-01
5.441159491857074926e-01
7.392845166766175424e-01
-1.361383317673166005e-01
-3.088443649806018598e-01
-2.643146566725897983e-01
-2.236553403195129519e-01
3.487604810222926233e-01
8.389431556161071057e-01
-1.684568418800920231e+00
-2.666910667764206266e-01
-4.510264553473142257e-02
-1.546274104796971915e+00
6.301964417476568769e-02
5.887052164168977697e-01
1.370874505308135483e+00
1.040184422010456800e+00
-1.011972023458343362e+00
4.246067629197236570e-01
5.094577284960530861e-01
8.076196505830584016e-01
8.227019611863806148e-01
-5.134118252369948010e-01
5.680580370865850881e-01
1.357037845508889617e+00
1.216860320942351414e+00
-8.834877563750325180e-01
1.894651542443783754e-01
-3.309788048677964056e-01
-1.414997057010127346e+00
-3.861130495705085153e-01
-4.900316711136021297e-01
-1.471523907647385165e+00
7.267744921365704158e-01
1.671442911217657645e+00
5.626418861996853593e-01
2.042091975803561610e-01
-5.095307060754734607e-01
-7.292109731448226384e-01
-3.704386661849712326e-01
1.349860967429936665e+00
-1.180711679443867901e+00
-6.397218852822597057e-01
9.904847124661122493e-01
-1.078806999858186177e+00
1.184167556807186550e+00
3.588517181486672314e-02
-1.476758141037040062e-01
9.138853176298757930e-01
9.383932337417064673e-01
-1.413430994752635783e+00
-1.276135243236251604e+00
9.535285868613607718e-01
1.118401871755577481e+00
-9.043148034363133192e-01
3.193069606704312946e-01
-1.070454831089307390e+00
4.828909618647339030e-01
3.635010377359026990e-02
-5.943843968337230166e-01
6.780162466058232695e-01
8.698469637483245975e-01
-1.370870006693837517e+00
-2.297267653307581980e-01
-1.255092210836074251e+00
9.970231790584183074e-01
-2.817792189922743162e-01
-4.224191646708170822e-01
2.233209894740699752e-01
-5.850603551596789131e-01
1.505649458091930626e+00
-2.039960148782000715e-01
1.273907851440973182e+00
1.072014167262230977e+00
-1.563770092147935387e+00
1.504048908454197253e+00
2.989698161512155394e-02
2.771398549341110851e-01
-2.366661426518943401e-01
1.151095785825583029e+00
-1.732472268605155907e+00
-4.276091923286138297e-01
1.307059249537578793e+00
1.246670276654429088e-01
-1.662996221675178798e+00
9.719802523506206882e-01
1.198578020055683702e+00
1.296267934143260803e+00
1.028241431510945603e-01
3.705751819886842213e-01
-5.368354931762251425e-01
-6.271015133264743469e-01
1.776344914134622144e-01
1.293417835324301990e-01
-1.429460218721161358e+00
-1.587889079419598559e+00
-1.170207602700009453e+00
-1.152541566765354020e+00
1.094669805612089597e+00
5.414736443617602646e-01
6.655707414620621876e-01
1.185069157917824079e+00
4.525212901336228555e-01
-1.570321115499394793e+00
1.540080171228388473e+00
-3.070440653368251560e-01
6.249615617480497320e-01
9.795079266953585773e-01
1.055615540060309776e+00
1.019635074392654772e+00
-1.698613411445144550e-01
-2.851338129713321123e-01
6.804755790471297416e-01
-7.721396064150649607e-01
-1.014431531569827794e+00
-8.581969208661277548e-03
-6.843055574255973994e-02
-1.515476049446426998e+00
-3.309959322793938341e-01
-9.078628634272876141e-01
8.473133753907919896e-01
4.648912685021038271e-01
-8.955219251306560935e-01
1.488225376607589467e+00
6.821371315646587163e-01
1.076343603586122022e+00
1.493060059862912681e+00
7.256125543272435863e-01
-1.973640320543701421e-03
9.047422163699625486e-01
-1.405962673608825320e+00
8.532057906550969406e-01
-1.012528045680061162e+00
6.611796082251668594e-01
-1.572718592415027761e+00
-4.798544140139728853e-01
8.092257928693786795e-01
-1.081217991808621548e+00
-2.847989693693202540e-01
-3.668810147704490987e-01
-1.077792468353520050e+00
-8.428196819489652825e-02
6.560148039268334230e-01
-5.053121135414393450e-01
-3.384918515534689476e-01
1.560303310178692726e+00
-8.492428400467613159e-01
1.509312465202045317e+00
-6.758379299148886687e-01
1.062146109461469479e+00
-4.855003931300219122e-01
-5.306556669565241080e-01
1.083933576122486642e+00
9.870929619193606896e-01
-5.321022825169690051e-01
8.429866444395761604e-01
-6.593887204793515977e-01
-8.508437174790168811e-01
7.839692354443137390e-01
-2.801905236999573390e-01
1.161921672855594778e+00
1.282639715825139248e+00
3.714055464066836620e-01
-5.083050945703515566e-01
-2.217302016809172827e-01
6.515635360056268865e-01
1.136629415434313728e+00
-1.594971295499725272e-02
5.804192324187251728e-02
2.188161959935053247e-01
6.012918193672822653e-01
-1.099119024319023197e+00
1.389438201261471661e+00
8.592752377709906852e-01
-2.565480756908815607e-01
-1.097965441061960590e+00
3.683261677082967367e-01
-6.002959658925979269e-01
6.963977810323900286e-01
-6.573948415606718498e-01
1.594002505292895222e+00
-7.546321072329309487e-02
1.515291458005175507e+00
2.752263473740521604e-01
-1.123914651808911813e+00
-2.279229977639545268e-01
1.222681321799061749e+00
2.698541020832241344e-01
-1.296315713449756490e+00
1.057526698906432472e+00
4.528750354935020539e-01
-1.553623319661034508e+00
1.161716900307357747e+00
-1.062708713862552390e+00
1.465351658623637476e+00
7.893807480415935274e-01
-7.662140640136092529e-01
-5.424303324807500104e-02
1.435052598669442681e+00
1.335096039380862187e+00
1.542580961736389256e+00
1.139676957699732540e+00
2.151456974238774578e-01
-6.871924335351522473e-01
-1.527918277867508223e+00
1.313465607411758995e+00
-9.691135776102655086e-02
8.458088055113304193e-01
1.914509147701748404e-01
-7.996469246273409937e-01
-1.460031309554870038e+00
2.087921952304494511e-01
1.126869668392367352e+00
-1.425072334864072587e-01
6.847000923132871009e-01
-5.821457444884670096e-01
-4.426240008674628967e-01
1.397495119408862507e-01
4.979966880188682055e-01
1.393108896284700471e+00
-4.737489386537516722e-01
-8.989300060592055885e-01
1.146012534304978736e+00
1.644064874068236648e+00
-3.803915145777194695e-01
3.562836905286905775e-01
4.967744904675841511e-01
-1.569151472992214025e-01
1.310416278360402309e+00
-1.672104086669259360e-01
2.645191750751969550e-01
9.901042569423577078e-01
9.560240574874150354e-01
-4.178173860149572150e-01
6.446245442713225415e-01
-1.049998441964896667e+00
-3.393778873340984603e-01
-1.332315922214322157e+00
1.008362490634665320e+00
1.291687887230439813e+00
-6.597624304173068666e-01
-1.154604087169108784e+00
-4.348285333513439710e-01
6.186995068529110853e-01
-2.700606547020978354e-01
9.553418790846350817e-01
-3.928541251418717906e-01
-2.368436108161802167e-01
-1.682384162961865215e-01
-4.173844494306822028e-01
-1.562066580397035942e+00
-1.012435543264027515e+00
7.832992308444772789e-01
-8.302791712258112966e-01
-2.917947357501917693e-01
-2.014054089576742257e-01
3.812578314281092062e-01
-3.428938649643971104e-01
-7.078795722877142538e-01
-5.862146542128430227e-01
7.950026778240584235e-01
-6.326074869560613934e-01
-1.003523678201741376e+00
3.326019472586168035e-01
3.988913580684902982e-01
3.372956670724036599e-01
-1.058546930195836122e+00
-2.298381419062511810e-01
1.881446089252580833e-01
-1.180598329610544894e+00
1.607892807321865902e+00
8.659652975498666194e-02
1.289677607493535660e+00
1.366480132726580976e+00
5.185973374149348558e-01
-2.073562256532319736e-01
1.144511719680734174e+00
-1.218709090651044491e+00
7.030322785958373899e-01
-1.231786908945322612e+00
-2.310930172736203048e-02
3.299137264504032885e-01
1.275053595031476306e+00
-1.728624733730175222e-01
1.142517209388246080e+00
5.540448426184916286e-01
7.038068621158473093e-01
-5.786996127149279801e-03
3.879640872412704056e-01
8.958294879354156137e-02
6.195167720937480027e-01
-8.373523848303010553e-01
-1.145905884690035847e+00
1.047235117739491628e+00
-9.211055483199892535e-02
-7.796028862401769288e-01
-1.145221271660749718e+00
4.246996058260341655e-01
2.451363005706692633e-01
-1.214676166066989360e+00
7.397146129295020245e-01
2.886162239730962753e-01
-7.246067949013115239e-01
-1.311670955807668459e+00
-1.059654627901355894e+00
6.600093430335176592e-01
-4.028969289579542590e-01
-2.173246445452505782e-01
7.871579163800292989e-01
-1.631161110476175402e+00
-1.448365525187054637e+00
6.230586327233664790e-01
-1.332696710543505247e+00
-1.278209224935568322e+00
3.257858368598185450e-01
-9.399909892367839248e-01
-4.449987123802321420e-01
7.031304518223517874e-01
8.209775644658012794e-01
1.648889026412632575e+00
1.598255795048995509e+00
3.953697698447040665e-01
1.557683865367508247e+00
2.459366034122654199e-01
-1.371308810835405456e+00
2.376349186586157458e-02
-2.115510612321234163e-01
7.805547127682999076e-03
-1.809404128186562488e-01
-1.616777663100401163e+00
-1.185877629379721299e+00
-8.653754943195499649e-01
-4.771180176814660001e-02
5.754176372356409885e-01
4.865783334176807529e-01
-1.140021780690060105e+00
1.006512478965492008e+00
-6.219383222788001930e-01
1.012522916499030146e-01
-6.620801912899283437e-01
-1.203886375871610959e+00
7.330682340649392614e-01
6.970733411205278784e-01
1.156839652410742936e+00
-5.354235689961219791e-01
5.801321432779937837e-01
8.334842809084292981e-01
9.197647221170921483e-01
-3.919913825059815338e-01
1.427057306581723140e+00
-8.153544315203600235e-01
-1.391338513870698179e+00
1.129948244770203836e+00
1.388959048885834768e+00
-2.874865154296326608e-01
-4.320604548710109682e-01
-1.411984800950135011e+00
5.853949413380865607e-01
7.413594114676129720e-01
-1.458817938049196350e+00
-8.776356153415774131e-01
-5.024807889604145927e-01
-1.361934084395735045e+00
-4.955995020815073815e-01
8.752600229495932638e-02
5.585127095984310230e-01
-9.849598020102918738e-01
7.499734443547652063e-01
7.579562220589197707e-01
-2.831020274156141880e-01
5.260369199254277817e-02
-9.092820979915838819e-01
-7.174542928630502914e-01
-3.502602710539086672e-01
3.732573550202111790e-02
7.610833747027676566e-01
-1.108730989587375149e+00
9.249103828071962852e-01
1.029216742856520206e+00
8.480898495654187741e-02
-1.445920820653836092e+00
3.211722143221740211e-01
1.435972538454167946e+00
-1.497065205771821006e+00
-1.454836566889829985e+00
-1.722604969504182293e-02
-9.197669484430388565e-01
1.170394599331787688e+00
-8.471430422351540201e-01
-1.137989668854466618e+00
4.553945263623422335e-01
-4.064612634940578673e-01
7.394506724639429152e-01
-1.055431898206582009e+00
-1.150784473731858881e+00
1.121981962410459666e+00
-1.033921936946767595e+00
1.488530457428299592e+00
-5.343070493374906249e-01
-1.382028348093212955e+00
-8.597193184342604155e-01
-1.585818508273784122e+00
1.191780730716427428e-01
-6.583804269557660405e-01
1.082355759813486529e+00
