-2.875530129315135852e-01
5.033051325468381521e+00
4.570786704429217195e-01
7.079375144909501927e+00
3.564134873412125870e-01
1.724670176271677846e+00
-7.430120177750305643e-01
1.833320742054762142e+00
5.409887349533043732e+00
2.990970919854209598e+00
5.886472488809291193e-01
4.603354526350283749e+00
2.771362179521415392e+00
1.534959374090536954e+00
2.809972564949994478e+00
5.254175193735298066e+00
4.000493319899904421e+00
4.763790735809424248e+00
2.851583175990643149e+00
6.077010506441236970e+00
3.693661128540188798e-01
4.771293351053735421e+00
-2.032007664680123504e+00
6.133179859946851664e+00
2.070597950529371900e+00
2.279703358028997151e+00
3.352522413105528898e+00
7.272242047190355052e+00
5.871538372945437345e-01
2.452670341835951007e+00
8.865303853005714885e-01
6.141053083486617936e+00
6.854433589511979008e-01
-2.877218635360909715e-01
2.163584911673305911e+00
-2.273513893245083128e+00
5.299813405579802961e+00
-1.018242324632455897e+00
7.048462955649927864e-01
3.317156213081547733e+00
3.508100494712730111e+00
4.684523237840997112e+00
2.302813565348989400e+00
1.078697413346962897e+00
5.208896396370676030e+00
1.493734526956274067e-01
-1.136952230788484286e+00
1.451553015850318040e+00
7.847172608557713147e-01
2.675023531687978462e+00
6.397394079554809210e+00
2.820567583282357127e+00
5.660976767330975434e+00
2.732522223989379384e+00
4.783217667911241477e-01
9.322979527371497710e-01
6.016608041553613617e+00
5.137743428697932657e+00
1.121903357114598876e+00
4.005939187446539762e+00
2.515765516246243116e+00
-4.877071730049031828e-03
4.191773362955695248e+00
-1.240149526481091335e+00
-1.033181431219524438e+00
6.306546917299332478e+00
5.463469517177173884e+00
2.807563183328714906e+00
1.461340627340349307e+00
4.976646062101810486e+00
3.939348294963451735e-02
3.050812247590334536e+00
1.252554312696051220e+00
5.994318428746888472e+00
6.359237966525485675e+00
2.955634333948509607e+00
5.047646233307220953e+00
3.819825292329328548e-01
4.052857990479257211e+00
-6.964662993513810463e-01
1.603267350028332316e+00
4.247484791971448459e+00
1.922051717664338355e+00
-4.097852159132120420e-01
6.433302028968501673e+00
2.135390811989255511e+00
3.167147577879628528e+00
6.671312218668854044e+00
2.819047033140504865e-01
3.392627817991561656e+00
-1.538596126695760624e+00
8.118257739917300597e-01
2.186824166537921776e+00
5.282790415121770167e+00
5.857585769179944890e+00
3.512020432633088163e+00
-9.120571856754189355e-01
3.980446066950873885e+00
5.796134169433262429e-01
-1.549541065927976025e+00
3.429060400254043017e+00
1.018584937806790158e+00
1.803327306627687143e+00
1.877176095522047561e+00
1.982217481565079709e+00
4.576041378598045384e+00
3.820834153771894393e+00
1.208416891865053522e+00
1.716453434721961990e+00
2.698807842284079328e+00
7.100250009431743337e+00
2.495409558484666057e+00
-1.228557067492280552e+00
6.814593690372205970e-02
1.610520003926698251e+00
3.993930545519177144e+00
6.705010593297645372e+00
1.500552290224712593e-01
1.383611681099928603e+00
3.389143374152052246e+00
-4.401608564639207799e-01
-1.553011739176815453e+00
6.718565253570625728e+00
4.462689570968933594e+00
8.798698164446729919e-01
5.105974810311057155e+00
-4.791392244965679836e-01
9.922666675397096014e-04
-9.890560002832859965e-02
4.677051766837676539e+00
1.888804114097352382e+00
-2.640162599343209848e-01
3.010768471007022384e+00
6.023807793052320392e-01
-1.304001100066873420e+00
4.018132133292846575e+00
4.441127234286852854e+00
1.389295572243967491e+00
4.943179089602953269e+00
3.041693767555978312e+00
4.793873942798374088e+00
1.178308482412549374e+00
3.321864940020535784e-02
4.656801828171710511e+00
1.271247318415159810e+00
-8.248985628489897692e-01
2.712137406498799308e+00
8.070734805455224148e-01
5.687276322207512891e-02
-9.427651958748484162e-02
5.925042422042805512e+00
-1.337726819638591635e+00
5.166160571041121585e+00
-6.032678048228827805e-01
5.287975349265776615e+00
2.357051032198168805e+00
-6.846292264977629216e-01
-1.629051497774973711e-01
4.691295718905054812e+00
3.840835479996886903e+00
6.805191077744716210e+00
5.889687434513836806e+00
-2.203955720466487467e+00
-1.184914116007684370e+00
5.272611471292783847e+00
1.459238518079880365e+00
2.915993018874194931e+00
1.025796758271614095e+00
6.786056120847506534e+00
-1.334211476162724619e+00
5.764069593705439587e+00
-1.871094196222550465e+00
1.359604319044688481e+00
6.161586589957513738e+00
4.986762521331472797e+00
3.439603469342332076e+00
2.806619593010660552e+00
-1.458341598992807686e+00
2.144675630926085930e+00
6.716249098672816942e+00
-1.441016087669293455e-01
-1.447467324218506768e+00
2.256957359708033906e+00
6.982204479937060171e+00
-1.039110270092660215e-01
2.564335730373407785e+00
1.509443129239105730e+00
3.968519605816505091e+00
3.943842094079245797e+00
-1.031765885428166829e+00
5.730769484334341968e+00
2.909107736821089141e+00
7.778005047276694839e-01
5.246750381326023671e+00
-1.219075193613275765e+00
2.285854228287107937e+00
-1.208729325963761703e+00
6.054611875655639963e-01
-1.616021639903397755e-02
2.654024153566731492e+00
6.326027126122227173e+00
7.044554179287947804e+00
-1.302509365388697660e-01
6.770575716004032074e+00
6.062135381810259460e+00
2.114165874905694409e+00
4.353844907024138067e-01
3.793310202891756688e+00
1.868136970328186486e+00
1.907977471727684282e+00
2.565765738631637483e+00
6.170901984978735655e+00
-8.444034950580423526e-01
3.342161916166634938e+00
6.611769060559957722e-01
2.584568016820735892e+00
2.899112668642810142e+00
3.266237990497048216e+00
2.552294753563417729e+00
2.319970665331156923e-01
1.045365619864136342e+00
3.310153287219293361e+00
2.863195392182142029e+00
5.709315411909686944e+00
-1.171907802366187745e+00
5.190438571259775813e+00
1.965628151983780825e+00
3.761077898070144698e+00
7.001116230332977253e+00
1.677342627988215540e+00
-4.067899895608295679e-02
-1.765864155386664081e+00
9.071379981338392184e-01
6.379019539014922913e+00
5.746522424295491760e+00
-1.344019372664775336e+00
5.219936044194032121e+00
1.490111486063364410e+00
-4.770762440192557463e-01
6.306767945104315487e+00
-5.594517880642957408e-02
2.380394108131635988e+00
-1.075330083338881249e+00
-5.125483159449899517e-01
5.152649575233196444e+00
3.619203794831294729e+00
3.313517713095816219e+00
4.800741227601083239e+00
3.457132873069133083e-01
7.300013741876639983e+00
2.399043467217685688e+00
1.033896774972913768e+00
-5.370377944601534281e-01
3.465793785940723737e+00
5.332987282263150774e+00
4.188045235707512859e+00
3.245930038844429433e+00
1.933643708753722379e+00
2.936036718319510186e-01
4.519428901333464310e+00
-1.206432778374258774e+00
-1.856726118506806245e-01
-7.634686890446911178e-01
-2.099116608294471664e+00
2.149984606779558050e-01
3.097519257745947385e+00
5.277087898360477425e+00
-1.626163394199919399e+00
3.133743393855031201e+00
2.668036183984057175e+00
2.974593211914582369e-01
-9.545031248521915757e-01
3.912605939374047992e+00
-6.108061706601022323e-01
4.292131374366002561e+00
6.073330109339922345e+00
4.891664656019331758e+00
-3.975271523480268243e-01
5.238117429468545083e+00
4.693514790129190928e+00
-1.678177478132266032e+00
-5.958933907402101937e-01
-1.307139224131360855e+00
4.374634165132722075e+00
4.707205138040841064e+00
-1.410913756628731086e+00
1.223270260550216371e+00
-1.802603799622640501e+00
1.155551704098867205e-01
-7.485103377756221477e-01
4.737451464634665044e+00
6.973534309596418623e-01
4.366010576339359517e+00
-3.420313479628021014e-01
5.018114029759781047e+00
2.795937842013221264e+00
2.412031637732816591e-01
-1.727024343567093112e+00
2.007940355897589235e+00
1.466235484797354438e+00
2.869197517538306208e+00
3.537222586759096288e+00
4.205819041074622788e+00
-8.943031994095651527e-02
3.339712301560885166e+00
1.704450580600910925e+00
2.289141676901636835e+00
4.340286949638333169e+00
2.574675530811066260e+00
7.997635962528510944e-01
3.399436023747730573e-01
3.313745518941404455e+00
7.578735866593451220e-01
-8.998774349371503334e-01
5.957415922678709563e+00
-5.696285497148680932e-01
3.154952567055813617e+00
9.015829449341525859e-01
9.413544852896951198e-01
-5.085643515377045176e-01
5.873992953465538847e+00
1.922108453446433884e-01
2.581614695310515017e+00
8.010913361097493635e-02
2.901638781753209884e+00
3.112470908360078781e-01
4.534528693445608383e+00
-9.318172317469501920e-01
6.505935093568254501e+00
3.656552250060542519e+00
3.326640765788337006e+00
4.232631157319127979e+00
4.029168532210219311e+00
2.314272168241520156e+00
5.483119833823959510e-01
7.132313806414904533e+00
6.225841173727362232e-01
5.112537588604570971e+00
3.145662446756224639e+00
-1.181121251640783854e+00
1.454465703584711278e+00
6.098544190943808729e-01
5.850113659089437590e+00
4.408460757144174735e-01
3.148356955236963017e+00
2.192051584739263426e+00
4.206484137852719130e+00
-2.109386160772688257e-01
9.729720602080611513e-01
3.263294065192926752e+00
3.567335315762599990e+00
4.255318173910309199e+00
5.161089182528847630e+00
6.383127058788922170e+00
2.312632380652921427e+00
6.179729156048550109e+00
1.778345792506657475e+00
3.401689813494986225e+00
7.761802671343449589e-01
1.047760604497643300e+00
-1.019860878125911974e+00
-9.953700273111332208e-01
1.919860433450706338e-01
4.970852333456198480e+00
1.467884122158276128e-01
1.217268766378286848e+00
2.902561832831636934e+00
5.610731696303624005e+00
4.579531633436486615e-01
3.643530165833624324e+00
2.627196961036943001e+00
3.003533143294959018e+00
2.467541746101824529e+00
2.734111593525241801e+00
4.978458644473565897e+00
-7.105226548859802094e-01
4.065696510969191380e+00
2.751761896095501037e+00
-4.154970115365106409e-01
5.997609776728491937e+00
9.481554396192226619e-02
4.313461273865053514e-01
-2.024552849719075009e+00
2.990629751391089108e+00
3.368370684561238448e+00
6.954062900110255185e+00
6.248113422983436749e-01
4.958139924729872305e+00
2.237851724885263849e+00
3.373150205444995109e+00
-8.583847720852713081e-01
1.482822254889003766e+00
1.472869341799253107e+00
4.930168249395265434e+00
4.031291225734472405e+00
2.513929192503111310e+00
3.617704163244539473e+00
5.179307859084655519e+00
4.598868986159171612e+00
4.168426425955122028e+00
3.857317990602647129e+00
3.757636551274702086e+00
1.777769777845014332e+00
2.829876003480435998e-02
1.375582260300622472e+00
3.511266358085453732e+00
-1.599506493223730175e+00
4.243476109618558922e+00
6.499825495526305730e-01
6.373574583426233175e+00
1.784268808924681871e+00
6.026205313421954202e+00
-9.729056432630516227e-01
5.909215497441310916e+00
4.739080360402434522e+00
-7.904285017451302409e-01
7.019567453899584919e+00
4.480516430328757238e+00
1.809171839105273349e+00
1.740842032732479616e+00
1.913721971238447672e+00
6.949090380240345866e-01
-3.620760720455882264e-01
4.352153882566986098e+00
7.282567961333512585e+00
6.657678484409421671e-01
8.978700573539803997e-01
1.192201710197267062e-01
-6.447117419806511762e-01
4.533765673507142324e+00
4.919857842997828357e+00
1.347215167660690049e+00
3.408085757590344045e+00
2.469315256075836906e+00
6.753059910496885365e+00
5.074573587357264159e+00
7.212432950632370776e+00
4.886890162716474251e+00
5.298268294171720072e+00
4.938327160667174809e+00
6.877212822770573553e+00
1.246782923985712443e+00
5.855344663549896467e+00
3.322092918487772550e+00
6.416829533246314554e+00
1.937405859982182399e+00
-6.095973679015402880e-01
2.951936667596200436e+00
-2.029343924240784247e+00
6.628522034427897225e-01
1.755567482286637393e+00
-7.164649018582629481e-01
2.351882751552079043e-01
4.494166697949591338e+00
1.711265242947804133e+00
1.077842138557336682e-01
1.389756171117229044e-01
5.645521200405930529e+00
5.436749517221224792e+00
-1.600794335602796270e+00
6.855078321217870752e+00
3.044456142334862392e+00
3.167144211948484056e+00
5.051719898608105552e+00
-2.241104741364479125e-01
6.191065512149796390e+00
-8.825168267225542706e-01
3.319137487366074168e+00
6.823778127059787479e-01
-3.751267486582756661e-01
3.861974228189369640e+00
2.461916877215981181e+00
2.326620893821315761e+00
5.724254415827328302e+00
3.989784460828204260e+00
-5.425106725345454350e-01
6.491638628836945202e+00
3.442424021336609741e+00
3.960610498402393986e+00
2.634675546658113099e+00
5.814804883826827364e+00
6.529282374726001592e+00
3.656909496802661863e+00
-1.798535011875922240e+00
3.742760388070569988e+00
1.454940574721262259e+00
4.346523162581320321e+00
5.471803747117133909e+00
9.492417787621789671e-01
1.182164209340307082e+00
-1.704453644942501622e+00
1.760844509025019100e+00
5.349339635659690728e+00
1.709129200575566720e+00
1.808392879144619769e+00
4.503828299710219696e+00
5.018827456758259586e+00
1.829567631348630208e+00
4.782837649016103754e+00
1.335964261237965189e-01
1.635875702828347045e+00
5.617480165944630954e+00
9.740250999319943759e-02
5.366924961810280337e+00
1.223170539113493049e+00
2.150436750767607208e+00
2.130894781462362886e+00
8.372042878133836297e-01
3.027438386647801849e+00
1.930277355759364433e+00
2.692501832248339610e-03
1.022290497944112531e+00
5.100345479370917090e+00
-1.014016953908827734e+00
6.456873954685345751e+00
3.587581207408158335e+00
1.176930203296649324e+00
5.952833225379684734e+00
5.432402468188097799e-01
-9.273587343227740476e-01
-2.981386430633161666e-01
6.728126866571358278e+00
1.737236797768710872e+00
2.838775061359489982e+00
-2.276526996581811346e-01
-1.331499555718507644e+00
1.306439691618140664e+00
2.252372627651262782e+00
1.395537462656137428e+00
5.009671018570882595e+00
3.821282771470595918e+00
1.239248630932888062e+00
6.691561893033483699e+00
7.242320935997518916e+00
9.967733104091101026e-01
3.931631061729046195e+00
6.725696960240934885e+00
2.097944208259860055e+00
3.416701245630200390e-01
5.616303990565960191e+00
5.454353305641941319e-01
5.794823574606104089e+00
3.947245659240110172e+00
-2.218104695039786911e+00
1.547744268603609363e+00
6.181567517167307457e+00
5.657643776702888871e+00
6.618762489579252062e+00
2.825354373397062524e+00
2.371564890551765004e+00
-6.822073114238476066e-01
3.596188088675994265e+00
4.501895620901645856e-01
2.907908417276686919e+00
6.633657021937676035e+00
4.382351355423379502e-01
2.985193526617091919e+00
-5.633896361475176917e-01
2.036205138743447662e+00
1.797242056291525891e+00
1.916601947779079218e+00
2.641794751750143000e+00
-7.471142021018453150e-01
5.359527178430347760e-01
5.345577238191673075e+00
5.485262327772383983e+00
2.252523786728055200e+00
5.863874963797355733e+00
2.093699566602509776e+00
3.145969011653328096e+00
3.145334898633981524e+00
-4.256690053215521630e-01
4.909870687112753984e-01
3.942399725059626547e+00
3.426179421178963125e+00
5.717789183257941943e-01
2.490018053056545000e+00
1.537331221028468420e-01
7.040337952434033042e+00
3.076394686219524388e+00
-4.235184124811723905e-01
5.351672927901260479e+00
4.412314661704982655e+00
2.532299427157052030e+00
3.284838069118301007e-01
4.453148865856789484e+00
1.973767742715097029e+00
2.211615122967815594e+00
5.503068473907468672e-03
1.525349635224344524e-01
5.562803832622522648e+00
2.631270753874058066e+00
6.999102447503094737e+00
9.012579533365538964e-02
5.558079515903216361e+00
5.128328505916760705e+00
6.456120500355318370e+00
3.265319872665461531e+00
8.514869297118012881e-01
2.813368388702332190e+00
2.280778866668744520e+00
-1.497008769017238450e-01
5.322882917045671292e+00
4.940091798060731065e+00
5.857855460239754564e+00
5.668471023475097681e+00
8.922534238654531435e-01
6.878999864299020217e+00
5.504142308903034575e+00
-4.478749844594087648e-01
1.712673961533377920e+00
1.107572682035605993e+00
2.927232790713623523e+00
3.515990807758827330e+00
4.904626819359657830e+00
-3.764608138553668937e-01
1.757541293370238122e+00
6.482601163756356755e+00
1.536795225783199825e+00
3.077779308547539117e-01
1.186541361734975375e+00
3.782968397539219652e+00
5.821799815713616155e+00
-6.959256123270884942e-01
1.842784635073951627e+00
-2.521092508742155403e-01
3.941105130669679824e-01
1.653588667438476989e-01
3.561360967597044791e+00
5.785603899414404339e-02
7.171589750204086400e+00
4.311791658185734732e+00
1.660613770618255103e+00
-2.241472440960905921e+00
-1.172874978111926314e+00
4.336636196099123097e+00
-1.156597351011036778e+00
6.223332226895960773e+00
4.360154722814941763e+00
-1.162836237715662246e+00
4.152415350406700512e+00
1.612538094943214873e+00
-1.132362597740143251e+00
1.637435086354969371e+00
6.177622327147796355e+00
7.246815573209076433e+00
5.878497885133649348e+00
4.417764777866336701e+00
1.672543226108572867e+00
2.181588174730108243e+00
1.860938413478622877e+00
3.051031019970931624e+00
3.447632414532476375e+00
4.469603172816526637e+00
6.389440241319414682e+00
-1.135396913396748086e+00
3.655919983742375479e+00
1.055991180465712276e+00
1.469239349149514595e+00
9.609771226723289317e-01
4.299753812665455754e+00
3.993400705518974192e+00
2.301629654109806467e+00
5.172860109414992635e+00
-2.234215375696676276e+00
-4.877528483383528624e-01
1.677634496729734082e+00
1.351380517616043164e+00
1.891608272289055925e+00
3.867888942402286645e-01
-8.887362843018635772e-01
-5.378032415101596797e-01
1.497123471888580859e+00
8.591498915408006809e-01
5.644154922722242063e+00
1.288223057111306247e+00
3.338418245342394286e+00
-1.819062484942044478e+00
4.033934098685829639e-01
2.358374826455100326e+00
9.858789683849602525e-01
4.367812994649460379e+00
3.138187723282721109e+00
3.134617846363749294e+00
3.931978740221003576e+00
-1.170790076369081945e+00
9.387059022413257736e-01
5.379790801559146018e+00
5.074059342376813220e-01
1.662316679766699501e+00
5.096105444954815766e+00
6.526018513230939178e+00
2.327883568377266954e+00
8.744215774930692575e-01
7.209131297694616691e+00
6.490871784843113446e+00
2.371649623467641632e+00
3.978229224747307669e+00
5.375443981599858034e+00
3.675226031535535398e+00
4.048862998431699722e+00
4.233418811395498693e+00
5.751791947672398209e+00
2.668637090431361436e+00
4.219446743848269676e-01
-3.839714200953974199e-01
3.450729001527481188e+00
3.644061651514419964e+00
1.331853205731053258e+00
-8.939042459196979706e-01
9.325963939164365613e-01
-1.451754640901319338e+00
-1.128150138646551337e+00
2.401314304846824399e+00
4.944828691097054474e+00
-5.654179586059990825e-01
-3.151092162126118978e-01
-3.811512545024564602e-01
1.242936701734098648e-02
3.011321703707007913e+00
-1.702926329838462038e+00
-8.927255423618012387e-01
-1.294254202208436233e+00
7.184815916436800620e+00
3.887308271998204390e+00
3.920090572302594722e-01
5.951130898061471441e+00
3.939862398444837766e-01
1.853987933213693040e+00
3.488155554421231486e+00
4.800114515938814108e+00
-1.236343589532809872e+00
4.761864602281240977e+00
1.381551117144035778e+00
4.839994628938981691e-02
5.267433349590485037e+00
4.040292495582963994e+00
6.940651942173108324e+00
3.766169170153633061e+00
2.703244562428211317e+00
6.477638837545466544e+00
8.848591887252545973e-01
2.204525976902274031e+00
1.166807252094125502e+00
3.764125289176003974e+00
-8.333279889101268267e-01
5.855656753614480792e+00
6.531585195905496022e+00
5.038920133670092838e+00
2.494167349698471092e+00
9.235733572757558463e-01
1.049688426821922427e+00
1.911547458532751875e-01
6.493896386965475997e+00
1.873371424962320120e-01
5.563289360782064819e+00
4.127147229776149118e-01
3.037707909353679625e+00
3.951026223168982554e+00
2.190144448582246994e+00
6.350261086726076698e+00
-9.026234865507030136e-01
3.532657953861097155e+00
1.864083454179529475e+00
4.819918480661664617e+00
2.458786500189795277e+00
6.079621466814204567e+00
2.987404494968935786e+00
3.546331383673237525e+00
6.123202214989191816e-01
4.182438917253927357e+00
-1.488976213454458630e+00
2.544332117888298050e+00
1.526368309466282547e+00
2.325884981217361869e+00
4.123990219863371109e+00
2.547860996910721099e+00
1.838857967219595935e+00
6.116638318103069238e+00
4.940789088194019740e+00
5.193523588574656458e+00
7.285410864527790409e-01
2.791101519548075949e+00
2.715668183142922132e+00
-1.841912917484766155e+00
1.128225613282006989e+00
-1.494016049205117103e+00
2.076402583385301703e+00
2.578154676440941984e+00
-1.554651473552887797e+00
2.935328556133428357e+00
2.274558084095478883e+00
-9.731400616962826433e-02
-1.433794291878053961e+00
2.696215283965574194e+00
6.365774936069694689e+00
5.090225965297316080e+00
3.786131330389318705e+00
4.066246492189453221e+00
6.798093307653248374e+00
2.929988146960732287e+00
5.108858611271092087e-01
3.495565052856816735e+00
4.318693234498887534e+00
9.777896544868660555e-01
3.101909210521887061e-01
5.567043980365696143e+00
-1.131629766361327949e+00
4.784585065123524217e+00
4.207900556502677247e-01
-1.759944461582802600e+00
4.379655016230550757e+00
8.103431550432773633e-01
2.953649456759355196e+00
2.598257438247495443e-01
1.914082970228399461e+00
5.871872754504487091e+00
-7.452074574902267656e-01
1.864312909543374808e+00
5.160976469718908888e+00
1.234503369056929145e+00
1.979164869718438524e+00
-1.485808408394051483e-01
2.680856558255411137e+00
4.622044934102861546e+00
3.841150987285729457e+00
4.412605875829104463e+00
8.992311798550485236e-01
5.493388621611192235e+00
1.783624220377040714e+00
7.143745710706909335e+00
4.027723838101149312e+00
3.080774197220282673e+00
7.251640279682803225e+00
5.921905745475443794e+00
5.235801867028568424e+00
1.804620429453596131e-01
1.742903145436670798e+00
6.172229356329621552e-01
5.130802788046917584e+00
4.199392119145002766e+00
4.979761161058426921e-02
1.166482088799784655e+00
4.275943617580841405e+00
-1.416032979827809513e+00
2.876956572970049919e+00
-2.193662883763198401e+00
2.729751474450444526e+00
1.236907807710118767e+00
2.150113559702412580e+00
3.504038548918332552e+00
2.122253642140096375e+00
5.969456431337366809e+00
3.783579131170139220e+00
-1.241567462038641878e-01
3.955702164377603580e+00
-2.024633944658212226e+00
5.824273774657168445e+00
3.021448087239328117e+00
-1.162345024043087260e+00
3.890105553682971617e+00
1.521855375175206859e+00
5.873791297663895961e+00
3.584751561878741555e+00
9.954714975302625390e-02
-2.883866160793653322e-01
3.044711451710705674e+00
4.155211166502335018e+00
6.124708000822112197e-01
6.949634562046641761e+00
2.123408153078701233e+00
5.409624060019993408e+00
5.807461113572907507e+00
5.274452869556583323e+00
1.788886231281861861e+00
4.848059805090105812e-01
4.572073421752538280e+00
8.085706299850521361e-01
3.157613541767943843e+00
1.456908499219862207e-01
3.376103377398784744e+00
2.657432571315190728e+00
2.980614647722157784e+00
8.854422048480223850e-01
3.846415918536649770e-01
5.194731201453262059e+00
5.092819720481461587e+00
-2.435410862699551870e-01
6.281106860541560977e-01
2.442648888685156727e+00
-6.556044245652792313e-01
3.743556273642216325e+00
-2.038763048236650999e+00
2.812697433786358836e+00
-2.582138876622694923e-01
6.307850992729564510e-01
1.158493049721813328e+00
-1.221551167216865963e+00
-2.891701331179481471e-01
5.025067616600683351e+00
-6.820545073226087496e-01
5.519096347378676271e+00
-2.176443499059560693e+00
3.326485979220320743e+00
5.976566622049022115e+00
3.935937240022928663e+00
1.157101929397088114e+00
5.989472337683643843e+00
-5.680852718206033103e-01
1.432359452069847272e+00
-8.074778687262798016e-01
-1.150019766726826376e-01
3.446633546427380068e-01
3.646253861505813987e+00
3.746350333018062528e-01
7.321853945892353721e-02
1.978106839324835775e+00
-3.643429166785727702e-01
2.918532367496948332e+00
3.676201077313089982e+00
1.163779592043222344e+00
2.377875698704423613e+00
6.184853812373988902e+00
1.852615451255666734e+00
-1.030229879036077545e+00
5.243018754241022705e+00
5.490692177484069347e+00
-4.634305233209445873e-01
-1.381713527775799477e+00
-5.779207226923332996e-02
4.982685523013866913e+00
-1.334294494767829242e+00
2.877648263220564218e+00
-4.445267115073452402e-01
6.453299459458277099e-01
-3.372473102801487599e-01
4.200050045080212513e+00
4.882009269370554350e+00
1.224678041275415019e+00
8.257558035155305731e-01
4.477946049041124255e+00
-6.520039168596429846e-01
2.838734219204405385e+00
-5.773830470984417929e-01
1.021848001757375890e+00
5.020726362168694834e-01
-1.135654712658578536e+00
-1.029831549658428713e-01
4.007673967881924426e+00
5.205099519893451543e+00
4.300778227354614458e+00
4.613304221251336656e+00
-8.570669243550739225e-01
1.681894070766625227e+00
1.877495774336131795e+00
5.207482421205348544e+00
3.244443298479287918e+00
3.742083229968827141e+00
-1.251228120068752503e-01
5.986301332362595318e+00
-2.071986499206434740e+00
2.736126346336940074e+00
3.812818226652609610e+00
-5.700749098524813263e-01
4.952583742049988302e+00
-1.902426095331995803e+00
3.042433192530268116e+00
6.384913484462876099e+00
3.196414371535533760e+00
7.088538675455735572e+00
1.623534563839761802e+00
5.931751476500616960e+00
3.907527771498045865e+00
3.735525698037452713e+00
-4.819822612826829555e-02
2.170044165929365221e+00
1.144031381552697013e-01
8.859926131277049421e-01
1.440685445737653225e+00
6.036976842480260785e+00
3.439732202453772203e+00
6.855596918581996491e+00
-7.781305994704368345e-01
-1.671205068882076539e+00
5.583360498859232024e+00
2.030498492221783913e+00
2.961093984604521445e+00
2.191981992746612207e-01
3.061742713643408109e+00
6.810486877188818511e+00
2.617940782738697791e+00
1.076487641132385598e+00
2.429172344164435948e+00
6.129948972458898027e+00
6.127354850692087851e+00
3.702103257457119767e+00
1.149568951520509863e+00
4.307852165066261563e+00
3.670379066730564688e+00
6.337722882113096645e+00
4.201653995839222944e+00
3.823024706289199770e+00
2.608467927499063421e+00
4.704643517841091693e+00
2.845717927136723446e+00
2.036270344677757471e+00
4.891826444486419234e+00
5.236347185791517589e+00
3.041332020302451866e+00
4.667072142229677922e+00
9.452908566775475308e-01
-8.507074901171600700e-01
5.298946769805189305e+00
-1.553531789770084437e+00
-1.375210375035980093e-01
4.166313219776839105e+00
4.830015961995481888e-02
1.895638876259160277e+00
4.288686499174419353e+00
2.735461348083513045e+00
1.360029182783961232e+00
3.096242790273237233e+00
2.406499209549893159e+00
6.794806793398462830e+00
5.087484716615023217e+00
4.899866786085787851e+00
-1.230650628635754806e+00
3.878360603898059367e+00
1.056585056890571472e+00
4.376116183539309645e+00
3.169630660622374307e+00
6.166631464520595074e+00
6.612018778613551362e+00
2.149972830023848758e+00
4.656697494283895011e+00
3.258139423048493910e-01
4.372134206178264648e+00
8.677131813327898513e-01
6.160104430862194391e+00
5.830865674216418881e+00
-3.126340129392426448e-01
4.826541348630732031e+00
3.047095733175677168e+00
-8.540712509236243477e-01
4.074586845944967450e+00
2.844596910669279666e+00
6.885983070715163024e+00
9.958741408623428271e-02
6.903645982156483285e-01
9.614214496784736497e-01
-1.106039387599144774e-01
3.232428477269436939e+00
-1.469360662196359968e+00
3.743955279952224657e+00
3.957107552812976436e+00
4.874082438765189096e+00
5.333129179407315235e+00
1.582867341034607911e+00
4.679099391430378674e+00
5.143860276712324264e-01
1.038666506596594985e-01
-9.118271965681898905e-01
2.168727972228576384e+00
3.907980320305965094e+00
3.773340145325629891e+00
3.358866974335512623e-01
-6.616670472056149777e-01
2.530662201961416002e+00
5.849202089274818661e+00
4.252291252256057419e-02
-6.279963333165365924e-01
6.093942644098149231e+00
2.992845101692944709e-01
8.662299884763253743e-01
4.215486050761519721e+00
2.986397348794501028e+00
2.881255745959542480e+00
1.579498855409572577e+00
2.063188433429870017e+00
2.350505420650694788e+00
1.608872008257587360e+00
3.014302854515575447e+00
1.203924123654793732e-01
5.601516624280176160e+00
1.933741455862795888e+00
4.378877701454001681e+00
6.403990103760474284e+00
6.734027900328451111e+00
2.440899177061104375e+00
2.750008375977023078e+00
6.047191488024978412e+00
4.139245760988025324e+00
3.364749623963559699e+00
6.132187166219974728e+00
5.965786994892742001e+00
2.462531209197161175e+00
1.504235049682929315e+00
3.802496686558507477e+00
1.874909490816508040e+00
5.213262287703447129e+00
1.062293809341365858e+00
1.057496962382299621e+00
2.008884366023727885e+00
4.206356530554407058e+00
3.613040899131124917e+00
5.153845988517044674e+00
-4.923476769983015089e-01
2.680040651511902183e+00
2.456299022727936432e+00
4.805165089790193633e+00
7.212790657843694220e+00
3.453376336019047699e+00
6.635830207477360076e-01
-1.455079317259882377e+00
1.411995561661380627e+00
-5.942095949799002241e-01
6.707752017260267152e+00
3.386662218309126615e-01
5.548219656200362948e+00
-5.570909297957795658e-01
1.970401812366864291e+00
6.188529213233207926e+00
1.082624133700070601e+00
1.723199844874646836e+00
4.942212623507931113e+00
2.356579069422472195e+00
1.180210236160679216e+00
8.298896499292638396e-01
1.278621423372399590e+00
3.067193372825034459e-01
2.368109074087669796e+00
-6.778627516105659723e-01
2.266086936797514717e+00
3.963327431086302255e+00
4.821272429551603622e+00
5.911783611333438770e-01
-9.580401338152704227e-01
5.657607453301528366e+00
2.548356923582236533e+00
3.306329986186607783e+00
-3.082035305317898377e-02
5.025606586937190201e-01
6.158868354581468196e+00
5.289967653438651496e+00
1.984728380364954248e+00
-1.651745698114825966e+00
4.992773043773620856e+00
3.965855661489893436e+00
4.355643569155533967e+00
5.075331923955095803e+00
5.950985862181898511e+00
6.604999693827222629e-01
3.047363744977729993e+00
5.882852570243951362e+00
4.034986685297573317e+00
2.889672119618195367e+00
3.820301871765186874e+00
5.884941744073671543e+00
-6.280131642771635825e-03
-9.592679311886032067e-01
6.511406150240567570e+00
1.466167061000154703e+00
4.665805244406264762e+00
2.331247303566212459e+00
5.011906529276192401e+00
7.260278383052089168e+00
1.804141120033875723e+00
4.442681905999156911e+00
1.404387592920866901e+00
3.618875467144574642e+00
5.643743683267130606e-01
4.380016341934792834e+00
-2.519719380794160912e-01
2.015541971286634038e+00
-1.090271874250312578e-01
5.536189202000743492e+00
3.261621074601528392e-02
3.346462174557254698e+00
3.909056736887793093e+00
6.078099956577670326e+00
4.950209392899166616e+00
2.063357932308747422e+00
-1.225833911433785062e+00
2.704760773260586504e+00
-4.417490269765158573e-01
-7.967023560750714495e-01
3.633447357443165160e+00
6.251234155709795459e+00
2.418454793652784929e+00
-3.578419046223224598e-01
3.631307156557461724e+00
1.020534813759542914e+00
3.751934155454385689e+00
5.924153841508088547e+00
1.475324355576389301e+00
5.795436567675908535e+00
2.123271588510215580e+00
6.850984942957968116e+00
1.141940908707185898e+00
5.437722033022238222e+00
1.150068156973739875e+00
-2.016474203650589825e+00
4.106065873006283340e+00
4.192376037781432530e+00
3.651853269357149046e+00
2.599728110743702914e+00
4.115422309476290508e+00
2.935160336450738150e+00
3.789996905183580012e+00
1.421378866937539343e+00
1.541011913501902697e+00
5.812164704014422867e+00
5.112857806295965091e+00
4.863412764310412584e+00
3.158900625414222674e+00
4.690756883087480844e+00
-1.285649736880521754e+00
4.616994022019383692e+00
3.929814691402713223e+00
2.594912166390991537e+00
3.145397621497640017e+00
6.839830045006070947e+00
1.260660113262958681e+00
3.689814767384929084e-01
-4.448007621650136301e-01
-5.755262881358600424e-01
3.559840716785192427e+00
4.845991183995321805e+00
-1.645908439919720578e+00
3.040701594330927904e+00
2.360806369078034095e+00
5.084572685750549326e+00
6.041211766437866615e+00
-7.165971733285845247e-01
3.568188817156471515e+00
-1.167464738153257464e+00
6.135878708427547679e+00
-1.444534748741164165e-01
5.554415407791616133e+00
9.239541641346242784e-01
2.928447364396851604e+00
6.774464882857058612e-01
-2.290886498624436385e+00
2.587019292277652482e-01
5.134000725476315807e+00
1.550604716152816920e+00
5.306166396856484724e+00
1.602217487108710259e-01
6.765506031440317258e+00
2.168270151129716439e+00
3.880680590784720607e+00
1.303601204784001766e+00
7.485325073139765806e-01
5.157309475696038703e+00
6.151020201845261326e+00
5.760555508599940921e+00
2.867132743879593271e+00
-2.507313884659083669e-01
3.898963386324673763e+00
3.818721585933737117e+00
2.088136623333729069e+00
1.668749966699687448e-01
-1.391425828260179465e+00
1.190315227476650861e+00
9.749688798032751791e-01
4.032950389565872484e-01
9.332047815861965745e-02
8.179299565679514217e-01
1.271909582433337960e+00
-1.025569598411990135e+00
-2.211557257321642211e+00
1.917094461801382543e+00
1.887609646700578736e-01
4.574998013887043413e+00
2.127654788732638913e+00
9.785373049672880796e-01
2.380788842401420524e+00
3.786597513184286612e+00
3.005810287355675570e+00
-6.837390429126113389e-01
2.082442504393265281e+00
-2.052099159476612034e+00
5.290714709030064355e+00
2.596665466268860634e+00
-7.516131483196630825e-03
5.204650937304444724e+00
2.967181214546023682e+00
1.738915918555281159e+00
3.783931042161681191e+00
-4.195943105189998690e-01
1.782812647950092533e+00
2.729493168159744521e+00
3.247034490168033471e+00
-1.208770643581112303e+00
1.716309206142144106e+00
4.195723478057475475e+00
6.280206169192151577e+00
-2.804916315417393946e-01
-4.786251208556766557e-01
3.208936716285588631e-01
6.740938079287081663e+00
6.412413306297228388e+00
6.147773898782027402e-02
5.271929500064642227e+00
1.664102080378791371e+00
4.206434399876561869e+00
2.476781988893137942e+00
-8.511078439299133436e-01
2.906556656160963037e+00
6.424924490178071323e+00
4.785645289477653108e+00
5.288608324646224546e+00
-7.766453649164875017e-01
3.446668873459085347e+00
-5.006637499933574986e-03
-3.786656424546333000e-01
4.291141176041833205e+00
4.704796654263638800e+00
6.041111313623032331e+00
5.098586247367652646e+00
8.227683061618229488e-02
4.700355493391608519e+00
-4.273671263681428911e-01
-1.840192245768371038e+00
3.607519037996244293e+00
-1.134855104726478103e+00
5.907666747251596462e-01
3.489574436280229008e+00
2.552977776372694407e+00
-1.706509558557725015e+00
1.610103138548728552e+00
-1.028588981610933928e-01
5.604299347632940353e+00
-1.071789713819062850e+00
4.060272672596479282e+00
2.163637656827116729e+00
5.917264046738749173e+00
3.328335488388834307e+00
4.890678624549039455e+00
5.984548701907058899e+00
3.294860166099375931e+00
2.496237866685131479e-01
1.232371349845336361e+00
6.508706532908894005e+00
1.006492423682184167e+00
3.856392396540510248e+00
3.246982763834965979e+00
1.506541966938629074e+00
1.454272361814699543e+00
5.587544365406458269e-01
2.917831624423877557e+00
2.337549368608839551e+00
1.043102822447636413e+00
-1.416364337231248882e+00
3.616422067480595359e+00
9.959095530315318356e-01
-3.395486146000390448e-01
1.095838808649610030e+00
2.955188222818438071e+00
-5.195584813761211507e-01
6.805855647472823122e+00
4.588409265075130250e+00
4.747760490624118646e+00
3.282484107862057243e+00
-2.927694725969356426e-01
4.357994163639917318e+00
2.682246764214746726e+00
4.399839239013736858e+00
-1.582235654158425486e+00
3.277046273809274268e-01
5.822888929952638293e+00
4.649460985349143982e+00
4.219418706569562971e+00
4.581534272235007421e+00
-1.210845309086199251e-01
3.711112418288333714e+00
2.294023645635740571e+00
4.975968784183129046e-01
-1.758653718416955059e+00
3.606989009685465319e+00
5.950015222763420653e-01
2.420100529720654592e+00
4.603797916612714758e+00
1.951115483155029473e+00
1.251570960160708346e+00
4.646341142833744442e+00
2.467728758228124875e+00
3.705656070467071572e-01
5.778715362138498790e+00
-2.252403932494327243e+00
3.634262217781776272e+00
4.035311285407436444e+00
1.133079627866057315e+00
5.076575715770491826e+00
-2.151324210127780301e+00
1.311907920539052697e-01
-1.435040402476547960e+00
3.298753727314990059e+00
4.909386552421533878e+00
3.426974032974134943e+00
7.595854633264575995e-02
4.089066980183497790e+00
3.769638767609462704e+00
1.618143488258673379e+00
-9.975299600118541221e-01
4.711536824111883348e+00
6.921401495896960299e+00
1.646403521441712314e+00
4.262539392515325432e-01
2.783696796362963966e+00
2.244147634147513060e-01
4.383114386369257431e+00
-2.123536271781637730e+00
4.843856082065478574e-02
-6.106134141177674834e-01
4.841805717412704269e+00
3.673256795243826645e-01
-2.016272075135327579e+00
2.066712520117252261e+00
2.379351350298175127e+00
5.542428527690200113e+00
3.119696763489356428e+00
4.425612553436366170e+00
3.690226440990413082e+00
8.574544039368143800e-01
6.611852607797207071e+00
5.825395138625149016e+00
1.235506820686334883e+00
3.012736661278513139e+00
4.890197906332788946e+00
3.416509254511153060e+00
2.302240480260296707e+00
-1.247870013621023233e+00
-3.060793828527845761e-01
-8.634504425722973053e-01
5.858033517897450082e+00
6.126572356372886219e+00
5.322059016281723842e-01
2.805284212414209222e+00
4.773364613377619747e+00
6.526433124031099098e-01
1.270595258903564506e+00
-1.539277910640262093e+00
4.341126921979824971e+00
-1.292323177431835113e+00
-1.216858493383497386e+00
5.052852529760670564e+00
1.295887399867170053e+00
-1.222534101995865097e+00
-1.775804666490090611e-01
1.281471071576103071e+00
5.812667973224383999e+00
9.715726060502980488e-01
2.133165513787494305e+00
1.317778450602549611e+00
6.292358475227777248e-01
5.337182370075854720e+00
-1.266331756568670031e+00
5.145640375405939437e+00
4.663681759353421441e+00
3.498165293894375694e+00
4.915054239327368180e+00
3.672756903564010855e+00
4.897248401382139349e-01
5.753491441780411719e+00
5.884704883815972565e+00
7.408485888716249690e-01
1.464555692787786079e+00
-1.477081034969757845e+00
-9.608828152039832204e-01
6.099898455515823770e+00
1.133010261458429646e+00
1.800830255244437517e+00
6.085946054303272845e+00
5.017853190797737284e+00
2.311037325103508344e+00
1.661448651371354224e+00
3.365870437499618006e+00
2.916054317276147501e+00
1.310497438877700205e-02
-6.335637377791023539e-01
5.497282712338858346e+00
9.120716626216136547e-01
5.747059704972341976e+00
6.342290687330907062e+00
5.174954792727326947e+00
4.500525619461509308e+00
7.163991670398440093e+00
1.232742317364261098e+00
1.474968709814333145e+00
3.017877301987583749e+00
1.594890263894008342e+00
4.789402145352132933e+00
2.793930070975227054e+00
6.022935522463962243e+00
-1.402522953571052611e-01
9.431849367790512417e-03
4.452157408898473889e+00
4.342940380540490253e+00
2.949189591586954151e+00
5.077722760146693659e+00
1.346834591211233167e+00
5.331518553415312667e+00
2.731338563212050374e+00
6.740399159065606938e+00
1.572653134367429928e+00
1.087072831666678674e+00
6.894804112052137057e+00
5.503707185080056519e+00
2.425310555564673010e+00
-6.639957178209447974e-01
6.254019615436567037e+00
4.933329263898261985e+00
5.266995271226839748e+00
4.583489422029900950e+00
4.362780242680633691e+00
4.060955439162928116e+00
3.656987511143970693e+00
9.189291273554927031e-01
-1.849141349977969639e-01
2.251132265757430417e+00
4.385220135930612884e+00
2.971177113598974628e+00
5.464014741932290420e+00
1.970310583321684739e+00
3.321541554231114191e+00
-1.138176705977732794e+00
2.028921034594741712e-01
7.764203824740523174e-01
2.345944265824189578e+00
6.396262322304151482e-01
4.310408146682446429e+00
2.284722645168451471e+00
4.889995147132534470e+00
4.844700109186440784e+00
1.467788078407311403e+00
1.357971531530038689e+00
5.091818223923326059e+00
4.247588042892669336e+00
2.458222057607430067e+00
-5.191355012362439680e-01
7.192720679264077432e-01
3.077775184212551807e+00
5.298941424422407565e+00
-5.190198816324507192e-01
2.922210460359153217e+00
2.563223649322196707e+00
8.346330775217669640e-01
1.401957576864992561e+00
2.739487847047824332e+00
2.470865113143968728e+00
4.877308138108586988e+00
5.801123022260519235e+00
4.076971005910433377e+00
8.764946435798055546e-01
3.365052429228626352e+00
2.109095448879916290e-02
9.598084069875936208e-01
3.123627384103928151e+00
1.399344929742716737e+00
2.536323672385548456e+00
3.197983944175462057e+00
3.594918925186526337e+00
4.335961602848481533e-02
5.565689988807323019e+00
1.030105108757838117e+00
-1.108498068512681289e+00
1.453498982669185757e+00
5.336683748865141297e+00
-9.543949433902145785e-01
4.747265663182375306e+00
2.994388501056495677e+00
5.422348335609683545e+00
2.191065380750575997e+00
1.266452418300421101e+00
5.940957422072010274e+00
2.989837106213514950e+00
3.173909847350374847e+00
2.971470120334203102e+00
2.525395969413548158e+00
3.476059823703621987e+00
-5.939410921775154506e-01
1.430642331351774210e+00
3.193639625542893157e+00
6.226465300671678804e+00
2.880519783827707236e+00
2.669431775408550145e+00
6.324872030114027766e+00
1.324346081885397375e+00
2.033470991840684583e+00
-1.087484479334763332e+00
6.275854403578655649e-01
5.820107654196512215e+00
3.504023806305825772e+00
2.911813567286721138e+00
-1.552375478529732344e+00
3.834639059343901479e+00
4.990348350494672403e+00
6.022170452364044024e+00
5.063716274211166990e+00
5.412261460576058170e+00
-1.025217526096068976e+00
4.544389461615876868e+00
4.427698542595821962e+00
5.711519333591985159e+00
4.757578850325501207e-01
5.791073965198878071e+00
7.050810435159577949e-01
-3.896946868649813212e-01
3.052245370200244778e+00
2.652964694583619831e+00
6.171387882081251774e+00
4.241697926049477374e+00
2.372298674477202773e+00
-1.822290761903021306e+00
5.156709626336796859e+00
4.575665122093461434e+00
-8.859476380537447682e-01
-9.207186750296223465e-01
-4.383049273633252696e-01
5.178348531000697363e+00
1.960199172526134070e+00
-4.530537066556741266e-01
4.994913064376724776e+00
8.234358820420899505e-01
5.881167645237932007e+00
4.892394951893717092e+00
2.969006657410581340e+00
7.613672565938323089e-01
5.368472720967147893e+00
-1.909652256041282747e+00
7.112741565252486353e+00
-7.694636782176100809e-02
6.638915189016707075e+00
2.708274432944091537e+00
2.400100879204374316e+00
5.872629816614313825e+00
9.160924718052481097e-01
3.525273264737087686e-01
2.050392905587202108e+00
6.487538382622870969e+00
2.293000470374329858e+00
-2.265014201511179159e+00
4.638094514197984353e+00
4.221582209828882881e+00
1.208034916315345875e+00
-9.086383930168517864e-01
5.943428375814105991e-01
2.423458638089487138e+00
7.960621408879786642e-01
6.571800952448432653e+00
4.775274247834820684e+00
4.601515602694256302e+00
2.699163881850834557e+00
1.109467400675850257e+00
2.422848469532847382e+00
4.862504710900843463e+00
5.034823002123236080e+00
2.039545868834917286e+00
5.957191915671753435e-01
5.143019686662965384e+00
3.010034725594637806e+00
2.180946389682761222e+00
-1.539463062350581168e-01
-5.316939180836346424e-01
-2.733317433773203575e-01
-1.131839662623090881e+00
1.871856186845636039e+00
2.790082633973768544e+00
-1.004612059296725590e+00
4.293155128978435542e+00
-8.388584331318984511e-01
4.526833159317167343e-01
-1.156354759143004785e+00
3.634284184666109141e+00
6.806348679874366425e+00
8.927839266212433955e-01
5.442390167389724809e+00
5.703146279122332629e+00
-7.478207854830980494e-01
-1.269061759953181934e+00
3.004419887618245966e-01
4.905385857660737869e-01
-1.987063809361759859e+00
1.180443758155722556e+00
3.989226604245580177e+00
5.257685075795064833e+00
-1.777584079608105938e+00
3.318550533638301658e+00
4.506637740132315884e+00
4.720944936217357224e-01
2.358409507823115980e+00
-4.307937467036904167e-02
4.201066337874008738e+00
-8.573514150070105089e-01
1.930243335484362888e-01
4.730312336770897019e+00
2.334598043288398372e+00
2.505897908265186658e-01
2.945392263310802505e+00
4.774087502571628505e+00
-1.260449313133680249e-01
1.460388240537178639e+00
3.757790834612460884e+00
2.262858979316739294e+00
6.469357858452976728e+00
1.420246698011637498e+00
2.393193616421714687e+00
3.935085577140673863e+00
1.274021331046951033e+00
4.303166113095915790e+00
2.940381957928869028e+00
6.051901661524249576e+00
-8.389411246410460876e-03
3.271090396420785140e+00
5.979545562420886640e+00
2.133534395064253353e+00
2.188459043466210119e+00
3.257660899100082830e+00
-1.405213397058076907e+00
-2.599727829357618702e-01
-9.258316786887181848e-01
1.764002080710360687e+00
5.068847203836101656e+00
5.184473735923592841e+00
-1.017486576120012032e+00
5.631319922470250816e+00
1.783287742463929071e+00
4.283752677517657759e+00
2.244274734861262388e-01
4.223121777262882404e+00
2.572600081251774640e+00
6.158219406634392712e+00
5.833790404757694503e+00
1.914039786554150524e+00
-9.267531167406595216e-02
-7.914606624275313251e-01
2.703370257005843769e-03
2.292355615979036365e+00
-5.216705091939983774e-01
9.960165281607409327e-01
-4.376454889070533483e-01
4.823683966831069370e-01
1.519789477080559337e+00
-5.220803417891222153e-01
3.912440299610967287e+00
-1.662445676230630998e+00
1.141027149455285716e+00
2.796773325186852510e+00
4.634388676042576094e+00
2.200374969681159421e+00
6.035499857326525941e+00
1.585278485288843520e+00
1.970433594802435628e+00
-1.020112722419089124e+00
3.779156775367303212e+00
7.991408913663162750e-01
-8.233272777455482583e-01
-1.522764994127154825e+00
8.998715811849500312e-02
3.304951815669193493e+00
3.738379153832644519e+00
2.821211036310965703e+00
2.371030146307507636e+00
-1.386804812953549959e+00
3.653707241519775550e+00
-1.701547589270234084e+00
1.564966097616993679e+00
1.361285136091731296e+00
2.121169663795311244e+00
-3.042031897138635088e-01
-3.189398880976765938e-01
1.702832479936926546e+00
6.124873301538739767e+00
-4.014722383982363141e-01
6.173114519543259959e+00
1.782020233103057016e+00
-7.838608549625494248e-01
2.606818776813064176e+00
-5.215142834672841232e-01
3.374494966847015220e+00
4.316265215067735639e+00
6.519822141184508979e+00
2.221397479288661714e+00
1.405860461460524569e+00
5.250880702533798683e+00
1.498102207255602281e+00
5.758214881035588206e-01
-1.429757505104553239e+00
3.011801534421282511e+00
5.315479526154302192e+00
1.953948355969127526e+00
-1.269199402008496236e-01
-6.938979055558478493e-01
1.216438193026455394e+00
7.653977963358009617e-01
2.094788171600238336e+00
6.933508211640891261e+00
2.745911223016005209e+00
3.186819408061678516e+00
5.973998134834827667e+00
7.164770856897968443e-01
2.575188991174335307e+00
7.140303834152913254e+00
4.974532285954726518e+00
1.933151208024020740e+00
-1.451299287644731706e-01
1.001481830255379180e+00
-1.993848244839577788e-01
2.163193460822133041e+00
7.219623528797226797e+00
4.976016641662905471e+00
4.876710273803833928e+00
1.480580976684858108e+00
4.175588664105603698e+00
-1.028553132904264089e-01
-1.122329225881490977e+00
1.972872422300797624e+00
6.199202457984561931e+00
-7.151420616481471981e-01
1.227993110829022960e+00
4.957010851331775214e+00
-1.205679948197559526e+00
3.743514592924185536e+00
3.739849177957811577e+00
3.810783352779649746e+00
3.223830111052789604e+00
-6.648476988717444414e-01
2.231767930552170043e+00
3.440140559374853524e-01
5.720840823008529696e+00
1.188668786989699022e+00
3.435396474797013155e+00
3.529290780876754852e+00
1.418542955970681696e+00
6.134680825082160283e+00
4.021216165657577335e-01
5.588343179423711504e+00
4.721077884194915697e+00
7.456784909816773776e-01
3.304083112107628395e+00
7.441208093357793985e-01
2.395904878316657438e+00
1.808495906035422429e+00
2.890104486429713404e+00
5.325760097133064974e+00
3.736715297664021662e+00
6.528407053672255600e+00
5.830999610513380560e+00
3.446765949235297555e-01
-5.748198021066492913e-01
3.017433466025885025e+00
3.967876430623840989e+00
7.665928277803155666e-01
-1.528564229526399032e-01
2.420344155484395188e-01
3.202088537845124705e+00
6.429786011561198222e-01
2.244557438003563554e+00
-1.213029597454789332e+00
6.570708944763827830e+00
-1.179066510609424689e+00
-1.176454161286290656e+00
4.147321144374597424e+00
1.397060628966070084e+00
6.664385933515022842e+00
-1.810566509128289425e+00
6.734303368894067887e-02
2.991797280264083092e+00
2.394208734738485944e+00
-3.229121432814299197e-01
2.085970059545544153e+00
1.870618227727094407e-01
6.532059408659700139e+00
4.660061984231953502e+00
3.527941941774162871e+00
1.848594871451877175e+00
-9.750375980926566655e-01
1.473290767686901148e+00
1.054958197632577921e+00
4.157693026625439714e+00
-1.684131160919019710e+00
1.914971956192754732e-01
-1.424798212278914011e+00
1.925842105908495583e+00
4.874945675824594815e+00
2.959324500508611955e+00
4.754338177739137805e+00
6.948838053403154191e+00
2.659504687607329387e+00
4.217185437143019300e+00
2.544357078383506554e+00
-6.620577797432432021e-01
4.411689653389892385e+00
-1.473711953935378904e+00
3.706398386477538054e+00
5.110722412119317326e-01
3.930873293987685813e+00
2.962669002949501973e+00
2.304719500351351869e+00
4.563070657924706452e+00
3.945913613164510281e+00
4.532200396745157178e+00
4.980042523671226462e+00
1.582873689449829868e+00
1.696928963306215010e+00
1.540127036837059649e+00
1.561721819302778869e+00
1.951230012103671640e+00
6.997219383386092062e+00
6.525849813216876072e+00
-1.244813382648126243e+00
2.929884939092126217e+00
4.484957077792417479e-01
-3.450087789601266053e-01
8.133682731064997284e-01
1.320031772332328046e+00
1.049758063327850266e-01
3.907799999103689359e+00
-1.626215218760045378e+00
4.745213846229319188e-01
5.367821261795699073e+00
5.326182582584999992e+00
3.739662192269317842e+00
1.404752222799039885e+00
8.359668785438127969e-01
4.079889677200757347e+00
-2.265938624747052543e-01
2.237419253544466358e+00
4.959534890347150338e-01
1.344326178450572229e-02
-2.004562702141967634e-01
6.629976425450694322e-01
3.678131592406726824e+00
5.230375284701260341e+00
2.453532505284269583e+00
5.741930174722060798e-01
3.043317794262637932e+00
5.311501970590867927e+00
1.399378654819874335e+00
3.601978662191910985e+00
1.609679484061913968e+00
2.684751949271160676e+00
4.682780163069901747e-01
3.025397042981042617e+00
1.918301177467183649e+00
2.845306994256684874e+00
2.731734477479930590e+00
3.113578066438702052e+00
3.013040327322054068e+00
5.109501810179093440e+00
1.695212730726042949e+00
2.494223702363758122e-01
2.532467181525218436e+00
5.221645550409323988e+00
4.426677877934247718e+00
4.753288932093637342e+00
-1.097234723492874320e+00
-7.398025215385697351e-01
5.963739313898406280e+00
1.254472326832153151e+00
4.929770261138644472e+00
-2.206337025256316586e+00
2.226247177637415753e+00
-1.754866788913262976e+00
2.994252313937726839e+00
-1.535964466629557990e-02
6.647704718045774896e+00
2.063158209565676415e+00
2.626595375219467954e+00
5.586144547365943680e+00
2.808766284503851018e+00
1.139938376066418790e+00
3.406184531942059834e+00
2.247010415963752727e+00
2.944141116038645478e+00
-1.688245757566004812e-01
4.184725022177607556e+00
3.162948063315042191e+00
4.243928191072324552e+00
4.730079870616519244e+00
2.239836122262065743e+00
4.997881121792540071e+00
6.377792707174197773e+00
1.126163753121284472e+00
3.358625003774609041e+00
2.319480536026299333e-01
2.190159113018648185e-01
6.353676056273924289e+00
-7.160740674352386037e-01
3.054937394912318638e+00
4.287359278864215639e-01
3.293370536562290951e+00
1.371020327579503650e+00
3.146693086487749369e+00
3.209071262553042203e+00
6.487989317397286015e+00
2.704690138645534425e+00
-1.533339028280110039e+00
