1.091992129715894407e+05
2.094417519414204289e+05
4.807214194857452530e+05
1.455201031316045555e+05
6.906335237479521311e+04
3.787917773292735801e+05
3.625723335939258104e+05
2.968186931168044102e+05
5.329696614134418778e+05
8.724722602481073700e+05
6.845736647294241702e+05
1.188517099660878070e+06
1.676903577193525620e+06
1.789809900958057493e+06
1.797525307637508959e+06
1.801435113817968871e+06
1.826564642203283729e+06
1.831038825473831501e+06
1.829239442723726388e+06
1.829966870367161464e+06
1.830945322827426484e+06
1.830198540757167619e+06
1.831269532914056908e+06
1.821145751012520865e+06
1.828517203893135535e+06
1.831269791954815155e+06
1.821373164936693385e+06
1.829185973721229006e+06
1.824298143718547421e+06
1.831166192293279804e+06
1.831269532419456402e+06
1.830860012114024255e+06
1.827557522184649017e+06
1.829976887974743266e+06
1.827275240697089117e+06
1.831012851684507914e+06
1.831269532894252334e+06
1.831269532422930468e+06
1.831269532416449394e+06
1.831269532419496914e+06
1.821738028615351068e+06
1.828354099767104257e+06
1.831215962976901792e+06
1.831269532419499941e+06
1.831269759401650634e+06
1.830686018042610027e+06
1.825981739048017887e+06
1.830991150477589574e+06
1.824242969386862358e+06
1.831269295874405419e+06
1.826704051322294399e+06
1.825658295672276057e+06
1.831126715543506667e+06
1.830951653411317617e+06
1.831269532419509254e+06
1.826650528191932011e+06
1.831009412633040454e+06
1.828660111468218034e+06
1.831269534908556612e+06
1.831131638494392857e+06
1.831226069264856633e+06
1.831269534182354808e+06
1.829316930562561611e+06
1.831269532419543248e+06
1.831263030595285818e+06
1.830904699624840403e+06
1.829200081520326436e+06
1.830502833717250265e+06
1.828200999902525451e+06
1.830056902881814167e+06
1.828881936127348803e+06
1.831250794834992616e+06
1.828260157099197851e+06
1.830974036469842307e+06
1.829733839247969445e+06
1.831269202780409018e+06
1.828769420956669375e+06
2.869374539485053392e+05
1.830957095859324327e+06
1.831269564139686059e+06
1.831269532419492491e+06
1.831231814196595456e+06
1.831269706444797106e+06
1.830370625159980729e+06
1.831269532419433352e+06
1.831269532419497846e+06
1.831269474550246960e+06
1.831269532420120668e+06
1.831269532419494586e+06
1.831269532419493888e+06
1.831269532419497147e+06
1.830484212324352004e+06
1.831269532419493422e+06
1.829515132697469555e+06
1.831104603748519672e+06
1.831269532419544645e+06
1.831269532419494120e+06
1.831269532433656044e+06
1.831199235530657228e+06
1.831269532419492956e+06
