3.865859982194930211e-02
1.210326698552366409e-01
5.080624205641299795e-01
4.346609729155348489e-01
3.665370636115490299e-01
2.357924588719608749e-01
3.999827635526429503e-01
4.176323477790795380e-01
-2.293775776767006391e-01
1.079714578435826411e-01
-4.711666669838461274e-01
-6.464064631923651660e-01
-3.710288525400642357e-01
-2.355362770098547998e-01
-6.577861309325454542e-01
5.702767444149277054e-01
-2.766922279371195614e-01
-2.262750176038794692e-01
-2.258212213637031951e-01
2.402399178653977785e-01
-4.295440119591695805e-01
-9.634602792248614378e-02
4.421494333531033050e-01
-2.129364200579786370e-01
-2.831012655443707615e-01
1.553892559238834181e-01
2.170819787313007510e-01
-1.203153005949317844e-01
6.969609782987085111e-02
3.116099552193372091e-01
1.164515841089110992e-01
3.059117094545316107e-01
-5.530796457760036589e-01
-2.337964544256019295e-01
2.621705032449170858e-01
-4.267735492934310315e-01
-2.040740978215493939e-01
-1.402295531772814741e-01
-2.285188323060243221e-01
-4.599535282997413432e-01
-5.246590227453493682e-01
-9.123646225369697049e-02
-4.216055901578146248e-01
-1.495382273103409432e-01
6.237756821592341794e-01
1.916887113305314472e-01
-3.968108503079808003e-01
-2.010734864032306390e-01
1.033135762885954989e-01
5.974410734705877246e-01
1.068102563359563106e-02
-1.009962920863465285e-01
-1.778144917457744612e-01
-1.038409398913939796e-01
-2.061775741697955411e-01
5.653074215774234190e-01
-4.620938438715782581e-02
1.921480554811960673e-01
3.855745483671002560e-01
-5.657908335188297499e-01
4.823588546314390157e-01
9.369292390637884438e-02
-2.075320558542710359e-01
4.536918582666737976e-01
4.306013192743360918e-01
-4.369091268464426747e-01
6.091070256674822048e-01
-2.680622570626294277e-01
3.824738273259953303e-01
1.696297284062797672e-01
1.404305733214838980e-01
-9.642073262301487091e-03
-3.864729629125749355e-01
2.299000574765965865e-01
-2.325116472973265402e-01
2.795784484625354338e-01
-4.127205456374003489e-01
4.834062192877661701e-01
-2.633594104633232291e-01
7.629825684311875023e-02
-4.517057499745567029e-01
-1.437112717287893915e-01
2.320435214964700066e-02
5.499584432721702498e-01
3.115652021210557621e-03
4.116103903735002234e-02
1.049262129295112089e-01
-3.169028012553622986e-01
-2.923131221072257091e-01
3.141821604214705133e-01
-7.651923804003502028e-02
-7.685830588305186950e-03
-5.238689759234036458e-01
2.221425075888907585e-01
-5.093133562342986309e-01
-5.426246101253919818e-01
1.315441519887752264e-01
1.779917192062629994e-01
2.605461733470084695e-01
4.468669556683728672e-01
-3.835853138405544982e-01
4.084220549819495005e-02
5.984034892342631196e-01
-5.880858139738291968e-01
3.881649308456722736e-01
1.478576735284828914e-01
-5.748697847206338807e-01
-3.284729588637285147e-01
5.490115939095083775e-01
3.312307805041037057e-02
-6.351619989774901498e-01
-4.750747270035251546e-01
-4.720000960516390620e-01
1.013279096244259492e-01
4.856156390533108436e-01
5.160728562087708582e-01
1.930828422752028928e-02
4.548308603221578039e-01
5.846774625414123960e-01
-5.632503343001316054e-01
-2.842925152693025481e-01
-2.839919941536797054e-01
1.578873964746279057e-01
-5.716612924685708919e-01
4.637247879385855143e-01
6.432713220202046500e-01
-3.703374937605934392e-01
3.987299667796504465e-01
-2.627319003261678887e-01
-2.294359747984859865e-01
-9.871138046658689547e-02
3.677513685158029233e-01
1.683510624283703905e-01
-2.700855332521010510e-01
4.382841744447754095e-01
3.542232852849034330e-01
-5.428907768306325821e-01
-8.475190018268108361e-02
6.413019065182234968e-01
4.018376882670082750e-02
-1.296355207094475048e-01
-3.856661741219218342e-01
2.129087929618647124e-01
-4.519993279259377772e-01
1.302109199567667019e-01
2.695128418541656856e-01
2.064743573404665966e-01
-4.685986108878932299e-01
-2.237260284233340002e-01
-4.411512651270337315e-01
-2.077094778894146287e-01
1.580372648138563818e-01
2.521631904652164025e-01
-2.308857332262270745e-02
2.141611202606661379e-01
1.766912338399322380e-01
2.488763417890682561e-01
6.316480761250522491e-01
-1.175479893221753613e-01
1.038040831769162509e-01
3.600120938300088724e-01
-1.155325786779481945e-02
4.471034012064940555e-01
-1.026259186032820736e-01
-6.100958110332301843e-01
1.182189710572556507e-01
-3.564792983003250981e-02
-2.642518473523578493e-01
-1.172934353592047785e-02
6.731942317423555977e-02
6.374177736531887462e-01
-3.050303142845862681e-01
6.157604373654290697e-02
4.963611977329884795e-01
-2.159082177419948678e-01
-1.313800947382635087e-01
3.934861428577898224e-01
5.992515628795311855e-01
6.320423616327381922e-01
-4.248105825046266659e-01
4.015087278102411616e-01
1.904725392257233807e-01
-1.482556888825214969e-02
-2.461186583299390662e-01
-5.854396913668669100e-02
1.361044325776692432e-01
-3.393671308649430784e-01
-5.015181197474225527e-01
1.117901064997735006e-01
2.028867603986128643e-03
4.149209418200729971e-01
-6.001333908028616548e-02
-1.079561928573209428e-01
-1.859071438711934476e-01
-1.368249189393511145e-01
-9.635714034071796164e-02
-1.301036924712404286e-01
3.219385041098856703e-01
-4.053436361206514960e-01
-6.428716237867959649e-01
-1.953328822829849543e-01
1.635026383346902534e-01
2.502654183125390119e-01
-2.854122368444880209e-01
3.989593790738732437e-01
3.545784966854466091e-01
3.774690955096264844e-01
-3.702293984740832045e-01
5.660399918530503172e-01
-1.135563616240204965e-01
-5.335151586935538148e-02
4.140259490775726192e-01
-2.494211455085348916e-01
-3.426425441633913493e-01
4.001620371205998339e-01
1.481168548659086426e-01
4.787052799128845848e-01
-1.001283563884332040e-01
-6.413167687866669908e-01
1.009245902679847262e-01
3.624357639963440292e-01
-9.510896219929065865e-02
-8.629524999297011334e-02
-2.451708464762418771e-01
8.961810223367905337e-02
-3.376640543282114493e-01
-2.865798761128619532e-01
-8.547055782992796225e-02
-4.989858651031537917e-01
1.663902435826223325e-01
-2.188439902075192123e-01
9.308019879756912474e-02
-4.536862653009388069e-01
6.211842542877956674e-01
6.345370182600618136e-02
-3.963315461174223842e-01
3.813973051135786108e-01
-2.239621022698354835e-01
5.527865046820137351e-01
-2.228632457427606184e-01
5.497934965416648723e-01
-2.637865687892171351e-01
5.210328271186703830e-02
-6.942883043767977824e-02
1.026587636019735683e-01
3.333830428967505810e-01
-2.202902561471047349e-01
2.306458978376895175e-01
-1.492291447752389644e-01
4.621311650026607154e-01
-4.700338822080238899e-01
5.856041724709992735e-01
-1.821872319470534407e-01
7.193077187755392288e-02
-6.202893159476632334e-01
-3.381156157877249768e-01
-3.602174839554299624e-01
-1.168954990502832914e-01
3.888990922246691184e-01
-1.138474103224211831e-01
-4.741012964120496775e-01
6.218721241707552139e-01
3.288750163687037542e-01
-2.441457719467923226e-01
1.252201918625406307e-02
-4.290708123661559625e-01
-4.643527534408118385e-01
-1.048669099322854237e-01
-4.758999796791947290e-01
2.033387541983220359e-01
-3.957911809916740964e-01
7.530377337184646080e-02
-2.220414670237911281e-01
7.400598464621577222e-02
6.154709505734956565e-02
-1.848322727431730428e-01
5.898075584818300854e-01
4.021231514721836930e-01
4.816814340068820144e-01
4.230210288355120696e-01
5.125556307074337070e-01
-8.222986041088464759e-02
-2.688021942674261311e-01
8.045231279744324837e-02
-1.191723094653847070e-01
-4.834292340220969209e-02
1.618477975677272696e-01
-4.251805968578867834e-01
-5.466208123693228060e-02
-1.767980401151989511e-01
3.907974572448411621e-01
2.638494779847544436e-01
4.166542975018039385e-02
-2.544161479999598185e-01
-4.395723631815240395e-02
9.554127849122462379e-02
2.848531496039239386e-01
1.149128304883850760e-01
5.768120095665718594e-02
1.754386049861613728e-01
3.885435871848823552e-01
-1.325818532651181769e-01
-5.935041956647548744e-01
4.691242373514370456e-01
-5.272262002858605356e-01
4.576537806784619633e-01
-5.944524305875740211e-01
6.465322347364477196e-02
4.313890810290850197e-01
-1.703858527677963863e-01
-5.397143185227362139e-01
3.396081741146677047e-01
-2.978213827235922651e-01
-2.768969210656617719e-01
1.409979367904687919e-01
-4.818655838100092126e-01
-3.026375735809674339e-01
5.227376839556363564e-01
8.181838910205918580e-02
3.195162815427714520e-01
2.543519825723752348e-01
6.597597585038883494e-01
3.641914903174239271e-01
-3.018162879766457252e-01
6.478213711758691318e-01
3.287086809207115934e-01
2.118076305946781090e-01
2.838650800793036666e-01
-5.317723194128260999e-01
-4.315743972741454826e-01
8.350365849412888508e-02
-4.196173846267150509e-01
-1.617254619682819694e-01
-4.501725017658504413e-01
-2.271441779881602230e-01
-3.729570542361502206e-01
-4.859515829743070725e-01
-4.283871581010787466e-01
-5.333935315537363664e-02
4.958344310397233556e-01
4.851542662822083685e-02
-5.246420519611989519e-01
2.786131432978011802e-01
-1.344922486245039295e-01
-1.946367868347298469e-02
-4.645903974098528622e-01
1.623956762854934510e-01
4.478572479745857038e-01
6.590629228314703880e-02
2.890217825632293014e-01
1.956895142024794865e-02
9.906205501346487807e-02
4.095953417697382193e-01
4.479430314909098598e-01
6.673854228277740219e-01
5.221162596820168034e-01
-3.944921746686000930e-01
4.105173014406506837e-01
2.239994061794883251e-01
-3.460376828235478541e-01
-4.360287720372193476e-01
-6.055249431984872643e-01
2.124252304552420867e-02
-5.596155081376785745e-02
-2.337727938750218115e-01
5.985662097717874275e-01
-1.410658493956162829e-01
-2.395240568735745867e-01
5.387188178216595347e-01
-5.184966395886547730e-02
-4.406255140064274656e-02
-5.569360669841856293e-01
4.216006000376184559e-01
-5.151523533755355544e-01
7.406865533494588760e-02
2.596288577729479741e-01
-1.455854926405191208e-01
-1.744358458544441604e-01
1.893154602499702577e-01
-5.238881469564393711e-02
-3.617310308503505212e-01
-1.752631819131478252e-01
2.026249759736504785e-01
4.065000193396066663e-01
-3.193467974777508545e-01
-2.319575994159608356e-01
-3.212172413509319924e-01
3.038487402727856335e-01
-5.670473482243956198e-01
2.426374702981224374e-01
-1.100914037204621110e-01
4.618481369453721896e-01
6.751836100231525251e-01
1.696999419557929656e-01
1.092114845588012528e-01
-7.767817455559011819e-02
5.172206337350973016e-01
5.380440539560105151e-02
4.687766371595003534e-01
-1.394680925272755445e-01
-1.047394565092920615e-01
-5.176549962695418117e-01
1.094789696256270872e-01
-5.183738558694370724e-01
1.239288599524615009e-01
2.670739896052403139e-01
2.858694775331525051e-01
6.786483514182606314e-01
-6.644144541058070175e-01
1.125072994851450403e-01
-4.755097532571728181e-02
4.589683414207001988e-01
6.467197125818957559e-01
4.051169802193026470e-01
-2.601018110382948834e-01
-3.810194990737523213e-01
3.550436805199241874e-01
-5.440604781743108020e-02
-3.272761004078876823e-01
-6.112391866653812400e-01
-3.096361104401230691e-01
3.994979478083715563e-01
-6.213715281607541385e-01
3.969328975008483695e-01
7.212133023494438078e-03
3.332780823781833490e-01
-2.969767674354528708e-05
-1.373784536748532403e-01
-5.751293194653150920e-02
1.485291046747363453e-01
1.410623919816984539e-01
6.342654923262802669e-02
-4.685975821518209017e-01
3.940378836232047988e-01
2.181156993238211328e-01
-2.994080086801691465e-01
4.864418651062543120e-01
-5.964152936804936189e-01
-4.774439353476545023e-02
-4.130671818747178037e-01
-4.286904566695977081e-01
2.991647557020833403e-01
4.435302960915468162e-01
-4.061699028987275639e-01
5.351128112420067140e-01
5.544898539622220568e-01
2.139352906133495935e-02
-3.331174984792841798e-01
-5.121542183703899909e-01
3.518438539769324080e-01
3.960755285709680606e-01
-9.152787340102364055e-02
5.494688649423205007e-01
6.227189693105223967e-01
2.467472395177603417e-01
5.664729430083834671e-01
4.054389506303124335e-02
-5.036376770172621420e-01
-6.686311687979262786e-02
1.570516097392360422e-01
3.840222433760480669e-01
6.106759955294940312e-01
3.694463772665388390e-01
2.033510130477020894e-01
4.812245682373088584e-01
-4.950000382232344620e-01
-1.317005250174405617e-01
2.753816475720860524e-01
2.283197724207379764e-01
2.555000569490060158e-01
-8.159413615107613538e-02
5.005509614563870002e-01
1.598324296549726853e-01
1.125556509991572085e-01
2.164644377193756242e-01
-5.924283044615208382e-02
-1.208812297809469527e-02
-6.472737988823809019e-01
-3.958819121224967930e-01
-5.971453286689403228e-01
5.847642784327362619e-01
1.513615809456760886e-01
-1.276269264963216798e-01
-1.496328987533033228e-01
-1.890043824116789395e-01
4.571217644054588192e-01
-5.392671723107547166e-01
-4.533335371052151785e-01
8.019920253699108770e-02
-4.428104958338110464e-01
-4.520785023060911456e-01
3.786403007552046063e-01
-1.491494601152565380e-01
-5.711985446865757154e-01
5.816066826005048540e-01
4.673851752188262765e-03
-3.261212709180796310e-01
4.904425999842150219e-01
2.228999086279461750e-01
4.789160565619905441e-01
-5.642258269278688232e-02
3.781074092524514541e-01
3.056328986839726980e-01
3.349062937913220850e-01
-3.988993008034213972e-02
5.475521394641269524e-02
2.677169116653175251e-01
4.090605792959873810e-01
-3.517482599942720611e-01
1.130143106433978417e-01
7.949035091571587941e-02
1.441548729775217197e-01
3.203745638779018634e-01
-5.917767393509532070e-02
5.836546940886977453e-01
3.467543550817850928e-01
-3.754276862534293713e-01
2.858232754761491634e-01
4.461406300402535052e-01
-4.430708836246655125e-01
3.519751271496964762e-01
-6.152161482442357610e-01
8.769423244357987812e-02
-7.446679023905744543e-02
4.324528520005932464e-01
2.304482219543153576e-01
-2.753933315607763888e-01
-4.768492968523929676e-01
-3.788316952022610096e-01
3.687449915535809808e-01
6.067364966707557983e-01
6.587811670069605441e-01
5.315750010561082206e-01
1.461475034000958573e-02
4.719187690533832580e-01
6.461010328365883737e-01
-4.976381091170232196e-01
6.694374632017758842e-01
2.558153445665070080e-01
-2.572019283849868998e-02
1.897204147203988001e-01
-5.227940961022383703e-01
8.304766161413290604e-02
5.941700022506815060e-01
1.713961394360632440e-01
-1.509899173286770591e-01
2.478316768009856119e-01
-7.439514100315225420e-02
6.281794678489047712e-01
-4.960780659857686459e-01
5.402854985270257870e-01
5.880094543830889364e-01
-2.953428956126096239e-01
2.193527318587316088e-01
-2.951314806089095910e-01
3.863535968081528438e-01
3.498529490293300626e-02
-1.052318312203226469e-02
4.406227575458103729e-01
1.490789432335679621e-01
-1.024406902715639944e-01
-5.731831657613506437e-01
4.481343065233067691e-01
1.792492349869556634e-01
-1.525096639224434725e-01
-2.568760467956332505e-01
-5.178229022199500875e-01
2.894286764850919624e-01
1.897918172166255246e-01
-5.627615330873503297e-01
5.337225543412325024e-01
4.450254543629492687e-01
-6.026682195166168654e-01
-1.494108666314604150e-01
-3.513333492963610638e-02
4.278167662240974778e-01
-3.917570922470368089e-01
-1.487239048228730098e-01
4.954151440312060117e-01
-3.934274037138596469e-01
-2.379382636700020370e-01
-2.250096727642274530e-01
1.028256581038444750e-01
1.200956952395735300e-01
5.546651182674633418e-02
3.693042317827588406e-01
-3.402821211864219819e-01
-1.941145920227711485e-01
-4.797478519571640732e-02
-2.083832813397243910e-01
-6.236934240719556044e-01
-5.669872204104402513e-01
-4.819349604567655376e-01
-9.975933750257581778e-02
-1.012158888398193568e-01
4.787237061270230853e-01
-5.975927779399139439e-01
5.301433034237303943e-01
1.135708788294067517e-01
-5.117708009584021056e-01
-3.423146375339989333e-01
5.283408415627466326e-01
-2.873232102476830363e-01
2.092658901263080296e-01
-4.460764200698079662e-01
4.520354933109818063e-01
5.309841384541087450e-01
1.666530103768106841e-01
-3.569349555726111234e-01
-3.143968334707736290e-01
-5.980418564482121724e-01
-1.153777977046992476e-01
-2.011008639175901891e-01
3.038497450376116404e-01
-2.486339122884606567e-01
-2.198468963639346185e-01
-1.749758360913862276e-01
2.240212829971746089e-01
1.010415945784561842e-01
-4.402312535003769511e-01
-4.187863591756180170e-02
6.032212307314264166e-01
4.979660149682043624e-01
-5.767626011512829720e-01
-2.808245786263130483e-01
-3.153683350284586240e-01
-6.827333185072959054e-02
1.304454374588992493e-02
-2.394743313103102622e-01
3.601703465321239861e-01
5.097282474591144918e-01
5.112635589816525439e-01
3.847798717909300947e-01
3.917871424768577526e-01
9.440484862035347646e-02
-2.630897458217438256e-01
6.509053204486248134e-01
2.440442499713153524e-01
-5.647965535623331590e-01
4.499268484768244036e-01
2.630481173046668175e-01
2.391536703011762910e-01
4.347228253490085237e-01
-6.422184301669160433e-01
-1.343419435593444788e-01
5.377431150020068884e-01
-1.248805237546326552e-01
1.019486936898061913e-01
-1.737822254541612210e-01
8.801808069996752693e-02
-5.317208328643614479e-01
2.385558980701460996e-01
-3.086914427776417114e-01
4.921579051899325208e-01
4.103196346022475183e-01
-4.494088751627982603e-01
5.813948594816666926e-01
9.700889552056590759e-02
6.554725050887206805e-01
-3.287939747367403243e-01
-1.751140419658181457e-01
1.202682788994282603e-01
-2.750458757416467392e-01
5.132873321781650233e-01
-1.340233046953525076e-01
-3.636450688037839996e-01
9.393862127440044674e-02
-5.759334320986795319e-01
3.032452986328140199e-01
-3.259521897405557311e-01
9.194816338749767226e-02
4.050145293242293221e-01
3.440844095426776050e-02
-3.918329280417118810e-01
-5.506471236112346901e-01
4.849382208529462446e-02
-3.955679960256919259e-01
4.427592099846000551e-01
5.491383552043505034e-01
1.385532048357998036e-01
3.554955960612957711e-01
-4.345978051390462227e-01
5.744812844661151274e-01
-5.849372550889562206e-01
-2.334857710263511521e-01
5.974755096135098142e-02
5.430662313469225566e-01
1.130712494964400960e-01
-4.180334602909709929e-01
6.036252220526039380e-01
-5.446214670436813066e-01
-1.333250813231661169e-01
5.080923089304043572e-01
-5.819889062368979182e-01
5.988162780473267333e-01
4.641135998722738520e-01
-1.035315150290649910e-02
2.634296086363026035e-01
-2.165049035998922733e-02
-3.518501226717090091e-01
-1.165474407832354231e-01
-4.142765827453569472e-01
3.637254224061026164e-01
4.025595043090035574e-02
2.311542360133334029e-02
3.305647504547293281e-01
1.384056941696165666e-02
2.672384975676713736e-01
3.048243714916942793e-02
-3.000009417701843262e-01
-9.181598639322707811e-02
-4.468795412886468199e-01
-1.121857606209113456e-01
2.298914489013323958e-01
5.400657739015946035e-01
6.131783669663839476e-01
-4.112890574458063497e-01
-2.330018355339920078e-01
1.221203356623954406e-01
2.960630343695234146e-01
-2.545746409681850508e-01
-2.016286410103607096e-02
-4.104401267885045002e-01
2.714948873584344113e-01
2.445144563819825478e-01
1.118695344570497241e-01
-5.685510479613835599e-01
7.367453452174288486e-02
6.425564388612432509e-01
1.133782401591236777e-01
4.438080982815488795e-01
-3.752024958279669420e-01
-6.617433526934899390e-01
-2.567794631657474014e-01
-4.421002116424430639e-01
4.636369069850410085e-01
4.708764462409842366e-01
5.695770542513560741e-01
5.115311673683464733e-01
-3.309722958785705771e-01
-1.991982749734404479e-01
-2.841140106750108529e-01
-7.129031211697078874e-02
-3.297169094338059381e-01
4.206917211864773520e-01
-3.692829061467213236e-01
-5.079953063743261055e-01
-6.409844832781494972e-01
1.881886319417329645e-01
5.046506749663635105e-01
-5.669616942021447059e-01
9.665621550085212732e-02
-1.209804787587822617e-01
1.971576083144537250e-01
3.356068139453043386e-01
4.927434353491548791e-01
-2.537826293088052410e-02
1.699046012393568006e-01
5.880662480207572429e-01
-7.107010609071018337e-02
1.633425255683818023e-01
-7.521649118295226089e-02
4.451599499959071338e-01
3.873404469762604663e-01
-2.096113033933733050e-01
-4.512041064508913735e-01
2.833189338841899385e-01
-3.448355596620613639e-01
5.927772442141145959e-01
-3.530429948547411101e-01
5.888898986939032909e-01
1.213572569493699405e-01
2.330067718945416644e-01
5.325442442763703710e-01
2.896025054513629016e-02
2.205839862418423891e-01
1.202120342534840347e-01
-2.992977862559120794e-01
2.162078712491144472e-01
3.632820169661412635e-01
-1.544487871181807748e-01
-2.465444620522294628e-02
7.729133351263239859e-02
-2.553094436948022405e-01
-1.458798923406146031e-01
9.260492505265727203e-02
-3.866454801713938849e-01
5.460438162376046733e-02
-6.212138466070200593e-01
1.249343034727843360e-01
3.535747759618175223e-01
4.651949643107418098e-01
2.277031067978452228e-01
-3.296865844770593412e-01
3.050240525610146136e-01
-4.978994027911545217e-01
5.417663756297388389e-01
-5.589278870584521997e-01
-4.801389265341509116e-01
-2.119496364910746777e-01
-3.800931882700968600e-01
-1.881209528357894456e-01
6.276524686551621102e-02
-4.843231776983838444e-01
3.092383308590287427e-01
-1.294605158905213216e-01
5.141119685341966061e-01
5.377624768287514456e-02
-7.023267267901456279e-02
2.953919941193996479e-01
6.385383784574205634e-02
-6.227109839343993869e-01
5.496801577145227213e-02
5.078673874062635818e-01
3.893350275420015549e-02
4.047051646040209505e-01
4.712965453600750365e-01
1.374246221624630948e-03
5.432434991860350948e-01
5.819809924572894033e-02
-2.058281419113692223e-01
-3.095676300735039632e-01
3.120870102356008147e-01
-1.334697879750539329e-01
1.103665381314531402e-01
5.026003491772446097e-01
-1.807908108983697915e-01
5.382122706797956013e-01
-5.709325527281920998e-01
-2.078140871651656951e-01
-2.230505924520809202e-01
5.705464268582183252e-01
-5.543922273301653547e-01
1.066196038152034120e-01
1.973896387393958562e-01
5.402417334656997028e-01
-1.942245330858742847e-01
-3.817123817464489477e-01
-1.517064851470610876e-01
3.039825215939622183e-01
4.723005543489442459e-01
7.883873591674017689e-02
4.896332890041552588e-01
-3.929126188851395085e-01
-4.675833561249094217e-01
-1.348995647190509573e-02
1.172349820637430540e-01
6.345481598837636739e-01
4.568494933494315902e-01
-3.916519263594802069e-01
-8.032825611396887666e-02
1.864871503159193367e-01
2.799896486538289153e-01
-7.578540842198400185e-02
-5.201851011024336557e-01
3.830764640662698284e-01
5.145065309403769049e-01
5.609893873094762284e-02
1.526895261302065876e-01
5.442206914060392364e-01
-1.983815973092992735e-01
1.357027807451238743e-02
3.357073580405955937e-01
4.172727808086449386e-01
-2.208771757247376399e-01
-3.603353021040653914e-01
-8.096890563385628070e-02
5.448613519517220283e-02
4.605698912139590817e-01
-3.415666560002641461e-01
-1.503321262007233372e-01
1.817069293814768116e-01
-2.547208526500597259e-01
-6.489011854827353432e-02
-3.092334538006733524e-01
6.309564550478921063e-01
-5.646013287717206452e-01
2.424721270244027949e-01
4.683761408205047161e-01
-3.096157616904022802e-01
5.129790917985115328e-01
-4.943594985175820966e-01
-5.257520264646622365e-01
3.671981392925358634e-01
1.817680761274642620e-01
2.447703642908560795e-01
5.268414769784151019e-01
-2.824378229966200138e-01
-1.758677083309105882e-01
4.547071868416203699e-01
3.581961480908493201e-01
8.353328937080561900e-02
-5.682069024890683551e-01
1.360085056051731911e-01
-1.023630243069462153e-02
3.812337227671349638e-01
-5.892984196467629943e-01
2.409455805265636741e-02
2.488325139317772994e-01
-4.354273517929909687e-01
1.255455339839333107e-01
-1.900819667273108138e-01
-1.780046146280014341e-01
-6.426419515865431364e-01
-6.484694455575512606e-01
1.677270136421125102e-01
3.206085210876707947e-02
3.198231380649199096e-01
-6.195123129560551334e-01
2.325438670387036666e-01
6.756154929605902026e-01
-5.627876074794588845e-01
-1.021022747705746525e-02
2.901702321573118581e-02
-6.523737225243761984e-01
3.361458737422857723e-01
-5.901632942059169551e-01
1.875338244394431086e-02
-4.304784723719032868e-01
-1.528628036302777105e-01
-4.448482827089863534e-01
2.501299181971639030e-02
-4.649623227287893457e-01
-2.621246999244064568e-02
-4.313097652007726879e-01
-7.130305806171755023e-02
-2.136960196541872747e-01
-3.938353981856286268e-01
3.373880575572094642e-01
-2.771343469398370729e-01
2.293379072352124126e-01
1.277636013798648662e-01
5.264727344501878292e-01
1.201330114663212711e-01
-4.804966339094596250e-01
3.164635029823550383e-01
-2.704805227685644908e-01
5.801345607882080202e-01
-6.088422096032086728e-01
1.632306339339608670e-01
-3.445373618733338361e-01
-1.322448818473471732e-01
1.593766679341079850e-03
-1.944162331307968117e-01
3.923641618473983073e-01
8.224743854560401246e-03
4.290936935745639502e-01
5.657952140412634279e-01
-2.305008786542028787e-02
3.496750539943338509e-01
5.813292076461538116e-01
2.570811550524627620e-01
-1.655178376068535684e-01
1.592421628523412735e-01
5.161795480353230658e-01
-2.572610120639104991e-01
4.731027778532217454e-01
-6.924873724723479285e-02
-6.862854904870374639e-02
-3.496008903047007621e-01
-2.309669735131967272e-01
-2.906049977158335906e-01
1.051641371326699215e-01
4.202141262228034080e-01
-2.710027927918385870e-01
-5.693735571102394033e-01
-5.775657101252278380e-01
4.125904264813629041e-01
1.400186561263456753e-01
1.904773014973848433e-02
-1.671008805914322437e-01
5.525993538638171998e-01
3.711402940398036421e-01
-3.085862848737992437e-01
5.283631486317883486e-01
-2.976019298384544598e-01
-1.571234281336639782e-01
1.689086609634475877e-01
-3.381416131250407631e-01
4.856418707152148073e-01
-9.049464594212075497e-02
-2.029387616781450632e-01
-3.355062996324642555e-01
4.589112285720018392e-01
-4.646681470414444348e-01
-1.707978839560650997e-01
4.162538454668123222e-01
3.823239203015056376e-01
3.833025047008655761e-01
-3.529873497446862629e-01
-2.863315485328143950e-03
5.671282069409855353e-02
-2.412007618486597949e-01
-5.970779836128317086e-01
-3.022758039318027556e-01
-1.176728576102687995e-01
1.503118525644522308e-01
-4.475150627081534438e-01
1.094424518343135588e-01
-5.308539648481716000e-01
1.739496350633622512e-01
2.733859982197301974e-01
6.570965180246783888e-01
5.655410016109607696e-01
5.061207824128990396e-01
-5.132458397592811750e-01
-5.087586887223958243e-01
-2.823669778358892657e-01
1.530224151349379724e-01
-4.075559145548712792e-02
2.486778037609260750e-01
4.995811424940974632e-01
6.527434539138576852e-01
-2.465863671175769767e-01
2.694647901651681110e-01
-8.053060600386530155e-02
4.770852333996362660e-01
-6.813161112230305960e-01
-5.871670652905791599e-02
5.593464857839594018e-01
-6.618496758058896035e-01
-2.812701173913856323e-01
4.396638984198641964e-01
5.749555926120830662e-01
-9.210158325255779488e-02
7.563649497500612995e-02
9.006560725028833758e-02
-6.196755023402031881e-01
-4.713245858581585068e-01
4.894884932701888403e-01
-1.045457909822875564e-01
1.120148566331469198e-02
-5.422380610093133768e-01
-1.795462532680351941e-01
9.545358014575366923e-02
3.682254958702193548e-01
-4.412215342247671757e-01
-2.398955368526616283e-01
4.528006478130564005e-01
1.643665150578330625e-01
-2.360806561232795531e-01
-3.705351800133680484e-01
1.032097306185502106e-01
5.438728833780395178e-01
-4.433197403474400389e-01
2.995505601704167020e-01
-2.623220147609455211e-01
2.183181297277938526e-01
4.469227070324528484e-01
-1.828785356852833388e-01
-5.510652505838207205e-01
-5.027175796388725360e-01
-1.188651147803581054e-01
-6.199371025641209343e-02
3.756208763218396030e-01
1.047271558028350924e-01
-6.581927189192819938e-01
4.113951006866525262e-01
-3.208403549684799572e-01
5.310232325325925373e-01
3.978677761657483103e-01
-3.121273226710510329e-01
-2.896077223973865244e-01
2.020933292488082955e-01
3.190212487531081109e-01
-7.758453512544694064e-02
5.151145500181888437e-01
-3.616767297568541650e-01
3.667652898350137747e-01
-6.467135590807160384e-01
4.995253150685563526e-02
-6.175071905461351207e-01
-1.416407967622124175e-02
-1.571475987998756096e-01
-1.539572538577438365e-01
3.028968175003408092e-01
-2.686515616001123874e-01
-1.119358886871770764e-01
-3.705360820208332129e-01
1.315935510607149084e-01
2.767490845334696914e-01
-1.368293174821015867e-01
1.246123505444316493e-01
1.433638655968350051e-01
5.628495646223203863e-01
-2.679207884483076896e-01
-2.077756635115894923e-01
-4.331660201004847721e-01
1.030702409194548252e-01
-6.122604264887501202e-01
-5.236318482256407947e-02
-1.265002767583620624e-01
3.552566968572818951e-01
1.189701940352527743e-01
1.558272257825468188e-01
-1.526995969590618785e-01
5.544158417904103686e-01
5.769606748106621552e-01
-2.397791509379114672e-01
3.801584748412984993e-01
-5.706048873454445669e-01
3.110729380481433992e-01
5.306879617618189826e-01
-2.871074734488221480e-02
-1.416869343889528565e-01
-2.730926860958557967e-01
5.129865858910527265e-01
-2.248572252749259093e-01
2.073341220159630183e-01
3.431891641291153761e-01
-1.223247961672440098e-01
-2.629740678658594177e-01
-5.120386188441701236e-01
-3.783628017617246542e-02
5.386698465523309665e-03
-5.369666880923809060e-01
3.112371469227426246e-01
-1.002116550334095635e-01
1.635436036902939705e-01
2.015222455880385510e-01
-8.233504899966259671e-02
-2.295472818236508061e-01
5.659792537840724336e-01
3.923722384628947069e-01
-4.589998907178394205e-02
7.873430000994119382e-02
1.285143884818484850e-01
-3.743290626288438006e-01
-2.498794255232290595e-01
-4.965240105827781747e-01
-5.938414043124495834e-02
2.324541413669756196e-01
-4.361637279971262160e-01
2.882657651263951237e-01
1.609166931709626880e-01
1.670725288728149849e-01
1.197045619023011653e-01
-1.827118577422996992e-01
3.543071622924998110e-03
-3.555928269205246295e-01
-2.066976128544748548e-01
8.548213242295066294e-02
5.660620211446509842e-01
2.427648511759201710e-01
4.123795033210875260e-01
-7.461338507111925367e-02
-1.538639318181740379e-01
-4.910495781159527340e-01
3.506370510943757068e-01
8.967429194682452476e-02
1.976203135479437378e-01
-1.186172155570588416e-01
3.690040117451065527e-01
-5.007028005113154379e-01
9.178033334991919645e-02
2.295521067358663458e-02
3.316355585738595124e-02
-6.009318894427719826e-01
7.779021813900310889e-02
-2.206764120291735409e-01
-6.206944569849941473e-01
7.294683216333019971e-02
-5.330125461162662504e-01
1.101072416156076983e-01
-6.425754125777149994e-02
2.833138835552206913e-01
-5.361055622577062252e-01
-2.514065469710100587e-01
4.731138692811658331e-01
-2.638289121318857511e-01
1.708779071822599249e-01
1.762975222224802963e-01
-6.109258152538892261e-01
3.239393199586242389e-01
5.778822600023580947e-02
-6.180438821416132100e-01
-3.144921315721553867e-01
-5.092984133514875111e-01
1.176298409043443627e-01
1.547298717008862567e-01
-2.596081094959270530e-01
-4.846236774794858704e-01
-1.525675142114701899e-01
2.617197790771443877e-01
1.623636594065445138e-01
-2.728903428912392570e-01
-3.897263710479297316e-01
-3.468574233931924766e-01
-4.057081059500147191e-01
1.889169621798636456e-01
-6.771316401812477181e-02
6.281354486885470934e-01
-4.935305314420546097e-03
4.703015724493617711e-01
4.054438403747635533e-01
4.265456662316955416e-01
3.252621084428755083e-01
-1.615331521665064329e-01
-5.128002246489016258e-01
5.632159640677514290e-02
3.177462553030583337e-01
-3.920618520449323796e-01
-3.875781398487498919e-01
4.046091266608016213e-01
-2.299513897506653137e-01
-6.293565123999229627e-01
4.371447374261085983e-01
-5.645815985703519502e-01
-6.721954646089400853e-01
-1.625962231876219022e-01
-1.437296939948664587e-01
-2.975862276684599905e-01
2.889014664184541559e-01
-3.005045588285932823e-01
8.864210937247030131e-02
-4.916400002638079414e-01
5.846213350854467805e-01
-2.269785440558091949e-02
1.426546151957674979e-01
2.623262149367713292e-01
-5.605799352699278870e-01
3.357790748447868623e-01
1.215643651977700301e-01
-3.997127292637436824e-02
6.384338134495486372e-01
-1.918259468080654173e-01
-2.571206925486135830e-01
6.068768422370371951e-01
7.641095373362283283e-02
7.475574361350822983e-04
6.190828876175036299e-02
-1.338356933973487983e-01
2.108906806186876537e-01
-6.874677288855135515e-02
8.502773801051688451e-03
-6.042594039850603949e-01
5.452505267931506694e-02
1.458390611001849635e-01
3.334318860947362850e-01
6.200601607076592359e-01
6.695151288425202907e-01
-6.413675483694394330e-01
4.122137568092130167e-01
-5.591713211219140334e-02
-4.936908412765319554e-01
3.742740567718882971e-01
3.777795329267865654e-01
2.306025902912978154e-01
-2.412398200824839023e-02
3.863725967943612005e-01
-1.273195858936553293e-01
-4.566365140201780193e-01
2.414564449727807371e-01
2.668068204753968331e-01
6.074135959113089456e-01
2.258310954253985869e-01
1.128477029329424397e-01
-3.446075256419245392e-02
5.964578404950824364e-01
1.438455535199825164e-01
-3.642395972201359911e-01
-5.396934331151168607e-01
4.643341296323875156e-01
-5.696811842982487661e-01
2.480434340186619124e-01
-1.827677211175897654e-01
8.430432744992089056e-02
-1.680257354122378644e-01
-5.218225735780288588e-01
-1.307340590561016924e-01
4.370111865220716041e-01
-8.323598844124902030e-02
-3.094514775965553355e-01
-4.803665478198970717e-01
-4.473100211765332901e-01
1.180952075360490738e-01
6.668534713273244208e-01
3.066632888964813120e-01
3.581074771401997481e-01
3.243937794595197488e-01
-1.645073361647870769e-01
-6.070212315069989373e-01
-3.026128988132645858e-01
-4.987645943978638030e-01
-3.757956170110823280e-01
-1.856862218142572019e-01
6.392793622976657986e-01
-5.689987284219091279e-01
2.078265047765901485e-01
4.798022851794447874e-01
2.747917491642590804e-01
-4.168290400870091617e-01
-9.842481090805410560e-02
7.380549188366725133e-02
6.812804322653303046e-01
2.405210611577999202e-01
-5.870254782252803949e-02
-8.870067833508699096e-02
3.451253676031118545e-01
-3.501845372523177957e-01
-5.278910297844170429e-01
5.308184268889650781e-01
5.171022308617878593e-03
-9.462976772100883949e-02
4.007010323159736487e-01
4.809058619904149623e-02
-3.266641963331755605e-01
5.874348827620501368e-01
-8.422046512518743810e-02
-1.044869085429143141e-01
-4.231677516817100582e-02
-1.062546614333115258e-02
-3.401114559864231168e-01
-4.547412110051087808e-01
4.432005724336116614e-01
-5.197718665412569550e-01
-2.434929170389281694e-01
2.122794723490049051e-01
-2.465191642413797624e-01
-2.121583544349299189e-01
-4.885647500439720403e-01
3.653137246426485518e-02
-3.667839897171951691e-01
8.135595787886007457e-02
2.764921069071260007e-01
-3.000063350769996973e-01
5.898688126303150980e-01
-3.735879700100657175e-01
3.882710686635579833e-01
2.728448936071883324e-01
1.525762177624230276e-01
2.394419733527399785e-01
-2.978745972138945319e-01
-2.477150746201841613e-01
4.458429784962465448e-01
6.779078229869561767e-02
-3.667137817173982128e-01
-1.824265672007170380e-01
-2.746222456503781828e-01
3.709175685965515612e-02
5.448407090501827810e-01
1.011604499657376977e-01
-1.419184521790111120e-01
-3.021088239792231178e-01
-3.301839483906618966e-01
4.724855247365038480e-01
3.840934045169426270e-01
-3.880850931654062919e-01
1.627403800753155494e-01
3.117515546972811080e-01
-5.782935791097765232e-01
-3.844694673526989348e-01
-8.135268021752661838e-02
2.154628625594456892e-01
2.228099725134065068e-01
1.687999035184075680e-01
4.414245978740947152e-01
-1.256200604342394556e-01
-4.137722760078430539e-01
-6.095889200599726720e-01
-3.114257766559020979e-01
5.371236729334185611e-01
-4.419739132828581774e-02
4.307150502586516438e-01
-1.827707573971002475e-01
-3.282630225947897884e-01
-1.496839065809387748e-01
3.151534654122549739e-01
5.901914170656858971e-01
2.882094316635832598e-01
-3.215636321833672540e-01
-2.550556568125896817e-01
5.123433346012618017e-04
1.211472019647246157e-01
-6.076153801924402131e-01
-3.122671325391479513e-02
-9.304722619528771332e-02
-5.407467638873439952e-01
2.462415832293629592e-02
-4.968200337860855242e-01
-1.729938427614365892e-01
5.844577128848698067e-01
3.716620414819225005e-01
7.107329322399991156e-04
-5.703115936968474742e-01
-1.619874155616063405e-02
1.778820527949029895e-01
-4.804177468481825031e-01
-6.916494474538836812e-02
-2.780531183211474300e-01
-4.804403516912731931e-01
-3.207856281850949287e-01
-5.840397231633183139e-01
-3.092069440644955591e-01
-6.195214145252245785e-01
-8.820637370755335382e-02
5.545673950048790601e-02
9.453287966984014190e-02
-6.829083115597471831e-01
3.123626627860156546e-01
-3.711370185653173337e-02
1.003928553454702666e-01
5.262237354711967185e-01
1.583505828817379779e-01
-5.832628247401441257e-01
2.102478036222397151e-01
2.142297578156817650e-01
-1.666188416655867144e-02
6.059655722141137346e-01
-5.936337203496035997e-01
5.328412454866082726e-02
-2.583380938851869146e-01
4.205253189877398157e-01
-2.228532001511602800e-01
-6.585219002656179654e-01
-4.560584489807286701e-01
5.000829291685704447e-01
4.313994347089789017e-01
-6.234331021871311052e-01
-1.926623744297337737e-01
-4.414844143735932036e-01
3.445870423547940931e-01
-4.354914132254092962e-01
1.576387588357750502e-01
1.863987717177124637e-01
2.332127763371616425e-02
2.324181598908339197e-01
-2.775090815437257774e-01
1.386871362473325320e-01
2.163643302631559351e-01
7.002733764129409622e-02
7.906103072556991407e-02
3.951751743734268629e-01
3.468805217154491416e-01
-1.045215038742508540e-02
-4.447709952334877315e-01
3.397762349766155765e-01
-4.853390665180192798e-01
7.770563928166573930e-02
-1.941926238137803296e-01
5.361190980589771726e-01
4.072488343940978694e-01
-5.630725654422752413e-01
3.467921170752354953e-01
1.358849698733166633e-02
6.593200282997404571e-01
-2.740621424400231376e-01
2.055765658092099102e-01
-2.760434352197336239e-01
2.858817556521655590e-01
-8.307923453767429578e-02
8.524328191155561285e-03
9.602187965769815037e-02
3.259325905500869425e-01
-3.517633718519022068e-01
1.550775332666631812e-02
-1.336410672196857163e-01
-3.040665707720604516e-01
-2.327328967366799617e-01
5.035176498499112085e-01
2.061020252809626641e-01
-1.014188166764293797e-01
1.751585904252683790e-01
-1.523163400956892843e-01
-7.695335399117375630e-02
3.021661214788320393e-01
-3.430440753005576937e-01
-6.162343058021200193e-01
-3.264526230989357458e-01
-2.064112345789448355e-01
-3.546949512311226016e-02
-4.115004408196396568e-01
-4.598783836461075580e-01
2.896604005648972802e-01
2.283350596561444235e-01
-5.226197588882079970e-01
-8.946920278939174409e-03
3.434952269312505635e-01
6.047443688109073179e-01
2.692450250010178792e-01
4.540250018371310148e-01
-1.285223723709441046e-01
-1.775787618904249854e-01
3.786339880770928090e-01
-1.549210333577546450e-01
-1.698038120507021631e-01
-1.857691980974935930e-01
-9.396008708061565073e-03
-3.833248939827544888e-01
-5.185361240248846926e-01
5.159986803029763536e-01
-5.674622879953963306e-01
-1.982659795728807239e-01
3.934233795080119833e-01
5.405537220985978664e-01
-1.566542083702699983e-01
2.075871071432180415e-01
-9.901437815351776806e-02
-1.679955272904658514e-01
-4.938578744260011533e-01
-3.020543340219754569e-01
-5.597482811019895976e-01
1.327480393864899355e-01
-3.291331740300034170e-01
5.055746192665466765e-02
5.161477384712274130e-01
-1.228573895439923902e-01
1.614451647020231917e-02
-2.767597569220461295e-01
1.574187178912556107e-01
2.652898592460672944e-02
-1.555137158336989955e-01
6.646421900036978414e-01
-4.039491548786422470e-02
5.015491427456177931e-01
-4.294486657146743269e-01
-6.052223608897921991e-02
-1.839588552371287378e-01
3.933246804996839430e-01
3.574116336972856800e-01
1.727469943759460946e-01
-4.317262520950491123e-01
1.332295625860355770e-01
-2.993389323240531752e-01
1.162834855918752908e-01
-1.682223372620486046e-01
-3.499020490800273109e-01
-9.562166860645326949e-02
-3.910545158723301995e-01
2.650523589432642879e-01
6.227888024201249095e-01
5.089879807268058443e-01
-1.988585089154524255e-01
3.805417750183970327e-02
3.021661064098610794e-01
2.205227974640155963e-01
-5.043663796184914005e-01
-1.723891705926092754e-01
-1.729954502071286981e-01
1.497215261583617618e-01
3.400736332689024977e-01
-5.002766921957224611e-03
6.411121356335058863e-02
-6.123518161112944114e-01
-5.483054251799117651e-01
-3.962070847505163584e-01
4.745262139748174235e-01
4.425210709736457915e-01
6.029723898255543446e-01
5.619664557051429199e-02
-3.732431676066019222e-01
-6.213437521257336726e-02
-5.453476419276261922e-01
-3.933855710048952403e-01
5.268543065338358034e-01
5.376178721586732934e-02
-3.724123572538928784e-03
-1.878992868139750527e-01
3.877203951405663318e-01
-8.281958900702957038e-02
6.545643225568280599e-01
-2.331052116875103053e-01
4.514052504790750930e-01
-3.744623266701845310e-01
4.267729782970342001e-02
4.748305969606922972e-01
-5.418920115222753964e-01
3.208018896794158081e-01
-3.236875902750115941e-01
5.213025356312472880e-01
-2.060020746705903960e-01
1.998410190983506141e-01
1.129929221472636414e-01
4.507440455984745853e-02
-1.799928845573184333e-02
1.498628794626011285e-02
-2.225373370816541296e-01
2.445342757569690662e-01
3.915993631178675827e-01
4.670366256763713864e-02
-5.320364326993471948e-01
-2.629335406998816183e-01
-1.244302606341465278e-01
-1.112993161787070306e-01
-5.354305093682185657e-01
-2.785008734679603748e-01
2.006951170228807868e-01
3.298531762461385242e-01
3.671310863198122831e-01
6.229507645966805285e-01
8.517256898364156115e-02
1.283243526197983542e-01
1.010925584656376941e-01
-3.750472744450750184e-01
-3.530629067675175037e-01
-3.626412265004832491e-01
-6.110136499723832770e-01
1.663365215566656730e-01
-1.925950592829686059e-01
-6.021178320986644295e-01
3.725570349367117728e-01
-6.235546898208630395e-01
-3.274406542570060807e-01
-2.738421199815412876e-01
3.626828555153025491e-01
-4.369831769430314594e-01
-4.931853438314695026e-01
-1.578836453404655060e-01
3.070446374499615771e-01
-4.575458188251877445e-01
-8.658941100703199112e-02
1.633503866890446687e-01
2.207349429907310423e-01
2.623547770882481700e-01
4.048280593546005335e-01
2.246677060320925179e-01
-4.002285952189463814e-01
-4.728626677216638541e-01
5.593068337700248804e-01
3.072880261401937929e-01
-4.040091686948414917e-01
3.091628149665659464e-02
8.902969802745097638e-02
-2.744532673952457813e-01
-4.233748134967365573e-01
-1.046799729692322600e-01
3.729663282906283683e-01
-6.311289994299329464e-02
-2.902247864970242119e-02
4.661643020458097197e-01
5.757832565785214740e-02
9.741332186296691731e-02
-4.274094465012501232e-01
-2.123392756650934743e-01
-4.496863570168709856e-01
3.253937235112500659e-01
-8.133205655685138424e-02
-5.749134889023306272e-01
-2.099278410371496761e-02
4.630219102654056229e-01
-3.599226041972425350e-02
5.336479036843382318e-01
-3.272214031376918797e-02
-2.922894582976045541e-01
5.943454134341301653e-01
5.432661409514381035e-01
-9.295970459172764322e-02
-2.471406423336199865e-01
3.543858061745286392e-01
-6.669760541558655831e-02
1.583352423971255973e-01
-3.952735089687218206e-01
-1.373011498503995398e-01
-3.105534910753107170e-01
2.294203395896037279e-01
-1.613460330450475766e-01
-3.369910517564829178e-01
3.864208793661516594e-01
-4.043357498509951853e-01
3.348034516358611157e-01
-7.893161080558908083e-02
-1.894759946572142084e-01
3.860526649504869567e-01
1.435992414842255371e-01
-7.304432398505245061e-02
3.001710287592445070e-01
3.765452318974951140e-01
-6.356833404223731776e-01
-5.190346137900796464e-01
2.960917204245516743e-01
-1.652371508841596892e-01
-4.119023885302244281e-01
2.983911529659000195e-01
3.231892989521476522e-01
2.379216455665078556e-01
4.463532342741345360e-01
-1.142452628659222924e-01
-1.692919903345231347e-01
-6.454757305127953870e-01
2.382706969278549636e-01
3.515314841137540114e-01
5.040033245253745520e-01
7.799945175199241021e-02
2.954305639072778433e-01
-2.355719627320995713e-01
-7.340629082492888813e-02
6.766250272132312560e-01
5.043818331662563992e-01
5.594930195611933499e-01
-2.463105682403607943e-01
-2.539786128765797457e-02
-1.448055332771467363e-01
-5.348343283607954746e-01
5.575794228910080363e-02
1.388503508440432910e-01
-2.608512542476395524e-01
-6.066976560686061504e-01
2.209034453144065324e-01
4.148098668917912235e-01
3.578791656865920601e-02
-5.378804281176083890e-01
3.551548352136197906e-01
-3.111960292011977103e-01
4.801422658817759981e-01
-5.718508755518962872e-01
-2.234910041015902848e-01
-4.806890472679299364e-01
-5.185101343548428332e-01
-2.765170088344408583e-01
5.719060820913490772e-02
-3.228180568035412534e-01
6.009030441860492289e-01
1.379442124485716903e-01
3.848760347461634979e-01
1.886797913030768825e-02
-3.821803063977737835e-01
1.382535213072557667e-01
5.037931322586164384e-01
3.694283457641951429e-01
-1.381683894075136365e-01
-3.921873567372244906e-01
3.938029735619439364e-01
2.403609141095408575e-02
4.059700169700697359e-03
-2.019500967472698250e-02
4.699621484769389568e-01
-4.660167760996021258e-01
-4.449018443545229573e-01
-2.521130654676539962e-02
2.832808785743132773e-01
-2.493852213418454866e-01
-1.002932711985060621e-02
-4.816008328227887603e-01
1.529786319009209805e-01
3.468184680493830996e-01
4.022587471483110022e-01
-9.345748036151402260e-02
3.769067922044957442e-01
-3.458589633722422008e-01
-2.294996555226296309e-01
3.863319567009337874e-02
-2.118484584358357736e-01
2.981159157451962471e-02
1.041216447611690299e-01
-4.246370300702837497e-01
1.178709616200555033e-01
3.381465036543032099e-01
1.584476481739018894e-01
-5.943928772006383809e-01
-3.796483751388723960e-02
-3.890922128034457472e-01
-5.006920171148241394e-01
4.130941049948528843e-01
1.115783743593148358e-01
4.104166333936554167e-01
-3.611508658410400585e-01
-6.286725443665739377e-01
-5.069865034147085225e-01
1.994025589696271084e-01
-4.148525836136407463e-02
2.639703458243864986e-01
-5.412602096341974089e-01
1.486672634367245394e-01
-4.606242670684910223e-01
-7.783571677201539529e-02
7.108213066858848350e-02
-4.476298259640509869e-01
-4.687012398444929673e-01
-9.494636116144938853e-02
1.570886853506063829e-01
-2.097530817364754441e-01
-1.312289590856341448e-01
-5.714107959769325618e-01
3.806043220574792940e-01
-4.142460377635881486e-02
-2.410358494531488205e-01
2.140404746570370165e-01
1.519057953991795884e-01
-1.811189597763256387e-01
2.106125794140458751e-01
4.227180353131547719e-01
3.816310952307242488e-01
4.970604210069229367e-01
3.927342809146026070e-01
-6.491904971059527796e-01
-4.901934823150178033e-01
5.944734689434714170e-01
-4.092664302592030623e-01
-4.532372707106189225e-01
1.425971318088556927e-01
6.137618264571358395e-01
-6.409120118970523805e-02
-4.688926552457504116e-01
6.504724755288684435e-01
-2.762525624960687765e-02
-5.363718156216723543e-02
4.610058121265234732e-01
5.850363080549589867e-01
2.840357552131891339e-01
6.705067903750308034e-01
5.089353881225679999e-01
2.842376698578439331e-01
1.677936283700240949e-01
-3.658670357395070738e-01
4.009494552355050700e-01
5.519621801915093329e-01
-2.841884965350507386e-01
-6.442905627189254858e-02
-3.054649304512775387e-01
2.118255068665018115e-01
-3.660196976215255305e-01
9.596942331180446928e-02
2.626117859773033913e-01
4.930640373338679439e-02
-2.734327072891034049e-01
3.673135716256101801e-01
7.408904698444196413e-02
3.788344965591523561e-01
3.446047474197246885e-01
-2.263819221243457136e-01
-5.148236220354664994e-01
1.638848596210182862e-01
2.855093830625134999e-01
-1.574548641223820766e-01
-6.574267980832040337e-01
3.750782431915125059e-01
5.229612430545635959e-01
-6.004260911775904930e-02
-1.254912365817517639e-01
2.554363787065714320e-01
-3.814732129033391317e-01
1.162054165933357197e-01
6.722997160768739988e-01
1.540493633079211833e-01
2.027302225782525724e-01
1.937426036566050058e-01
-3.716809644232270671e-01
3.920889473743560671e-02
1.995936166434821857e-01
6.403094743988368975e-02
-4.905205072758711538e-01
1.904541515674340602e-01
6.291906787603496198e-01
-6.596780011091425422e-01
-6.671133033862108874e-02
2.169852468610020679e-01
-1.545174582090158566e-02
-3.238394809668623253e-01
-1.590322763881362178e-01
1.862481251255774239e-01
-1.915748699880897021e-01
-2.272547304620413655e-01
3.275970532038634531e-01
3.718152447632849800e-02
1.342901612550653212e-01
4.240554055829646174e-01
2.937865702307353999e-01
2.385788451051942261e-01
-1.740760487739265727e-01
2.937636996218708774e-01
-1.152795411326490438e-02
-1.054132803423257769e-03
-2.090689423937028835e-01
-3.114518039768112700e-01
-2.355333445972433992e-01
4.410543532964439351e-03
-4.985772497661002944e-01
6.314022537719647943e-01
1.801659070676988605e-01
6.669920474044435110e-01
-3.985717332323286399e-01
-3.525928295568245829e-01
-5.051545371145040875e-01
-2.961398952616152158e-01
-6.277299695181639549e-01
2.990083525341074022e-01
-5.757849589682386693e-01
3.145442789636412328e-01
1.521259360296323138e-01
2.677808874153262408e-01
1.734314942350669853e-01
2.081281218701658275e-01
-5.237406954439833839e-01
5.765789601848343437e-01
6.134188008533598691e-01
-3.884977837465095618e-01
5.761393243200885195e-02
8.154665895020229982e-03
3.213320138464599296e-01
-1.207320124396611405e-01
8.908100788366368761e-02
-6.236669255786733146e-01
-4.563050340340542022e-01
5.309852592811186156e-01
5.586510122670684808e-01
2.049007000760543207e-01
1.567652079838000034e-01
-7.381036572629717796e-02
2.068151044940877981e-01
-1.368618996561323797e-01
-4.472741457875315518e-01
4.779422033509383994e-02
4.989552234422767185e-01
-6.137199262393977506e-01
1.144406859317337322e-01
6.325992777782794008e-01
1.304005250366930824e-01
-5.728174184745995490e-01
-2.131145510843843738e-01
2.908336905916524273e-01
8.302478402722268669e-02
-5.756927767301975862e-01
-4.616312611203525762e-01
-4.444479202719344713e-01
-2.486499558943648935e-01
3.168166538810055499e-01
-1.192463697955759017e-02
3.407541558000701798e-01
2.400339477892838858e-01
-6.002774299379307621e-01
2.558476381685341750e-01
2.352158869721954204e-03
3.486623774061818892e-01
-5.414366499518532549e-01
2.100383054782470893e-01
-5.984922332625242092e-01
-3.081107141031669272e-01
-4.210084842465979804e-01
2.043048426490843283e-01
-5.028835529755326661e-02
4.379183969626883055e-01
3.459905833186560642e-01
1.206864676890715415e-01
-2.579125289373607188e-01
-4.817724583490887724e-01
-2.198463645818353740e-01
1.706268206199048620e-01
-3.348431497740893548e-01
5.867313367134165958e-01
-4.438510201749421569e-01
-2.173508513046922275e-01
-1.308415126361266445e-01
5.956896212498090648e-01
4.111307163843491708e-02
2.541036979675599383e-01
-3.715352641097169339e-01
-2.072145988358728985e-01
-3.281831821087539680e-01
4.013358111023634933e-02
6.112458210574196471e-01
3.504715429233602464e-01
-4.277861692100515256e-02
5.955529243051476129e-01
3.940242315670774431e-01
-2.701583256589499271e-01
-1.780938110490124515e-01
-1.828688978581123337e-01
2.065671194256246679e-02
4.249072095787127523e-01
3.054310753740976381e-01
-6.576169694602658211e-01
-1.508187434163010820e-01
6.729555854537352388e-01
-2.845792066998473757e-01
-4.465292178837643178e-02
4.585610692086339313e-01
3.734394374731291322e-01
3.489162043306803795e-01
9.767635065253710280e-02
-5.995904220694292519e-02
8.118614862478601424e-02
-3.610044088022599240e-01
-2.527329799795721144e-01
-1.273306925328654415e-02
1.549778107610677580e-01
1.545879632317355146e-01
-2.230128809544931201e-01
3.893918973013050788e-01
-4.376221230255969985e-01
2.974914095777014822e-01
2.711151157712983206e-01
3.013317828567805279e-01
-5.870315039989169037e-01
-1.258335196046465043e-01
2.061802062529549673e-01
2.507565322185101309e-01
2.307697527144414451e-01
1.047754471523587583e-01
-1.926370983857070840e-01
-4.992886428213871852e-02
-5.295732067765097639e-01
3.426282320628040168e-01
4.978278306355354843e-01
-6.508330057550733017e-01
3.067593744603422934e-01
-2.623355719873297076e-01
-2.322995701266883373e-01
-1.535547351268071736e-01
3.035185501562143173e-01
-2.674626585726702643e-02
