-4.379966874848840064e+00
-1.578775187297033256e+00
-1.225438619004658847e+01
-2.800862048726078157e+01
4.596072530429019309e+00
2.081317927597356743e+01
4.339499026255299441e+01
4.325785994028876758e+00
-2.058753770964388963e+01
-1.944678286901963560e+01
-1.278806089793317113e+01
7.256260861409614904e+00
1.209102748079728684e+01
1.867811089301176253e+01
1.017580662817053394e+00
1.139907170703104811e+01
7.485356422671493704e+00
-1.571058600168469610e+01
2.480981500416156393e+00
6.429431091735935411e+00
-7.168927927379122877e+00
-4.516419898915447106e+01
3.293935368310678768e+01
-2.059476666887346141e+01
-6.504913094049747713e+00
-2.880511696696011370e+00
-3.894404752444145856e+00
1.016419641239806992e+00
-3.940753589886804065e+01
-1.677989053729922375e+01
-2.692106892576703103e+00
-2.252809162577835878e+01
-1.506610315777771802e+01
8.674547804685175834e+00
2.309380180572675556e+01
-2.199691844743864166e+01
-2.868800567805870827e+01
1.574692957991649678e+01
-3.979087672820995181e+00
-2.058313629857771332e+00
1.103896745247266864e+01
-2.067590048258229984e+01
-1.454830833889508312e+01
-1.828008878799778358e+01
-7.548201096415610323e+00
2.940809571721078441e+01
-1.672609678530617572e+01
-2.535028484132078574e+01
-4.414040229494318623e+00
-1.927348015988665964e+01
-1.515208902493000664e+00
-3.211290760599879945e+00
-2.135153772569964303e+01
-1.615495194747599328e+01
2.083319035768997196e+01
1.430419281873842863e+01
-1.260504321895788848e+01
7.911019397599382330e+00
3.650537493469045103e+00
-9.234796610019088803e+00
6.964478344845659308e+00
-1.547352246499498563e+01
-4.761182943475439799e+00
9.490460022547622998e+00
-4.533994089213216228e+00
-1.252876932647730968e+01
4.878431652427671850e+00
-1.328291385166494365e+00
1.762925767518383680e+01
-2.340017742391529154e+01
-2.179693113645387470e+01
1.006144165066920237e+01
-8.246259734090628513e-01
-1.306957584806565364e+01
3.815340134902825753e+00
-9.088742205032360744e+00
1.328548455457318767e+01
3.299586680430839181e+01
3.096937077234720448e+00
-3.546170511684940152e+01
-1.984074052059197513e+01
1.239818932707099464e+01
-2.171232728505865239e+01
-2.128747031980289250e+01
-9.409183476838144600e+00
3.200613836693008807e+01
-4.253576598329779301e+00
-2.780910553704707411e+00
1.918466957117979632e+01
-2.437361941401005083e+01
2.269779781536117014e+01
-1.864153819673764900e+01
-9.678322680329046079e+00
8.124452421095881505e+00
5.467935707622743280e+00
6.797355234578148497e-01
9.463212910278059553e+00
-1.516961882394106453e+01
6.822825302406329229e+00
-1.061359998008128969e+01
2.482097259963211400e+01
-2.243739929428096858e+01
2.951135709617619796e+01
-1.183927215315400616e+01
2.034750894696750834e+01
-6.245920603116047687e+00
-6.471807771237237716e+00
-2.421514539808643462e+01
-6.093280798012791877e+00
3.302766035865974459e+01
-2.170014770155064099e+01
-1.976943705963499909e+01
2.226682232164698405e+01
2.695071966508828609e+01
1.611997400593484997e+01
3.831211385980871853e+01
-1.768655637053662133e+00
1.517137689209032203e+01
-1.984393117142797536e+01
-9.831515950803826343e+00
-8.465806097888759041e+00
7.209594048705909586e-01
7.801899452501636745e+00
-8.209109751359875418e+00
-8.158504871630249511e+00
2.404902352230649853e+00
-3.109313548998128240e+01
2.403572718528033647e+01
3.135710809402331734e+01
2.631677923851192702e+00
1.054337133809192295e+01
-1.755266824802225045e+01
-1.128617013587849982e+01
-3.213686186682302548e+01
1.194109144311052972e+01
-2.212728268846869639e+01
-1.499713292317103708e+00
-2.513942443444031127e+01
2.379031284752369402e+01
-8.445489046386057908e+00
-2.416219208742795388e+00
-1.031166400356409696e+01
-1.432370252852668102e+01
5.531394963383242214e+00
-1.430910283468478639e+01
-4.737104241924882331e+00
-3.390476333015612909e+00
-1.168819805132773126e+01
-7.862269341653373544e+00
-3.257066556885781949e+01
2.109906285388021274e+01
3.166615646833595576e+01
2.987749823040094554e+01
1.140229234594393404e+01
-9.015057009415762934e+00
-1.929743155395015108e+01
-9.687198938080086918e+00
2.132966015234320878e+01
-1.385944098295915694e+01
-3.463187891064647772e+01
-1.155491689488009399e+00
-1.818431494555024486e+01
-1.017480676554518482e+01
-3.450898263832461055e+01
-2.269698632249199122e+01
1.237488845377989577e+01
2.283298037065017638e+01
-1.876699657962195289e+01
1.273311235184117152e+01
-8.269492798989766413e+00
-1.819508285399135161e+01
2.610472805615377467e+01
4.411126063742379699e+00
-1.202243739693840752e+01
-3.452637904665286328e+01
-9.816082351453637500e+00
9.832629022146477382e+00
-2.279145767900573816e+01
-6.643874028669785048e+00
-3.067927145063643479e+01
1.132658196336101497e+01
3.635518918148147804e+01
-1.425014084454762298e+01
9.225961052301201448e+00
-1.353368270697040288e+01
-1.091242945280167476e+01
-4.834808849498557493e-01
1.489792745685387843e+01
2.274039848968865840e+01
-1.954201989721986621e+01
-1.656732609350374474e+01
1.202956143653437238e+01
1.210428408750780704e+01
1.726346147071922132e-02
-2.591059524165049055e+01
-1.604756053798451632e+01
-3.321925951406843325e+01
6.484347410605032280e+00
-1.508603522696745358e+01
4.517562133421606063e+00
2.866868490733605768e+01
-1.517230078981423702e+01
2.035110370581207917e+01
-2.301078165247596274e+01
-1.443676319144707776e+01
3.114503136384840332e+01
3.680742549934336694e+01
-8.758080837235397098e+00
2.935491257205029569e-01
-3.083878715626795497e+00
1.816668461422055714e+01
-3.191042520304030461e+00
1.725218560001187029e+01
-2.700911991584393945e+01
-1.131123726574936228e+01
-2.454254978843688662e+01
4.824790756736916819e+00
2.727192235711972046e+01
9.371999645325814754e+00
-2.123249118302080873e+01
2.836636945537713927e+01
2.032505526457146061e+01
1.788717176985497304e+01
1.840756786231199271e+01
1.617565103946347449e+00
3.121220211483233697e+01
-4.180247444798897050e+01
-6.423090330417849714e+00
8.050075666733960134e+00
-2.393265359230232292e+01
-2.791436743065648329e+01
-6.478190108763854482e+00
-3.722053963864919979e+01
3.155392189667182379e+00
-8.794147891453299337e+00
-1.284101530953034143e+01
-3.778694688320314299e+01
9.444176976576848404e+00
1.841042820486043752e+01
3.576820578950257357e+01
2.144593852868169392e+00
-3.332986213033983347e+01
-2.147582948586099860e+01
9.688716431952947516e+00
-2.976831682245937216e+01
1.875960860248648032e+01
7.501888803705099917e+00
-3.218171143189707095e+00
-1.012496660180767094e+01
-4.454083547883094241e+00
-2.925485669713972925e+01
1.168294315038180997e+01
2.173565745687859874e+01
1.477031611319731041e+00
-1.340551683123110394e+01
-1.975336921507357246e+01
-2.944511566429092753e+01
-7.912175310991308663e+00
-9.493882541279155873e+00
-2.528706124138164313e+01
-4.850581454163190642e+00
1.179480866050887045e+01
2.967882593998947982e+01
5.250604171474094528e+00
1.486760594421213000e+01
2.930537162560909792e+00
-5.573198982824933978e-01
-7.134903903533455605e+00
5.028541601251212967e+00
5.587099997060619216e+00
-1.564665362348493005e+01
-1.220942061748061747e+01
4.297857354330680835e+00
4.284589355442605552e+00
-3.435054976947063921e+01
-4.854765341048086214e+00
1.231778997959708022e+01
8.482258765514707477e+00
1.988348286300812617e+01
1.755933651165670994e+01
2.028533921626498682e+01
2.191713903680349063e+01
-2.523890293020416564e+01
-4.815001511104043175e+00
-2.272801655335546656e+01
2.921357363931227269e+01
1.534490851797775690e+01
-4.086433799537709888e+01
-2.959915029415691023e+01
-2.436905046808643860e+01
4.365695011240724455e+00
-2.388753485919147224e+01
8.721219015734774871e+00
-6.029940228341800434e+00
-1.231365165426353769e+00
5.238017725247324563e+00
1.040129889060826684e+01
2.070648308487086808e+01
-2.274475114164157219e+01
-2.189682176805886016e+01
3.062148408874556083e+01
-2.653998336663075364e+01
-1.854292039230384503e+01
-2.520164728584652991e+01
2.399276263096746220e+01
3.616271731149743118e+01
-1.871740458983401822e+01
3.797239581792464946e+01
-6.715995414360840243e+00
-4.827381413255707798e+00
-7.176286093151126977e+00
2.115799278522058557e+01
2.035414971566913778e+01
3.156336791163880662e+00
-3.187176490562194786e+01
-3.009305567172482299e+01
-1.878157877893211136e+01
3.440376875357998188e+00
3.425342362790019024e+00
-7.258264487256610664e+00
-2.661990506925321398e+01
1.869198337790388109e+01
7.968161520156705535e+00
-7.136148088404752343e+00
2.119446011561844045e+01
-2.648960325080838629e+01
7.305656512325519714e+00
3.118797198772725210e+01
-1.703050148243446671e+01
-8.490778289609636431e+00
-2.097551345563524805e+01
-3.105586135169238204e+01
8.572910185009355644e+00
3.601763452014455424e+01
-1.916301984200675079e+01
-8.748526273583614454e+00
-1.297059388087976828e+01
1.414794295009392044e+01
6.803968211583899972e+00
5.393471433495932388e+00
-4.641414620290959192e+00
-3.022659530201919509e+01
2.046736052363705483e+00
2.080890300179778762e+01
-2.875597424540570302e+01
3.993424836601988659e+00
1.760729894575719356e+01
1.693846167094247335e+01
-1.904632016907980585e+01
-4.627315360766516505e+00
-3.084044770503737709e+00
-3.175258419274392452e+00
-9.405710414677351139e+00
1.190989071224621654e+01
9.198984542940905840e+00
-1.231211694282606572e+01
-1.043450292896562814e+01
-1.180741513111653518e+01
1.613457372280193169e+01
-2.039511020634923000e+01
1.632677562574438923e+01
1.357027572011243421e+01
-9.754053689150822493e+00
-7.180363920021505919e+00
-2.313758199940743054e+00
-7.537204503817122259e+00
1.153810632704285410e+00
-1.398430203024724250e+01
2.896340435254300871e+01
8.223915708430141080e+00
-3.023366724355107138e+01
2.430187667327194845e+01
1.655794062877275508e+01
-5.261849788472680700e+00
7.790105821805610731e-01
-2.268145837398322229e+01
-3.564744381777016713e+01
-6.012758743110822479e+00
-2.895861520608315942e+01
-3.782414307143537258e+01
6.539463787340459078e+00
-2.294028689917791297e+01
3.262007038532885872e-01
2.881196666231275572e+00
4.229289877946072806e+00
-1.484155226041232112e+01
5.012260687998015385e+00
-3.037646645706871951e+01
-5.752977351245895932e+00
1.427565274993986577e+01
-2.568957266196669309e+01
-2.118453833126287122e+01
3.260266553264457912e+00
8.788908464218671668e+00
7.882843281270055513e+00
-6.720165136131249994e+00
-2.564673817549056878e+00
2.460799946079319511e+01
-4.229952060730170160e+00
-2.612658308172359867e+01
1.780338918579732876e+01
9.826067489106236508e+00
-7.337742957418512901e+00
-1.276471865512029069e+01
-6.959066961690446362e+00
1.895914752221194988e+01
2.672412442600150939e+01
-1.709504938712846922e+00
-1.131523942757850421e+01
3.094000476391582310e+01
-2.031804785626189869e+01
2.632881794803267894e+01
-6.682531093876008299e+00
-4.801545564086055151e+00
-2.727849955835154461e+01
1.892153020869156421e+01
-1.750464372397738799e+01
2.124330242111516043e+01
-3.219136880163986802e+00
-1.426667881910320546e+01
-2.363040365909455431e+00
2.148134700999747793e+00
-4.752127575994663289e+00
-6.766636298975662100e+00
5.913898489687063886e+00
2.534397301872290598e+01
-2.424279664526878975e+01
-3.415765503769316780e+01
7.106124631904172873e+00
4.193870928157217293e+00
2.812086205646950532e+01
-9.542733515795077892e+00
8.493168362930703097e+00
2.380487409998552550e+01
1.460632137518240370e+01
-2.402246099429684989e+01
2.847562005892555703e+00
-3.073608997280210531e+00
9.172352630401981344e+00
6.366281610117660250e+00
2.929015154895301976e+01
2.519536465402416070e+01
3.544914074107992974e+00
2.379808959476994801e+01
9.029011657595667373e+00
1.047739631468118660e+01
1.200182735126347211e-01
7.304050311037272536e+00
-2.948751357361788905e+01
2.799747613408378299e+01
2.439800609958314226e+01
1.524180162208922695e+01
1.916989794992352358e+01
-2.447059326560344772e+01
-2.045602816380906930e+01
-1.472730799231952403e+01
-9.097836988417725479e+00
2.206695776105065931e+01
-1.469884171313918841e+01
-1.376403572196601743e+01
6.313426373316431750e+00
3.253641121879428511e+01
-1.875438089656040574e+01
2.295144835988111254e+01
5.297186575497306649e+00
-3.168764043574638833e+01
4.479545014270470915e+00
1.558073484357788629e+01
9.736399036123607686e+00
-2.034791925986074546e+01
-1.857216394824327921e+01
-3.397316890459421757e+00
1.764573783715249533e+00
1.532907182596035511e+01
1.744142254332233222e+01
1.875716441013655356e+01
-3.778056421937252196e+01
-3.279299823090742905e+01
5.008288962668984823e+00
-2.459614398813230807e+01
-1.593499754943466939e+01
-3.134705000003066289e-01
-2.339986980863244526e+00
-2.871347894257522526e+01
-1.287645389798294104e+01
-2.199348983487682929e+01
-2.883081399547925017e+01
-2.433709537262380707e+01
-1.071522319488541797e+01
-1.647907396189937401e+01
-2.564631688339289539e+01
-2.271557502982629728e+01
-1.207361725859658463e+01
-2.607535121459605421e-01
-2.005910042471712273e+01
2.990965468720445131e+01
3.126609801510784337e+01
-3.206071959897011681e+01
1.505250001796774484e+00
2.345117281641364571e-01
-2.365074296817469701e+01
-4.076978543319292214e+00
3.134771282468665277e+01
1.531937937292020990e+01
5.430574805747212963e+00
-3.272125058820989807e+01
4.416660692028094104e+01
2.839223587012185135e+00
-4.354125450160344002e+01
-1.598762011334058286e+01
-1.283131201005295452e+01
1.273312639680334257e+00
1.931817801595097706e+01
