-2.133594476596058342e+01
1.895568522213569906e+01
-2.494193577087450819e+00
-3.956017018492276804e+01
2.165571027597471243e+01
2.253060117252560701e+01
3.558533843328282842e+01
-4.113635225366401471e+00
-4.008709503143062847e+01
-3.489093337061270717e+01
-5.104115892204276861e+00
3.137933724362910937e+01
-1.678174501240822281e+01
2.271799594070522232e+01
2.560909417395519938e+01
-1.085323192061026987e+01
1.401315681846156735e+01
-7.551656334404270865e+00
1.243691358049534301e+01
6.117942902941699401e+00
-1.123330479047803010e+01
-3.887749560127718951e+01
3.375242576944053496e+01
-3.266726061228942513e+01
1.908583269288254769e+01
1.933860643426551462e+01
7.797045202174665235e+00
2.388508452396173709e+00
-4.945027360781760706e+01
1.308470255255024028e+00
-2.161927309604365632e-01
-1.881953687766360162e+01
8.367003845715878185e+00
2.827478090713864844e+01
7.707600109527071197e+00
-1.235708917571757581e+01
-1.668609536856806841e+01
1.927109476773976837e+01
1.986600059150546826e+00
4.649227742094062421e+00
1.328546653238348085e+01
-1.933765467989118747e+01
-2.023157602468103278e+00
3.518625956347264605e+00
-2.181707745711911528e+01
3.814386453913462560e+01
-2.985453781280441987e+01
-4.398489425768381977e+00
-2.139147487797075087e+00
-3.090681428286695009e+01
-1.809843761167604370e+01
-1.811826702550683876e+01
-3.690791817163911048e+01
-2.449408972090544978e+01
1.664503689133842101e+01
6.318549209168999425e+00
9.714698659186396412e+00
2.860558769023924697e+01
-4.674789089510888118e+00
1.839625604090522870e+01
3.151657175268722710e+01
-2.693845268859001862e+01
-1.188653508823124128e+01
-7.477376217813919368e+00
-3.195049684973934134e+01
1.672569765278282716e+01
-1.272554692596980885e+01
3.511586528906548210e+00
8.759437611217258279e+00
-9.818507430811628467e+00
-2.750594226247471497e+01
-1.570080946069881378e+01
-5.539193750917753789e+00
-1.493492919032640032e+00
-9.570890113133621924e+00
-3.131594676122286813e+01
-1.052706663030954815e+01
2.888544800011857205e+01
5.801233761730586025e+00
-3.511744218674904516e+01
-1.133896573605495206e+01
3.645232129857114955e+01
-7.337669296859225199e+00
-4.887787974755674725e+00
2.014195132377759023e+01
2.174825652193516135e+01
3.511443521081446306e+00
-5.645824404111479566e+00
4.463060391613380773e+01
-7.178799564880463890e+00
3.080959471205521538e+01
-3.358360898580265541e+01
2.605606196413148723e+00
2.070139275628866926e+01
-2.077533215162610247e+00
4.800779626510589537e-01
-1.460453074415764974e+01
-4.175251095795421463e+01
2.549195659716572493e+01
-2.822191805716948565e+01
1.752861917213628828e+01
-2.163184649009586380e+01
2.752561915485590305e+01
-1.318736945453882470e+01
4.019455361280989791e+00
-3.444283469591140801e+01
2.078523337473328070e+00
-7.024642824403990460e+00
1.287050472378894739e+01
2.494826112961587228e+01
-2.698378703615029650e+01
-1.333172392606567769e+01
1.143982791541884581e+01
1.753080609412913304e+01
3.863713146842781043e+01
2.818195701157949884e+01
1.070001039547994992e+01
2.087643481800755296e+01
-2.393503811245014745e+01
-1.281731082963953838e+01
-6.070578463866389995e+00
-1.349003945982960317e+01
1.372214091979346762e+01
9.090279349622456095e+00
-2.529522414090286020e+01
8.553113503224096803e+00
-9.492449526829780382e+00
3.181788976809866654e+01
1.941498760289306347e+01
7.176327824843141912e+00
7.172226863726180568e+00
-1.399189846824266681e+01
-1.891438610308613377e+01
-4.001854763072003607e+01
2.294915312513441563e+01
-3.888395013307696502e+01
1.247380491466112318e+01
-3.824607193887293022e+01
1.726473930363573572e+01
1.072454489590859339e+01
1.100781230022847268e+01
1.868400127099633323e+00
-5.110318546902028913e+00
3.362738978760924624e+01
-2.574520741401404678e+01
-2.050064389708069612e+01
-1.661354592114830098e+01
-1.924043084569945350e+01
-2.591922581211479226e+01
-3.668802719515015553e+01
3.086248493348003308e+01
2.911017102556692748e+01
2.892408349748008334e+01
1.852461109533220451e+01
8.418259488047254990e+00
-1.936547255324437344e+01
-2.855150806040303735e+01
-4.578610906999337260e+00
-3.395122622487954800e+01
-3.880761411278390938e+01
-1.642875711343732803e+01
-4.281981764295672122e+00
-4.165575262623839592e+00
-2.080809422278774434e+01
-1.385175599696196969e+01
7.377638127918395128e+00
4.170738301127605041e+01
-1.415370210946419149e+01
-1.207069429084064893e+00
-8.491520540336111367e+00
-3.551620704126495554e+01
2.956051468177447816e+01
7.097595456809060011e+00
-1.744735341624567582e+01
-3.073691584273423061e+01
7.248069845281754908e+00
-3.305454430586181047e-01
-4.113027215957364291e+01
1.806170700579635024e+00
-2.721543355169409040e+01
3.487806696191910305e+00
4.110540317147707867e+01
-1.402387951252169529e+01
9.001950979377568274e+00
-1.379550564295296056e+01
-1.428988666337659197e+01
-6.291663164350488557e+00
3.645682740887387752e+00
1.871682342081129491e+01
-3.593166277546657739e-01
-2.626590371032608928e+01
1.981980772064238749e+01
1.190886897452572413e+01
-1.891630073101998022e+01
-1.478968860720403455e+01
-2.111540776884891457e+01
-1.065371822894945808e+01
2.653008933418163906e+01
-2.668145911004690163e+01
-2.417616959502119300e+00
3.456985037182775500e+01
-1.543439952666297188e+01
4.373801816464251146e+01
-1.439461446678521384e+00
-2.676887084784981141e+01
2.302568659107839721e+01
3.396817068610140211e+01
-3.423176287120591610e+01
4.438146044785874267e+00
5.338679239656464404e+00
-3.893789780469603556e+00
-1.948814173130353922e+01
3.577029877469686880e+01
-4.217716633078619992e+01
9.987475754937307215e-01
1.331532470961491299e+00
-2.625465227533162249e+00
3.620951233865577024e+01
9.644579502660789672e+00
-3.402568012535675024e+01
8.342868322557926319e+00
1.443748487007066217e+01
-1.131722491892323745e+01
2.572858337663309669e+01
-2.028407683841605902e+01
2.496747208032282117e+01
-3.627601476007072989e+01
-9.301050135881425263e+00
1.611602624675782636e+01
-1.690514566018099885e+01
-3.976820738008657230e+01
-2.847391263635859104e+01
-4.404937052666709008e+01
-1.600296334542755261e+01
-2.262410928080794648e+01
-1.337119688214594504e+01
-3.129039113125395133e+01
-1.748399734901227021e+00
3.663249532900898942e+01
4.578909973866180394e+01
1.930487644995805852e+01
-2.467552304869758828e+01
-1.028245484824923039e+01
8.924250469903618921e+00
-1.388324562354598868e+01
2.647727591525486446e+01
2.964497564141275632e+01
1.402577933165829904e+01
-5.969405921609130417e+00
-3.113074203438429777e+00
-3.772578726676363914e+01
1.270821719175455655e+01
1.956041873533555986e+01
-1.840385941475047460e+01
1.032166295082828356e+01
8.657867272339025533e+00
-2.459751419419554708e+01
1.440534500467749979e+01
-2.870601711104697884e+01
-2.640884733860581335e+01
-2.404175550426860752e+01
8.947283447368000964e+00
2.098672589934220412e+01
9.976290433852227579e+00
-4.858185908974412826e+00
8.955450984987223251e+00
-2.886414792348361402e+00
-1.655854229911973619e+01
-4.144698095372525870e+00
2.294032288112821050e+01
-2.900424116291251408e+01
-6.914741091135311990e+00
-2.100351677024997343e+01
2.294928083911568706e+01
-3.311588182347784226e+01
-1.962386325555999278e+01
1.121537799572867300e+01
-1.937756920574557995e+01
5.977037664810701756e+00
-7.685959250270066434e+00
1.848021856543388708e+01
1.784337561223517810e+01
-1.031196168986296158e+01
-2.182123586560169670e+01
-6.834758596798081953e+00
1.541595764455320250e+01
2.505021517755045579e+01
-2.571395911114843713e+01
-3.296141265570410894e+01
-3.109582653996728752e+01
-1.050466505541132989e+01
-6.441297734572749789e+00
7.691039396748756474e+00
-7.145503895983949860e+00
2.844332852963944447e-01
-1.585925813348533353e+01
7.109535542151249388e+00
1.185712214598257930e+01
-3.002005530054218241e+01
-2.510096685394528393e+01
2.736193673148915195e+01
-1.290302944166796806e-01
-2.583762031090751776e+01
-9.386290505162818931e+00
3.825694040058398571e+01
2.438115593128252101e+01
-3.584455159500933519e+00
2.379565437109977211e+01
-1.857160214921845665e+01
1.664731103818731128e+01
-4.584088286894591135e+00
2.378236738501080083e+01
1.322054005507855834e+01
-2.214427518705894116e+01
-3.734338448534592203e+01
-1.429880899990351395e+01
-1.595419407714274485e+01
1.708881045938157683e+01
-8.968044623914188662e+00
-7.886891561026722286e+00
-3.726826456300776869e+01
1.326088564777646894e+01
2.066230995832881945e+00
-6.165235093996265903e+00
2.552732264268942686e+01
-2.057545372796749561e+01
2.021739504272868260e+01
4.022042681841845990e+01
-2.239323839611192568e+01
-1.190103247951891063e+01
-3.560268181687129641e+01
-3.773288913387359855e+01
8.241708550540153055e+00
4.567246092175383865e+01
8.324488975745424568e+00
-9.819676147018171264e+00
-2.532072432898842962e+01
1.142631062017343879e+01
1.800167584378920083e+01
1.122292899800380894e+01
-9.112865839436231852e+00
-3.933952998842661231e+01
3.532037500105758454e+00
3.272158369935733901e+01
-3.384886715051393935e+00
6.518547580076408110e+00
3.163189553470871829e+00
1.792689942211281107e+01
-1.532951883495782397e+01
2.289982970845848342e+00
2.001613123550075102e+01
4.654099888341768576e+00
1.328677016511505826e+00
6.607026574301556821e+00
1.680415556885759543e+01
-1.829418037472176906e+01
-6.735616660458731531e+00
-2.877256258787146947e+01
-2.421009156248459249e-01
-2.130655744682088226e+01
3.477321136290954939e+01
3.508425619916660310e+01
1.008992693549139119e+01
4.075088380769344099e+00
-6.231912489771445962e+00
-1.731763259064554461e+01
2.776139172452728587e+01
-1.653802875321205335e+01
3.482838240216014469e+01
2.300250089099833417e-01
-2.211999503778650933e+01
2.279684733536578278e+01
3.801957354283177892e+01
2.298882139192421903e+01
4.763542672108513898e+00
-1.611227976953685470e+00
-1.779582541077381563e+01
1.101064089521487688e+01
-2.092742460940928950e+01
-2.245725169090243156e+01
-1.736764157844120859e+01
-3.275464123500115932e+01
-8.770255306670918571e+00
1.304168287350930910e+01
2.375247805927125455e+01
-2.189949810496586480e+01
1.348036601462296602e+01
-2.226678289785842679e+01
4.759499450534107723e+00
1.436221483432802870e+01
-3.168224340647927306e+01
-1.594751010195709284e+01
-8.201071125786910443e+00
1.722761458203274287e+01
-6.064070960541201316e-01
-2.801809710363221129e+01
1.553874739547849515e+01
8.561720847708542692e+00
-3.519712543687703032e+00
-1.234437745214741255e+01
3.067920143768813546e+01
6.745980766752090574e+00
-1.519713749079708265e+01
-1.956326618259423000e+01
-8.577536545691764047e+00
3.721980744034158306e+01
4.447234660339789514e+01
-1.773677527402206522e+01
3.989968702332625128e+00
3.021881335557179682e+01
-4.319274749120630474e+01
3.464645089651253329e+01
-1.870346585582406362e+01
9.041444442926625413e+00
-3.919104857383491947e+01
1.042414783405020273e+01
-1.525054788303539510e+01
1.188267800620879200e+01
-2.714071197684709347e+01
-1.412922041317253274e+01
-1.176131145326392158e+01
-2.300000486788292875e+01
1.828196557742778339e+00
-5.085036264361505687e+00
2.154900750013887034e+00
3.568231961893621929e+01
-1.279310222680664566e+01
-4.728554605501339125e+01
1.483550831299929484e+01
1.349522086889543004e+00
1.321870607527533537e+01
-1.401044137322659822e+01
4.109583054867258056e+00
7.805472434804030968e+00
1.478644870630596131e+01
-3.440892082173316169e+01
-9.961799585740607199e+00
-1.460510247779851056e+00
1.148479398253613226e+01
2.042585624397595723e+00
4.004172370330346098e+01
3.451644227154280031e+01
1.548358252165718341e+01
3.844743932134136344e+01
4.034611686201230896e+00
3.475837932030539434e+01
2.361149084506095619e+01
-1.307641095323397451e+00
-2.783171400936109663e+01
3.579471616242628329e+01
3.208522203564788811e+01
-4.695066440881745962e+00
-5.394409890729249923e+00
-3.819487029567511627e+01
-1.710766300692355912e+01
5.513176656932728292e+00
1.521523766421344703e+01
2.400211088237114154e+00
-2.022896100187876556e+01
3.113478390410818974e+00
-1.777212904313856257e-01
3.846113384395810897e+01
-2.376223577832160672e+01
1.235863176691347576e+01
3.867330634389219313e+00
-1.472420826698972007e+01
1.008849506091786452e+01
-8.488845357782821566e+00
4.027242274433518787e+00
-1.037294384795315239e+01
-2.386873521436544010e+01
3.044688809173720756e+00
-1.227844338562529458e+01
3.136775464816921044e+01
3.092854669884380314e+01
2.562525584083709873e+01
-2.466883950192216801e+01
-3.878177628148647926e+01
2.766598869744707656e+01
-2.523760471999237964e+01
-1.786392461612956595e+01
-4.552960612348023517e+00
1.427060065689377666e+01
-1.096538541521889698e+01
-7.912794315708801207e+00
-4.227553171256741393e+01
-2.822823213671868459e+01
-2.170048744271659302e+01
-1.992755208442032000e+01
4.520277882468207054e+00
-7.718145296917512610e+00
-5.241368156305028947e+00
-3.401647003096294952e+01
1.645201344578445912e+01
-4.051422595995786224e+01
3.724402784685830170e+01
1.163368393700606873e+01
-1.224951884979239480e+01
-1.220271901288941052e+01
-1.496760592002877388e+01
-1.616362055836952294e+01
-1.397518959272090910e+00
2.673358900861609300e+01
2.786308853195697566e+01
2.016607961990733600e+01
-4.136993659902760356e+01
3.264672770334429686e+01
8.291234341818643827e+00
-3.127224569620911154e+01
1.860272381434903366e+00
1.347765471479818444e+01
-6.800481961915210150e-01
-5.128497337663873168e-02
