-1.260994850698218528e+01
4.863865978138683488e+00
-1.843026037938027528e+01
-3.424437816346536323e+01
7.105855809750536878e+00
2.040646913951806596e+01
4.435210212819947628e+01
3.089221301846443168e+00
-3.564693574187444369e+01
-3.626748543363089539e+01
-1.592990370435320813e+01
1.786229485899373515e+01
-4.791319664790819388e+00
2.978372370288101934e+01
1.046099916957729903e+01
4.874524118400124451e+00
1.685327149049710727e+01
-1.506423994055755600e+01
1.305197586639330609e+00
4.021484680948070434e+00
-1.880509737414890381e+01
-5.000000000000000000e+01
3.873938070831536606e+01
-2.616389885576809249e+01
7.983120567198156436e+00
2.117566799377144093e+00
3.735477926026177897e+00
3.759068521734256763e+00
-5.000000000000000000e+01
-1.045241984176902150e+01
-1.152568739720219781e+01
-2.423712668256093394e+01
-1.121915374890628669e+01
2.083303523777122734e+01
1.691884144437054260e+01
-1.783807759082465338e+01
-2.704822972904125677e+01
2.796702156637792314e+01
4.111981882088791451e+00
8.646445546344715183e+00
1.070304679106524048e+01
-2.899893221512833819e+01
-1.323564928627072135e+01
-1.470271370256999433e+01
-1.920948312871108499e+01
3.875252580145046011e+01
-2.460126039569024314e+01
-2.085157061785077914e+01
-9.681340627836888757e+00
-2.984122414913776211e+01
-1.022204367458391516e+01
-1.824498980652541746e+01
-3.834697737347187285e+01
-3.198878544826068193e+01
1.356159750449028678e+01
3.420104553042179418e+00
-7.845227733029211947e+00
2.385342424791949156e+01
2.146094867039415988e+00
2.282575617036286530e-02
1.600603294044174163e+01
-2.846827979931849484e+01
-9.505699943902854443e+00
-2.665731637800227816e+00
-2.307130246135303153e+01
-1.197244631989370589e+00
5.991381289846351876e+00
1.219261757395898371e+00
8.170735313500919972e+00
-2.230769190974518068e+01
-3.320806967927813957e+01
2.659609620766779869e+00
-5.448559941943130980e+00
-4.087809817254260736e+00
-1.222851471902366427e+01
-1.448322058790690647e+01
-3.935010642367991807e+00
3.737225093589542269e+01
1.160735243043696840e+01
-4.404686332990315378e+01
-2.089455047135970034e+01
2.130517236310232931e+01
-1.333037713995989293e+01
-1.160698377653753965e+01
5.307906713425154521e-01
2.960228969035692614e+01
-2.578116871112790420e+00
4.668335075692766623e-01
3.367838502545156132e+01
-2.445294468341819183e+01
2.238526713286617564e+01
-3.483307689768322746e+01
-3.256810223872633969e+00
5.469288400784968474e+00
5.266259157844778827e+00
7.514198464643939701e-01
1.638167383141151845e+00
-2.894382835849514279e+01
8.436552826171393349e+00
-2.562997844659408031e+01
2.788376400583977954e+01
-3.261597748403995922e+01
3.096377638119128051e+01
-8.410321969736386905e+00
1.838964586700188875e+01
-2.328793977733943521e+01
7.541350095729001168e+00
-1.924222114939005834e+01
7.611199605959598102e+00
4.015180335450790494e+01
-3.093732247352320996e+01
-1.710341863491326819e+01
1.320648173087604249e+01
2.327183599087942412e+01
2.374518204454503234e+01
3.816935185794767449e+01
1.682397182658903034e+00
1.339220214383447427e+01
-2.232668186132242738e+01
-2.368940126765546239e+01
-1.340455315876123166e+01
-1.383654165130065650e+01
2.018516827475819753e+01
-2.176782130903397672e+00
-1.974966334355637798e+01
2.745202005237381115e+00
-2.079941544671151732e+01
2.911466288527900304e+01
3.424278956146781638e+01
1.702034606263637784e+01
1.574979044770613257e+01
-1.501714572863813402e+01
-2.709007209037814334e+01
-3.745751572277808350e+01
1.737951042456363382e+01
-3.558007139445463451e+01
-5.795395064669904173e+00
-3.035177234385142242e+01
1.758881126913810533e+01
-1.502961898969310539e+00
-6.024736797528731813e+00
-9.431457866530443823e+00
-6.437442366702782692e+00
2.242280826656050863e+01
-1.602644127489294590e+01
-7.311545248262305563e+00
-1.420911463677382613e+01
-1.712397831652278057e+01
-1.091676203470628082e+01
-4.455832928963489792e+01
2.609812033230052464e+01
2.968819240831285811e+01
4.273247823166784087e+01
1.512747386199457367e+01
-1.995162484682182935e+00
-1.978165914429832384e+01
-2.713342825481183596e+01
1.464502636836644456e+01
-2.734841865789078241e+01
-4.455108028365358308e+01
-4.369600063505494347e+00
-2.049412544780001610e+01
-7.290256455087764209e+00
-3.424495384128187681e+01
-1.539464594877186698e+01
8.922132642657622625e+00
3.509448801498184878e+01
-1.725948993537222975e+01
1.659046546246081277e+01
-6.133676081861452190e+00
-2.446977148598739760e+01
2.899154855710850143e+01
6.029685896792905453e+00
-2.106463698612031266e+01
-3.282810641963456533e+01
1.807040076590702427e+00
-4.303578851648950376e+00
-2.889271770803533812e+01
-1.119743713701593890e+01
-4.055112199523726701e+01
1.988052742855427368e+01
4.382957659236235770e+01
-2.522657451824508001e+01
1.385483824545384834e+01
-3.792144632793757353e+00
-1.443557108700510838e+01
-9.834659222710143922e+00
1.229206347400425869e+01
2.992073832835771441e+01
-1.425903556118225168e+01
-1.601853076825980082e+01
2.880288168584543484e+01
7.806186012796210605e+00
-1.201742888962361633e+01
-2.645245057241549347e+01
-1.551725957712288562e+01
-2.898375222435333143e+01
1.151064293452370890e+01
-2.120201974089922459e+01
7.083435681297984843e-01
2.982715137020377938e+01
-1.331398654390127234e+01
3.366168029118644256e+01
-1.506653698059327695e+01
-2.925174143476067101e+01
3.290343605880529765e+01
3.366582522719785686e+01
-1.735009725645542034e+01
-9.631948254624944639e-02
-1.138305175249344359e+01
4.637544355936555007e+00
-1.490288323291301964e+01
3.487538177433550857e+01
-3.267751756027291776e+01
-7.126928810096913480e+00
-1.334637717968244885e+01
8.406426430815862716e+00
3.733295493562910394e+01
1.738718317366181054e+01
-3.186370695512708551e+01
2.686291862537669317e+01
3.015617421766751249e+01
3.704707095029277752e+00
1.783406856210577018e+01
-8.861260662031490654e+00
3.194819798775883157e+01
-4.643039153977026956e+01
-7.815537965618929661e+00
1.107112613578057392e+01
-2.017478009857084231e+01
-3.706085952379983439e+01
-1.603043489448987202e+01
-4.907500236115151182e+01
-4.724917142694700090e+00
-1.409279732169988364e+01
-2.299846923132945875e+01
-3.544484273623265125e+01
3.496684728344945370e-02
2.747008023606369420e+01
4.925985387284619321e+01
3.057717370415872438e+00
-4.143639404569546514e+01
-1.515689799825310047e+01
1.293428262817285201e+01
-2.508162003801284357e+01
2.545864669018408222e+01
2.021532632355086889e+01
7.600241933272975814e+00
-1.258138771415919877e+01
2.205206865263853899e+00
-3.172257039927485778e+01
1.616294015554629482e+01
2.619050649990074930e+01
-3.644148340364061767e+00
-1.097637443279377578e+01
-9.026023967985885577e+00
-3.213388736753353214e+01
2.350877912641401224e+00
-1.745209336611943485e+01
-3.347194595548312179e+01
-1.750514372016947817e+01
5.338222724668860053e+00
3.407846592827907273e+01
1.498129110187957735e+01
6.642137958715366608e+00
2.136058178076403635e+00
-1.137035100094676210e+01
-1.824115000859137936e+01
1.087448341408759234e+00
1.614983032681335828e+01
-3.180125566445828156e+01
-3.610229039031501941e+00
-1.243955395500804428e+01
1.768332747737763100e+01
-3.899821699411323550e+01
-1.493697801385201274e+01
1.078392112490398347e+01
-6.304333108394196472e+00
9.987768243797631840e+00
7.055209322838450703e+00
2.615979888523864361e+01
2.744434102111490859e+01
-2.085669325226194815e+01
-6.910564351358203794e+00
-2.157857420182960340e+01
3.138066151946449622e+01
2.730940210724675410e+01
-3.685394041173655211e+01
-3.386514744492265550e+01
-3.482177501992463675e+01
3.370375126845068792e+00
-2.401540255295664394e+01
2.127295991467661906e+00
-7.035610139927761963e+00
-1.165646590105418312e+01
4.315203082667970591e+00
7.670470732671361702e-01
1.301231643585566644e+01
-2.743039664103364572e+01
-2.095726233852058940e+01
3.791986318172135384e+01
-2.211614155012198069e+01
-3.005184957034072113e+01
-2.299337086709055811e+01
3.482368457904037484e+01
2.980195862241799887e+01
-9.881665570354705608e+00
3.807267303693915039e+01
-1.264050783868103878e+01
1.070291112408428091e+01
-4.061486459225790213e+00
2.668529213200588401e+01
2.731889458836953111e+01
-3.543665744667677586e+00
-3.364661313508709384e+01
-2.586649175844320681e+01
-2.484449288488567831e+01
5.995446227569132702e+00
-1.054915781423120791e+01
6.163011982216914930e-03
-3.403487163272436078e+01
1.052534174386228472e+01
1.134375422896204100e+01
-1.482557612860384211e+01
2.598922974874430736e+01
-3.088384806841763108e+01
1.643595073395481165e+01
4.064093289195460557e+01
-2.186559544904503483e+01
-4.042738917813601063e+00
-2.627898297181339160e+01
-4.176559734306297855e+01
1.729163445302974367e+01
4.981841636140435980e+01
-6.179511754059767270e+00
-9.471131423305138242e+00
-2.153867789372321084e+01
2.489069076111422874e+01
1.019701362487535334e+01
1.285640877651687219e+00
-1.541906132228242399e+01
-3.927377600611938391e+01
6.600355441939342427e+00
3.413682277674712395e+01
-2.167990611302592185e+01
1.155534142799701414e+01
1.358252365855558708e+01
2.338447834020847438e+01
-2.451271563538649900e+01
-3.307507429938048915e+00
2.546808696363100921e+00
7.174237687308249178e-02
-1.207387418119841271e+01
1.068193926746394595e+01
1.870995085628656796e+01
-1.130702441737069108e+01
-8.631579435857702265e+00
-2.645074457201731022e+01
2.620397278638776584e+00
-3.173112424479155891e+01
3.033102317729927222e+01
3.295917368830195926e+01
-3.341794260941256312e+00
-2.909748729696147507e+00
-1.377865817949523830e+01
-1.387055621087314705e+01
1.586604823350742777e+01
-2.276883343148246652e+01
4.149327516721535858e+01
-4.532104718233270546e+00
-2.365332159682102997e+01
1.884881840142867304e+01
2.647393720251896809e+01
1.188619508725370366e+01
-4.077507708726137992e+00
-2.050026751762143462e+01
-3.209963428649479056e+01
6.097898460888458771e+00
-2.972628837531052781e+01
-3.052233677427307157e+01
-2.801514545919125965e+00
-3.041968617242493167e+01
-6.006351875685069786e+00
7.786789371544436733e+00
1.571569305867232913e+01
-1.697198848855138209e+01
1.946033221141867386e+01
-3.910610979395894304e+01
-1.086061263762022833e+01
2.365114611999865701e+01
-2.474377982412046961e+01
-1.778953622298863735e+01
-5.789543014863632209e+00
2.174332406562714937e+01
4.198808356295572253e+00
-1.682834089516247644e+01
-4.010353693267646236e+00
1.567979026820457022e+01
-6.355807368846143390e+00
-1.879978958458822191e+01
2.831117709362183632e+01
1.453528638567738085e+01
-9.571065814331745969e+00
-2.261479146995174005e+01
1.503803177043039341e-02
2.905652100019304385e+01
3.738508864313972424e+01
-5.885807149090581447e+00
3.127603824269442612e+00
3.104152203609254457e+01
-3.434189134528361365e+01
3.248534098584443086e+01
-2.050266049278427616e+01
1.181094040124555988e+00
-3.219916817087981542e+01
1.073564801966169568e+01
-2.738808671376771287e+01
2.904017300420808567e+01
-1.430842624536642660e+01
-1.410978451911672238e+01
-5.275784756313129265e+00
-7.556833678482973937e+00
-9.922613973253646691e-01
-1.300286882936411814e+01
-5.614916491218039596e+00
3.231342286165519795e+01
-2.352387399722044492e+01
-4.354618901153104105e+01
1.942946655347533635e+00
1.066996805325933906e+01
2.473084053148782857e+01
-5.513498350689935990e+00
6.640429001704539758e+00
1.832389578035403588e+01
2.395511926030668803e+01
-3.625992853464738630e+01
-9.878773050788275611e+00
-8.022943888535507995e+00
1.051897779366035479e+01
1.247185100081459552e+01
3.309892341807976379e+01
2.429835320627920225e+01
3.866220211729469725e-01
2.926967194527301785e+01
1.288921145218189679e+00
2.140446966982203492e+01
1.528819632600776401e+01
3.126194917301816645e-01
-3.973274128511094005e+01
4.170501283914707358e+01
3.741244352741598789e+01
2.069079276955143598e+00
1.402882243826064723e+01
-3.710927201493514360e+01
-2.033633266658472394e+01
-4.515013207992183197e+00
7.042124441391166556e-01
1.709618183061418506e+01
-2.049529291878360482e+01
2.138517642729368617e+00
-2.228065178097502042e+00
3.709107268928508461e+01
-1.734993447103685327e+01
1.807847521496408660e+01
4.115747948754822971e+00
-2.520555426864975956e+01
-3.850501204210573292e+00
6.836492016911321912e+00
8.577745779023217665e+00
-1.613069180538762026e+01
-1.832148073218123940e+01
-7.461934724978505074e+00
-8.810002564256883772e+00
2.267017893874825063e+01
2.907752676039304163e+01
1.603481284347343205e+01
-3.714219808149930202e+01
-4.068594898907835500e+01
1.226245384465938315e+01
-1.948755049629374980e+01
-2.499381720899433290e+01
9.368851540083866780e+00
-4.942548293126478143e+00
-2.269908966215021806e+01
-3.008071619004418551e+00
-3.039126203789886915e+01
-2.472620218655403690e+01
-3.263492839968539272e+01
-2.479121153381388964e+01
-8.804936398918506768e+00
-2.374702054839319842e+01
-2.217120485797323681e+01
-2.002787936497394483e+01
1.624799391175601215e+01
-2.926496232864244718e+01
4.379524068504537127e+01
2.366994058668907996e+01
-3.105057221930833222e+01
-1.260874648893255312e+01
-3.013502393917342204e+00
-2.158762121081562313e+01
1.498509717181583767e+00
3.862865026695642712e+01
2.122872576546153311e+01
2.338425503922907467e+01
-4.064185743920243254e+01
4.492834062185039556e+01
2.549143875901471290e+00
-4.164674500474207974e+01
-2.275075954637593156e+00
-8.412154821377647806e+00
8.684943060321529629e+00
9.679628793366866546e+00
