1.473704612908312583e+01
1.864527169614247271e+01
3.677527368107014638e+00
2.053263423800889598e+01
8.291688623617687881e+00
-3.594563833495648453e+01
7.065613898829504080e+00
1.401634851343632704e+01
-6.682890181353670300e+00
1.312181206563523972e+01
-1.826674473492895245e+01
-2.908188435667661054e+00
5.268749035673749859e-01
7.167151037243883138e+00
2.689157199978353674e+00
-1.526435069860909266e+00
-2.894185252986422086e+01
-4.470866357849617856e+01
-3.301662278453626698e+01
-2.430099482134139421e+01
-8.153978369258894077e+00
-6.030103357084747984e+00
-2.761503411587926848e+01
2.143440325960594350e+01
6.233833798530966419e+00
-1.278965298254905747e+01
-5.022608175934465180e+00
-4.912635557034207068e+01
6.796195599855245462e+00
6.572783550856527768e+00
-2.098611452203943273e+01
-3.874030215592920712e+01
1.323054019537881487e+01
-2.762820776678878687e+01
1.562318137414388275e+01
3.000953512200226214e-01
7.127564848998737546e+00
-2.056247201255924040e+01
9.571954359119217770e+00
5.968777189210229039e+00
-2.368439699643691654e+01
2.149037829507143726e+01
4.601815887523962090e+00
-4.204464227980018620e+00
1.620312125013366256e+01
9.849723598144890957e+00
-5.985850820839949904e+00
-1.235691250601487923e+01
-1.316845885836004015e+01
1.104860864228953687e+00
1.570556551300151682e+01
-5.272951614682241939e+00
9.101635968062836923e+00
2.018641332748023842e+01
-1.946479750400681397e+01
2.170377313960659649e+01
-6.936752598684691407e+00
-4.004589330038756145e+01
-9.025318668151868451e+00
1.237078962993605558e+01
1.736363499880553718e+01
3.471623817649003740e+01
-2.012715461044719589e+01
3.833608055391822234e+01
9.516809806899232171e+00
-1.880366097331313568e+01
9.179523815149160271e+00
-3.841885748822750912e+01
4.102525910898839356e+01
2.597041098883387633e+01
6.695398868609373721e+00
2.464676667250218145e+01
-4.209960140323955358e+01
2.145315110755636567e+01
2.638472494764883436e+01
-5.850400531537289339e+00
1.398876057467900580e+01
5.245186577499040936e+00
-3.145909203120161735e+01
-5.862704521297665394e+00
-2.361568862137272617e+01
-1.040152087147738769e+00
-1.100445617544488641e+01
2.035739121744319391e+01
-7.057548873365995235e+00
8.337875575824263308e+00
2.020606081156763878e+01
2.177624167356212581e+01
-1.150501936617828846e+00
-2.547214262859307610e+01
1.008644046397024852e+01
2.481897567270988247e+01
-3.912518749983554756e+01
1.742385194676397475e+01
-1.752618070910574488e+01
3.511240992360498581e+00
6.403296885234553315e+00
1.020515188191579625e+01
2.053459869103915025e+01
3.501242875822750023e+01
-2.067921884057850690e+01
2.613772114045990236e+01
8.495612482121003950e+00
-1.198772325967881613e+01
3.403811927367137002e+01
7.267585003258439258e+00
-1.661980280467978588e+01
-1.372182338236911647e+01
7.818403698969014215e+00
-2.750506648964616829e+00
1.490695866283253679e+01
-6.353048054936749622e+00
-9.659294281982496955e+00
-8.938395499010532319e+00
1.452202031484566191e+01
2.982660028952908249e+01
-1.094597051186298131e+01
3.168926565458797029e+00
2.186211875768229618e+01
-6.777279578485959632e-01
-1.595022794785603537e+01
-1.290856854696806977e+01
-9.522651068880826131e+00
-3.439411561404553908e+01
1.136663651859286261e+01
4.069179124070294051e+01
-2.235828095723883990e+01
5.354972924775601939e+00
9.127105379591448298e+00
-1.666436960529917144e+01
-9.304330759512751570e+00
-2.451064378049131420e+01
-3.829287380368953109e+00
2.707967279278820172e+01
-1.427570380659346228e+01
-4.491815391749085506e-01
6.836605191887123567e+00
8.534962758606923217e+00
6.659072610153749849e+00
-2.296848517065254214e+01
2.929742000394675472e+00
2.663414962858577439e+01
2.503856573443992772e+01
-1.591236768445919836e+01
2.191040055640030459e+01
3.191262079073652558e+00
3.625956962124593019e+01
9.922073241946471001e+00
2.049766352298721017e+01
2.462943953322307777e+01
-2.161690987829392085e+01
1.533253508158294665e+01
-1.615239845524918394e+00
-4.269062797988172520e+01
3.219472580758109359e+01
3.092680281726254066e+01
-6.391469601969561154e+00
1.383709609529854845e+01
-1.096501272480296052e+01
-1.383039063122560464e+01
-1.243501370399597761e+01
1.040035248377818533e+01
2.600534070846968859e+00
-1.677134786665978083e+01
1.221075545077725621e+01
-2.916711551727572527e+01
1.640863926959997343e+01
-2.432286151709286415e+01
-2.625503383445813199e+01
-4.730938708073438193e+01
2.959049599516107776e+01
1.214835683067909855e+01
3.348750665241961144e+01
9.670104050790129691e+00
-4.114372840015370514e+00
-1.039846338068132781e+01
1.164044699900082236e+01
1.389613298576824718e+01
1.112257090253512359e+01
-5.439212282234393570e+00
-3.878174839919253714e+00
3.548656100880990039e+00
3.611775590243499323e+01
4.195772968446281936e+01
-2.155514379826969318e+01
3.092243690144103141e+01
3.526603165848875676e+01
-2.790608363750786225e+01
1.994863831418958000e+01
-7.766680850538705272e+00
1.929535460154755810e+01
-1.113586628542151402e+01
-8.225230835257946183e-01
1.412395713515091700e+01
-2.815917870138778767e+01
-1.433037299302572620e+01
-8.701841245205876874e+00
-1.540175573600966175e+01
-2.465810077429516767e+01
-2.038844892631469463e+01
1.789636299978812417e+01
-4.074973534923156393e+01
-1.478163278679836168e+01
1.284987046754481810e+01
1.646645799763356877e+01
-2.211450730398030728e+01
2.219129437541589311e+00
1.444438349462728866e-02
4.217005705253180281e+01
2.813372694220525716e+00
2.968220301025162655e+01
-1.765259947043118416e+01
-1.951615927732213152e+01
-9.157986909531231845e+00
-1.925750510128353454e+01
-2.187975926356988765e+01
-3.483116804367782038e+01
4.535902222493106706e+00
2.591150067967831205e-01
4.384270904674039571e+00
-2.026690703556084827e+01
-2.011748205063238970e+01
1.555203585848514081e+01
-1.847940120699935562e+01
-1.435008422746650325e+01
-1.261913083158393789e+01
3.019245338279283430e+00
1.602152333717299371e-04
-3.091266116545576637e+01
-2.868009365437774605e+01
-1.541635049385055822e+01
-2.105802882543953558e+01
2.431980371197595048e+01
4.379923085175350650e+01
3.943379373594615345e+01
3.572464098979173741e+01
1.213229124917728541e+01
1.401861604703913144e+01
1.139730992130274245e+01
-7.894110262840968062e+00
1.148760161646850264e+01
1.447037394195918125e+01
-4.559631346798649076e+01
-3.361406908052916265e+01
9.545826531499280065e+00
-4.295784833232610822e+01
-3.177093860306076678e+01
1.868725818533030747e+01
3.795518998018876289e+01
1.142554426333142459e+01
-1.049354018007436906e+01
-2.292820155567603635e+01
-1.056010897452236463e+01
-2.757387987400255369e+01
-1.919872292636391364e+00
-3.876484756832034861e+00
1.640949747015338289e+01
-3.403250313746106315e+01
1.122569299344662141e+01
3.490189330703188375e-01
-2.019197622826971994e+01
-1.809754137636872073e+01
2.054324369080418933e+01
-4.506057184597356979e+01
1.851251031745833586e+01
-3.932726604060188436e+01
8.517906643247563636e+00
3.886693677242057277e+01
-1.462467907350089291e+01
-2.123709712331041288e+01
3.286077976177901405e+01
-3.741749049524408122e+00
-9.745863688654026191e+00
5.515584512146865848e+00
3.108975095569013547e+01
-1.381995037320919550e+00
-5.944832312582498446e+00
5.813821675551857027e+00
3.573081630449141244e+01
2.970420742437045192e+01
3.623019602696476227e+01
-2.854446177344549085e+01
1.098847954832471174e+01
-3.014648767172650778e+01
-1.863230516934872227e+01
-1.066761347711982211e+01
5.055796588577933903e+00
-1.597238855577387540e+01
-2.825441202374516791e+01
2.521860690922324011e-01
2.842902870842178231e+01
1.965257932704443533e+01
-2.453176564699788287e-03
-3.395213721409108132e+01
1.510366970019276778e-01
1.361124285332985551e+01
3.051629276436851512e+01
8.836242359124348411e+00
3.303906412702393425e+01
1.619558332929219091e+01
-1.629023723453492778e+00
-8.278363638423869020e+00
-2.053239800392978154e+01
3.112443648061749002e+00
-5.013522728030608278e+00
2.723658712920669700e+01
-3.459733188415687977e+01
-1.132908859396853529e+01
3.821993871168791657e+01
-3.183554631094615672e+01
-2.644249456188338954e+01
-7.638833517954978447e+00
-2.443691260410027866e+01
-1.056529575915921271e+01
-6.959346502860633166e+00
-1.783062198630457118e+01
4.042418768665623929e+01
1.876165818676392405e+01
-1.720169453418322547e+01
-2.130378756235129956e+01
1.905867138356569512e+01
4.155396366228067961e+00
-2.230578179029889085e+01
-7.009260530607178907e+00
8.403102365593085210e+00
3.646133160120925254e+01
-3.346253567667831419e+01
1.149981760628779881e+01
-4.123502839371681716e+01
-3.979687687274339680e+01
-3.161374949221169572e-01
2.233123520424918240e+01
4.412960394146502097e+00
3.690194507455878181e+00
-5.798093151357051056e+00
1.582418817934966171e+01
-3.206663750814567493e+01
-2.662266302673095453e+01
-7.172099421359781957e+00
1.684189428714356040e+01
-2.523903537473546521e+01
-5.638905288504936664e+00
2.789932380671289991e+01
-3.850445350503549946e+01
-2.563786771651903607e+01
-4.423649352714705429e+01
-8.260000087052546291e+00
2.043908178308846857e+01
-6.618682981325946457e+00
2.118036070362239798e+01
1.809874910289562422e+01
-1.413221302171336902e-01
3.525230428433812335e+01
4.246774232881354294e+01
2.640672600892388289e+01
9.920606329917212918e+00
-3.243314859872226918e+01
2.096758237794205115e-02
2.128010554770665408e+01
-1.718554973855405876e+01
1.619267098319424747e+01
-2.220424754669020473e+01
-7.458020751251424940e+00
9.210418761091155204e+00
1.033013585202288454e+01
4.139046247832382619e+01
5.036901103514942690e+00
-3.249810932537968711e+01
1.739676319022343876e+00
2.371424897225431039e+01
-2.240088425731715915e+01
-9.400335748769101940e+00
-2.951606225188248445e+01
-2.108165621342232754e+01
-7.163946854568898459e+00
1.467789910778674312e+01
-2.628461673696102352e+01
2.153474489103312806e+01
2.759938445259363959e+01
5.119618601153206328e-01
-2.199916869452209767e+01
3.880852844384814659e+01
-2.728221263579892053e+01
2.418392783024010839e+01
-1.840744557658487324e+01
-2.154442973492434277e+01
-2.520753009029051839e+01
1.319348892516654104e+01
-1.660752073119531502e+01
2.283687306218386937e+01
-1.931929829075637528e+01
-6.667711429949513047e+00
1.766625629014140486e+01
-2.126972863417712745e+00
-1.887858730796916973e+01
-8.082198288384226714e+00
6.921530194300764549e+00
7.250101326068879359e+00
3.300872159804661976e+01
-1.840722739941211117e+01
1.305103345804944581e+01
-1.546377763826597374e+01
-2.815790899977043082e+01
-3.729415128012085745e+00
-5.690356132492162544e+00
2.331144171758843697e+01
-1.763082532224659360e+01
6.267165642745077037e+00
7.591018064296427781e+00
1.860467116766032802e+01
1.620826582478265721e+01
2.905864077310779692e+01
2.526819418185810662e+01
1.663786790067719323e+01
1.799523371768421498e+01
-1.150686790531176484e+01
7.621072559311194539e+00
1.884239976335564393e+00
-1.524976895557961853e+01
-2.208836978054103994e+01
3.065385371461998432e+01
2.191631080356003736e+00
-5.000000000000000000e+01
3.611236822532410429e+01
3.547129895575183411e+01
1.252454464951884461e+01
-1.376239124122831470e+01
-6.587123315809172652e+00
2.194466558101466092e+01
2.614510470938611775e+01
3.231025596821103818e+01
1.924550621145785101e+01
-3.125930687394288654e+01
-6.490402486655270309e+00
1.255663048501681800e+01
-2.318071118959973376e+01
2.739296688127855361e+01
-2.187535613791382616e+01
-2.496041674812341427e+01
-2.720440290369614544e+01
-9.792998457287360736e+00
1.125853114004570443e+01
-1.623644244832597394e+00
-2.553281723980305884e+01
2.666759744589111847e+01
1.444073043929719802e+00
-2.806514300512394300e+01
4.175149813153061018e+01
2.670047229195988336e+01
-1.894050973459152232e+01
-1.594742723525796180e+01
2.055927872434372716e+01
5.978561301998055910e+00
3.769000442875652368e+01
-5.177572072333454400e+00
3.726345986128421828e+00
6.255669821141765397e+00
-7.517617646959728006e+00
-2.840721411544907937e+01
-1.850178424653292808e+01
3.094315802661884618e+01
5.022154532009373895e+00
1.812611673672971335e+01
3.012227179087452100e+01
4.653661159685114512e+01
-1.594705846591543974e+01
1.295352442190885967e+01
-3.035426425859029109e-01
-4.116873854558187418e+01
6.544191131351858814e+00
-4.094984825888930402e+01
2.908708937027064678e+01
-3.250294263360733282e+01
7.894927560121018928e-01
2.359350147742188142e+01
2.275366077233236695e+01
-2.160636270547609428e+01
-6.276229942906866199e+00
-2.976733391613368696e+01
-1.564879475252720198e+01
2.931197397424610074e+01
-9.762753036619351121e+00
-3.832034591021411529e-01
1.581798153519437733e+01
-1.195498557177528909e+01
-8.543848455067362124e-01
1.043593871119781369e+01
3.629934254322874665e+01
-1.121200260079899635e+01
-3.398573326609997736e+01
-3.363004107090635131e+01
7.833876067002364607e+00
-2.028621368302323447e+01
-2.737315991985199659e+01
1.475629385715414799e+00
8.288741874134927912e+00
-3.321517295732419939e+00
1.506986796363017334e+01
2.003558351182299191e+00
1.771598751577647590e+01
-2.717224203162587060e+00
2.280423759900789094e+01
-2.452415457697384227e+00
1.678964200071848722e+01
-1.529444446628661325e+01
-1.784004469501164891e+01
-7.033033972270871459e+00
1.294273804055139010e+01
-1.183921422203522411e+01
-2.098230717251546906e+01
-5.649941752691709951e+00
2.339060616282337435e+01
-4.652100209553964305e+00
