5.012509817616660257e+00
2.532415750300074819e+00
-5.662555928411336481e+00
2.826020623050517599e+00
-7.339473253248478102e+00
-1.304727430992310389e+01
2.526288048125697117e+01
2.330217446505720602e+01
-7.886609226486541502e+00
-2.191162624952539772e+00
-1.388833437736013110e+01
-3.777723481676353856e+00
1.417663493384949902e+01
1.681614872186906950e+01
-1.231088808858044814e+01
1.493452448351627027e+01
-1.017947941038237758e+01
-3.896669583741497433e+01
-2.651878911690753782e+01
-1.451015325972379344e+01
-4.452773521313993399e+00
-2.572128343693874797e+01
-3.257026057553602527e-01
3.621614041428699693e+00
-3.014592709388104197e+00
-1.312990191322081301e+01
-2.036687135388092429e+00
-3.058618791711277396e+01
-1.250675003218000114e+01
-1.257355725648753264e+01
-1.654991848165080626e+01
-3.260992254631592857e+01
-1.133570831119509137e+01
-1.822373972414437304e+01
3.195286852795850052e+01
-3.936613060503532324e+00
-2.007259380760118006e+01
-2.537011350662623954e+00
1.141934666239771445e+01
-3.848609016970812036e+00
-3.540829102984687893e+00
-5.902398019069153179e+00
-1.528858597999929003e+01
-2.589720119977678081e+01
1.009423599675506011e+01
1.258307859046221466e+01
-1.371690055798063668e+01
-2.245337073006737327e+01
-1.212765517664689696e+01
1.978653185361764599e+00
1.463136082401477722e+01
-1.075449775541834185e+00
-5.508917763475182028e+00
3.834106620075417027e+00
-1.736826091323337096e+00
2.376203870892732084e+01
-2.331475314163497004e+01
-2.555198951565316179e+01
8.647272018257410764e+00
-1.000790765799153093e+01
2.846006170292767479e+00
1.945724757439244001e+01
-1.262523483887513720e+01
3.557232739506291352e+01
8.917152052628651404e+00
-2.383744995433667668e+01
1.446060909700264574e+01
-3.180444727249360071e+01
3.330184273286982943e+01
3.796156245967566178e+00
-6.740515426042961167e+00
2.760998849953996626e+01
-2.279430452235291682e+01
-3.897187876628862568e-01
2.009953984458367415e+01
3.125026171602058866e-01
1.864330815625856985e+01
1.337719084400453795e+01
-2.083498862909697280e+01
-2.639324870616522389e+01
-2.387711542557306998e+01
-6.629437400072212938e+00
-1.997741683012750968e+01
3.882891811545690075e-01
-2.144694662369194305e+01
2.939582441602976814e+01
-1.625046931060438737e+00
1.671566161021735297e+01
-1.371496874344941830e-01
-3.727925246389143155e+01
1.569726281116342648e+01
1.261416397142820500e+01
-2.672358546993584127e+01
5.322902955903849431e+00
-1.695797351620591087e+00
-7.208680346448872456e+00
1.127090966630270685e+01
1.134975119570616897e+01
7.551915841039999577e+00
2.052604053872799739e+01
4.987913613537401147e+00
6.864166190668953504e+00
2.566656545028240544e+01
-1.247039479577318843e+01
3.476679062163761103e+01
9.324528494899119835e+00
-9.737674680057793353e+00
-2.498078236573887523e+01
2.468746938584423845e+00
2.206887698128363695e+01
-7.321919687005454591e+00
-2.205889253511068659e+01
2.884383266254189948e+00
5.878217256361395471e+00
5.809774263781996240e+00
3.841743867943164048e+01
-9.777385430892813645e+00
5.938333703688883247e+00
1.223236245328691751e+01
-8.272812711587782530e+00
-8.899426486030790784e+00
-8.703067797090845659e+00
-7.168117359983241954e+00
-2.933434778429802492e+01
1.603243808444685214e+01
1.784552527119949161e+01
-3.270495252936571262e+01
1.324891720252171723e+01
2.119352221542585823e+01
-5.697004597829874228e+00
1.393419086368453463e+00
-2.217054972373553312e+01
-9.483890903486411617e+00
7.025206281352858184e+00
-3.254623455368765406e+00
-1.000015613938445114e+01
-2.438348469672931174e+00
2.269729410330590724e+00
1.695274688396402496e+01
-2.940972299317350291e+01
-6.910529688877652177e+00
9.681262768182520517e+00
2.960409307150356994e+00
-1.890631153859115443e+01
8.140458957334928414e+00
1.453123490746605739e+01
1.847392239953511250e+01
2.323319430685586440e+00
2.082559785078049686e+01
-3.425928957592738300e+00
-1.430648502476188355e+00
2.324560428415713886e+01
1.587421005188994627e+01
-1.986235044143136363e+01
9.710619625878216254e+00
1.617207500285653055e+01
-1.448186388106407207e+00
2.596375044066614635e+01
-1.486325343610900518e+00
-2.245623053095234667e+01
3.373513087746538019e+00
-1.521253680443006573e+01
4.166863406550433524e+00
-2.793179640604779479e+01
-2.594438854347579593e+00
-1.586569730370480613e+01
1.576804865309546244e+01
-3.165152906023346802e+01
-3.190998887531648620e+00
-3.306211823071356548e+01
1.713941559777532575e+01
1.092614857767298986e+01
2.280380542191832660e+01
8.847247439068752328e+00
-2.083140773743174989e+01
-2.195268311819550533e+01
7.904675435506128167e+00
4.526781118435643236e+00
3.929018081052973344e+00
-2.445062706982860234e+01
6.704799843549039906e+00
1.320664296380083158e+01
1.356747629003051259e+01
2.980963601428882725e+01
-1.438078339198148825e+01
9.902901149904131728e+00
2.224802621385320833e+01
-6.257088093633228709e+00
2.295028073822156500e+01
-2.783160550920735687e+01
1.393582809476444595e+01
-9.093130807483049693e-01
1.553281751642344943e+00
1.504579099539277820e+01
-2.952723556373736358e+01
-1.033067136346404169e+01
-2.684025911518244101e+01
-1.056131483263320803e+01
-1.681384731708382674e+01
-6.337915743072301211e+00
1.478407661336062517e+01
-2.935623488663992475e+01
-4.565984606648598287e+00
-1.404681366564147993e+01
4.338101535744428361e+00
9.494130406570299385e+00
1.952167000134474506e+01
5.653659322548385546e+00
2.659848639250283497e+01
-7.078247131402669368e+00
3.101797801836241320e+01
-4.193436075133796237e+00
-7.974147270465167026e+00
-1.239175589729117632e+01
-1.737984769296118515e+01
-3.340755725109784180e+01
-1.430775835875662239e+01
1.405925460355766177e+01
-1.510843807231530889e+00
-4.639276137381578735e+00
7.564710806457888737e+00
5.022249490306492703e+00
2.714790841858311410e+01
-1.047076672120497420e+01
5.363613337891578681e+00
8.489696807076249740e+00
-1.933901260432031677e+01
4.550603350249019741e+00
-2.443709229724399989e+01
-2.364826297145244993e+01
-2.086318772796487053e+01
-3.753311059048535014e+00
-3.065401993151652960e-01
3.462925780070114001e+01
2.211584880916466034e+01
1.167863624402846057e+01
-1.093827475044136577e+01
1.830921924525232214e+01
1.355164181616125063e+01
1.250780153667907513e+01
4.332692796695013726e+00
-1.402171148406090850e+01
-3.936098210738190772e+01
-8.357573481772433865e+00
-1.869914290158026660e+01
-1.747529145857303945e+01
-2.524586898577129190e+01
1.001685193938063634e+01
1.095424738652484820e+01
7.981922213864876881e+00
-1.071270897716046022e+01
-5.840490670500386727e-01
-2.982207940429432824e+00
-8.551955135624218940e+00
-1.948253730139769502e+01
-1.920026301482057463e+01
-1.076639076112130056e+01
-3.098107053551042611e+01
1.296557509845115419e+01
-8.120711794645778525e+00
-5.732675776934570422e+00
-2.004790710706785717e+00
3.437340550336081435e+01
-2.535174727875183009e+01
1.739284580485507092e+01
-2.436436757988099799e+01
-4.140039654104299416e-01
1.708499129114363768e+01
-9.920725750665425835e+00
-1.628848955586531133e+01
1.600678878539986272e+01
-1.211581341156976066e+01
2.413163483287149802e+00
-2.248209069090350454e+00
4.092342195382911996e-01
2.892898767153440076e+00
6.110118459493186549e+00
1.443158807873039962e+01
3.356287635104257561e+01
3.051517802225831133e+01
3.137970096150903032e+01
-9.760803032727871198e+00
-1.201813526911808339e+01
-9.948864534549429095e+00
-3.451114495490958234e+01
1.489314299102082373e+01
6.419583306056296124e+00
-2.967383658817024283e+01
-3.171498864157249997e+01
-1.055657637960938899e+01
2.149539643528483168e+01
-5.054511243444096635e+00
-6.271927765080604900e+00
-1.708595804170502674e+01
-2.630011906090217622e+00
2.123194855098920186e+01
2.347355675694309696e+01
1.066626156764979072e+01
1.729381122591999542e+01
7.084142237427037969e+00
2.184005605103072867e+01
-2.890327799469508108e+01
-1.748708146060689472e+01
-9.386498291583059483e+00
-2.499186200830209259e+00
3.611106542927127805e+01
-2.757958405923170275e+01
1.487264925857817843e+01
2.792068765453646506e+01
-3.104409503471463694e+01
-1.174122821317929777e+01
1.231955320772327411e+01
2.285228307442665141e+00
2.853152173727856677e+00
-1.152771055483855633e+01
-3.310330682325339779e+01
1.133152033955010296e+01
1.037919807881635137e+01
-6.295114956018970531e+00
-1.030318411451728622e+01
8.550284478908523056e+00
1.625867068785667868e+01
-8.451919147506750107e+00
-1.068104825836842053e+01
1.600581297976434314e+01
8.279079671327949086e+00
-1.441628712554445002e+01
2.379113129109055080e+01
-3.117791673178447809e+01
-2.141312031038281560e+01
-4.679110072181622115e+00
-7.994818946206692090e-01
3.605394329198595926e+00
1.620834179992669988e+01
-1.650344726251840655e+01
9.534395367784682662e-01
-2.533595261974255664e+01
-4.714532024751157735e+00
6.222784049035965381e-01
4.719450540561332730e+00
-2.060640787650321926e+01
-1.070291531777788663e+01
2.484522803953859693e+01
-1.609418709850465490e+01
-3.702976612315988802e+01
-1.957034256447269627e+01
1.138964664324866050e+01
1.740717232919524804e+01
-2.342277121050791067e+01
1.473384136108866471e+01
-1.054047215601173093e+00
-1.093683563086298705e+01
7.529787360505203253e+00
2.799984397709978623e+01
2.302744122989550135e+01
1.152845128783626905e+01
-2.037812642819140763e+01
1.287756084320612615e+00
2.702284137650372031e+01
-2.041730221866696127e+01
8.312378250373953392e+00
-1.355311889820008275e+01
-9.907974870075051399e+00
-7.015169105256646276e+00
-2.976392222745879224e+00
2.864057139789697715e+01
-4.319479544449364994e-01
-2.924532998069053136e+01
1.613175845448900247e+01
1.265852664841944630e+01
-2.306549224723811875e+01
4.267054942504486803e-01
-1.839937973986788222e+01
-2.557249970703763253e+01
-1.580494064805703402e+01
-9.982998928827996110e+00
-4.058362510945985235e+01
5.989520114624504288e+00
4.548844525760671331e-01
-1.981781461531319977e+01
-3.227869683879561080e+00
1.575866693412140762e+01
-1.305441134857355934e+01
4.745285341002869473e+00
-1.916639325724631604e+01
-2.349829628150617111e+01
-1.679936782396440975e+01
-9.016580450953753711e+00
-1.895190444693249887e+01
2.161127940427201111e+01
-1.603091128301620216e+01
-9.455554007653297788e+00
1.232177062020326730e+01
-4.013016078678987242e+00
-2.666075782537006944e+00
-6.851502119829603998e+00
-4.778739346017516709e+00
1.838972652758941706e+01
2.378497259277703790e+01
-1.943747118375987881e+01
8.344738840962492077e+00
-1.090028868464595035e+01
-2.358376721104072971e+01
-4.352608241700004044e+00
-1.005323933683595072e+01
1.392370193624722674e+01
-7.589178405741911604e+00
1.371174095689801931e+01
-5.596059119749725141e+00
1.821357047697689779e+01
8.902716666526501399e+00
2.997728249583970239e+01
1.812949566685824720e+01
-2.828502534790118261e-01
1.236237333983766007e+00
-1.794742824470652920e+00
-9.519117053997618427e+00
1.447799610105022339e+01
-1.080769790604293235e+00
-2.481970844789629282e+01
1.531207023918402399e+01
5.449844530365552941e+00
-3.498929941368696461e+01
2.064922158774005823e+01
2.210124666372874458e+01
8.364285389042059649e+00
-1.791620894477394899e+01
-1.143622047889066096e+01
1.376621056448431801e+01
1.865778222068149717e+01
3.330313597680363102e+01
1.314221100517194429e+01
-1.012962677599860939e+01
1.399927171774177737e+01
2.092415765977462172e+01
-2.266011682425738627e+01
1.446936805349179167e+01
-1.370045326499730010e+01
-3.984524126033321068e+00
-1.567155146048438752e+01
4.521344118431017023e+00
1.383414649976216992e+01
-3.732065876487411060e+00
-1.068599795928253826e+01
1.270128019180849321e+01
1.846079448089163577e+00
-2.609426764980727498e+01
2.453613738383212706e+01
9.609267026230128295e-02
-1.676936191512886865e+00
6.763464709374666484e+00
2.269983812293853020e+01
1.967642588542277338e+01
1.524945983914452086e+01
-2.180061173239761274e+01
-5.631774334108399671e+00
-1.251840005012329726e+01
6.833702109875481767e+00
-2.501400799095743110e+01
-1.906193847879942282e+01
2.295109384388277363e+01
1.367090123665466450e+01
1.098427826336704527e+01
3.751330833527936193e+01
3.362382644934766063e+01
-2.893959155280157347e+01
4.810993412386480372e+00
2.172365266150289642e+01
-1.898249182920396194e+01
-2.355372712010996850e+00
-3.023629211627815749e+01
8.369564996477976138e+00
-1.560614418850720142e+01
-1.603316194714956566e+00
1.845874012492826921e+01
2.103021082685414456e+01
-3.688921180788037191e+01
-2.258743481628573946e+01
-2.408538925482200455e+01
-2.104903021507861283e+01
6.622255472310833113e+00
5.932774146936168336e-01
-1.042733405809774894e+01
-1.364002455309689310e+01
-1.386013490967473416e+01
6.581123140582931796e-01
-8.886703757469049947e-01
8.806785772151002334e+00
-6.871692500691551686e+00
-3.813181768509656422e+01
-3.967310780721679464e+01
-7.333211830715477220e+00
-1.087097769811396830e+01
-2.106731822719714131e+01
1.439534372237659454e+00
1.882342193536568686e+01
1.330880045018456315e+01
-1.309188351884068879e+01
1.022956705566018343e+01
2.472167377675482669e+01
-1.528465363280128031e+01
1.210145132012117841e+01
1.525471012747762245e+01
1.864410360026704438e+01
-1.124706117941743599e+01
-1.811211183079198861e+01
1.816968620007219215e+01
6.433958318164300749e+00
-2.889596980066190923e+01
-2.711482051742098065e+01
-2.007868363862028716e+01
1.454237292193094788e+01
4.871568693125595928e+00
