2.838474455206343805e+01
1.097387459771786666e+01
-1.362249669836136690e+01
-1.655143509734769225e+01
6.405266837582757944e+00
3.854231568465017688e+00
1.680360120522570355e+01
-8.124519403421842867e+00
-2.332751680565524666e+01
-1.244637705602043809e+01
-2.604207897791063786e+01
3.309419188357217934e+00
1.372774101735188168e+01
3.374232418659369159e+01
7.812063618449570868e+00
-9.080331768314096053e+00
1.846499845025610398e+01
-2.249589552702316908e+01
-2.646361158632323907e+00
-2.801143385457625001e+01
-1.460340479511007317e+01
-2.801170865967515056e+01
2.799322528906591856e+01
1.971293668057202808e+01
-6.128365765072686600e+00
-3.321776825150068646e+01
-3.981242760523392121e+01
-7.647436208729587293e+00
-8.976665679367421546e+00
-3.676147636849160705e+01
-1.802662960679543147e+01
-1.343319123474982746e+01
-2.907954833408079054e+01
1.576589905920447165e+01
3.420666866664859640e+00
-2.010255608041269682e+01
-4.558914523717895406e+00
3.366217380830789807e+01
3.138215318846903301e+00
1.750833272424014808e+01
-2.164340708987186801e+01
-3.825446917168882521e+00
-2.728382566629102257e+01
-1.571538577433433659e+01
2.776835590184110458e+01
3.912722086361142715e+01
1.872511779466721293e+01
-4.853079979174134451e+01
-4.180087549116664292e+01
-3.325976373462908953e+01
-2.322522614437401245e+01
-2.609685971052079267e+01
-2.790969690361080779e+00
-2.704050544264226019e+01
1.218658289096140379e+00
8.676685878447578659e+00
-3.153523202997024910e+01
-7.154021267324885969e+00
-2.022795723123882539e+01
-8.408234497971491805e+00
-1.409068354339307660e+01
-2.372763724840297783e+01
2.741800898058775715e+01
-1.998956682640624649e+00
1.352865728229640752e+01
-2.390493978849263002e+01
1.454003793850216653e+01
5.617275139565471420e+00
3.035383002905945204e+00
-1.182968610933261289e+01
1.105902006042411045e+01
3.710117851668624667e+01
-7.278541869915663654e+00
7.232640371636598786e+00
8.513076016293965154e+00
2.518178976506821698e+01
3.051878975118057724e+00
2.943379563224239348e+01
2.869324011395674745e+01
-1.693099757348527135e+01
-2.581057390640111748e+00
9.503593892099360119e+00
1.198469139961071050e+01
-2.249688638111042494e+01
-7.233085468749351321e+00
9.009928225881346009e+00
6.716525585708332358e+00
3.092350464816075828e+01
8.178997894487871179e+00
-2.195736353695915000e+01
6.830409731931631256e+00
-2.472078626144583779e+01
-9.402514884065872991e+00
5.416003235085554479e+00
-2.831401148991286476e+01
5.980189608032034698e+00
1.814097118239830309e+01
-6.405368683842674216e+00
-1.643754640690065116e+01
-1.498854819196872512e+01
-9.699015280888083623e+00
-3.448370435734938155e+01
-5.102314761464526782e+00
-2.720778125380630641e+01
4.088885898652921469e+01
-4.967729709344396838e+00
-1.414108522963891801e+01
3.047795374354059561e+00
-1.325976768315875631e+00
3.327214056554083754e+01
-1.425444115545507628e+01
1.579033951415098613e+01
-3.790100173770852621e+00
4.273667635115407393e+01
-2.348091524285258913e+00
3.334973288777906930e+01
1.623221639456315302e+01
2.412352682107609780e+01
2.963569742575892008e+00
-5.860407149484736067e+00
-3.921196219284014006e+01
-7.574189384745203313e+00
7.187307233983943888e+00
-4.007445987184981107e+01
-6.142838874547628336e+00
3.855034878001930565e+00
-1.534548603422516777e+01
-2.087272918314175385e+01
5.000000000000000000e+01
1.926396176813582883e-01
-1.783256281427259182e+01
-4.103558208689249653e+01
-1.006610982179027047e+01
-1.386306869386720564e+01
-3.456098813230173761e+01
1.189549988167995309e+01
-2.348484227801080948e+01
1.092427226835610554e+01
-1.737475810047318703e+01
1.005180511180589065e+01
-5.936268298137648003e-01
-3.701791495927262332e+01
9.744380000325612912e+00
4.303670333364628675e+00
2.443008036722065413e+01
1.057189812476892143e+00
-1.365752937871768324e+00
-3.417804584018328029e+01
9.172133518142686626e-01
-2.084012061739574762e+01
-3.949317846440862922e-01
-6.296661626661233413e+00
2.598278685680783440e+01
-1.105306616323740343e+01
-1.980783672796491146e+01
-2.112927776552416859e+01
-1.435660507875780922e+01
4.479124097938513671e+01
-1.249764791453274171e+01
-1.205863047605923555e+01
-2.147140137177573394e+01
-1.971470384271326637e+01
-5.319751838536070920e+00
-1.920393336638985815e+01
1.033650242584187851e+01
2.523912339866087962e+01
1.365698721567689944e+01
8.181089682332313373e+00
1.098264119622619717e+01
-1.108480446524924901e+01
2.572478757027404583e+00
7.164855887596701223e+00
-2.103581174658680908e+01
-3.162258856394117146e+01
5.907814326610228761e+00
-7.629440515364635189e+00
1.398685972211382023e+01
8.814152023004986347e+00
-3.967595920749427307e+01
-1.493671664082351924e+01
1.468148294267838594e+01
4.033367999126454606e+01
-9.571468929929373815e+00
1.828604698450587307e+01
8.368133153370607147e-01
-1.395983159185258415e+01
-2.429559837369649244e+01
3.332444691353818200e+01
4.473919138601044665e+01
-1.597297243270093503e+01
-5.899635093176335943e+00
1.530651450177545314e+01
3.253280380057128696e+01
3.182633873969552951e+01
-4.598162875955353002e+01
-3.450035529760993569e+01
-2.305316123857426192e+01
-9.509205255070497742e+00
-2.976170892801262724e+01
2.757304089736749120e+01
1.391676239473107302e+01
-2.760635840060053781e+01
-4.704174428809366759e-01
-2.167595072593076111e+01
-2.987475586987415710e+01
6.063629963487414898e+00
1.245062480502510027e+01
-1.318154208654995330e+00
-1.597822606885979724e+01
-2.151502792348522064e+01
3.268253830841892693e+01
9.740718169438622454e+00
-7.474953932163941772e+00
9.169619276314520562e+00
7.788585212390607637e+00
-1.044500342665794790e+01
-1.062205228477658636e+01
-1.055787396790379518e+01
2.146042268896007954e+01
-3.228936079071647214e+01
2.234281513757730409e+01
2.626499657327201476e+01
3.148718299562862910e+01
1.812881626399352797e+01
-6.977876319286934859e+00
-6.633276069304749001e+00
-4.326857588130128107e+01
1.653312064777183821e+01
1.775597380136295556e+01
-3.806153133120389498e+01
6.607409016483323683e+00
4.238284478852882842e+00
-2.119887918825244100e+01
2.142868185790976554e+01
1.163381205155798881e+01
-2.295409128717821901e+01
-5.817000807940935658e+00
-2.672310558853440554e+01
1.613262580521201528e+00
9.909497611293907937e+00
-1.134514267362979467e+01
-2.929131179944944208e+01
-2.007963754266915402e+01
-1.844900882549773158e+01
-7.787534673571897770e+00
8.838388633585481102e-02
-1.863367554616262112e+01
2.021298993242403697e+00
1.420818374566876230e+01
3.126038930483342426e+01
-4.043287229478643496e+00
9.308007008587672715e+00
3.784199801290293408e+01
2.362817944487909472e+01
-3.387801769639327176e+01
-1.307413328063577751e+01
-2.539534115876406162e+01
-1.121706688496828974e+00
-2.134459553286245281e+01
-4.829756772800431008e+01
5.561019944632420220e+00
-2.396715667009044992e+01
1.217847672105579448e+01
-5.453645063946581217e+00
2.002300277029659981e+01
-2.125992614730279229e+00
-2.569629204665324806e+01
1.733211913405405369e+01
3.701336880899860660e+01
2.317573244243843078e+01
8.736204717032336475e-02
-1.114199341782880026e+01
2.410938718591090435e+00
-1.785488800697103784e+01
-1.504217260761363661e+01
-3.229055498900997634e+01
-3.301970949609554395e+01
3.220239967028672368e+01
3.092405413361831279e+01
3.483339846137674556e+01
2.900640613385102995e+01
1.290788584897730829e+01
-3.738071018770794751e+01
4.088231115722827269e+00
-1.082799136720928601e+01
4.275623069406009336e+01
-9.580203622525388596e+00
-3.312543356576875198e+01
-2.671555280594508730e+01
-4.092004153698324131e+01
2.071499669978591385e+01
-1.158644554703740681e+01
1.042221508865175394e+01
-3.239140173468625505e+01
-3.876070809189144484e+00
2.773849186425320568e+01
1.062911485496036335e+01
3.726953690799672358e+01
-1.223144384227282444e+01
-2.652905202331082180e+01
5.052914318184051012e+00
-2.918889436804258963e+01
-3.527743928644635929e+01
-1.873342921804742645e+01
4.683279965775021481e+00
2.345846629480321610e+01
-2.836923576077785469e+01
4.296961991461110131e+01
-1.362041567239573681e+01
-2.421590976361898129e+00
-3.328659441396796126e+01
-1.582434356055733105e+01
3.093860469888565490e+01
3.091006384054367118e+01
-1.990799926907385498e+00
-3.798373409489465757e+01
-1.895353185181269495e+01
-3.431439593496565976e+01
-1.212691610108926454e+01
-2.383912835330945157e+01
-2.723605617944620505e+01
6.426468358547055004e-02
4.050279792674231771e+01
1.417697519615340696e+01
-2.178921961998622692e+01
-1.030611623175140323e+01
-2.375783738448092208e+01
8.141510022016205994e+00
-1.939080019892110585e+01
3.074523628198107872e+00
-2.043587183960535114e+01
4.267809227381981430e+00
3.997572404144460734e+01
2.979426709998713818e+01
-2.268525008016034761e+01
3.478168804346502441e+01
-1.299378603812357369e+00
3.536513763818796008e+00
5.423651479379984153e+00
2.359238484897281296e+01
-5.711213935835637301e+00
-3.959577986841895836e+01
1.040209009646455485e+01
-2.339020828372042615e+00
-3.226208292248642806e+01
-5.769024763881667184e+00
3.656849419051526695e+01
-4.781676575870790202e-01
2.655227900350119796e+00
-3.398043131258788918e+01
1.917176374109210713e+00
-2.002601888473786218e+01
1.304236955454072699e+00
1.950406750006999346e+01
-8.136635504042331490e+00
4.422459385650810759e+00
3.019305551466800353e+00
1.131835746844149782e+01
1.511601288574703972e+01
-1.681001671634098216e+01
1.935755481195947425e+01
7.916137507867659906e+00
-4.309029391949723475e+01
-2.479524836937849841e+01
1.060899714004630567e+01
1.055282686458846086e+01
-1.536274976116910551e+01
-1.346148905049490452e+01
4.284332347386907713e-01
1.390270929098973340e+01
-1.979501377427742170e+01
-5.079154735681342459e+00
-1.214628549098170396e+01
-1.664781204369626977e+01
1.548309397456293368e+00
-9.757343909065177456e+00
-3.021900286849090733e+01
-1.589844286113236649e+01
1.268175700813479523e+00
-2.995900062814162368e+01
2.263283521419353406e+00
-9.999955217408363239e+00
2.027773290450329569e+01
1.932829177156779110e+01
-2.271124657167797878e+01
-2.489652188696958035e+00
2.143030255219701985e+01
-2.992288576511108289e+01
-3.369045175922612145e+01
7.858907448234162985e+00
-2.459704040961634419e+01
-4.400900751951199652e+01
-2.173303968500108851e+01
2.879641880031869050e+01
-2.898695853751027585e+01
1.801893651815615272e+01
-2.915570484029733578e+01
4.149188932423929543e+01
-2.335987219572686158e+01
-2.902222380159091841e+01
3.577670483814149804e+01
2.272000328329558272e+01
1.846152424668461833e+01
-4.292734331448671981e+01
1.966017453549949323e+01
1.667926521805324569e+01
-2.998217978602156109e+00
2.973244387206344186e+01
8.313251471538009696e+00
3.309749995668246925e+01
1.220035991989184510e+01
5.289392733902388954e+00
-2.738291650975682145e+01
-2.630497393689705632e+01
-8.938667485003662705e+00
2.732841596458457900e+01
5.233063609927256721e+00
4.113558757962324819e+01
2.051230889627349541e+01
2.271969989043340377e+01
3.932546564646003162e+00
2.129667104647371900e+01
-6.150081477396241780e+00
-3.987174467315028892e-01
-7.934105862486411809e+00
2.397614507244659876e+01
-1.272475134431718402e+01
-2.548863126150286007e+01
-2.281842066875694286e+01
3.341785339488654927e+01
2.641975979160359600e+01
-1.446569987649863265e+01
-2.641013490975126388e+01
3.927181582317152220e+01
2.883974839484750419e+01
-2.701062924608954674e+01
2.571614674250153598e+01
6.158210549888956109e+00
-5.357710895496957448e+00
1.040669512019359644e+01
-1.100395243502949683e+01
5.635006403117074569e+00
-3.365054494672446594e+01
-7.404206541062471558e+00
4.648894469652475436e+00
-1.294760610261798917e+01
-2.021768019975922570e+01
1.763535971091360466e+01
-3.357328121145647515e+01
6.503991702131074248e+00
-3.924579255910032316e-01
3.615946542249727713e+01
4.584040316950228089e+01
-3.838020660138397488e+00
1.104482007010444278e+01
-3.883539640273768612e+01
9.180845654559291802e+00
1.888478557263788105e+01
1.404630576312561629e+01
-1.832225301878663259e+01
-2.314866276492695718e+01
3.757514006827243236e+01
-1.886644793981644597e+01
1.336401324195601603e+01
1.071990606851171890e+01
-4.424244835751360228e+01
-2.032555048762411332e+00
9.736715060154033097e+00
1.746802872938616247e+01
-4.335046258840176137e+01
-4.474866825316482277e+00
-2.342492703544018084e+01
-1.700141359610078950e+00
2.914654767117836798e+01
2.670229780814293008e+01
-8.703660671333636856e+00
-1.593217049049265910e+01
-3.501642202789696512e-01
-9.832171671882235842e+00
9.321036880626131449e+00
-2.871711659634922498e+01
2.272352083706466885e+01
-2.853800796975471243e+01
-1.138159484204478389e+01
2.361621697492542182e+01
5.669688204296988943e+00
-1.196151064579198220e+01
-2.696792115888591113e+01
-1.986198852258514336e+01
-5.466265270806843546e+00
-3.225782967479703700e+01
-2.548380794738375243e+01
1.182405708514342280e+01
1.592154791614863996e+01
-1.881243817140831709e+01
1.118984150555341017e+01
2.525663835196689888e+01
-3.761269035137335237e+01
-1.071319203177593948e+01
9.097132962429995473e+00
-4.379251402392423387e+01
3.205448997798835364e+01
4.857439448201465382e+01
-1.776277708471003791e+01
8.862999196710553917e+00
-2.606054942980232525e+01
3.482780448023534348e+01
-3.603273278934329937e+01
-2.512132662952221551e+01
8.566154255704283571e+00
-1.746234795223720937e+01
2.706872900365200962e+01
2.748507533923340418e+01
