-2.543617468698066375e+00
2.107024113796927622e+01
8.070171616080934029e+00
3.428680971062391336e+00
-1.286912876019999885e+01
-2.443050051002332879e+01
4.548837686590104568e+00
3.615986454179119391e+01
-1.899467385108659201e+01
-1.363859551021327832e+01
-2.343698155907745218e+00
1.299221146849727404e+01
3.496460749922150058e-01
3.397329007788523825e+01
-8.947868048496665949e+00
-1.385958243991375127e+00
4.489290885350463611e+00
-4.758560144170843387e+01
-3.456207564550750533e+01
-3.982820378799888772e+01
4.796116716613525455e-01
-1.002804983316880794e+01
-4.825383888278516054e+00
1.048556462100933828e+01
1.976198895390162136e+01
-7.567110446754966802e+00
-9.613184242578611816e-01
-4.440951962327289237e+01
-3.714349233431860853e+00
-1.823227947141372596e+01
-2.327483626851876153e+01
-2.485379721091736016e+01
-1.106975347020940603e+01
-7.911323223960266660e+00
3.253792171073020256e+01
2.215783974319344907e+01
-1.626575101073097329e+01
7.635722992393453978e+00
3.713239465938880812e+01
-4.977123812241487144e+00
-5.611613651474641529e+00
-9.334157784574486527e+00
-2.877833732894278285e+01
-2.822448489609831768e+01
2.338176372973180150e+01
1.191591872708050204e+01
-1.878973916280440193e+01
-1.434681498350053630e+01
-3.039507189240165275e+01
6.292723843582749055e+00
-1.036795978771543503e+00
-1.850357242223025622e+01
-1.196728844955443094e+01
-4.188561431009851788e+00
-1.379380460539687903e+01
2.871204184207236665e+01
-3.264025226974607108e+01
-2.758404615679532768e+01
1.203858271975073535e+01
-1.153082922309884850e+00
3.083549563648738001e+00
2.284852802712723019e+01
-3.816674863582584010e+00
3.540170627664865322e+01
9.769246733984715547e-02
-9.371831501176522750e+00
7.370914134629380499e+00
-4.605156631990484328e+01
2.587345108138160299e+01
3.013497189894079042e+01
6.324770198636372243e+00
2.760594923797050626e+01
-2.923572795734457586e+01
7.411546340538713196e+00
2.141234265894487976e+01
2.847712759003748317e+00
-5.595163862499461516e-01
-6.901794718613118107e+00
-2.126881611318442822e+01
-2.838400661044665085e+01
-6.473031928471058905e+00
-2.319129776129607023e+00
3.567329314154974895e+00
1.610906505913200704e+01
-1.115420796190542063e+01
2.817903114995290537e+01
-9.657805638055222630e+00
4.059977159857852769e+01
6.766477064116713791e+00
-3.794012717550603497e+01
2.149794837570946981e+01
1.358280721383226819e+01
-1.419940467718044630e+01
8.032340294846818551e+00
-1.777641419353101071e+01
-2.651956080555143558e+01
-8.938111096583043036e+00
1.141107977224338299e+01
9.380338279264478274e+00
1.467109146945698228e+01
-1.346689387829933793e+01
1.475620168246474861e+01
2.295909126516238530e+01
-2.627547252677182499e+01
3.716278427403447893e+01
-4.601467895718357681e+00
-4.578421136978718664e+00
-3.406888751162448159e+00
2.761903639790344300e+01
2.536275560929446726e+01
-1.930300210439851583e+01
-1.881043609202025024e+01
-2.474768754113804192e+01
-1.199261982166191842e+00
6.199942291366056679e+00
3.234735177079058133e+01
9.581075251375935409e+00
1.503647319916136382e+01
3.942297264220238162e+01
-9.870698659604677516e+00
-8.980424950103341075e+00
-3.002932223935574996e+01
-1.887278592036075153e+01
-3.786457673846955885e+01
2.848004486086703935e+01
1.581935865330815716e+01
-1.347293826758402702e+01
-5.640652387989462113e-01
1.521886377771419063e+01
-4.382436750050068497e+00
-1.733106991837824040e+01
-3.247979240296697867e+01
-1.586703781784686385e+01
2.180268670099339090e+01
-1.417594481776136917e+01
-1.071137039656940004e+01
-8.644981915482787826e-01
2.269623724652834085e+01
-2.927475607940401403e+00
-2.483055320657635434e+01
6.615343066889707302e-01
1.449798933900879661e+01
1.408883520322514471e+01
-1.546786194594307773e+01
1.606880461619897460e+01
2.822605181384325590e+01
6.382587152649186635e+00
-1.240340945078266088e+01
2.867438302171980524e+01
-1.849187005594018274e+00
2.487797831016067107e+00
4.072030823442361225e+00
1.208518815316420358e+01
-2.595583759204303931e+01
1.840339832188494995e+01
3.335970819538910348e+01
-7.448349012623893373e+00
2.185663708992144905e+01
6.734511244351892856e-01
-1.058896930441805750e+01
-4.326760082871565771e+00
-2.191591596780148521e+01
3.065922388426767498e+01
-7.237099632982207709e+00
2.445963899944014486e+01
-2.748793963076541047e+01
2.555797011530539464e+01
-3.535427267865822643e+01
-1.613972628531905684e+01
-4.471503578312274385e+01
2.487465830143797518e+01
-1.126334212302011650e+01
1.942712098742613591e+01
1.696179042362129508e+01
-3.869637572166652717e+00
-2.917270620287859018e+01
-2.835133719392068485e+00
1.118597762496350612e+01
5.861803296426693066e+00
-2.288594465852913373e+01
-1.042724658738301002e+00
6.953966101780714837e+00
2.405730285713839578e+01
3.751964668505891609e+01
-6.769338281091307863e+00
5.301766197675448211e-01
1.508334511378916432e+01
-7.709979117433633178e+00
2.746375003019893768e+01
-3.368810913452391986e+01
2.798226615841548437e+01
1.400192194206141494e+00
6.701906022415329289e+00
2.579227070275580047e+01
-2.798745585985561490e+01
-1.754550931217009690e+01
-6.186963763021346097e+00
-1.625052159696004139e+00
-3.093904857912441742e+01
3.028764642611371016e+00
-1.186184375500623389e+00
-3.840297288424032729e+01
6.903598829807862103e-01
-9.667721220172012409e+00
-8.892839504138876805e+00
1.046663979158154234e+00
1.007743331370043194e+01
-3.481479602241535076e+00
3.344308213496101700e+01
-1.384927868595692502e+01
2.822573172041134626e+01
-7.440596004888533344e-02
-1.408668708798946057e+01
-4.518284706550993235e+00
4.302804758975867117e+00
-1.761574623022292485e+01
-3.039756931459701050e+01
1.830653260677607364e+00
-1.372440014560831401e+01
-1.794835549032755750e+01
-1.203230747825037383e+01
8.131170567052983245e+00
2.205083694644862646e+01
-1.805267786823552711e+01
2.049352718302820620e+00
-1.681665030281177309e+01
-1.424738860343014579e+01
2.917406912862156787e+01
-3.442419612397983286e+01
-1.644130762777889743e+01
-1.689283641905060307e+01
-2.674129646113598824e+00
1.120763558093531742e+01
4.021681053338556922e+01
2.424341039481697635e+01
7.838209821081790096e+00
1.137092340787023659e+01
4.023423102288859354e+00
2.631617263693806308e+01
9.003934114732771832e+00
1.768346543461069587e+01
-9.489274458970015758e+00
-3.697395044480553850e+01
-1.267977246584551665e+01
-1.065153640629663556e+01
-2.435619010813912055e+01
-3.747568769829609892e+01
3.548747435060491284e+01
1.920690945784065207e+01
3.179010362735468220e+01
7.939296644494234556e+00
1.233383320669712191e+01
-1.697201642356406381e+01
-1.232302003478724828e+01
-2.243176601860439234e+01
2.550643387761809322e+00
-1.479804698529162721e+01
-1.980707449298288481e+01
7.285651142218128484e+00
-9.383032059089138954e+00
-5.503016609562969563e+00
-1.372685533476357733e+01
3.227078033024167780e+01
-3.694003635972832456e+01
-3.904888973622995252e+00
-2.651274140308405691e+01
-2.022475019959231091e+01
1.965228393651445060e+01
-1.549364115314745050e+01
-3.689782560998310146e+00
2.500293191466262499e+01
-1.985467554872241180e+01
-1.391088709256487022e+01
-9.043614428428945473e+00
1.176217086861372962e+01
-1.403790793491970135e+01
-8.011455786894352116e+00
9.341972948622547790e+00
3.607489898528848471e+01
2.142018019966135967e+01
3.520002764413938223e+01
-3.321645781088328420e+01
-1.322280241356127561e+01
-1.145049364572591344e+01
-3.720952700263415380e+01
1.633312135261786580e+01
-5.662566627757755100e+00
-1.157309150054931735e+01
-4.042559589727398617e+01
-2.234610969032500094e+01
1.611537296221669635e+01
1.669022003730236747e+01
-2.571087378668912748e+01
-2.198764926965651156e+01
5.578915318148602864e-01
2.596884166086390167e+01
3.018935975019188334e+01
2.684672286301392319e+00
3.541964305155292436e+01
1.710431873846943063e+01
2.036737523455023791e+01
-2.058931528346457185e+01
-2.537055854934091670e+01
1.731341068681079776e+01
-2.036889744233920041e+01
2.791136157609643931e+01
-1.562017471556804082e+01
4.863854962772386159e+00
3.278975004638596147e+01
-3.292998675011051546e+01
-9.403469926676173429e+00
1.090914436124639053e+01
6.748560784339893814e+00
-2.424961689270503484e+00
1.007633772050661491e+01
-3.822383609282854877e+01
1.427104271182844286e+01
8.517028937411865286e+00
-2.057901612783448897e+01
-1.419459842773108704e+01
1.895984106820336024e+01
1.725635568480954873e+01
-3.544475662335052846e+00
-1.935687000737665642e+00
3.240599521044273956e+00
2.876597804608780962e+01
-1.417625123134762077e+01
2.912405370331808285e+01
-4.048233972607020092e+01
-1.502581073682306112e+01
-1.325694086248908832e+01
1.489538206465896053e+01
6.865486248060058472e+00
1.542446334137692077e+01
5.181034216793634073e+00
1.254686272096802213e+01
-3.835831244186628197e+01
-1.339282057654209979e+01
1.891665672588753466e+01
1.015834314835235830e+01
-3.199329399639520943e+01
-1.078171540539750595e+01
4.832723597261201576e+01
-2.748432115748216020e+01
-2.733886373090220800e+01
-1.923135229986543848e+01
1.931738810912439419e+01
3.363653389213084210e+00
-2.935211711159535497e+01
2.226289604615348594e+01
1.233958023647112867e+01
-3.076026174473847163e+01
1.440994800396644848e+01
2.343059988723425136e+01
3.063948479276955084e+01
3.605719772593546679e+01
-4.849816670017141007e+00
1.056326339309116946e+01
2.889870957393753770e+01
-1.726269777755874202e+01
1.201206648274590805e+01
-1.240148417398859948e+01
-2.916647447017716388e+00
-2.113252980457379593e+01
-1.238058300217409169e+01
4.797421875287518844e+01
1.515555747586627433e+01
-3.951348811652232484e+01
8.495006035821916157e+00
2.631158483335070741e+00
-4.050233771396108295e+00
-2.451925824704246537e+01
-2.730666550947595184e+01
-2.508014140643212642e+01
-3.386937300237559612e+01
9.948348255266914464e+00
-3.640668328845783464e+01
1.277733861894660805e+01
2.439475973751208926e+01
-4.567561002160083206e+00
-2.344128086891124241e+01
2.244610174792288149e+01
-9.521430041672232392e+00
3.498689836928271291e+00
-3.455955799281962015e+01
-3.918907591000928647e+01
-1.714179909241667588e+01
3.389962037184204746e+00
-2.959270938681027729e+01
1.891321769596811464e+01
-1.247061336168877688e+01
-6.833371173418292699e+00
-9.151352234732584634e+00
-4.884436461950656394e+00
-2.237149842328794946e+01
-2.037210751132500519e+01
-5.270137622671533961e+00
1.574709115732866849e+01
3.446544049249781949e+01
6.607830658086228937e-01
1.549303183823782604e+01
-2.815200855767446697e+01
-3.330454889938420138e+01
-1.588520385294101800e+01
-1.311359792763545329e+01
1.868558513987588299e+01
-2.365327813593116701e+01
3.202374148557029798e+01
7.668721438350914354e+00
5.528890833491097112e+00
1.885582384461046956e+01
3.457078935459871616e+01
1.494300439689146742e+01
-9.611865106096885825e+00
2.570855214423609425e+00
-1.431761665080293255e+01
-1.707976357928941979e+00
1.368445554245225537e+01
4.250213626780663390e-02
-2.138563035026893644e+01
4.748246029656222333e+00
-1.074945251542484925e+01
-4.085366286046387785e+01
3.977939794573786969e+01
1.757880430135540450e+01
-2.557751942832410919e+00
5.907646128158773990e+00
-5.265007704545674017e+00
1.174452382891062285e+01
3.016518925773395665e+01
1.891157191437129370e+01
1.658859643950538043e+01
-2.587321903793066724e+01
1.626744045098205049e+01
3.952508577544291768e+01
-3.118817849061104042e+01
1.026329496535968389e+01
-4.244706999406666625e+00
4.345103824583674168e+00
-3.304611468613337166e+01
-7.825838767948233965e+00
1.188275674406276039e+01
-1.117077880579088855e+01
-2.318057051513613942e+01
-5.346666583916082516e+00
1.322552348097600827e+01
-3.413011678598213194e+01
1.757151021747330333e+01
4.198912385247012935e+00
-1.760844709441204259e+01
8.711936489801132666e+00
2.145681655432368018e+01
1.580398808555050039e+01
2.481280387123831588e+01
-2.391531977192395431e+01
4.828889071205686889e+00
1.084234737314140773e+00
-1.967818270177532014e+01
-2.274077878343280190e+01
-1.213436906692889039e+01
1.152988534902858930e+01
1.484672957975504914e+01
2.344002721507655451e+01
4.461408891896340378e+01
4.853708569305648268e+01
-2.725576654816839195e+01
6.501879571784755285e+00
2.110240861564240333e+01
-2.536119842616454534e+01
6.085779240866607154e+00
-3.138646963866511541e+01
-2.252413256687020748e+00
-2.941296324128813211e+01
5.629211859743143975e+00
3.188606122935981091e+01
2.113756283766484501e+01
-2.534735099192391772e+01
-2.164346151269990060e+01
-2.353894618928691784e+01
-1.274414794603904255e+01
-1.983727303860909785e+00
1.255615097927608304e+01
-1.636465532540623968e+01
-3.131138351635733841e+00
1.468389017788716444e+00
1.256529484051038992e+01
1.954532209778162155e+01
1.667944854426909274e+01
-7.459174089017970743e+00
-3.303430227021853227e+01
-3.902108109290081472e+01
1.487249684440367048e+01
-1.591084922531253198e+01
-1.163835170849863232e+01
-2.516963284419297509e+00
1.450848590859675369e+01
-1.240474277565093075e+01
-1.701090855736396179e+00
1.144829293478558441e+01
4.152758417056610085e+01
-2.266331806388305381e+01
3.384730730134486976e+01
1.805110464019395522e+01
2.452925581976180069e+01
-1.052209737627985930e+01
-9.539905391627343079e+00
8.013296665068665448e-01
-8.222480413211798123e+00
-9.319552771151116133e+00
-1.586901394752405992e+01
-9.734527866720320333e+00
2.206940107782675398e+01
-1.768897015899062808e+01
