1.261754460284092261e+01
2.052093685401061407e+01
1.426746604878242408e+01
-6.602503542744678100e+00
1.576653767401840867e+01
-1.636592972316250894e+00
-8.543893200367314478e+00
-9.964734449732695509e+00
-9.298873623803643795e+00
4.227098300931011465e+00
-5.710467303346007384e-01
1.092567685531248145e+01
7.124059136292686389e-01
7.163859885235623892e+00
1.538798741416616167e+01
-2.169490223203182566e+01
3.244762534604042514e+00
-6.430894618410768260e+00
7.266323990253440002e+00
-1.855641688490887731e+01
5.699962861281058224e+00
5.728930764693096478e+00
1.966645324958591345e+00
1.308496038761624192e+01
4.476702652714095620e+00
-4.598855401601490200e+00
-2.275396893673321586e+01
-1.087424860355564959e+01
8.105863493764807970e+00
-1.099708060986925773e+01
3.360560021733327574e+00
1.376453869414326903e+00
3.101432709344344119e+00
9.720581928844175934e+00
-7.292747515835337424e+00
-1.715487215214643868e+00
1.220036926152332768e+01
3.602354318960188095e+00
1.080860517112114394e-01
1.899920033136716313e+00
-1.319627536477671015e+01
1.496748696721110150e+01
-4.915375574983571028e+00
9.430313445560436492e+00
2.297537123030988937e+01
1.367811999099708231e+01
1.169179442919067924e+01
-1.015475959346455426e+01
-1.700288351106531337e+01
-1.209225750159976798e+01
-1.851443654877991563e+01
-1.010919569877798807e+01
1.089926523232433198e+01
1.186439681142239522e+00
1.501440641980636315e+00
1.216022829478929168e+01
-3.105929242837575543e+00
-1.019323349316562854e+01
-1.857206536360638793e+01
1.171294760332561680e+01
2.050171303478286688e+00
-2.214616290180970282e+00
1.736015914223622758e+01
-3.532335596650781895e-01
8.151783936101018924e+00
1.122851463168494490e+00
-1.153792211497799514e+01
1.456550674849843574e+00
4.526752153064869333e+00
1.275526662777474485e+01
2.304826144101824070e+01
6.843268804300592478e+00
-4.460277223222291809e+00
6.553218218513755744e+00
1.575242566929765076e+01
2.666263785734749092e+00
-5.483710209471510666e-01
-6.265616695787059598e-01
5.651501912237854697e+00
8.192211027695542214e+00
1.287500587924588302e+01
1.471689161489766207e+01
1.514212982218869286e+01
-5.159322653821703852e+00
1.278259397854188961e+01
-6.393095787104506655e+00
9.677253109432534472e+00
1.508005515257744378e+01
6.352789079412325179e+00
6.934504004389332010e+00
9.752516625612628332e+00
-1.705624204628243490e+00
-1.210230151523298048e+00
1.902928604030080351e+01
-2.749861795032773770e+01
9.440788834178732714e-01
-5.210416055334512464e+00
-6.946057292137972183e+00
6.004039081631809438e+00
-2.014853405261938235e+00
-2.454220834193411349e+01
7.043685040494267469e-01
-1.205209945553610140e+01
-2.265345270572040093e+01
9.362280955385251957e+00
-6.225026830960658231e+00
-1.930567900449314678e+01
1.760415360761201953e+01
2.258596470151289282e+00
-3.668570851744014760e+00
2.477891001678656835e+00
1.532049309324681019e+01
-7.154434216605849883e+00
1.587576728053225850e+01
7.489712623873288067e+00
4.115931586088180438e+00
1.911862373191114273e+01
2.123292497513196508e+01
8.794589350124425664e+00
1.512924204749961632e+01
-1.304184554066315371e+01
-4.933637153775194406e-01
-1.097225348820647639e+01
-1.663042158659157366e+01
-3.314766007633451750e-01
8.701884093592390457e+00
3.784238819186150238e+00
-1.768754541104294731e+01
8.271485177092166907e+00
-1.722586215378110097e+01
-2.587468375679922161e+01
-2.387398995325607132e+01
1.044379573992856081e+01
-7.893895274105489079e-02
-2.156311492658626960e+01
1.380246883271679792e+01
6.632671743276752352e+00
8.236293368482193955e+00
-1.389374388312928943e+01
1.581452156177812185e+01
1.947523944422681552e+01
-8.098704651781531538e+00
8.071886590251367011e+00
4.476056213555558827e+00
1.002145729167318677e+01
-8.512898155341453332e+00
2.390395472898418916e+00
-1.933748954991253299e+01
-9.685264695687834546e+00
7.515072251173990026e+00
-1.791438492145246641e+00
-1.044165520115398493e+01
-9.636585374556361216e+00
-9.258283171802197842e+00
-1.145403425335913994e+00
-5.489014550352358413e+00
-1.060394339275852360e+00
7.454167019094136037e+00
-5.384939842610009464e+00
9.844056892922189661e+00
-2.430650217251408662e+01
7.853422740405250124e+00
3.540801640629688052e+00
9.261159870275072592e+00
1.176390598191062509e+01
1.058933905864827096e+01
6.811380970342327146e+00
8.997824343000345948e+00
-1.740052496262690340e+01
-1.171816446703552828e+01
-1.244620887235164730e+00
-3.140088088623308238e+00
-1.215306588733425741e+01
-7.680606296683379242e+00
1.245546966659370014e+01
-4.314594228198920689e+00
1.638669567651736259e+01
1.280308725829371497e+00
-6.992962630886196962e+00
1.395202485213167165e+01
-1.433296482012092810e+01
1.113004600951808243e+01
1.546005988522203722e+01
4.914077362881265287e+00
-1.151766080956370786e+01
-4.668049153423638131e+00
-6.067673084599420008e+00
8.903426124969946898e+00
9.779868575194797131e+00
3.887151467512815373e+00
-8.623136065764668956e+00
-9.745441162531768953e+00
2.400566167888355551e+01
1.971097550037603696e+01
-1.224458326670173847e+01
-2.502245413732011059e+01
9.970077449026959471e+00
6.103710732050380727e+00
-2.032990344579559405e+01
1.478408138353304935e+01
6.329131755495019718e+00
-1.948558126129698564e+01
-7.394921728220538171e-03
1.555558911945240652e+00
-6.953768644763378859e+00
-1.396478088773849180e+01
1.971881063550959823e+00
-1.291890525795408706e+01
-2.541209410036579186e+00
7.283238814476909795e+00
1.522682996013868717e+01
7.210220103518125256e+00
-1.625091118256475653e+01
3.964568383065433466e+00
1.443529095612666424e+01
8.087707707850277927e+00
-2.289216938527697209e+01
-1.802114876229655138e+01
-1.617585413668365391e+00
-1.424157435738900546e+01
-1.200928167140532565e+01
-8.169778775823530736e+00
7.700243645597446118e+00
1.412282487091968619e+01
-1.162180958411232723e+01
-1.990894701711410875e+01
-5.921360394634653801e+00
1.311324168340461682e+01
1.039169932922743556e+01
-1.744370647464298685e+01
1.018134486123018689e+01
-4.735694001527129160e+00
6.420666987915303991e+00
7.218693795529041779e+00
4.275141983147712210e+00
3.566528344969022157e+00
8.985820195082382611e+00
-1.602750939455297186e+01
4.555815137725950592e+00
-1.057155438059490393e+01
1.041879396478532271e+01
9.467285068573580986e+00
-7.986960233228657557e+00
-1.986085784545239363e+01
1.044310763227789352e+01
-7.689427118131746397e+00
-1.178500059929165644e+01
6.721313038324325362e+00
2.022236162661073422e+01
1.433493629767512800e+01
-3.624100956772906557e-01
-1.201133772180881465e+00
8.226356012725652533e+00
2.981435423597744716e-01
1.354664092900435435e+00
1.027960825265702738e+01
-1.423517259223430642e+00
7.714210375668137942e+00
-1.867842653218442095e+01
-1.390772185851364640e+01
2.963009458143261554e+00
-1.177448677487092965e+01
-1.210923942526459740e+01
-1.671244942519701482e+01
1.638072650250705919e-01
3.572271618202385923e+00
-3.887408645305050925e+00
2.017732390029851786e+01
1.672976669961123264e+01
1.528458978004060498e+01
1.535200498682011983e+01
-1.296787119993455661e+01
-2.123107571294866602e+00
-1.313591711237629056e+01
7.283320257493450356e+00
-2.037431676216334253e+01
-2.253167808947565476e+01
1.153481366065587110e+01
1.747644108244735150e+01
8.334414478376849900e+00
5.407994365104983103e+00
-1.190248503532210833e+01
-9.519192025407832602e+00
-1.169142687935127611e+01
1.024159821487918975e+01
3.695784597916997427e+00
-1.741391883296820708e+01
-2.275148577283069073e+00
-1.017671706493167960e+01
-1.314358266105858064e+01
-1.104703017846873081e+00
1.774981344650440462e+01
1.096165543572492851e+01
-1.979230032142856999e+01
1.490987499313169451e+01
-2.601894657181865966e+00
1.730732291171793236e+01
2.060671367087061867e+01
-3.797230645090081680e-01
-1.483146464497521322e+01
-1.614995328581251499e+01
7.211324293352674886e+00
-1.008279384441923554e+01
8.701496415793855022e+00
-5.322867292373729242e+00
5.634869133486617443e+00
-1.161323125983574300e+01
3.573761610148942225e+00
-7.995999329263483446e+00
-3.550520932087962933e+00
-2.132503876195391967e+01
-1.888658436868210089e+01
-2.445759362004146453e+00
1.789821277598022675e+00
3.722960047448921728e+00
-9.539502484876116739e+00
5.289162053982501277e+00
-1.088653293686267176e+01
-2.032773168454106383e+00
-2.542428054182769159e+01
-9.474310576864681366e+00
3.715954481502336648e+00
1.188255004613081667e+01
2.255967615221214828e+01
-2.048561774312441841e+01
1.431475668925995137e+01
-1.720635087872209112e+01
-4.168789660192601332e+00
-9.607854450243586086e+00
-7.258633110733697436e+00
-1.635496529364417739e+01
1.948657953150325284e+01
9.968163825341392226e+00
1.193849080039214527e+00
1.906119624830466819e-01
2.419240174222593964e+01
-1.041160814310174487e+00
-2.057308817561400716e+01
1.008991848392371082e+01
2.612526312416764540e+01
6.317498530936518364e+00
-1.455463295489691689e+01
4.586894446889608901e+00
-1.537196129444949833e+01
3.990099956733388353e-01
-1.422309713905167428e+01
1.118398325504631430e+01
-1.245048530060147840e+01
1.538921474844360660e+01
-1.291288171289163955e+01
1.842506161739029835e+01
-1.085027422273675768e+01
1.889917037555477464e+01
7.248004185273494215e+00
-1.083810337296507242e+01
7.162511156736499629e-01
5.225039114666465423e+00
1.448018129401651777e+01
1.089739892163277091e+01
8.703077232456671197e+00
7.604265431973587397e+00
-5.307551404665908024e+00
-1.334138566618246813e+01
-1.010977680829509495e+01
1.876424663034828200e+01
1.104826853139365994e+01
-2.554917815817105975e+00
2.113491191802452818e+00
-1.790078683468552612e+01
1.726571390533302974e+01
-6.868767217918033907e+00
-4.028726754617537154e+00
-5.555212633451347415e+00
-6.974965015284304570e+00
9.294843592717874969e+00
1.843245388894482062e+01
-1.682325576844334591e-01
-7.740149588864078112e+00
1.852444837225829133e+01
-5.193287782044130552e+00
-1.288763750669718888e+01
1.381237832693024359e+00
1.171917824191270796e+01
1.462776311761513170e+01
-1.433769517874242894e+01
-5.526733982914407761e+00
-1.725382997498563498e+00
9.872437309748548273e+00
-3.306162935538552006e+00
-1.070901108981225036e+01
-1.789521774926643616e+01
-2.241061890247711830e+01
-1.353611067855864292e+01
4.970383361628485375e+00
-2.466273694996524668e+01
3.727345359574648853e+00
3.094211203878451499e+00
1.779409065787088196e+01
-6.906971575331205315e+00
-8.304134242102612973e+00
1.706030284758706728e+01
-6.263831947328810656e-01
5.544145220437314947e+00
-1.734744478794112155e+01
5.896518767875207345e-01
1.145158475018609323e+01
-6.949955611546002388e+00
1.081374552489530316e+01
2.773502872140340969e+00
1.284922575182106641e+01
1.042630185462476788e+01
-4.029645621035484737e-01
-6.362324795886515005e+00
-1.050051176904855055e+01
-4.456439661422670895e+00
1.472949584021344549e+01
2.384235311424396286e+01
4.387932489442505357e-01
4.985008224794754028e+00
1.543110292229775382e+01
-2.377575052467015837e+00
-1.049966135791748911e-01
-4.455775199253885432e+00
1.526387872881809926e+01
8.111208429796036512e+00
9.205340323457498641e+00
9.027147664976119756e+00
-8.205629410268400648e+00
8.556466960127693255e-01
9.395676816910494722e+00
8.150929322271665001e-01
-1.611736159127973878e+01
-2.184609229940915753e+01
1.172754560720824202e+01
4.067169668631912316e+00
-6.386772524766890058e+00
2.128712138027324841e+01
1.328102412599481141e+01
-4.342656558598704919e+00
-1.108616487950682483e+01
-8.318695356971694821e+00
9.760678932729994983e+00
-5.325359197908859699e+00
-4.451916299010903799e+00
6.411415044285782017e+00
-1.060074343136392372e-01
-1.308851443308154217e+01
1.171383901919133308e+01
2.920812633229189714e+00
-1.570981499443758622e+01
-1.604248088539569750e+01
1.920046082767609619e+01
7.252629997001889706e+00
9.275374180149285053e+00
1.267018467688266981e+01
-1.426281581758098582e+01
1.847810812203719877e+01
-7.992085818530426877e+00
1.304524072080000252e+01
-1.501298226794596502e+01
-9.044753324004432216e+00
1.647056679114609778e+01
-1.286653879700308778e+01
2.796748700667215815e+00
9.359642598041695294e+00
-1.423763802124707212e+01
1.631908711652936006e+01
-7.791165113570450274e+00
2.557168175748948613e+00
-1.750984093536481367e+01
-6.779867942799768343e+00
-1.377447709119095975e+00
-2.606450319635783330e+00
2.077324076146473431e+01
1.182679660419395873e+01
3.216758105554440306e+00
9.349811303318446676e+00
1.075553125867851634e+01
3.931867290115640401e+00
2.052351088534507539e+00
-3.132989904962499850e+00
-3.532403737773520902e+00
2.708991657375072748e+00
8.554721183814159247e+00
8.181476426389600931e+00
7.863409010560573620e-01
-4.804394113185182391e+00
4.943985263450947798e+00
8.733654960329317873e-01
8.292815892520408738e+00
-1.291827337535472964e+00
7.935300713603709255e+00
-2.256771899324050423e+00
2.066420377662190333e+00
-1.496114277172964080e+01
-1.152596088475152669e+01
-1.636440066289971185e+00
2.846713550689393912e+00
6.397708434413331702e-01
-2.106065347315720260e+00
-1.879222217845967080e+01
1.780594910623527483e+01
8.854333300455884626e+00
-8.099574727649091699e+00
-7.733547334381931648e+00
-6.657420760166402829e+00
-1.403961688726774071e+00
-1.747989118018917765e+01
3.525212255614896151e+00
5.948403162767732510e+00
1.215509100853402202e+01
5.030707198103847588e+00
5.249084807491612992e+00
