3.481806607314226198e+01
1.242956474637419007e+01
-2.499839305016215363e+01
3.119142963011448444e+01
1.493428249786039430e+01
-4.409376606785541952e+01
-4.870798932568156658e+00
-1.502967952975487265e+01
-1.132741033401784136e+01
8.980667294195455952e+00
-4.352479921113518913e+01
-1.363232351439113899e+01
-1.779973783839680124e+01
8.678508188486723895e+00
1.726003957587516879e+01
-9.782266497787489357e+00
-2.353805137292126659e+01
-2.787172873399439865e+01
-3.111386701312472880e+01
-2.309321150754136198e+01
-4.058511275693436460e+01
-1.587421330144515252e+00
-2.924214980713271572e+01
4.148462327527576576e+01
6.327893664902838111e+00
-3.335145204383599093e+01
-1.474599048682214431e+01
-2.940983373021198588e+01
1.681104020719553205e+01
1.861949042300734902e+01
-4.099312390246677751e+01
-3.278328349303926359e+01
1.341867187710257525e+01
-1.712230142041519798e+01
-2.241968023863085691e+01
-1.311046757423189035e+01
3.514137878410967630e+01
-2.292860663908179220e+00
-3.645857578767319751e-01
4.434736155289378701e+01
-4.999999999999998579e+01
2.887954245722204405e+01
2.080885977608922133e+01
1.337349932596385571e+01
4.227889142244002585e+00
1.943181404162541526e+01
2.048239229250077642e+01
-1.953893243622956177e+01
-2.483607510728245771e+01
-2.439416450428229410e+01
5.632579006776673225e+00
-2.662516355911409605e+01
7.422254265722237676e+00
-2.658067749776250821e+00
-4.343202732140382949e+01
-2.026245702681454119e+01
4.301167740028041919e+00
-1.957705728910109499e+01
-3.280917128925935344e+01
1.966844176498028673e+01
1.166967668223071541e+01
5.016461674391003100e+00
-1.437851717163646015e+01
2.522962633804581856e-01
7.846734765574439052e-01
-1.956201162170282970e+01
2.905021672473242234e+01
-7.900582513796535977e+00
9.505381040758699385e+00
1.045353143777191463e+01
4.564420580057770849e-02
2.658202590895470507e+01
-4.483951881524077265e+01
4.892005359332733860e+01
-8.343325538796072749e+00
1.367043126269818742e+01
-9.063525020549199951e+00
2.140816566921877495e+01
5.336588390923090230e+00
1.013740336607802561e+01
-2.655312956455182416e+01
-1.658218341100855753e+00
9.731735331286053281e+00
2.755179825146811368e+01
1.445705893054885394e+00
-2.708057096260819563e+01
4.133961411598878044e+01
2.274929785021811313e+01
-2.263222624043187636e+00
-1.274176956362754964e+01
-2.447753205547805067e+01
-4.277047357435669994e+00
-3.647121420928701241e+01
-2.715009722362466960e+00
-2.075975593639739358e+01
3.190622470257929422e+01
2.165955776769833108e+01
-5.114727172633593000e-02
-4.112039958650129279e+00
1.431815725993396882e+01
-2.464739752417092689e+01
-4.564017180020080389e+00
-2.512182826296104210e+01
1.057825491076640390e+01
3.197446139731225401e+01
-1.841752896133009187e+00
5.299370795746447982e+00
-1.824423708425761959e+00
7.541036606923782415e+00
-6.870556287713711185e+00
2.743289500223274047e+01
2.983415069778286011e+01
-2.150164825676725400e+01
-9.206032919212859156e+00
2.797248640082457882e+00
1.370625773730640162e+01
-1.747108750192685278e+01
-1.656391412136940744e+01
7.827358439108380139e+00
-2.092321680089915859e+01
-4.348624794030443752e+01
-1.996945771371179745e+01
2.785923405266936470e+01
-3.001864571556254191e+01
-2.115888485349542592e+01
4.005586558887117121e+01
-2.584971547921810497e-01
-1.214969347648337816e+01
2.155873336607925239e+01
1.070832252255011952e+01
2.546522010972992689e+00
-1.160565983573050630e+01
-2.199106605245133039e+01
2.715673009609710675e+01
-2.892476050673218424e+01
1.041874132236078054e+01
-2.339801651519619696e+01
1.231328641485831810e+01
-2.208337386748219089e+01
5.101751083338541548e-01
-1.613173455886446561e+01
5.000362886376208849e+00
4.946133128320313688e+01
7.366620410429312926e+00
4.451545000044869482e+01
-9.759084224371719074e+00
3.236561849529066137e+01
9.086084827745864345e+00
1.757795088764046909e+01
2.156887209211312495e+01
-4.353906018511163722e+01
-8.416966674315197849e+00
1.337955652073391377e+01
-4.799430067444085779e+01
2.810351873851388405e+01
1.544713857391100476e+01
-3.066768042878198486e+01
1.454415098194995437e+01
-2.979385327668826378e+01
-1.488841528283668936e+01
-1.854242802087448894e+01
1.875383267884565441e+01
-1.790854514520682272e+01
-1.589285613382972429e+01
2.630042061312150281e+01
-1.705599282114068416e+01
6.561519607539963772e+00
1.311790685536288947e+01
-4.023943716780451041e+00
-2.221606168721140762e+01
3.295796454676006704e+01
1.822991292107765560e+01
1.896830413570876317e+01
-2.732048645247348162e+01
2.428417696785791691e+01
2.832705191529831268e+01
-6.953587343465926551e+00
3.021846877695554667e+01
-2.373805154103229498e+01
-2.411326373884584484e+00
2.381975785391423983e+01
9.652173660808891498e+00
6.937392821623809880e+00
4.149582908416998350e+01
9.332173930499280345e+00
3.837458816693346364e+01
6.829324261473814772e+00
-2.303352160258975090e+01
3.299578979057639572e+01
2.052433251172440976e+01
2.052264922067359976e+01
1.794169554640347997e+01
-9.693837342656244971e+00
-7.219411255647969483e-01
-3.236659668778776933e+01
-5.577920709663359844e+00
-5.811147399031355576e+00
-3.482476265319155573e+01
-1.765469732500832833e+01
-2.479571254259018787e+01
1.253818138249209824e+01
-2.282787493158877012e+01
-2.266731136079308584e+01
3.258261735186475505e+01
-1.942101045314146290e-01
-3.869645546427750560e+01
-2.945362376068885268e+01
9.160930100655981789e+00
1.768396120271317784e+01
-2.064062328039790728e+01
6.907922517129158280e+00
-3.356183468646752033e+01
-2.349177189350989181e+00
1.244646000725171575e+01
-2.058650245916312471e+01
7.805459715538560772e-01
-1.552426138669844846e+01
-8.902404931340157646e-01
3.734583871343279782e+01
4.872121332331666110e+00
-1.194089967581749789e+01
-6.514505614043486048e+00
-3.589171067207850285e+00
-2.137368568487845621e+01
-3.415870615575143887e+01
-1.952872132022629614e+01
6.611837527287825367e+00
-1.481181926940747218e+01
-9.392735731935644594e+00
-2.637517472173671607e+01
2.179539520155337584e+00
-2.616710103109021190e+01
1.496998519070710643e+01
3.243619195319912762e+01
4.538789687144802087e+01
1.614674750180027729e+01
2.944174052323441515e+01
-1.692537142424988872e+01
-1.196150972886073305e+01
-1.293790193610150396e+01
-1.943742441647774299e+01
8.604154759922352014e+00
-2.204764628485235178e+01
-4.368726222580123419e+01
3.692107543328646102e+01
-4.212088587853643418e+01
-1.365195053490465682e+01
1.007942538961530232e+01
4.120083132090313427e+01
2.197649981840440603e+01
-3.688142596533623419e+00
-3.680253821517930390e+01
1.786705601137875021e+01
-1.306724116156725302e+01
-5.485295411195330928e+00
5.754044054017342091e-01
3.266629643511072345e+01
-2.028455194131232275e+01
2.108310137372356508e+00
-1.816224627643813250e+01
-3.312446728446434463e+01
-4.725851826438717040e+01
5.758826022437837366e+00
-1.728920090562122880e+01
2.705177309845517186e+01
-4.305417145017232627e+01
-7.245012204690638669e+00
3.185247895415599828e+01
6.266632120516256066e+00
-8.032019047546803847e+00
6.092465945842761244e+00
3.211921585807175461e+01
-2.302060603643951708e+01
2.170872974374080400e+01
3.648480101271067610e+01
-1.464907104678435701e+01
-2.887318311120413838e+01
-2.283544401914653577e+00
8.475705550870507921e+00
2.504885181303058062e+01
3.794374050729111048e+01
-1.540299419051315510e+00
2.361986280465082189e+01
-1.805555316260064558e+01
5.188540102710803126e+00
-1.033019738560994227e+01
1.913803249808516682e+01
-5.381904187425320174e+00
-5.774528825287752909e+00
-4.279727758630826884e+00
4.453526621469126212e+01
7.420488118357262408e+00
6.879570757433029371e+00
-4.279266494346617833e+01
-2.914886291132951612e+01
2.293985295435847149e+01
-6.352048165248156408e+00
3.609635091134663298e+00
1.911573780555657720e+01
1.432242786402920842e+01
-1.709081091983939160e+01
-2.612536442802230852e+00
-3.468477026909432936e+01
-1.230315037518268895e+01
1.241013228814394154e+01
-3.814935107065139164e+00
-2.858460158787853445e+01
-1.150458642226330142e+01
1.859094331850283766e+01
6.126666237311106045e+00
-3.589216722898036949e+01
-3.108620850889622389e+01
-1.532143617931718182e+01
5.831717234869358890e+00
1.318675944168987257e+00
6.438824503367435170e+00
3.041713416361906752e+01
-5.740650607794080429e+00
-3.888835916050256003e+01
-6.023842928311992750e+00
4.996986090047073503e+00
-3.778156640320159454e+01
-1.682286334104503567e-01
-1.687478439008581432e+01
-7.432396151670374707e+00
2.251937836010316119e+01
-4.043801540032168873e+01
-1.038131107070624637e+01
-2.873290163929650376e+01
-2.230540999941833036e+01
1.473512954558162846e+01
2.018739485039053250e+01
3.682870789309220072e+01
8.825259469455247086e+00
-3.228112385634474890e+00
3.374260666084096272e+01
-1.433907741770712363e+01
-4.218372029831314762e+00
-3.055455639776932841e+01
7.727160428565447603e+00
-3.055531904280213240e+01
-1.299726316371960877e+01
1.058686950432172580e+01
-2.239123657221344743e+01
-1.395002559740291304e+01
-3.495995367296107759e+01
-2.007859283943855644e+01
3.040281326733800427e+01
1.375774389730148783e+01
-6.322398482171934120e+00
1.166458625165569174e+01
2.094122032126787758e+01
2.834045094451788316e+01
4.347040597553800012e+01
1.753807008786171195e+01
-7.246849773159169672e-02
-3.264209863102902887e+01
-1.805960790473867661e+01
-1.824277920610946779e+01
-3.196517879953824703e+01
3.042709584109670118e+01
4.192432124759037038e+00
-2.457209733774018545e+01
2.552886871447593364e+01
7.342100057442024763e+00
1.918648748946077376e+01
-1.248355187019463131e+00
-2.856955492940291208e+01
2.413105846472298310e+00
8.088057761758228992e+00
-9.048688412155151184e+00
-2.246828348824043076e+01
-2.881253738066044079e+01
5.783462776234891578e+00
4.697783817057739952e+00
9.090006546452997327e+00
-3.370954475762722780e+00
3.105328241864388872e+01
2.842198497202058149e+01
1.974468054799174865e+01
-1.612780285353856158e+01
3.556778229809978598e+01
-2.873265136907282624e+01
4.282129580860909357e+01
2.306323766790960406e+00
1.380777064187550707e+01
1.563284945053918307e+01
-8.229366998247797937e+00
-3.248559958529115477e+01
3.395582804164361335e+01
-4.150298053239751539e+00
-7.468146344473474585e+00
7.957637489650196017e+00
3.523101990083770829e+01
-2.846886212932924920e+01
1.352375419496061681e+01
-1.787712488658024057e+01
-7.676811561279919260e+00
1.522953021703521870e+00
-1.802076144919413281e+01
2.607975696579349290e+01
2.266816676095896810e+01
4.926336476508510032e+00
-2.293527513080803004e+01
3.716695853836236552e+01
2.184712009356182705e+01
-1.196261181066745394e+01
-2.546223422985747220e-01
3.861881815155150832e+01
1.877909196191241392e+01
1.064666510595735360e+01
4.064071309209381866e+00
-1.068527215777388051e+01
2.553068335932667310e+01
3.528287381747826146e+01
-1.567691675523650474e+01
-3.173412975038587547e-01
2.491323110762762383e+01
-1.646061000411174291e+01
8.563069056727066197e+00
4.435651616333171887e+01
1.984277030722586233e+01
-3.136629165328293567e+01
3.074146743582275576e+00
1.483745082305254925e+00
2.403742106851609606e+01
-2.383130359540974652e+01
-6.997234882351769159e+00
-1.503684453498742357e+01
4.325573695378751893e+01
2.870918213134878272e+01
2.598438093034982899e+01
-4.126177414519577269e+01
-1.982818527719300050e+01
1.064777277433104530e+01
-2.459056447891292407e+01
2.030087262709584195e+01
-3.652503867313862429e+01
-4.725779397877347066e+01
1.095401165583594150e+01
-3.180250039990119149e+01
-1.890727041887361182e+01
-3.000248841866199712e+01
-3.442399244276337811e+01
2.442706129761060652e+01
-1.715487055721396104e+01
-2.229580693587699614e+00
3.818805825559640255e+01
9.974161569925257709e+00
1.145822369687657272e+00
-2.103865207788190261e+01
2.570586033763980538e+00
1.335976432748933007e+01
2.631918134948992360e+01
3.051669219629592078e+01
-7.769325885529880793e-01
2.186285026700966228e+01
6.668196721794608095e+00
-1.340201236878049684e+01
9.535773148256843967e+00
2.548411994053921603e+00
-2.642656926389129524e+00
1.590990480679769803e+01
-8.342071890249997068e+00
2.331689038474468134e+01
1.844936288104783273e+00
-1.726376080833960458e+01
-2.570119680843883003e+01
-3.195976999282135722e+01
-2.457603985904619037e+00
-1.524793557116515785e+01
1.845730461952901180e+01
-3.656634132997164954e+01
4.827024223801032576e+00
2.447639649366405479e+01
-1.606177318062985648e+01
-1.230809311910157078e+00
1.734946980025017638e+01
-3.158597169025336271e+01
2.339561277710961917e+01
1.897167636874684149e+01
1.443792607883639789e+01
-1.982058415727208001e+01
3.837613530225191028e+01
2.234717733352229629e+01
1.541181591342457580e+00
2.031934883633748257e+01
1.648102642607297241e+01
-3.970838713580579338e+01
-1.016148241148228948e+01
-2.346139630212586269e+01
-1.400076017996176603e+01
-1.611796135484397041e+00
6.174289670189580193e+00
3.115113009061623472e+00
1.329297922696726175e+01
-3.433622576671993443e+00
1.061231244190297218e+01
-3.736539279005627634e+01
-2.327841956199080187e+00
8.887621671625581143e+00
3.272128989436610880e+01
6.239354151803198079e+00
-1.315347408656391082e+01
2.068600416724008539e+01
-2.083864309373702994e+01
-1.049592222034934963e+01
6.105103767031891948e-01
1.505801879692945988e+00
1.783521621331007623e+01
-1.175672381961066293e+01
4.693676470609131002e+01
3.031328382392274534e+00
