3.223914398275860549e+01
2.408621357102940408e+01
-1.644532104552538954e+00
1.223714636497027186e+01
1.761910724290322605e+01
-2.950837639944699475e+01
2.587098025082248398e+00
-4.980507621364722581e+00
-1.475726240129839795e+01
1.042351720938747661e+01
-2.847054218037074946e+01
-1.108470395558370569e+00
1.697703242840290727e+00
1.622588317843636219e+01
1.457902852361669943e+01
-1.528285258006390990e+01
-1.606080999445571678e+01
-3.837542994769599858e+01
-2.158567900071719592e+01
-3.372774302055630358e+01
-1.533435089684396502e+01
-7.606077741119896984e+00
-1.418119548048691314e+01
3.456339645014159601e+01
2.757693982682866363e+00
-2.766713357676003326e+01
-2.940723595237116328e+01
-3.940118427724472383e+01
1.104710837705977866e+01
-7.088223189882128850e+00
-2.365661132639912267e+01
-3.092862297392827742e+01
3.686654755741628264e+00
-1.130524267163054475e+01
-1.006812600203460306e+00
-1.114944701916400760e+01
1.822193303035099632e+01
-1.951645503958324923e+00
3.430820304993055458e+00
1.991936371020206309e+01
-3.802495630905015389e+01
2.639137672201121632e+01
-9.861342847573624226e-01
2.070461551986966242e+00
2.875187742168681382e+01
2.606781785628882631e+01
1.504585016296509536e+01
-3.013869018216049867e+01
-3.156408684549407795e+01
-1.993018661117677937e+01
-4.356960757580694121e+00
-1.950899762761808987e+01
1.372650301981912691e+01
4.839504068636856005e+00
-1.961504742981029636e+01
1.402342107164029983e+01
-1.215513262700844876e+01
-3.389715303255910328e+01
-2.827284091257637400e+01
1.373238716958697836e+01
7.806577484110867715e+00
1.246943147353884740e+01
2.264946305104665214e+00
1.935943663445466711e+01
1.514594532648973768e+01
-2.238482696106132153e+01
1.105477821670201877e+01
-1.839357941272352548e+01
2.692817242356588281e+01
1.773792437273989719e+01
1.864984397737407562e+01
3.361917569485287061e+01
-3.652152590539916588e+01
2.824554480638397536e+01
2.231334542292087519e+01
9.755780311589099085e+00
7.499313534048368979e+00
1.614604285658141691e+01
-4.355816679076617959e+00
1.070915402688676465e+00
-1.376250280033359275e+01
7.396747676831992635e+00
6.329563138345896789e+00
7.593310320771749389e+00
-1.952269058469227048e-01
-4.420893199176340715e+00
2.832399206414383741e+01
3.138916918267756273e+01
1.839238541470436417e+00
-1.815041026369738475e+01
4.085556089723752393e+00
5.525251912806062649e+00
-3.369345666864894184e+01
1.861150516687317236e+01
-3.489132126907848885e+01
1.364475357657196497e+01
1.325517924259581548e+01
1.659113043588448022e+00
7.005781804996281892e+00
1.827393350209965206e+01
-3.161595116129908334e+01
3.681322825471241345e+00
-1.072280580588880383e+01
-2.093395208089713222e+01
4.108899597493724798e+01
1.338031122742279422e+00
-2.168221856728323615e+01
1.062309761630920946e+00
4.059117152643956672e+00
2.423948888639671395e+00
1.432901630580386154e+01
1.693756219159762111e+01
-1.335279260234586474e+01
1.270909643835974379e+01
9.776241313514063336e+00
2.916846116339604578e+01
2.245613146117484860e+00
1.337890342776213259e+01
1.736374158903498710e+01
1.445143424226237983e+00
-3.633729922126175182e+01
-1.157888001188970151e+01
-1.269179520048808740e+00
-4.443979177249613599e+01
-1.327826825559945689e+00
3.649930341424388303e+01
-1.487311547217183971e+01
-1.545971216116408442e+01
2.755720743262445183e+01
-1.529550520006826275e+01
-2.126193238859406165e+01
-3.760668318683316613e+01
-3.366457437032799760e+00
1.754110958241628282e+01
-3.536604386058689897e+01
1.463739194623478568e+01
-5.893127672556886409e+00
1.469788439275960457e+01
-1.322823074049311032e+01
-1.483243902541133252e+00
6.395736699205343712e+00
2.850718058801788857e-01
3.156910925531065004e+01
-4.538023164752601701e+00
3.482925372724994872e+01
-5.334668130071293035e+00
2.949758613030309107e+01
-9.837705898796137660e+00
1.058156420462626812e+01
1.799061308618922794e+01
-2.490069177520700805e+01
-1.094386712911052939e+00
3.492968831608223468e+00
-4.224585914081810500e+01
1.666786679433546681e+01
1.063463090146583312e+01
-1.372122125816719773e+01
2.725203280908476700e+01
-1.809508722009549686e+01
-8.235457389113129523e+00
-2.829293795648962728e+01
9.747893995021527758e+00
-4.856373704156766280e+00
-1.375492127140914533e+01
2.021956744551603435e+01
-6.304368552493031075e+00
1.468222808773703036e+01
-1.278270606210206495e+00
-1.959147645144167882e+01
-3.771415422122370842e+01
2.448653871164461293e+01
1.173896367262056373e+01
9.957578162041613723e+00
-1.442315066383157074e+01
1.210774543043346796e+01
-2.144490827477717687e+00
1.752458814577052237e+01
1.907121531008930049e+01
-1.486424106618504482e+01
1.021287156454199874e+00
9.351267412376600419e-01
1.967158504903994753e+01
2.562039765680961523e+01
3.851881033316425373e+01
-1.459562806326907491e+01
2.086316144814929885e+01
1.103061020047368856e+01
-6.614913133269027412e+00
3.454569419698749755e+01
-4.631926261838046344e-01
8.938694787382885920e+00
-3.267117459946540237e+00
1.751611576032958340e+01
2.587715896228259282e+01
-4.092101559861258409e+01
-2.966328890792699369e+01
-8.141000190038269579e+00
-1.800099313416514946e+01
-3.346021499936659893e+01
-2.297717757665090232e+00
1.929380932241532776e+01
-4.293740031176614025e+01
-1.583597399222779956e+01
9.603495982707684675e+00
-9.530130184023377637e-01
-2.722702095699815317e+01
-2.658649025451438774e+00
-2.563030583872610180e+00
1.975422906039750615e+01
-5.362969041306250517e+00
3.416820369507836119e+01
-1.069368351818875595e+01
-2.222435722003936576e+01
4.171456987907838254e+00
-7.316963488612117317e+00
-1.095944639307453627e+01
-3.525869477911821548e+01
-1.076306132790773518e+01
1.513665105770274977e+01
-1.003486670574196182e+01
-1.249901004577450436e+01
-1.017350732640696265e+01
2.047312282701653885e+01
-3.095635847978755351e+00
-2.288788798631567900e+01
-2.265029191831809996e+01
-1.030836833718110768e+01
5.870852012696303746e+00
-7.874132972213899961e+00
-4.068549437662696278e+01
1.173711452922972853e+00
-1.768535246304075770e+01
1.495033433454044314e+01
4.048517190553437217e+01
3.795323633878697933e+01
1.910463941825419454e+01
1.636165303022866624e+01
-1.141295160553769961e+01
2.956701183152041779e+00
-1.197043588351371568e+01
1.438942158474787902e+00
7.475830871642038744e+00
-3.834730414821814293e+01
-4.379794515070840788e+01
1.764121550309499753e+01
-3.736334549797797422e+01
-3.122305651368672486e+01
1.345555842141406799e+01
4.398683648845353389e+01
2.547305289535110262e+01
-7.547503462302600497e+00
-2.093543295356305833e+01
1.392109498179399196e+01
-9.883820751084286371e+00
-1.091248622809752078e+01
-2.145145539522999911e+00
1.061259819614281952e+01
-2.043679095350168851e+01
-7.529053700848656661e+00
-2.342715640871047000e+01
-1.471363801218701894e+01
-3.331642370371492490e+01
8.135464539149964480e+00
-3.724831381414587383e+01
2.385049425130435452e+01
-3.002563726259881349e+01
-4.568534178904386067e+00
4.383420434972904900e+01
1.346388597664931552e+01
-7.591200801549291555e-01
2.703668549521538012e+01
-2.608766047067732075e+00
-9.025489368167193049e+00
-3.768519705419116406e+00
2.553616364100712133e+01
-2.151570874062416650e+01
-3.039243278396931558e+01
1.837280753351238616e+01
3.750617496654082572e+01
3.643443747755796380e+01
3.771984477308023997e+01
-1.664908721642135703e+01
-2.809930091250848250e+00
-2.406734744965056549e+01
-5.200513325340985205e+00
4.474947947036312712e+00
-4.346038294938821878e+00
-2.004437207557558764e+01
-2.629953665710359445e+01
-1.646711071610921806e+01
3.178818410146850226e+01
1.667106096526789827e+01
1.164649605216507666e+01
-4.668293315453156112e+01
-7.872941696623527719e-01
1.914324599117338721e+01
2.513851091690033002e+01
2.645342368721289006e+01
1.810965684832974887e+01
-2.724094932351647458e+00
-1.342507810838643678e+01
-9.608633233702349230e+00
-3.230939496870470862e+01
-3.816850277146102144e+00
-1.112769051071978765e+00
2.188891887742998676e+01
-3.960369644983084925e+01
4.443157704552582743e+00
1.687834891140794014e+01
-1.786530437889490486e+01
-4.285179901643967071e+01
-2.694096374287478568e+01
-1.042355311178108224e+01
6.677849891230927426e+00
-2.023921303871546229e+00
-2.163543440249898708e+01
2.665793837829981783e+01
-7.329101575861322715e+00
-2.142291390024296405e+01
-3.157998420225499103e+01
-4.914723736914794472e-01
-6.162676865977942953e+00
5.091592931326104576e+00
7.326727226727633990e+00
-1.423286000065942147e+01
2.839058732411616859e+01
-4.379194082858940362e+01
1.028495851617996948e+00
-3.695471787202670555e+01
-2.913838216994050256e+01
-8.223260936668488341e+00
2.832496511208634615e+01
2.693737099238371968e+01
1.080689967112896710e+01
-1.197218071698063824e+01
3.820442045462837655e+01
-1.878705933480401669e+01
-2.440845068439507060e+01
-7.026321418228242521e+00
2.974992475426564909e+01
-1.754748721059434047e+01
-2.274176205636053538e+01
2.005138320689434295e+01
-3.464885211690815225e+01
-2.579562702720133416e+01
-4.095998158962419211e+01
5.509577753141158496e+00
1.194437316531602278e+01
1.011046736406765234e+01
-7.374800192174262747e+00
2.047901042016324880e+01
-4.330409729338860814e+00
3.498208699012678835e+01
4.199426310136441032e+01
8.737542370586346863e+00
5.332265715780650339e+00
-2.241951818969584664e+01
6.543516331625454541e+00
1.592160246192206330e+01
-1.619040494039028033e+01
2.340659208591310403e+01
-1.264254701774457601e+01
-2.966914116366244869e+01
2.907601243879440744e-01
2.098445934466251117e+01
3.387679592443052456e+01
-5.725875334053839083e+00
-2.482994048497402417e+01
-8.691987940187914319e+00
2.790421223568358755e+01
-2.337531927213637317e+01
-1.288406278732080779e+01
-2.954955553692737524e+01
-1.852056358094980126e+01
4.175486853071440407e+00
1.533629926769432927e+01
-2.209126039014550713e+01
9.560053336319199957e+00
3.037813195533300359e+01
-5.784483925918628699e+00
-1.910871223696266696e+01
2.787871242824375884e+01
-9.628933229721567955e+00
3.572985339017711226e+01
-2.221444429942141952e+01
-8.832776432030705394e+00
-4.704356203037072248e+00
1.805237268825067076e+00
-2.683042458209553160e+01
1.641059985532938015e+01
-2.591381832036946875e+01
-2.843841637795918587e+01
3.328880392150210810e-01
1.751177441872559370e+01
-3.598350888680988646e+01
8.448730897860521338e+00
-7.784679141280193448e+00
2.209822911854479344e+01
6.682898962266946796e+00
-2.734877529659694062e+01
2.994943337248801640e+01
4.749591863711152939e+00
-3.847728963036615824e+00
-2.653603945435586908e+01
1.273275551309812670e+01
2.599575129607441681e+01
-1.712468706522687256e+01
1.600936072050184578e+01
1.609789530858152773e+01
2.971917286981597783e+01
2.081974757848877289e+01
1.524728202540059385e+01
6.635843135024401818e-01
2.868223085175948484e+00
1.506353868784614747e+01
5.798482797670089894e+00
1.781119320234077463e+01
1.807547760754243882e+01
-2.818033011278266997e+00
5.378408180234103497e+00
2.822747794939104438e+01
1.419222358347465729e+01
-3.721494737263117969e+01
2.585378878750648823e+01
2.103808818645734391e+01
2.318768677640224496e+01
-1.323934421918229276e+01
-1.477037645098281615e+01
1.320876885672952028e+00
3.726727275406902606e+01
3.202896506145543754e+01
4.430784792878064593e+00
-4.396103551774144336e+01
7.772284457946796010e+00
1.677047318369537265e+01
-2.651302291424699220e+01
3.812382935814474649e+01
-1.260794608423712049e+01
-2.976877142262259213e+01
-1.285193066297394182e+01
-2.113522711026429945e+01
6.290490469667687989e+00
-2.030422949029594903e+01
-2.679558201212036650e+01
2.589472526546440179e+01
-9.623441081076713033e+00
-2.762234660660720564e+01
4.269047466122371759e+01
9.675740003193268990e+00
-1.618175505700884287e+01
-2.367409558556887106e+01
3.131143922943348912e+01
2.310672489756566961e+01
3.075609972027879735e+01
1.567058683808795649e+01
-1.732254016057118662e+01
1.915453686759789775e+01
8.253714722152523109e-01
-6.664220818781465994e+00
-2.061734994264120502e+01
6.555341467870604788e+00
1.886253698934406486e+01
1.488259372396285585e+00
1.723898630321927783e+01
3.617763939951169050e+01
-2.655254270165795560e+01
9.744594737165769516e+00
-7.783652047858922174e+00
-2.287404472546810297e+01
-1.835989020971994634e+01
-2.853328524194155236e+01
1.341517662345892603e+01
-2.609969491757524906e+01
1.840143276452349141e+01
2.921798846620073675e+01
5.840467056310558291e+00
-1.063517326397145979e+01
8.384383939255165785e+00
-2.511509133628582902e+01
1.882295137688657860e+00
1.205888040731895217e+01
2.043176611583106705e+00
-1.154580300093420675e+01
1.893615089969182463e+01
9.210966722436410237e+00
2.705645804230684348e+00
4.276031216612572905e+00
1.850094392818540712e+01
-1.978315221640018962e+01
-1.774280827546807160e+01
-3.224740088544118066e+01
-3.829413225531119735e+00
-6.943020354226113966e+00
-8.656560723057296514e+00
-9.271576731063092325e+00
3.287901643712508815e+00
4.996105922426941959e+00
1.449356189366824310e+00
-1.057447271426998725e+01
9.033552985801954094e+00
-1.941764737590143142e+01
3.619263235109647781e+01
1.657538619609375985e+01
-5.465768577586111121e+00
-5.242058347300606158e+00
-2.386531982980111266e+01
2.345862554198198779e+00
-1.116287091894266581e+01
-1.085489815870168684e+01
-1.845558197649040721e+00
-5.609519264493592061e+00
3.321833651473697557e+01
1.042718148192155780e+01
