-2.058764863652488941e+01
4.900487725350885171e+00
1.889726740286886297e+01
-2.134364330793452424e+01
-1.562662754900593143e+00
2.144084019998089730e+01
1.505224334562214494e+00
8.067943063693029160e+00
-3.607216439395230623e+00
-9.847501023420413446e+00
2.390879153688183578e+01
1.703280883026519632e+01
2.956988609125012601e+00
2.146503988792957784e+00
-8.546955305119539048e-01
-4.231369440927267078e+00
1.506558431841796164e+01
9.357611595619196976e+00
1.652827942651526882e+01
4.486147121912878788e+00
2.132123073407102254e+01
4.068790469705092505e-01
1.664719065067166071e+01
-2.211132879704972964e+01
5.742466673927040688e+00
2.137801068640071378e+01
6.053686225826140799e+00
8.589614314552754593e+00
-1.193141847235753517e+01
-9.964071550253258636e+00
2.030039356687711916e+01
1.446276965025153061e+01
-2.194618578329624370e+00
1.501427961935957001e+01
1.128273712807644813e+01
1.034830060611177061e+01
-1.615665585904443446e+01
3.879084024062642300e+00
5.452880839169438332e+00
-2.210002162108904500e+01
2.418490143787568059e+01
-1.363467822478396840e+01
-1.235592853834332772e+01
-3.559308013468637455e+00
9.139757907701806516e-01
-2.841145366119427251e+00
-1.472679240883702079e+01
1.093943591178108221e+01
7.046998244238913855e+00
7.557074467502978621e+00
-1.062853946012651818e+01
6.408801079398962486e+00
-7.748500039150343355e+00
-1.201434793078853147e+00
2.159287806532002207e+01
1.509413338263541959e+01
-1.249982353051301232e+00
1.050487615695141130e+01
1.303205344821307676e+01
-1.572648114245225770e+00
1.297463003152579120e+00
-3.718705006471765273e+00
8.256724401459337059e+00
2.391722461151815082e-01
-5.753516481212308520e+00
1.616612305320727216e+01
-2.103789342135448592e+01
2.968337813021335592e-01
-2.263767208380144780e+00
2.786287979905488044e+00
2.786951093157405523e+00
-1.566261073088139710e+01
1.811222962468798414e+01
-2.136505457590368451e+01
6.955523147642985293e+00
-1.260876771079210101e+01
-4.573067657794425145e-01
-1.171224139313179791e+01
-3.678993736666939185e+00
-8.282091236809350221e+00
1.682000502358206973e+01
1.008136688111787294e+01
5.296113071495227587e-01
-1.051754774523539027e+01
7.462003154927352000e+00
1.505444057593163620e+01
-1.901945645184277467e+01
-5.582539633263031931e+00
1.035050767392936422e+01
7.088799406949739534e+00
2.035670640948559651e+01
-7.946796845963177702e-01
1.972408470638124811e+01
9.794154962893351524e+00
1.993494041336838052e+00
-1.946923489075308566e+01
-1.898339273043740860e+01
-7.337896932309952547e+00
9.694043680024542198e+00
-1.079240687369856744e+01
5.936478559340741867e+00
3.762265752149232867e+00
1.436523080240222328e+01
-1.375931438713195831e+01
-1.408342973395221520e+01
-7.916560265459779089e+00
-5.474063445468615896e+00
7.020553571478195920e+00
3.835897937543883529e+00
4.887987515407822059e+00
-1.811512766665736152e+01
-1.423857793998651999e+01
5.692012855821317885e+00
6.517590944948757681e+00
7.238865399617246510e+00
-3.549099678014819403e+00
1.683413935264071881e+01
1.662758215448791077e+01
-1.306340910048930937e-02
1.190219872689633718e+01
1.971762179043223284e+01
3.758896955833868958e+00
-1.723629069350243270e+01
1.234145664029527012e+01
9.635857623699472185e+00
-1.568175334319445113e+01
3.141944105965642109e+00
6.142775542229372832e+00
-9.821547202588114089e+00
-8.545070959688274570e+00
-8.658021080656610025e+00
-2.032174131164168784e+00
9.671276715919510991e+00
-1.521786913334769764e+01
1.288141529499539928e+01
-9.181334226964587231e+00
1.726947765975130267e+01
-6.956238565373745075e+00
8.355347899728727157e+00
4.298401148777216463e+00
1.577030789170721903e+01
3.400152014858761618e-01
-2.127167637408348000e+01
2.390199622306241167e+00
-2.331218277326803090e+01
2.283515170482608880e+00
-1.896109005621169530e+01
-1.206303541965922932e+01
-1.287808372899833387e+01
-1.226101668888367868e+01
2.613085111828937102e+01
3.943906721477915767e+00
-6.735357855034806107e+00
2.271034017109947456e+01
-8.773345226806362973e+00
-6.239298864243131959e+00
1.012045840134007335e+01
-9.437980726319082692e+00
9.051734890682929802e+00
5.932494865673596962e+00
6.353006763789323941e-01
-7.806056637416688204e+00
1.443522528475016031e+01
1.114124768880226668e+01
-7.861495968921886401e+00
7.124650863034950987e+00
6.459546868548514453e+00
-8.955794151124528923e+00
-6.281167438504667189e+00
3.775830675866998831e+00
-1.994017282146125325e+01
-9.208216777543420051e+00
-9.009978566701065006e+00
1.309266556892770694e+01
-1.160783663422774481e+01
-1.522894329181195872e+01
4.696659186227194027e+00
-2.012597309875482310e+01
1.395726295507724046e+01
1.088990160802758567e+00
-1.713637966190803752e+01
5.745700040016288312e-01
1.815932791488684472e+00
-1.627973451525625848e+01
-8.969165150180636203e+00
-2.207965117061339555e+01
-4.110391599677079455e+00
1.053862070532989037e+01
-1.258923560900483096e+01
-9.779996847173478614e+00
-1.262082792414251031e+01
-9.040512065246616658e+00
1.096009871312977424e+01
2.290424044199845355e+00
1.321231761797025683e+01
-5.882241928466861225e+00
8.444129452163153360e+00
2.464826268808988630e+01
-1.670845408897257300e+00
1.446374506194990772e+01
-2.487849709351600325e+00
3.044672387900668298e+00
1.867783376630544012e+01
-1.341383727722944741e+01
-5.562270106839662276e+00
1.698429893857357342e+01
1.808310409173526523e+01
-1.453766199348132915e+01
-4.708864752936278819e+00
1.307416304986060140e+01
-2.087202921348243478e+00
1.472289010699272183e+01
1.752751106404915049e+00
-1.152723655919603374e+01
1.643903552593404527e+01
4.378532998654549147e+00
-1.516192039384684165e+00
7.258691292327341671e-01
-2.114098837174844903e+01
-1.123488087992781459e+01
-1.321290399527818238e+00
1.751487640486246278e+00
-6.385654248144234657e-01
1.463400452460416545e+01
1.048269804175957631e+01
4.464729157680821459e+00
-6.513922985756067874e+00
1.236209422871969821e+01
5.360469479542871341e+00
9.215804904659776753e+00
-5.413050378062649770e+00
6.559588670245815933e+00
-8.532970282703608689e+00
-1.572645365940758211e+01
-2.408837182691134871e+01
-7.163328041445460315e+00
-1.265317836743410851e+01
4.216111284748826904e+00
1.553305694999724551e+01
9.729866125593488846e+00
1.880224911046691716e+01
-2.742903730881799618e+00
7.503388677118273620e+00
1.780831148280566367e+01
-1.590685217838952781e+01
2.050975441192663595e+01
6.545652758310126273e+00
4.036550344138966295e+00
-1.483792159412715961e+01
-5.413028156140299529e+00
-9.372236050896631809e-01
2.099376870573897236e+01
-9.439058703923066673e+00
3.294853440351985796e-01
6.277359511857227403e+00
8.133780015953284703e+00
-1.897620737020703885e+01
1.494431979952412348e+01
-9.045027256930062265e+00
4.668638133693335135e+00
1.227266274579078242e+01
2.103961038429922326e+01
-2.648260391437027295e+00
2.850346165677365207e+00
-1.875315244704596296e+01
2.190761391001818481e+01
6.388546131501513514e-01
-1.307791203052830298e+01
-4.035619273886567271e+00
1.107955136621694692e+01
-1.202447014952937820e+00
-2.093082428623657165e+01
4.120026331086911853e+00
-1.004316115229213580e+01
-1.751108210713690738e+01
-1.484232694520819962e+00
1.041430952480402539e+01
-2.137539400425012559e+00
5.433409533297748339e-01
-1.461662247112817425e+01
-1.453708259888215082e+01
-5.412292850865100036e+00
-1.293221875705025070e+01
1.158510807941517839e+00
-1.895651732184248317e+00
5.490594096413047964e+00
-1.092995219243118754e+01
2.962389415933586179e+00
-5.646783160604826435e+00
-5.269681607775083876e+00
-2.537711937806853157e+01
4.850370545466077488e+00
-4.008956697242361145e+00
1.561578077604993098e+01
1.883018105070289039e+01
-1.495934593287880432e+01
9.986879293285809922e+00
1.186321708500550187e+00
-8.930740576914310225e+00
-1.026394666568604208e+01
8.559476843678545777e+00
6.029796349087767737e+00
1.096928074651192020e+01
1.290940830488773372e+01
-5.139883787204588828e+00
5.093228821267622664e+00
1.376276004664508434e+01
5.223449791092214411e+00
-1.072723437323722351e+01
-2.684784841806056477e+00
1.392537860610729439e+01
1.549858526395341585e+01
7.025691431774603757e+00
-9.442116026579647325e+00
-1.900121873261113592e+00
-6.823916539047829133e+00
-1.313268007653098834e+01
5.765371823175392763e+00
1.500720921198860935e+01
-4.011233993756938787e+00
-6.091945594323647128e+00
2.216733526230423479e+01
4.701162325577712409e-01
1.296720175296168520e+01
2.529552103674447494e+00
-5.358030882362982084e+00
1.977528216467464972e+01
1.154240798104664378e+01
6.521583769156727328e+00
6.998524078655051994e+00
-1.697876422750129422e+01
-8.149897248334333710e+00
-1.666642584168265984e+01
1.169071449665068485e+00
8.236265624345861625e+00
-1.243672275143025274e+01
-6.975469121141557594e-01
-3.635010328758305320e+00
2.314643545337501962e+01
3.972374557093516501e+00
1.250616481219992693e+01
-7.004160784465014444e-01
1.087038583132013514e+00
9.409307607290308795e+00
9.395757622607291637e+00
1.395078287264846040e+01
1.180984020437586679e+01
-1.690703668090169032e+01
-7.357916139357378427e+00
5.058531157896538843e+00
4.595641027550911417e+00
-1.453988207537844346e+01
-7.072725090063244124e+00
-1.944716997906038003e+01
-5.551459727654531662e+00
1.935602984991966480e+00
1.779591219884201792e+01
8.706841030902602085e+00
1.175172055140202332e+01
1.554967094081133894e+01
-7.891263208030899534e+00
1.082394873869915841e+00
1.466729095928292281e+01
-1.501560690068502169e+01
-2.428629080183142719e+00
-5.294069068706349412e+00
8.539833477182980914e+00
9.806536004062849088e+00
-1.097298948940988339e+00
-1.909541964968532568e+00
3.366016662155892902e+00
9.276721562345322525e+00
1.713954969189552457e+01
-4.822492822908230892e-01
-3.213630149173575035e+00
4.284059150594089260e+00
5.157020785025423493e-01
-1.236192433992573569e+01
-7.882261877344674872e+00
-9.807847945169498871e+00
-2.381915593619979177e+00
-1.921464467946393384e+01
1.385072978505932184e+01
-1.653650885735805787e+01
-2.723717142556189685e+00
-1.522539258326882816e+01
-8.531554686563247003e+00
7.586403236467241129e+00
1.580617417610099551e+01
-1.720545360855609118e+01
-5.514861654081784081e+00
-7.800933591911416443e-01
-1.018392128168660093e+01
-1.586754992893124694e+01
6.039974227012208985e+00
-1.436086871945928323e+01
1.418935529690091357e+01
6.312363439200183279e+00
1.937889964154884126e+00
1.003823772665943892e+01
-4.790257482234963504e+00
-1.568689971273766304e+01
-7.748508260605987630e+00
4.948965570214106435e+00
-2.187364538521681112e+01
-1.689674468741259261e+00
7.985484818726874323e+00
1.451510209085618897e+00
-1.581889555446782936e+01
-5.438279290973369484e+00
-8.125866889669161708e+00
5.045322832396514912e+00
3.139096716711250679e+00
-1.303556466743019371e+01
-2.330684234833687540e+01
8.259865711862133253e+00
4.540353799224220666e+00
-1.321889434642523042e+01
3.299544179140589506e+00
-4.761709215384648530e+00
-2.554811830262519479e+01
-1.788668502998815057e+01
1.226921824704222530e+01
6.118351339896690888e+00
2.537991308165764792e+00
-7.343800224088866457e+00
1.660206119257129842e+01
-3.326801893682464595e+00
1.205604070369631131e+01
-1.827880690106475825e+01
-1.515303120265578940e+01
-1.650138106359904100e+01
1.388594977671152719e+01
1.139282974602701870e+01
5.264424751196372654e-03
4.636978053321286097e+00
-8.267337684305815060e+00
2.149130899422448238e+01
2.534038177069083986e+01
-1.263691644176714846e+01
1.840716559337771230e+01
1.685642538374439425e+01
1.700001534190957386e+01
1.944684440733348652e+01
-1.268443887979844931e+01
1.707203575484619762e+01
6.134066475669470719e-01
-1.740349732087939572e+01
-4.720630792687288135e+00
-2.572282304295875122e+00
1.172146325715689130e+01
5.460454654316748702e-01
-9.360937886785954731e+00
-1.358714557269949097e+01
-1.641324452852737181e+01
2.655467289467040359e+00
-2.158972020831647853e+00
-1.119437009131738137e+01
4.802158136920056108e+00
-5.929685143806473491e+00
-2.709543664407831898e+00
9.117893287132673663e+00
-1.037294022073748323e+01
8.406842337681716515e+00
-4.998196589897816011e+00
-3.917822169797560150e+00
1.488330148837235356e+01
8.964943603686215567e+00
1.321709203225452711e+01
2.722108634591293708e-01
7.348937593956819114e-01
-8.318448165426545415e+00
1.198665064040898187e+01
6.734927697517399281e+00
-2.958966085214619568e+00
1.431927676565092611e+01
1.124614334952823924e+00
-1.244406410571360055e+01
2.061472390319923420e+01
-1.493000767429219167e+01
-1.156511032890438173e+01
-8.399003150776934490e+00
1.353248950890741042e+01
-1.565720597190505003e+01
-9.756199726461638022e+00
-5.507888749235092973e+00
-1.074402696185907047e+01
-5.890626128908088788e+00
1.761129512021662435e+01
7.611147018153616273e+00
1.108579893486106727e+01
1.404133029845387171e+01
-7.622211520830802556e+00
-3.967608145589025526e-01
-1.081833517920202326e+01
-4.533246622661494030e+00
-3.344202646861319295e+00
-1.436179743913243101e+00
1.787914069030583164e+01
1.530464076479923108e+00
-9.870976114602633800e+00
-9.700721371162060791e+00
3.767494861607190160e-01
1.208178615615513962e+01
-9.939330121186898737e+00
4.908666313274387960e+00
4.341644629793691479e+00
-2.782113900825713415e+00
-1.330361275748117578e-01
-6.588262005328054727e+00
1.359149218007340210e+01
-2.185902186025619898e+01
-6.486685261482151077e+00
