-1.313364458243601263e+01
-2.545966434228163067e+01
-8.114641377812922940e+00
1.324552240913931911e+01
-2.379442339689284935e+01
-2.734686504215083858e+00
1.467791239656318680e+01
2.477609726918825572e+01
1.990202744898189735e+01
6.326949931502198865e+00
4.804699440968605018e+00
-1.824811348287200730e+01
1.405571720638421596e+01
-1.221945667556097703e+01
-2.969984745017168848e+01
3.401191998195949395e+01
-1.434429800962958268e+01
-5.878568456822122812e+00
-1.669299952858365543e+01
1.843700315249651567e+01
5.252814944790287655e+00
-7.545294403937894856e+00
-9.461528641600345679e+00
-1.356338952230757400e+01
-1.280792420974528056e+01
3.955148801133177017e+00
2.551105354339956932e+01
-1.932305237117034835e+00
-5.467047686605567947e+00
6.403719514172259153e+00
1.070747362767576760e-01
-9.404249064169412975e+00
-6.548986135003310949e+00
-2.677221682527684621e+01
2.634129589924285142e+01
3.977745555528457544e+00
-2.346909574641568952e+01
-1.759002179111099906e+01
1.351886054093107248e+00
-1.650582328842258306e+01
1.893635412570431242e+01
-1.403658665439063924e+01
-2.520355328666354922e-01
-2.176640538014662596e+01
-1.555092002589720579e+01
-2.291322262194743686e+01
-1.776073964406334227e+01
8.061275871492654232e+00
2.285397501198511350e+01
2.801048769802460470e+01
3.354592387762178873e+01
2.446296468263092549e+01
-3.021065230565682214e+00
1.493855491846687755e+01
3.788218676701248455e+00
5.035059276599987754e+00
-5.795615460684750531e+00
-8.815949988991874875e+00
2.982979711244175292e+01
-2.162666791469853678e+01
-5.221234009630123296e+00
2.340003455101943075e+01
-2.335368428318617617e+01
2.412958273530472297e+01
4.514183348653247663e+00
-1.241919800377020522e+01
1.266498153480480937e+01
-1.877241521013296577e+01
1.416791392267136018e+01
-8.533367006056110426e+00
-2.000389336899923265e+01
1.830626781879040266e+00
1.206009394499176324e+00
-1.641154358432640237e+01
2.108128070648859875e+00
-3.902062496450675155e+00
1.830032269018667535e+01
-4.668102392941349876e+00
-2.577944225225150632e+01
-1.216076748287996168e+01
-1.936685955417206273e+01
-2.524931494871348647e+01
-3.039571375776387541e+01
2.745645188240040113e+00
-2.710517725725186011e+01
2.095154730588768643e+01
-1.629364363734594434e+01
-1.502437268428599282e+01
-1.693215392191464019e+01
-1.886023203659386027e+01
-2.326401425977422832e+00
2.253946424638132839e+01
-9.586130264009959490e+00
-1.628616509831235248e+01
3.261564319248037691e+01
-8.899340310469348481e+00
9.230516742626413418e+00
2.241093690702264496e+01
-8.740161169532996155e-01
2.208690506697961098e+01
2.710167866395657654e+01
1.586361276622405114e+01
2.480962675160552067e+01
1.863535754605806005e+01
-2.069387713047532884e+00
2.150236611247120777e+01
9.172863585829126976e+00
-3.083445999581924113e+01
-8.265991419106505589e+00
3.705766983955669502e+00
3.534634910350575865e-02
-3.144503792187078162e+01
1.406517270407951514e+01
-1.892862281610607056e+01
-1.011477471196569411e+01
5.347352869151890786e+00
-2.633759448854577201e+01
-2.063496908713150546e+01
-6.446642334284859999e-01
-8.034624030456413379e+00
2.229647105095821757e+01
6.914736354952545128e+00
-3.887014355128229681e+00
8.451670724834414727e+00
1.847230625237288848e+01
-4.849832802947290133e+00
-2.049364454914694988e+01
2.375492361081586523e+01
-1.172466087802884971e+01
5.382631605544972331e+00
2.523060955433682295e+01
2.031902754582240789e+01
-2.049329011179899851e+00
8.769405564208099690e+00
2.403098204058369447e+01
-1.247198861928697511e+01
4.174464541791920169e-01
-4.803979870802933760e+00
2.833652028000830114e+01
-3.512234259156839755e+01
-1.911688717535941962e+01
1.846757747052882337e+01
-1.596365859055104153e+01
-2.492527009570546070e+01
-1.185990021208554168e+01
1.857175301888865704e+01
9.830095121856842866e+00
2.864808784529404306e+01
2.066178977174844533e+01
1.041159025676222427e+00
9.765709465382386156e-01
2.201069849319203797e+01
2.791234646248121010e+00
2.782136171010272108e+00
3.202364514968159881e+00
1.730632428075466578e+01
1.580104940330424768e+01
-9.615132931112171377e-01
1.806583627033566586e+01
-9.308565169934134076e+00
3.297917387710178616e+01
-1.164749273660004292e+01
6.639992895498352254e-01
-1.573952823499146092e+01
-1.903047112131924834e+01
-1.994840863206787063e+01
-1.024126238443839298e+01
-2.658337803750841033e+01
1.136823615577651481e+01
-1.362284803517979981e+00
1.119178356799415042e+01
1.668800837159757577e+00
2.355384995569031048e+01
2.561587020490364353e+01
-2.397946752764330469e+01
-1.380764662556382660e+01
-7.238577772050000192e+00
2.001199613129166721e+00
2.035119656182683912e+01
-1.572277969993766078e+01
7.506885477989214905e+00
-1.888483318709638326e+01
-7.699452060136877662e-01
-1.963922810568021760e-01
-6.614426358620590918e-01
1.066514796368343809e+01
2.519024724892055644e+01
-1.465313254228415474e+01
-1.420430519063364017e+01
-1.867301910994186187e+01
1.574244454195782339e+01
-4.841745521190979673e+00
-2.595463632316250369e+01
-1.038784370213988950e+01
1.026095415932538657e+01
2.678861092488105555e+01
-1.860927389440782420e+01
-9.728401872331673417e+00
2.278751979949763040e+01
-1.792095528746350652e+01
-5.608323873834955009e+00
1.160751029109937349e+01
-8.886305283810898459e+00
-1.085090573824071924e+01
2.281108207669979038e+01
1.800015762106150419e+01
7.233751035243130900e+00
2.044979496693576948e+01
1.668709675483917465e+01
-8.875180054697224818e-01
3.010144699394956547e-01
-7.815971259990845965e-01
2.610399422768637123e+00
-7.271587119252053810e+00
-2.338600022165342907e+01
-2.710496845159289236e+01
1.653335913708795601e+01
1.886308334704020240e+01
-1.133142529444126012e+01
2.385006455485748234e+01
1.188072324119372780e+01
3.862340946627043081e-01
7.532898093064268608e+00
-2.137681542228432363e+01
2.433810408830738936e+01
2.385487434503441762e+01
8.317422180606712345e+00
-1.037366939284120093e+01
-2.679195250096887548e+01
1.419632077828497074e+01
-1.441897523736328424e+01
1.063504179921679338e+01
4.837251346024494580e+00
7.618950820724478490e+00
4.121283686864309459e+00
1.063765476100068241e+01
-1.433504051533539325e+01
3.508524432033219398e+01
-3.280492477038301047e+00
6.219046726402964964e+00
-5.257283541120258974e+00
-5.665808557121238209e+00
-7.920898371894161016e+00
2.029285196939822811e+01
-2.223041146250810485e+01
-2.117298939441326411e+00
-4.248878576691694775e+00
-8.430440899469751059e+00
-1.883521964495788481e+01
-2.030733427018489579e+01
6.232026075669949705e-02
-1.260117315981332808e-01
-2.163891330502884003e+01
-4.167386867791442739e+00
-5.656272238780964301e+00
-2.192400811976942165e+01
5.822875734127848091e-01
-2.579546986288531585e+01
3.333597925103438797e+01
2.560233463406702015e+01
3.926672867314294990e+00
2.150774603587639433e+01
2.194300566618568382e+01
8.792515159439702188e-01
5.788140619857450986e+00
-1.097617600203550836e+01
1.399032243193343561e+01
-1.088713713928570570e+01
-2.628633572653952655e+01
-3.226443150363999735e+01
2.117218912737897085e+00
1.799664169949210191e+00
1.383173230599599179e+01
4.892836423147365110e+00
-2.901354095342504991e+00
3.396705568889547067e+01
3.316050632016592203e+01
-1.756198420715669783e+00
-2.661153386735122695e+00
3.212020921197066059e+00
-2.832058741476060959e+00
2.155466607003262425e-01
6.621579870848002258e+00
9.547470067202425525e+00
-2.508752150385636526e+01
-5.350215262824256968e+00
1.230818188798621549e+01
-5.468364712604049771e+00
3.809410209436535411e+00
2.218510169086664519e+01
4.406304181575215750e+00
-1.704713619649267997e+01
-1.377025099214490922e+01
2.153420527188976052e+01
-7.043712310052960390e+00
6.870097781361714340e+00
-2.291324209958872871e+00
-1.905377897419737110e+01
1.361814823842721722e+01
2.248636430174160239e+01
2.145573754482558115e+01
-1.706582898238707457e+01
1.794201090862144099e+01
-8.169131676784637364e+00
-5.961706805913685514e+00
9.432090322064524912e+00
1.975628534026775185e+00
-4.902846593078727722e+00
2.599316947214704498e+01
-2.017600519220219724e+01
2.311944773546842669e+01
2.576043742241809298e+01
-4.994228775562447709e+00
-2.258360929242542170e+00
-5.382890134519712433e+00
-1.594753431939786026e+00
5.070405286410505141e+00
2.011955236408944359e+01
1.174545109235598517e+01
2.127252671746586543e+01
2.380814401986735618e+01
1.093385555113863461e+01
-2.467946052350195174e+01
-2.359256034257217749e+01
2.802474184165137672e+01
-6.107883660746495025e+00
1.212423119530924254e+01
8.080197844639556592e+00
3.909661277032775217e+00
-3.212043363699571330e+00
2.033850895419413973e+01
-1.400090668743140299e+01
-2.332100610208721747e+01
-9.081926556400595985e+00
-9.885112792419711525e+00
-3.117048328391642897e+01
-4.300099805801082198e+00
1.111299025960670406e+01
-9.871908504035552312e+00
-2.643085220515325418e+01
-6.588630172778863425e+00
2.406410094389643461e+01
2.732915686859030302e+00
8.819086538724576485e-01
-1.390147471921630995e+01
4.463967131224741536e+00
-8.308147415706592653e+00
1.314465238594072360e+01
-2.436905895636581221e+01
2.580193840119893878e+01
-2.318768637045046788e+01
4.696731835891888807e+00
-1.596445956276328104e+01
-9.990729710185988210e-01
1.596439517555116083e+01
5.134403275262755528e+00
-1.253544277807744578e+01
-4.759852345609125734e+00
8.009467497501930211e+00
-5.286787638335525230e+00
-1.842275346893839227e+01
-1.470517613181222316e+01
1.480588283906448055e+01
6.007208602955962817e+00
-1.635719132753498428e+01
3.943389946870034635e+00
-3.165495174490786212e+00
-5.961123939352930279e+00
1.636400327468959404e+01
-7.843678801015016688e+00
-1.483054778699383291e+00
7.871463593456773822e+00
-5.803751039023751446e+00
-1.266284586106913679e+01
-1.554100413509885215e+01
-2.200608791585559487e+01
-1.399815582777080181e+01
4.068211856470519194e+00
-1.828143697487710639e+01
-2.673395314405247802e+00
1.694687897151629841e+01
1.053088230649697721e+01
-1.502316018809317910e+01
-2.244153289164975718e+01
1.289564179855752002e+00
-4.853346238236319721e+00
-1.967253863752786458e+01
-1.650220718214811200e+00
5.316701435716630897e+00
1.063955470192019703e+01
1.586911337191602911e+01
2.518734707069474155e+01
2.664205032187550160e+01
-2.261729721561349749e+01
3.179063895260144079e+01
-5.259959294471265423e+00
1.634975162644522584e+00
-1.149498645923791429e+01
2.376590305696750249e+01
3.288258217947181095e+00
-2.814069377280049622e+01
-1.402707457108049738e+01
-1.882281607110856214e+01
3.033430838645354299e+01
-1.545033361926075344e+01
-1.634361038369025465e+01
-3.413419655984185397e+00
-5.870960797184643809e+00
-1.739956728439576494e+01
-1.353905210232115763e+01
5.358193874174901339e-01
8.562105166178845650e+00
2.864468840885369616e+01
8.890422049231581525e+00
7.978694840809531286e+00
-1.556254574323081386e+01
-2.253717563624372389e+01
-7.932862737972577349e+00
-6.645297517541379761e-01
-3.096029819447718623e+01
6.703364923684432597e+00
2.594806982679372709e+00
-1.059193452695392779e+01
-1.167386175084622835e+00
9.583067814716315524e+00
-1.716722598024765034e+01
-1.179753668355629515e+01
1.519140084912802990e+01
1.306554734950067598e+01
-1.322723609103380937e+01
8.230307617964371047e+00
2.102327074703789833e+01
2.511621189015137645e+01
-7.786306882012148378e+00
-5.196832997260372622e+00
1.026951413669125657e+01
-1.346154280638256040e+01
-1.443397786959062756e+01
6.447152443081151318e+00
-3.326558434557938426e+00
1.070453284202690725e+01
-3.614867581362950943e+00
1.284505666730296980e+01
-1.470031347201548044e+00
-1.149530730661751932e-02
-2.067870273407031334e+00
-4.911210482679578604e+00
-2.910263332496292321e+00
9.287088487162165507e+00
3.867335395055285119e+00
1.251021872755232778e+01
-7.856175528244776274e+00
-4.578244742599679284e+00
5.292809433301158606e+00
-2.661730441302502825e+01
1.326192387195369804e+01
-3.279349850236296504e+01
8.496095828448147813e+00
-2.191327016003731387e+01
3.016390199730523136e-02
2.772202086971103085e+01
-2.040542901057143155e+01
2.064821438495647499e+01
1.543486446074066976e+01
3.733917061126149406e+00
5.582237039065049089e+00
-7.862824770133933328e+00
2.316777258287110897e+01
-1.173450824133334436e+01
2.273005635708788930e+01
-4.585469489632906459e+00
9.611615910726953871e+00
4.199785081899719330e+00
-3.179518461485148961e+01
-1.683765534968478761e+01
9.986895661053871720e+00
-2.224890747676988667e+01
-1.661624856997610777e+01
-1.571810946348218607e+01
-1.683163466020499044e+01
1.506872158973081355e+01
-6.088773547771914707e+00
-1.345642589570203995e-01
-1.820552253223930350e+01
-2.498456212141951838e+01
5.125709700837198568e+00
4.631184347450336247e+00
8.488255304781453958e+00
1.118453974330927281e+01
-2.821037131176676382e+01
-1.011587933466704214e+01
-4.554825695425243737e+00
5.733590480665711198e-01
-2.441954971557904130e+01
2.498399787618012624e+01
7.810572638237253784e+00
6.012205610870481109e+00
-2.489052256054186785e+00
1.731942144852078513e+01
1.522223472319475945e+01
1.781742723184063948e+01
-2.240318111014974889e+01
-1.583294335199726532e+01
1.692259289895024210e+01
-1.141440106470014371e+01
1.087119291710600066e+01
1.897181522052392211e+00
2.588984516603764519e+01
-1.140562314145851275e+01
-2.850367950785160787e+01
-1.965438744480649902e+01
-1.059502592460862047e+01
-3.923924370608659729e+00
