1.298800524427035441e+01
-7.247203951816935330e+00
-2.024047931472252770e+01
1.280749416779995897e+01
-1.550016856418793054e+01
-1.878552979001245760e+01
1.714908117315997060e+01
1.853971856389706829e+01
-3.413506411820577569e+00
-3.070329382942368568e+00
-2.231213440690164518e+01
-1.402648357473417207e+01
1.079500628575328136e+01
1.777440471150701740e+01
-1.659265635023106711e+01
1.880221250600899907e+01
-5.888556041061200119e+00
-3.225742217539927026e+01
-3.115573157161392714e+01
-1.504442050643866224e+01
-1.633419146603219474e+01
-2.087621464356526246e+01
-3.064920621303635073e+00
1.412138771162439355e+01
-5.840662359423411942e+00
-2.513464183638921412e+01
-3.347091952377404311e+00
-2.141215099682957046e+01
-3.640023444668550212e+00
-1.122586476508553233e+01
-2.719374216261221733e+01
-2.682991656634435174e+01
-1.888227562845246155e+01
-1.850594102050864720e+01
2.078029143437002801e+01
-4.377211928100990690e+00
-1.297207084545701861e+01
6.079935260564539590e+00
1.179284204833771810e+01
9.354266591407437659e+00
-1.197279845503263118e+01
-7.835245980051205095e+00
-1.405041310873870231e+01
-2.693940948989651574e+01
6.677324298018191939e+00
8.764158149656530838e+00
-1.860510154570640395e+00
-2.548484082693601138e+01
-1.745046194266068795e+01
-4.158015103014918168e-01
1.520939537067005176e+01
-7.237480366782300223e+00
-5.411019277947325179e+00
-5.860697975286498718e+00
-1.405825768311014912e+01
5.181267098140786231e+00
-2.602026274217227808e+01
-1.965994992054545065e+01
6.813103989454830867e+00
-1.593354149860433466e+01
-8.392955504837757985e+00
1.089821442860711187e+01
-8.968048924258461341e+00
2.251372471927687968e+01
8.907352521926881650e+00
-2.803739464219907163e+01
2.844871745818842612e+01
-2.264319176841432224e+01
1.705101864014088164e+01
-3.297802776329085361e+00
-9.500003469320859040e+00
3.287093530316239764e+01
-2.116495092951480217e+01
7.702827192855146166e+00
4.593811328046882636e+00
1.579935206747695986e+01
1.003253491877106285e+01
1.467513269176977531e+01
-6.378253493283892794e+00
-2.049919432145842535e+01
-2.440795007466636335e+01
-1.705195792267297605e+01
-1.176845933303626168e+01
3.837791816918709742e+00
-2.644481799907805808e+01
1.705908411447225603e+01
-2.267734958164808745e-01
1.955575026174986419e+01
-8.747183446513709271e+00
-3.672201791889379052e+01
-3.593649786384709444e+00
5.180549354711494914e+00
-2.356176585011328228e+01
-1.201095841633894423e+01
2.367939907118568499e+00
-5.977480929572536184e-01
2.024113803494658725e+01
1.687342421398389547e+01
-1.060381545565455497e+01
1.493340807289243344e+01
6.638264708061612396e+00
-4.643975847422630920e+00
1.272937246759367014e+01
4.870976573658509778e-01
3.466546128232121760e+01
1.178260388966288019e+01
4.034364643330498268e+00
-2.220969133168762610e+01
2.527980980301066438e+00
2.319416224728372811e+01
-3.910728131706434851e+00
-1.054827766895016339e+01
-4.746130797612288177e+00
2.092779336083225417e+00
-8.922504372553341057e+00
2.908393357068848672e+01
-1.538190998391355180e+01
-7.733443735503541916e+00
1.225326741390042429e+01
-1.957192584786649547e+01
-1.692384249326646994e+01
-1.225274500737841521e+01
6.566551655961063716e+00
-2.885006249324944960e+01
1.058360069043408913e+01
1.114312094041272871e+01
-2.347751101976468391e+01
3.081509214483176606e+00
2.464637340433203860e+01
9.671356131139340562e+00
8.887084291124793367e+00
-1.272695803409761339e+01
-1.839833448361308754e+01
1.339004958282477276e+01
-1.007731883410663443e+01
-3.036853995470586653e+00
-2.078695738117724545e+01
1.169555345339926333e+01
3.780915052286637490e+00
-2.655390296830562136e+01
-2.179240150021046674e+01
-5.763616965293678618e-01
1.085196895062247080e+01
-1.722315165045385044e+01
2.025936822776533575e+01
1.945906090439518721e+01
1.558462414329449075e+01
5.239051038178011765e+00
2.879114707377459581e+01
-4.636575768518788720e+00
-1.204304676197206447e+01
9.592736458643628339e+00
2.264266832706795185e+01
-2.207031443730376097e+01
4.246802778414071611e+00
1.488850112160898220e+01
-6.613236018406773553e+00
2.954855985341870905e+01
-4.453156393221533449e-01
-1.890381838949670623e+01
9.959398946629562488e+00
-1.918403132415761903e+01
2.025890997011714489e-02
-2.634951858870186925e+01
5.193536242681574322e+00
-1.409139277123153278e+01
5.122367136298379364e+00
-1.853637674086919773e+01
1.189377684914092725e+01
-2.006777109876466980e+01
2.546071497789309035e+01
5.840404382915444614e+00
1.631064104645763280e+01
-1.035726420192702335e+00
-7.038891634008543008e+00
-1.065683827807247042e+01
-4.627107374883465241e+00
1.860964495657928808e+01
-1.125048534236125164e+01
-2.566723063548526085e+01
2.190442074043041032e+01
8.286526769444215290e+00
-8.894381565534814627e-01
2.816484071598952710e+01
5.033724475683044375e+00
1.185072072492947370e+01
1.009354988380761853e+01
-2.797050954556425495e+00
2.651311553454492298e+01
-2.291964916219583159e+01
2.291815719709188670e+01
1.197184810444700531e+01
-7.177525765951045855e+00
1.172783379677703408e+01
-2.881621297084619471e+01
4.915703987131010422e-01
-2.765867235061247342e+01
-2.348663011040803639e+01
-7.288159149741701981e+00
-6.619875509503636124e+00
3.062094216687569315e+00
-1.678551166993088373e+01
-1.370600631082406551e+01
-1.102096613805989733e+01
-8.122477204947884388e-01
5.854997227821002070e+00
2.445993948263428308e+00
1.829174763724246588e+01
1.553296929041742658e+01
-2.297852386989563911e+01
2.142952768946253173e+01
-5.803613413377227914e+00
-3.714302828293511993e+00
3.844356720546734607e+00
-1.821590408768030045e+01
-2.746472405646184711e+01
-1.117328799845473952e+00
9.014483852685771126e+00
1.084324713360332026e+01
1.693228106343767081e-01
1.463429112533553678e+01
1.533869886437022956e+01
2.312334034903582847e+01
-1.924942756080793060e+01
6.141659576792321218e+00
5.049138360889784849e+00
-1.504458846757822243e+01
2.571013168610861044e+00
-2.186414932806922806e+01
-1.630412891460433400e+01
-9.510848257469319833e+00
3.325433577424618647e+00
-3.131505220937498279e-01
3.310834418272506241e+01
2.683486964839055133e+01
6.768581572241245681e-01
-9.810095310869542118e-01
7.852098104793967082e+00
-8.450566943299193667e-01
7.911659551718194905e+00
-1.352250036144761935e+01
-1.944541964141994583e+01
-2.722976893390024600e+01
-7.496231707371045161e+00
-1.156385975094621443e+01
-1.817137103944772747e+01
-2.336364807366465968e+01
5.455857855170812343e+00
6.956339165012181525e+00
1.430014147484641285e+01
1.298376878852323557e+00
-2.571656522986238258e+00
3.539698357772103066e+00
3.612388342092174298e+00
-2.848032487320464767e+01
-2.169615581295838425e+01
-5.534848802348591335e+00
-2.899054753232028858e+01
1.788627707999479810e+01
-1.140477135178289103e+01
-4.999586786575243025e+00
-1.323380700686841749e+01
3.097295301269578260e+01
-1.214601882543490063e+01
1.986323181825288486e+01
-2.750658619773160751e+01
-1.085359039750878907e+01
1.119661515703568000e+01
-3.502102180754299354e+00
-1.570055857348931738e+01
6.461877942572833433e+00
3.277802452596198179e+00
9.460724224975933794e-01
4.457036279625015140e-02
3.517451282209250962e+00
2.635375985297883972e+00
-1.563895161602715689e+00
1.455597206145402822e+01
2.012504193349246862e+01
2.959244865933247581e+01
2.978079506920796860e+01
4.348564882590011393e-02
-8.534284185774446030e+00
4.260591224518783804e+00
-3.061905247336117597e+01
1.783254830247069833e+01
9.729279548449490278e+00
-2.203417425297188714e+01
-1.844753816303576954e+01
-9.223658586010735405e+00
3.011399527573155410e+01
-1.402184596280400086e+01
-1.114309353518827805e+01
-1.507491314713240627e+01
-1.820091716327327802e+01
3.245981065186549586e+01
4.597438501549873990e+00
2.695719567002264228e+00
1.785163327629506114e+01
1.368626768494047496e+01
1.865243525466139829e+01
-3.250548032022695821e+01
-1.908920289720204977e+01
-1.490360950564898701e+01
-3.521045868094724085e+00
2.027869817173275635e+01
-2.125843969345067563e+01
1.444512936846432183e+01
2.497858800952853642e+01
-1.944451562946350975e+01
-9.141456543332168394e+00
5.388093142699226235e+00
1.022180812552358731e+01
1.583201118529262885e+01
-8.221396040595152499e-02
-2.447451408124733518e+01
4.719464572513651035e+00
-2.793095148793831584e+00
-1.426903833502207419e+01
2.831829766424611705e+00
1.110286934743560749e+01
-1.409175074707775366e+00
1.624935681354259032e+00
-1.778771374293477692e+01
8.510194147452118330e+00
1.902024680173951765e+00
-1.571004882742860076e+01
1.243035520165398822e+01
-2.175798888206508863e+01
-7.448401283328230704e+00
8.739118699394467171e+00
-1.312815060142966672e-01
1.515728855310165102e+01
1.327661559735992824e+01
-1.699202584929806648e+01
5.509109150178169045e+00
-1.528752815145232802e+01
8.934206779770015316e+00
-1.028815157348365972e+01
-6.864583974115390674e+00
-2.465188498465921185e+01
-5.968070876317931095e+00
2.068907256948727991e+01
-1.117831582777395028e+01
-3.488097023242720951e+01
-1.101185788299195423e+01
9.630541772985814930e+00
1.909403611384257715e+01
-2.014873329273624947e+01
5.458976679083740180e+00
-1.240954246962336072e+01
-6.696353552667950737e+00
-2.637340925058019536e+00
2.461191071494496896e+01
2.006364542970372611e+01
1.532778941550256491e+01
-1.693994728708680952e+01
-1.923339311642948246e+00
1.142959581783711087e+01
-2.603223724353532731e+01
6.449608436448471593e+00
-6.843802297206849516e+00
-1.718378664128275091e+01
-4.762714898105983252e+00
-1.046391611679779743e+01
2.293232162258402695e+01
-6.642240836954840688e+00
-2.792264660310881297e+01
1.577358835823335426e+01
2.193508008612923277e-01
-1.097078170609569270e+01
-1.067339688744153392e+01
-2.480607425962918455e+01
-1.967290165612115516e+01
-1.864698234153669887e+01
-1.769765858444024786e+01
-3.242647843232573734e+01
7.854157478427012506e+00
1.743786744468422967e-02
-9.500872897166821929e+00
5.042861610213599022e+00
1.793668775482541378e+01
-1.170487805645281298e+01
4.422749663952885157e+00
-1.606209608260114408e+01
-7.594450767332631358e+00
-8.881725226767542836e-01
-1.896286709580069996e+01
-2.968991817453357029e+01
2.655121752843569993e+01
-5.716638232879489578e-01
-3.956718314882408549e+00
8.514884417274600992e+00
7.454901285517109955e+00
-2.667136099751935774e+00
4.841021434634264153e+00
-2.169197379532906567e+01
1.045325854388195097e+01
1.346828797838212921e+01
-1.421085558235400725e+01
6.277338872565408678e+00
2.043357535677181147e+00
-9.603211517704458799e+00
-8.390427757502003203e+00
8.077357893492290941e+00
4.406924592166404864e+00
-1.327592981012989526e+01
1.759143699147284678e+01
5.768662435919949871e+00
9.905405898437912526e+00
1.352321653656357370e+01
1.582020682687851831e+01
6.480633019268111639e+00
-1.034196772928133612e+00
1.385733347759550327e+01
-8.153994925631792512e+00
-1.696785432998790810e+01
2.563972428336597886e+01
5.431008930440754057e+00
-1.326492727028038132e+01
2.045712026561680830e+01
1.603227803006032559e+01
-2.706341693513076763e+01
6.085939536598708344e+00
3.912599923502746435e+00
3.393754404632289834e+00
-1.998256234628546935e+01
-2.322054935724999325e+00
-6.118604243588556812e+00
2.599173715388435824e+01
2.965301709272331721e+01
2.169649306296625468e+01
-1.066668537657549365e+01
1.012748733680577118e+01
2.265867308247932499e+01
-1.870025132418766844e+01
7.629760998305044950e+00
-2.005072224330808339e+01
-1.010693300548191331e+01
8.722715949946362457e-01
-9.892148459597237320e+00
-6.125290038937905024e+00
-1.990998306884309699e+01
-2.078409510820394246e+01
5.432318004588054805e+00
-1.077362407435914804e+01
-1.981831252635766916e+01
1.873094358274128979e+01
-7.029546738374726544e+00
3.856348756633352082e+00
6.444500643358587411e+00
1.445183686695224878e+01
2.622576277103945586e+01
1.409042882419763032e+01
-1.032928480347649014e+01
-6.894139479093567502e+00
-1.413057688453126559e+01
1.318964967722623527e+01
-1.775855376489492699e+01
-5.398762875110122650e+00
1.055631429683015199e+01
3.308032664125938993e+00
1.790098358330216399e+01
2.328347426600043946e+01
2.349140850737279607e+01
-2.049401525372416799e+01
-1.392188862189438936e+01
1.931244308469865700e+01
-1.423705734429221081e+01
-2.057433668791816217e+00
-1.382755756334086783e+01
-1.584306293408374700e+00
-1.465000095462082896e+01
-8.624366508681816867e+00
1.354236424651866599e+01
5.991498437436604263e-02
-2.894979169882769909e+01
-1.156999509434650975e+01
-3.129823016846675543e+01
-1.037217772220998313e+00
7.651250181150643925e-01
1.643607786404855631e+01
-2.562748209558544232e+01
-8.317240764042651335e+00
2.116538826958489494e+00
1.156758249643433345e+01
1.029874649114063345e+01
-9.421492201010295275e-02
-1.550780471960746354e+01
-3.284990632012998901e+01
-3.762881118846303252e+01
-1.733318419755821083e+01
4.216414481782294388e+00
-8.771866220479260789e+00
1.168062079500288064e+01
1.880036154802820647e+01
1.169910832573081194e+01
-1.793776674953453920e+01
-2.241009277029725411e+00
2.485460375902360397e+01
-8.774699156581945658e+00
1.583991080355757219e+01
1.758899900500219360e+01
4.399237227135600392e+00
2.037531818631201475e+00
-1.073711427335331337e+01
1.443575906987062751e+01
-5.614055795420824779e-01
-2.035619056473683131e+01
-1.303874559307914183e+01
-3.000336479244082710e+01
2.461579312440666456e+01
6.156509354923343835e+00
