-3.702378826050828309e+01
-2.022194383850273169e+01
3.911410601142307542e+00
-3.915213450589320132e+00
-2.232669942885180348e+01
1.816097198879120356e+01
-1.126564990725555759e+01
1.306054383133427876e+01
1.421155262624635895e+01
-1.213618415451650634e+01
3.131916132624041893e+01
3.246495159319110257e+00
-1.017625996360199281e+01
-1.405020249599794369e+01
-1.616011264433691252e+01
1.376868396978166942e+01
1.455411872449738553e+01
3.335043646727410760e+01
1.187047002149663655e+01
2.717478172921006774e+01
1.397065021050123335e+01
1.583928880407998463e+01
3.615993240625726912e+00
-3.149480905593867774e+01
6.782426866614542860e+00
3.083490246236108590e+01
3.776036455957627425e+01
3.088552294094797901e+01
-5.676066871352666965e+00
1.365703985883344984e+01
1.742671841335882732e+01
2.981518820695302452e+01
1.290235575150710190e+00
7.474691467048309335e+00
1.648360999390007464e+00
2.332842077396243496e+01
-1.509726176866656999e+01
-8.886613179526250406e-01
7.009868466452331859e+00
-1.879983140848626633e+01
3.647043310682991546e+01
-2.616542878059740929e+01
2.096928928613770893e+00
-2.376827765005053550e+00
-2.985389714018972285e+01
-3.206144420541281903e+01
-2.018650671354620840e+01
3.881480666064757656e+01
2.995073077110497195e+01
2.667213010361125214e+01
6.835310811574458967e+00
1.553979603613511529e+01
-1.647086801731408912e+01
-3.340533262013764215e+00
9.065396598269124695e+00
-1.576854319493546086e+01
1.261957347333627411e+01
3.102017950693638682e+01
3.264505317691263997e+01
-9.364975112071590502e+00
-4.535419175169820960e+00
-4.338219682757269879e+00
-8.396521852965207700e+00
-1.600288626438398865e+01
-2.077852531848084894e+01
2.743122887984641523e+01
-9.859776242449250105e+00
8.086934949821952046e+00
-2.731337711008010061e+01
-5.622362846562090510e+00
-1.886162968904259074e+01
-3.521914790515650395e+01
2.888028456132752808e+01
-2.169294590824872770e+01
-2.468715495226653189e+01
-1.127954880939526561e+01
-1.485318105467893446e+01
-2.574297827957263607e+01
-2.558729802754086791e+00
-7.403914108950715445e-01
1.430115729914452061e+01
-1.065815305435337734e+01
-1.666840742211086024e+00
6.347790440745029628e+00
1.714639518103346916e+00
2.354597957191792545e+00
-2.941353304433744142e+01
-2.524258330778516424e+01
-2.296712042291886746e+00
1.610011123227386065e+01
-6.326171954595025682e+00
2.036925809397871490e-01
3.392155486821005184e+01
-2.137892974905507515e+01
3.475380856759461778e+01
-1.928007198334573147e+01
-1.982515787051262635e+01
1.939500242649970119e+00
-4.649111632643261771e+00
-1.407691907997035941e+01
2.685551370821126227e+01
5.367783398507782522e+00
1.107281259919059835e+01
2.369437243526441250e+01
-4.180575395425923091e+01
-4.057406025856906240e+00
2.865074575767776821e+01
2.200048223388883173e+00
6.616489868793095752e+00
-5.442600218512481547e+00
-1.409654802427102283e+01
-1.867955911181120499e+01
1.749265484687377636e+00
-2.570931602172188235e+01
-1.006313419639393913e+01
-3.334863914398668783e+01
-3.069095200674233581e+00
-1.860466272610396388e+01
-6.204783895662288273e+00
-6.218319844217290893e+00
3.903640668241656897e+01
1.688907192734177443e+00
-4.883060752106516134e-01
4.415464299997859143e+01
6.508751837103673665e+00
-3.323711967851048144e+01
2.185673810087160973e+01
1.529777658698425569e+01
-3.544274228184268338e+01
1.895851745354205775e+01
2.092639179602360855e+01
4.086760005334237178e+01
-2.047498971466119144e+00
-5.155463028182225571e+00
3.601067136532591917e+01
-1.797089069151828511e+01
6.363488073908627030e+00
-7.534325272201137125e+00
8.906760043387585313e+00
-3.177284867350351760e+00
-8.734295091632461094e+00
1.026344993474362610e+01
-2.395851198458379727e+01
3.363251521704455627e+00
-3.105457285556319036e+01
1.213075432899393036e+01
-2.889690676591912677e+01
1.402903259450916096e+01
-2.144968455221807346e+00
-1.229177129529872303e+01
2.119553034247336143e+01
-3.359409232877737850e+00
-5.444845026631433882e+00
3.560607208695137160e+01
-5.879653352762368002e+00
3.798912738302128389e+00
1.063229520586874344e+01
-3.350750620050104089e+01
1.870960996434662604e+01
1.045250644147905916e+01
3.072295742187394296e+01
-9.280193713069401440e+00
1.397241165637538529e+01
1.989844515065308883e+01
-9.987555969100313291e+00
-7.357654969727846606e+00
-1.261919667278492341e+01
-3.719236574544417806e+00
1.450345737742804886e+01
3.152370743929516550e+01
-1.598971066444276801e+01
-1.860883818922246391e+01
-2.076413753809696061e+00
2.178298676722964444e+01
-6.700725086270360009e+00
2.571785728567618889e+00
-2.660257030788723043e+01
-1.366841585637743606e+01
2.077086764943481967e+01
-1.860924934913718687e+00
-1.078711652419507061e+00
-2.881012001366752884e+01
-2.005443612268358322e+01
-3.212895755093079231e+01
1.922033760920379564e+01
-1.611877962783906071e+01
-6.245571688316431391e+00
-3.994485662828139994e+00
-3.618073629840333894e+01
3.396184783203679558e-01
2.691621285136356789e+00
4.779460756524997578e+00
-2.553256187070350691e+01
-2.838266247909431783e+01
4.498165041415626320e+01
3.498846036000958293e+01
1.591472018358996365e+01
1.694991528408293391e+01
3.275279093939246877e+01
-4.085370660661794773e+00
-2.662590780718258188e+01
4.196838807987853670e+01
1.438408603931165430e+01
-1.883432276811433326e+00
2.415257546655880105e+00
2.092146519287948081e+01
-5.681914504008531708e+00
3.064667259099287833e+00
-9.891163300609179032e+00
2.168613043528658579e+00
-3.950973555285634120e+01
5.703995783938623276e+00
2.200370695359555384e+01
-2.160906544366191895e+00
8.641744299668694396e+00
1.506392711444139820e+01
3.109712416273235647e+01
1.086899580911745744e+01
-1.920608063779957320e+01
1.287900202249714710e+01
1.962155727395852978e+00
7.691792045184776327e+00
-2.685261853354687389e+01
-8.626261694326835539e+00
2.120895272065908443e+01
1.478678936263082733e+01
2.002755083166454142e+01
-2.043134449125737717e+00
-3.813817106598925477e+00
4.762123581943133388e+01
-3.089844335358613137e+00
1.516500852910424157e+01
-5.529017954078128128e+00
-3.609040898569732292e+01
-3.230379666191022636e+01
-1.432667279397342242e+01
-4.992278985084617204e+00
1.212163541437486458e+01
3.507050979620771614e-01
9.381739156953102565e+00
2.016654982459300527e+00
-2.028514979732499057e+00
3.815503986502987743e+01
4.219442309649198819e+01
-1.177930354601766538e+01
2.910239956148964779e+01
2.716357543007343622e+01
-2.964009093712903109e+00
-4.030342276533372114e+01
-2.014208925146460771e+01
1.482852273733726634e+01
2.017549014500885107e+01
-2.534263980868598054e+01
2.491049383677868434e+00
1.279854022010432857e+01
9.745680633041018837e+00
-4.550796740033526078e+00
1.881968837050375498e+01
1.325233609459728257e+01
3.056283475661220450e+01
9.492904389005154542e+00
2.864661752222643543e+01
-6.034429873286036639e+00
3.181965784144718157e+01
-3.095516092845336686e+01
2.192631077842641218e+01
7.700458349996637253e-01
-4.332857613542267217e+01
-2.425248607007397439e+01
-2.927879787652329924e+00
-2.333248655045143494e+01
6.112220430105352875e+00
3.467292369747880798e-01
7.969263556118690417e+00
-1.493347041106442674e+01
2.199018636565584472e+01
3.059871382765214776e+01
-2.620274043689699184e+01
-4.054590787351219205e+01
-4.150198317682000493e+01
-3.512113772401789902e+01
5.794515003640540840e+00
1.180215340219375975e+01
2.190674618968428433e+01
2.315257113025360525e+00
-1.171928580096935946e+01
6.101993822828944758e+00
3.029240940315307284e+01
2.597981871034730261e+01
1.959787493409581316e+01
-3.013042553103500865e+01
-8.250151052631984783e+00
-2.243900553059258129e+01
4.676447633358229439e+01
-3.070980593359315947e+00
-1.689253488015019400e+01
-2.569045726604766244e+01
-3.764225387255940802e+01
-4.861533546413220108e+00
1.580010075260220503e+01
1.379134840001261608e+01
1.400183814873645360e+01
3.144625907766747730e+01
1.409733158703885181e+01
-5.219661269529318304e+00
-2.764750143558051221e+01
4.519255098820484307e+01
-1.646144006075827804e+01
-6.856247758760048328e+00
1.597961884944172084e+01
4.734984092152200219e+01
2.884449865678391234e+01
5.643562509097122870e+00
-1.292064822607234476e+01
1.003735562275083026e+01
2.553872373807172380e+01
-1.847203652142960806e+01
1.381426534404010908e+01
1.323075897608257634e+01
3.627132977254450452e+01
1.227043646838507129e+01
2.786616582850264479e+00
-1.234017655553518722e+01
-1.225509407593009570e+01
1.589949419452271684e+01
-1.714691153788714928e+01
4.419864581083220401e+01
5.141225387836456662e-01
3.235172882140845729e+01
2.803740019041589449e+01
1.242927457741137687e+01
-2.290597373333749331e+01
-2.929690771485452672e+01
-1.451597487165331302e+01
2.239327779906906812e+01
-3.881840801678970365e+01
1.065780444324254717e+01
2.237265728258020658e+01
8.127327288725005872e+00
-3.420002127555184046e+01
8.010530620021604875e+00
2.956037981738440124e+01
-1.000303142748133212e+01
2.843862439322791147e+01
3.030306834854764020e+01
3.839273019254440555e+01
-1.150865245602968656e+01
-1.089240759387590884e+01
-1.523554476989612283e+01
1.828752872262127482e+01
-1.722865253629704796e+01
2.889905386726496772e+00
-3.137416624653076980e+01
-4.086181949700073801e+01
8.551593869934421832e-01
4.665954670648240210e+00
2.192519283261927399e+01
-8.457923189758801641e+00
-1.916778961305426421e+01
1.388608541775534633e+01
-2.255647253059131074e+01
1.144483724203282549e+01
3.771224963229413163e+01
2.053435440057448602e+00
-2.848070876919135230e+01
-2.483244005017396461e+01
1.420781644819528822e+01
1.725506551230593288e+01
9.336197616204970018e+00
-3.469867583765626762e+01
3.251012792029005993e+01
1.625168111422695461e+00
2.350833238518788448e+01
2.074498192285074083e+01
-1.370519217874687001e+01
-8.308248973708963092e+00
2.530535711357573803e+01
7.914611721992841353e-01
-2.025996169263342139e+01
1.847282800821324145e+01
1.077559823978485554e+01
-1.794327175774406413e+01
1.690981615172489683e+00
-3.640107939133248749e+01
2.037915780143575262e+01
3.856235688488638402e+00
1.514501125598918918e+00
5.216814934095957312e+00
2.334243708453588795e+01
-1.172789886895613165e+01
3.264436659643834560e+01
3.860894174765726916e+01
-1.167300845076887583e+00
-1.984885145679073304e+01
3.312939719782490045e+01
-1.590318852049630038e+01
9.300742568204512395e+00
-3.210325573571671498e+01
4.561985828980283486e+00
3.777198535231691778e+01
-3.228180084317183685e+01
-1.357514638583477051e+01
-4.988687253635283980e+00
2.890540684913990788e+01
-1.369107128483861402e+01
-2.540996120406453684e+01
9.695538585946529508e+00
-1.396911308521941919e+01
-8.716557996813193654e+00
-3.882440666873417712e+01
-1.788675767103163849e+01
-1.182020696573862750e+01
4.054234620902974484e+00
2.147664109377423358e+00
-7.690044380216775721e+00
-1.949628455581925834e+01
-1.967916597178850324e+01
-2.137179731964129559e+01
-2.475371986593948748e+00
-1.088174505865829644e+01
-2.615148094667297940e+01
-2.102002577677326656e+01
3.006913033985685502e+01
-1.837213762636910630e+01
-2.073473188334645201e+01
-2.983228992590136031e+01
1.936506130538799653e+01
2.152901743064488471e+01
7.229852676327510608e-01
-3.314521892267065084e+01
-3.633138687353586249e+01
5.935892270056072562e+00
3.967560521105353644e+01
-1.634643483519104024e+01
-1.209062826988890293e+01
2.435048106194155082e+01
-4.347166361057750095e+01
8.057129159527868012e+00
2.862324090328685600e+01
5.863375437239696453e+00
1.545457783159488940e+01
-1.094378924001699716e+01
1.974464170545677177e+01
1.837413821947076542e+01
-3.089378790431420185e+01
1.394649381341992722e+01
2.699760932663541269e+01
-4.362345558724332761e+01
-1.379020118908158565e+00
1.062277595775861982e+01
2.451841347699392770e+01
-3.836764574125607652e+01
-3.005375889734080985e+01
-2.289313704856635212e+01
-1.819749523021878446e+01
2.931954043569695045e+01
-1.672617627927004236e+01
-1.192233863807447847e+01
2.164066695626587489e-02
2.806166036772161476e+01
-3.722758387281963621e+00
-2.674453781084263326e+01
1.147366303217653183e+01
-1.513560773810255000e+01
-2.806393782514292567e+01
3.466849308215773817e+01
-1.285805048689702090e+01
5.987043381569520761e+00
1.180190629858307716e+01
3.107790682651709346e+01
2.590878734086096813e+01
-1.073866611203374077e+01
1.600419540060543966e+01
-2.341902800037003018e+01
-2.617760878217650955e+01
-5.315806838692964220e+00
1.363819095831008354e+01
-8.825023686827961455e+00
2.038658461596641303e+01
8.719827744863266616e-01
-7.250048890491619602e+00
1.189770947885840258e+00
1.020530869699665288e+01
-1.069498952812287484e+01
-6.728940873668129541e+00
1.742920305599461983e+00
9.106776325654223569e+00
-8.732327716728086386e+00
1.784659438443597423e+01
1.509298546625669246e+01
3.219149639050694134e+01
1.348649680740597034e+01
2.728624713596857987e+00
8.188209566770218828e+00
1.405025152871314731e+01
-2.605449058161944720e+00
-1.852500134204909799e+01
9.172542710781726782e+00
9.427711973794750122e+00
-1.664343287274192562e+00
2.650717854709981225e+01
-3.075614152934548073e+01
-2.321585674108458264e+01
1.152019687810983584e+01
6.372793999510996343e+00
2.921172630661709491e+01
-1.492226459106407077e+01
1.439357926556647271e+01
2.044904936863662215e+01
3.799956820147720293e+00
7.615483684866575231e+00
-2.885779516178354953e+01
-2.386835404670586414e+01
