-2.627690339624736993e+01
-3.753536089574541990e+01
-1.912272515899641334e+01
-2.109606884421808104e+00
-3.054326477254458894e+01
2.161238647541601665e+01
2.363387693283549140e+00
9.336739936953911467e+00
1.680327805162045252e+01
-1.478953913927835373e+01
1.464485468720377526e+01
-1.184155616751052520e+01
-1.062482646921957041e+00
-1.047948797205654614e+01
-2.515659790831555753e+01
2.909088636808650108e+01
1.682633633532969952e+01
3.374874667497297764e+01
7.540007261114709536e+00
3.390391377339582846e+01
-4.616622051769283530e-01
-2.531714182032942517e-01
1.322028189639452478e+01
-2.784585939488591322e+01
-7.410395658674431729e+00
1.297608812383762711e+01
3.291470310425168577e+01
4.195085982585801787e+01
-1.132054475366961555e+01
6.930497091125673137e+00
6.765950727510706031e+00
2.441737458255042270e+01
-1.555621051884954653e+01
4.227869345518087130e+00
2.250860195692915511e+00
8.034677274542858072e+00
-2.160893878124200285e+01
1.008855534987272762e+01
-1.208456195487030982e-01
-7.781947170122258228e+00
3.215050951352174025e+01
-3.490108874161222730e+01
-1.453435592886997085e+00
-1.364657638024505815e+01
-3.591328910570567245e+01
-2.653805072402596466e+01
-1.166251924885968094e+01
2.123656177896201314e+01
2.643338324360109937e+01
1.879241054065833794e+01
1.338683744933075559e+01
1.464976559333783257e+01
-1.997285235656521252e+01
-1.510872104475788547e+01
7.615302661341225132e+00
-2.778522687270373837e+01
3.188339003177112829e+00
3.570387466537222565e+01
3.309793969487181187e+01
-2.511270819919224806e+01
-1.708417708878950236e+01
-1.621842571740551620e+01
-7.536297137270061341e+00
-2.143309889218395980e+01
-1.564243696243593718e+01
1.038837079091313598e+01
1.020524087579228478e+01
1.777823110816643748e+01
-3.290498050005484743e+01
-2.835029807520758993e+01
-3.109612272302953428e+01
-2.155107663279688879e+01
3.170625875482619449e+01
-2.204643391299765298e+01
-3.580888613627650585e+01
3.731714509213986730e+00
-9.971121905626908699e+00
-7.698429115646042931e+00
1.152648720922208270e+01
-7.745575200831403606e+00
1.130650636163345268e+00
-2.157653503644340987e+01
-9.238610656286958545e+00
-3.785956943845903311e+00
-1.413698432797620086e+01
4.373225670916134789e+00
-2.922350834533652275e+01
-2.757600790888769637e+01
-9.701485932457622141e+00
4.378427028431772783e+00
-1.922646232604235905e+01
-1.078044616167314018e+01
2.817433645763776440e+01
-3.785492796824184580e+01
4.522370793890593177e+01
-8.767199979521670627e+00
7.502391105524210957e-01
6.794140686237625459e+00
-2.313747174377356330e+01
-1.839391098629440791e+01
4.235769598867675256e+01
-1.514442212111891450e+01
1.046638207094589745e+01
3.490357306037743967e+01
-3.164502000493340361e+01
4.100694412244642706e+00
3.691838927803554782e+01
-1.168800827625491223e+01
-3.877026692953052134e+00
8.398870950256011270e+00
-1.513662402378860605e+01
-1.683643986169068540e+01
9.858073026860935784e+00
-1.677399061773597566e+01
-2.241460343044565562e+01
-2.501143306894923413e+01
-1.556096397555405275e+01
-2.926643145509433452e+01
-1.778992870243417457e+01
-1.993926916941605754e+01
2.774104247359059627e+01
5.168653669589403421e+00
1.675484724929863489e+01
3.986531696457089424e+01
-8.694384464858799788e-01
-3.900891468564988429e+01
1.136262037161459659e+01
1.581555226973415529e+01
-1.737355689974162942e+01
3.352303830450065902e+01
3.640105702231224427e+01
4.487462708403482736e+01
-1.220859954061710084e+01
-1.177074997148025659e+01
3.395576307829493601e+01
-1.625075293848919955e+01
-1.462758838509790138e+01
-9.208986293526422173e+00
1.023152883098909882e+01
-8.379984988568836002e+00
-2.800651982281066665e+01
-6.016063222632467955e+00
-2.515341823494914308e+01
9.176752628170063986e-01
-2.386382958117497921e+01
1.542801851399170232e+01
-2.758655773309074988e+01
1.724246651254432550e+01
4.785956055736640735e+00
-2.451912262041062718e+01
1.578001693219515289e+01
-4.152174051902974838e-01
1.287072101398878488e+01
3.699118845393066124e+01
-1.879589961060407077e+01
-7.305266317381047259e+00
6.696412663400330700e+00
-1.669741207981834208e+01
1.780655162825631521e+01
-5.693200170834487039e-01
4.100083149406145822e+01
-2.079547144534470959e+01
-4.469451985281835960e-02
1.991745779460252663e+00
-1.763561891007086757e+01
1.501142554488623659e+00
-1.978546633306174130e+01
1.539478193080853430e+00
3.849930770966895466e+01
4.279398089072978451e+01
-1.251880271745258710e+01
-1.005852354858403430e+01
-5.917456166845717291e+00
7.530350671924693984e+00
-1.018505633048044956e+01
8.101512793692336345e+00
-3.110479138188020443e+01
-6.183427950288681529e+00
2.098121020943189308e+00
-1.529391300151642241e+01
2.067722198006839562e+01
-2.006529821348723885e+01
-4.085220167263228319e+01
-3.129200759116942265e+01
3.131484382758966944e+01
-1.521585562003350134e+01
-1.503950348121861680e+01
6.548711754684212849e+00
-2.449991634534563900e+01
-4.485048767474893339e+00
4.672774489519682106e+00
1.957272823705341125e+01
-3.078783835712791728e+01
-3.025525016880210671e+01
3.367383397277676238e+01
4.197896947767303288e+01
-5.321281490522416391e+00
1.171332558876201801e+00
4.120212237078746398e+01
-3.775935936518912683e+00
-2.521621052370200289e+01
5.000000000000000000e+01
7.456683727065005485e+00
-1.191371988583822628e+01
-2.576458833067768239e+00
3.166187014174933267e+01
-6.368610373298679406e+00
1.861170852109601981e+01
-2.188092507707310830e+01
-1.444386945399567423e+01
-3.730812534695846949e+01
4.807639255156239244e+00
3.007005504796178741e+01
4.682050721478212552e+00
-3.228460777321146224e+00
3.654234877956682226e+00
4.978622566886041056e+01
1.694725422338675003e+01
-1.546334320406408835e+00
1.499369219463345360e+01
2.637065827625775682e+01
2.519746853335689707e+01
-1.778261463368027506e+01
-1.064247655135393700e+01
2.708306406910782016e+01
2.895182855417799317e+01
7.119180854322515017e+00
-1.077221117697499864e+01
1.527527142032504059e+00
4.306626830627635627e+01
-1.250121338954244266e+00
2.313920939505803176e+01
-1.975680327633905264e+01
-3.346850336914364732e+01
-2.832385906554777222e+01
-2.819467784060448778e+01
-1.461979324903871458e+01
1.073080999280948333e+01
-1.254378048307749083e+01
1.677576738376858145e+01
-2.006932726149483059e+01
-2.165493533188541164e+01
3.894341063724777996e+01
4.723165296375842104e+01
-2.014199066534997939e+01
3.463085153885523937e+01
2.974715266194397145e+01
-1.649347885035192718e+01
-4.984843704796212904e+01
-2.063243251509550191e+01
1.346672266733312284e+01
1.941427198697738277e+01
-8.277275795756885657e+00
1.866239856021827848e+01
-4.462450640797456458e+00
-9.440867760473942383e+00
-1.000001813997110389e+01
1.101656514293848232e+01
1.951877234737342803e+01
1.885906908267345727e+01
1.155170049834636359e+01
2.482210648078388715e+01
3.860143958767402239e+00
4.735853257349636181e+01
-1.511831978724271153e+01
1.868217782573084662e+01
-4.940179449908946197e+00
-5.000000000000000000e+01
-1.388024521121362653e+01
-6.464400508737497830e+00
-3.719971955518244044e+01
1.714040105324278329e+01
8.205223731536307241e+00
9.900310228122066292e+00
-2.647011659272136441e+01
2.621829483741115041e+01
3.082925472311427484e+01
-1.697764337170536209e+01
-4.388962598954246630e+01
-2.929179318750188443e+01
-2.926847192461804426e+01
2.824484769499849790e+01
3.806932491153361298e+00
3.687877783393228981e+01
-4.898097896646689264e+00
3.699234975073160570e+00
1.572587634476771257e+01
1.628901092892756708e+01
3.004615983915680033e+01
1.576222031963577308e+01
-1.606892580686950112e+01
-3.288827778360804643e+01
-2.002853255055410742e+01
4.739201669962612584e+01
-1.953834333982607063e+01
-1.090762783673561387e+00
-4.052846232466725951e+01
-3.469774063955063070e+01
-1.434264535492192039e+01
1.320403492007713453e+01
2.283381230182463639e+01
-5.705122102168132869e+00
2.588694783171592917e+01
-8.540776323126429759e+00
3.420191438236727777e+00
-2.566422360328707697e+01
3.897904634008800429e+01
1.225201627004949501e+00
-1.028159196395331776e+01
2.142144437957446712e+01
4.614401185289169405e+01
2.972367917106039670e+01
2.070752558090526918e+01
6.160434842330396066e+00
6.064719572929533342e+00
2.092566211091858008e+01
-3.217559286542835650e+01
6.821186730622059713e-01
1.166110071740709486e+01
4.709966850924384119e+01
5.335458863130881468e+00
-6.616764813218026120e+00
-1.282836896559587103e-01
-2.391438433703846300e+01
1.844844063767975229e+01
-3.761042138067914919e+01
4.288876714500257492e+01
-1.604322010406200150e+00
3.755199902612189078e+01
3.722103724922531853e+01
2.225579388733052610e+01
-3.527580790481003703e+01
-1.571825106898420898e+01
-5.855296257715295383e+00
5.605081406911374131e+00
-3.972826940571695076e+01
1.998582442234531698e+01
4.264273421282274512e+01
-5.771044301313189351e+00
-4.553734199948227968e+01
5.079192932925515436e+00
2.490884370595159680e+01
-1.782460123421056863e+01
4.038003981721116986e+01
1.504916052605619825e+01
4.702803125650704885e+01
-6.017175957418871235e+00
-1.027927480276744632e-01
-1.873352600210374419e+01
5.394566533053016144e+00
-3.603171501668366261e+01
8.441004725126802555e+00
-4.753538292888666206e+01
-3.738420061589507526e+01
-1.055563228336374948e+00
2.152266256300379155e-01
1.716476903031389156e+01
-1.472655392547498820e+01
-2.551072772291772495e+01
3.063009966972813913e-01
-2.236089541448134099e+01
1.839425449049636541e+01
2.222639122495790787e+01
2.620250546956768289e+00
-3.397337230683903897e+01
-3.461097769031421478e+01
8.317775225276022866e-01
1.546706631871282411e+01
2.013330186108366604e+01
-4.005983391015730888e+01
2.768224063860201056e+01
4.882219440396880827e+00
2.083676782934155369e+01
1.904372697440199147e+01
-1.349079612863636157e+01
-3.168444026108424438e+01
1.578812827231779181e+01
-3.633361389571113875e+00
-3.715342800172673776e+01
8.942687433981824086e+00
2.925133812865632876e+01
-2.313806395835313978e+01
3.532151612565250787e+00
-3.705768513206329118e+01
2.428055848846631193e+01
1.790484537620588412e+01
1.679389297888414490e+01
-1.917509123374607327e+01
1.093546136709596794e+01
-8.478729030759950547e-01
3.848292430782196050e+01
3.488705461375636219e+01
3.099655828190769569e+00
-7.089684143038120112e+00
4.140928055366717331e+01
-7.045502254886457649e-01
-1.099837816993935036e+01
-2.746285150753336524e+01
-8.574119139764647457e+00
2.665983352663880623e+01
-3.156554293433375591e+01
6.182193632055323462e+00
8.675472293019815595e+00
2.405380196770661883e+01
2.025112111682858540e+00
-3.172847941749867928e+01
1.367996422955661728e+01
-1.160520283240021655e+01
-7.219210570234388058e+00
-3.281900750897796115e+01
-1.849002001649435556e+01
-1.788637788195537581e+01
-6.303985931575240897e+00
-6.183098457832159056e-01
-3.223021109956789587e+00
-1.505168920597164828e+01
-3.526315776593926898e+01
-1.078881329095580099e+00
6.460429280049865497e+00
-6.131945468385595177e+00
-1.778048081322112495e+01
-2.257096565019367063e+00
3.524277327392879045e+01
-3.854273463055573501e+01
-3.405139884496355052e+01
-2.505482622515699020e+01
1.500929188149846993e+00
1.907183517428161679e+01
-1.650017538535533390e+01
-2.605909654510471540e+01
-2.363063202433078303e+01
1.127932656105057418e+01
4.591714353899986634e+01
-9.215556726858601166e+00
-8.721995127837054440e+00
2.276558693278090573e+01
-4.566611461903193003e+01
-1.787729724585013003e+00
2.366001786379928262e+01
2.801215948640410147e+01
1.264323308910512367e+01
-2.224532019145358674e+01
4.821762932818984382e+00
1.677186149723756614e+01
-2.979189915555967616e+01
-1.035071965274255490e+00
3.012264599059197678e+01
-4.311516500885576875e+01
-1.964694238708857199e+01
2.770042000586097686e+01
3.118609100272176704e+01
-3.680504399641597502e+01
-1.158106768807517284e+01
-3.180722474119068011e+01
-1.496996256014300997e+01
1.722652500587614099e+01
-2.877967175941047984e+01
1.097703829689994137e+01
1.674067312144003949e+00
3.165136078247005003e+01
-9.352200544460416154e+00
-2.633336451526854205e+01
1.016905155739993205e+01
-1.957585725145192868e+01
-3.799449305012442579e+01
2.781457961728341388e+01
-3.056839267762257606e+01
1.387593679895184806e+01
2.155370393745221236e+01
2.079011988600404948e+01
3.561078460102208965e+01
-2.014879230880845640e+01
2.239940993841280203e+01
-2.916852092057840196e+01
-2.947877094373495410e+01
-1.964499389853614630e+01
2.509192620466691892e+00
-9.406791184804198735e+00
1.056547996391222455e+01
9.417160966011174139e+00
-1.611950353802097169e+01
1.458597201233567375e+01
-7.117650588914905541e+00
-2.113274851223442141e+01
-2.414687706834612868e-01
5.564544115172701311e+00
5.460658119602925353e+00
-2.764832314204110375e+01
7.284837015157350493e+00
8.793896318507734122e+00
2.100804385118536288e+01
-1.189073488005467283e+01
1.756596384428216595e+01
1.457664036241222050e+01
2.130756505451631710e+01
7.961061630431217395e+00
-1.195056760810189189e-01
-1.275034798718533580e+01
2.581836968500681451e-01
-1.746590943127337425e+00
2.446383883639451540e+01
-3.328976064123473577e+01
-9.474557749892532854e+00
2.597075527802275019e-01
1.813778706550181141e+01
2.413078242659480566e+01
2.922323763361148963e+00
1.099038771828255534e+01
6.573682423819860787e+00
5.696660885860957535e+00
-1.360326376962370176e+01
-1.956310616716184825e+01
-7.768658064183000533e+00
