-1.665369494949420925e+01
-3.052274574697347731e+01
-1.104136213827209190e+01
2.166119499357373002e+01
-2.320704832804649698e+01
-1.586486330588009253e+00
-1.844714165255852834e+01
4.122436193104427105e+00
2.818111806802106400e+01
5.892711425537498826e+00
1.340755122606840644e+01
-1.879574833690139002e+01
-8.739424604615855685e+00
-2.608166144725130309e+01
-1.989520669855267698e+01
2.077472349110924199e+01
-4.014658862657810801e+00
3.146790732500284093e+01
-8.583856103125526715e-01
2.843393687540125825e+01
-4.071454198830934956e-01
2.375162783638656094e+01
-1.781418056508448444e+01
-9.458355086794753674e+00
-4.458532796565208400e+00
1.185146920769148693e+01
3.309848055412352608e+01
2.675910550071240834e+01
1.352884889202099572e+01
2.547721176633285722e+01
4.449476123309722198e+00
2.250610339041489283e+01
4.727185244417384524e+00
-1.191256584972590105e+01
-1.108232037064494335e+01
1.435097437069978810e+01
2.573134066566751699e+00
-1.206819963144384644e+01
-3.010914939176252858e+00
-2.639487165873674712e+00
1.563109510241690714e+01
-9.148582521329210238e+00
1.756977071376269350e+01
3.310613334215574355e+00
-3.002167769279787279e+01
-3.956728482826002846e+01
-2.040947830975312627e+00
3.359679367778241499e+01
3.066555037528766547e+01
2.742687739733234764e+01
2.182293040900900394e+01
1.830831246204469664e+01
-9.155702047500113849e-01
5.952374703760931141e+00
-9.521372964713542331e+00
-3.086025176850149165e+01
1.688658040745303879e+01
1.824706587132706659e+01
2.234941771819173084e+01
-1.104822527428238743e+01
-1.013931201881808875e+01
4.371438229791067442e+00
-1.523294340714939210e+01
-1.586605788626291513e+01
-9.524923595368861129e+00
1.160308719452734749e+01
8.307769332538725848e+00
1.040427451361577482e+01
-2.685256170551850730e+01
-8.835201869652472340e+00
-1.739160819468151686e+01
-2.324761715244236271e+01
1.729485836965739054e+01
-5.419981720605875353e+00
-2.912630446621107794e+01
2.322221208213250065e+00
-1.012084103321048190e+01
-2.105762936355872839e+01
-1.963204795349113851e+00
1.592189479260468943e+01
1.574265237101066361e+00
-2.592191748256159656e+01
-4.129014864650635275e+00
1.472174215092681493e+01
-7.577442626702271866e+00
-1.608653277627914946e+01
-1.288123234199878908e+01
-2.603647610099684684e+01
-2.047984795296801508e+01
1.550719486908963063e+01
-3.013687646941426834e+01
8.532611205950168198e+00
1.675005567005617024e+01
-3.294242802802828152e+01
3.685807927922670046e+01
-2.351393589189001432e-01
-4.268309228133730926e-01
1.530780961637870519e+01
-1.595779116586138002e+01
1.486801076827106272e+00
2.085082207093739726e+01
7.794040746156248645e+00
-6.639908633685692507e+00
4.099688000290146306e+01
-3.558694941058750771e+01
1.088895681495687029e+01
3.200045140247328845e+01
-4.135169612252340698e+00
-3.118118547486112391e+00
-1.864978573079895696e+01
9.550652759850052576e+00
-4.621673088720605449e+00
-4.698257924945110631e-01
-3.588140749706785471e+01
-2.262298495801734433e+01
-3.858017008271357895e+01
-2.192169108615432549e+01
-3.845462876495599147e+01
-6.581759682415885493e+00
-1.137986922485066543e+01
2.685118666889101746e+01
5.786733647317362284e+00
1.194206657886918066e+01
3.721530369274590555e+01
1.063942373002980446e+00
-2.191599939579852574e+01
2.044371806327434626e+01
6.901359512018203191e+00
-3.451621862803088447e+01
2.329254105302007360e+01
2.959418544221743730e+01
4.957530291831335489e+01
-3.348043710040677468e+00
1.309865894790168994e+01
2.472554889222496399e+01
-2.828417401629259587e+00
-7.682852756669873884e+00
1.198038402131693658e+00
2.292294789715889181e+00
-8.179947966684167682e+00
-2.326643278466521991e+01
1.116633582725341256e+01
-7.905849511524216666e+00
-4.801514243565243589e+00
-1.030713146069589214e+01
1.040038974249145554e+01
-8.503404027221769468e+00
3.158226784951875743e+01
1.028463949153378820e+01
6.799978294068928619e+00
-6.654284135272121148e+00
-9.619085405411112788e+00
-8.196449885585224138e+00
1.562648643554641126e+01
-4.177348297735150595e-01
1.038786935380083776e+01
9.917463561773232072e+00
-2.855518553304308682e+01
1.794365745010836122e+01
1.326287530921059954e+01
3.456819381252005030e+01
1.966626989556111482e+00
-1.145567308792429628e+00
1.435264538509312615e+01
-5.693945158461005462e+00
-1.343330999475217169e+01
-2.858699198285883369e+01
7.920268876444914952e+00
1.996898810634458243e+01
3.329917404277658477e+01
4.631844093474789759e+00
-1.387420757519458903e+01
4.774421833885902799e+00
1.479654284935585906e+01
6.631472813220270268e+00
1.610190776165904936e+01
-2.879931916605238840e+01
8.397092500519953262e+00
1.155157468251681507e+01
5.224926343841964638e+00
1.106020231203572735e+01
-3.900156857199976912e+01
-1.924830988051923342e+01
-2.410158505902692028e+01
2.733711939065143781e+01
6.818307450841032846e+00
4.943555135156216807e-01
-1.514889919280143715e+01
-3.417597883336470943e+01
1.213472789055322920e+01
1.481395902500703698e+01
6.053994232043102386e+00
-3.878215715112914808e+01
-3.054717771032831664e+01
4.083152411711030538e+01
4.654174008798501916e+01
1.107293068358619337e+01
-8.042056835049180563e+00
4.324790329431773728e+01
-1.827907276623974653e+01
-2.944317708038181536e+01
4.593484445002289362e+01
-9.719594325197448370e+00
1.115012540608407932e+01
1.624214660687425749e+01
2.316480380307815778e+00
-2.675364520329830498e+01
2.185417178869852251e+01
-7.732679404193099515e+00
-5.623682592920147272e+00
-3.944580252444323776e+01
-3.675554893717894345e+00
1.476445767404464959e+01
1.359175889274455074e+01
-7.837679393648699033e+00
1.115283106838762706e+01
3.537788414848866125e+01
4.846387514825835297e+00
-3.505020748858036939e+00
3.268724699698246638e+01
1.783944347077003556e+00
-9.377043764084191935e-02
-2.652539358838685857e+01
-2.423716535923445292e+01
1.651018886498867744e+01
9.771508748495946861e+00
3.526539600169417099e+01
-1.543756979284309949e+01
-9.391903476418335117e+00
4.483829513608337436e+01
8.882132754112689099e+00
1.424875400053082330e+01
9.962110737720621501e+00
-2.380393551057988688e+01
-1.024560554564072135e+01
-3.393494483590359323e+00
8.806899320815865906e+00
1.205569366469281078e+01
-2.165358908132675708e+01
-8.541061320036064330e+00
-1.765262709885027448e+01
7.796065394032915208e+00
3.604289828584654742e+01
2.716146695796304300e+01
4.533771216306604401e+00
8.634466483185263996e+00
2.013315572849371904e+01
-1.335812055927782893e+01
-2.862354658079894776e+01
-2.131322561970999274e+01
1.998719617915276103e+01
-2.548815924731243854e+00
-2.142709935366797325e+01
4.481770481872402456e+00
1.007645408579433166e+01
2.668716497798087062e-01
1.878900311210765040e+01
3.700795475515086252e+00
2.702180175021489106e+01
3.539404355648498779e+01
3.753774389336413719e+00
1.314308307010454513e+01
-1.055590557659637341e+01
2.978813686532049587e+01
-1.332953732724813989e+01
3.997081449077889204e+00
6.283473948488804695e+00
-3.063315506205213268e+01
-2.091679740603743554e+01
-1.882026880075146735e+01
-1.798304547620695359e+01
2.634508177662033290e+01
3.255449632349595390e+00
1.384930909953986600e+01
5.415017856032463328e+00
3.106476665412564842e+01
2.352879248556827463e+01
-2.249733052864966609e+01
-4.515298117372250886e+01
-3.005501111033445127e+01
-3.056515043034331214e+01
9.345664221073789690e+00
2.756419155169126611e+01
2.434796655707836521e+01
8.536074804990903431e+00
-2.338381545623102653e+01
1.188795225522354571e+01
3.325159050208200995e+01
4.094586494265436727e+01
3.476953539911863800e+01
-9.129549179991620633e+00
-1.231157541650382825e+01
-1.705106163571355182e+01
3.815149621087319076e+01
-1.755845962560035645e+01
-5.951335919092016979e+00
-3.683100262221781662e+01
-4.155967019445925104e+01
5.282709205703042699e+00
2.810143438793843984e+01
-4.348799544111443538e-01
1.177797946289793884e+01
3.161637256997116197e+01
3.214266741017844708e+00
-5.660768226032644179e+00
-3.780675322851192277e+01
3.509544851945453559e+01
-2.746965019285223519e+01
4.161725273350867838e+00
1.646237463764914821e+01
3.815799647106481984e+01
1.157426126682049272e+01
-6.372067192938025926e+00
-2.900760913128593188e+00
1.554711296303128165e+01
3.849964173425497904e+01
-3.577973185055945748e+00
8.159570531559545259e+00
6.246952320995532659e+00
4.228001255967561178e+01
2.374452981460602530e+01
-1.829230564574677587e+01
-1.641204003938661771e+01
-2.248768226513690038e+01
1.121787193530560245e+01
-1.084591989620616204e+01
2.555217852298189030e+01
-1.916986045546773099e+01
3.486706981946554151e+01
2.329550442050386039e+01
3.518587985666431450e+01
-1.091164410532415729e+01
-2.068779148940836876e+01
-2.690428635167542026e+01
1.291361854472130233e+01
-3.018164390269805608e+01
1.910424937479318430e+01
2.306904038430710102e+01
-1.712863841070488036e+01
-4.079665018751808248e+01
3.141390679800558416e+00
4.023164292703584977e+01
-1.711726336599949860e+01
1.630084797990556922e+01
2.572410253968433835e+01
2.582163064423652088e+01
-2.599319995139496697e+01
6.291083282642730978e-01
-3.606989191358806579e+00
1.396073178318710006e+01
-2.579382166228788620e+01
1.878698417260069675e+01
-2.598941298209430784e+01
-2.751048031500679159e+01
8.530225153424453310e-02
1.405582186996866767e+00
6.681483430372125554e+00
-1.188422850894844629e+01
-3.055357192697484336e+01
7.384802925622636849e+00
-2.460642060503658257e+01
3.241534075680597482e+00
2.580089766967984133e+01
1.779196706831960739e+01
-2.312616999330684564e+01
-2.179977148710933221e+01
5.459331135247538214e-01
1.644926742705770550e+01
3.209393603487441737e+00
-3.180058640915953561e+01
3.254729045550351429e+01
-5.664564381456195008e+00
5.316372435483899039e+00
1.866230242965202990e+01
-7.671173518291070081e+00
-1.242054023245476913e+01
3.152973977049899190e+01
8.333978674064432823e+00
-1.288192950794380920e+01
3.095445320364676434e+01
1.842527167555242329e+01
3.129036790608807905e+00
-9.147632965594659993e+00
-2.583275686887921552e+01
2.255220438379950565e+01
2.375290736273333891e+01
4.610819490768093942e+00
4.661886136325634311e+00
1.480350881966529641e+01
-2.058443233518723048e+00
4.379888096839256661e+01
4.431618249345424942e+01
1.296926484045969374e+01
-1.193768220509780065e+01
3.258940921868914131e+01
2.315581960341653200e+00
-2.100947831516386088e+00
-4.140798355837497979e+01
2.498228565811785984e+00
3.093966666344630312e+01
-3.748512615680753157e+01
-6.378266985812217627e-01
5.452267365528619791e+00
3.317836138052857109e+01
4.987491124711461055e+00
-3.284584144021259533e+01
-2.225253878330278212e+00
-1.742742266317828381e+01
8.384450734344994771e-01
-4.034464549692979318e+01
-5.621947873881801172e+00
-2.469639486860139144e+01
6.841127176826390155e+00
1.437878453037940574e+01
1.883291371100139600e+01
-2.726892000887210443e+01
-2.030735395663278808e+01
-1.674323761718283521e+01
-1.793533395268802622e+00
-4.993108832844960432e+00
-2.246589357414485733e+00
-1.373636913223947431e+00
2.213221715147894031e+01
-2.534085967209341916e+01
-2.186217566322493511e+01
-3.022504618319149472e+01
6.370769046381930423e+00
3.395981747897633340e+01
-9.908378669388149262e+00
-2.336759924189847482e+01
-2.727968169812399779e+01
2.107102333176278819e+01
3.137763327327776608e+01
-3.064312714397124893e+01
-2.109253995862549047e+01
3.112139253389401006e+01
-3.532340740639650534e+01
-1.002883819709824564e+01
4.563599894722777606e+00
1.767287781745150710e+01
-4.647222658764498249e+00
-3.103584771454273650e+01
7.004291212238243247e+00
-1.766005280620788653e+00
-1.844573145259585445e+01
-7.371246215001491464e+00
2.527902415396377478e+01
-2.944310255688874634e+01
1.012830253720505880e+01
7.219735367025457151e+00
7.244888524222240278e+00
-4.031162598094231697e+01
-2.494702810382166192e+01
-5.875688342531979913e+00
-5.011584866323772758e-01
2.688973194369243913e+01
-1.915648927925335343e+01
-1.060662131350717630e+00
6.049294114440328940e-03
3.230224021736231066e+01
1.137985907589722956e+00
-4.412286648183323479e+01
2.251582272481125813e+01
-2.783746545114634685e+01
-2.872084916728502435e+01
4.419454982330243809e+01
-2.597361135798839626e+01
-1.892592902590905624e+00
6.307269917973599149e-01
3.393522053384509718e+01
3.085032444865034051e+01
-9.116144436225184222e-01
1.136797360849411120e+01
-3.699340461030285354e+01
-3.396085037506786364e+01
-2.150527235219942312e+01
1.864550203558346197e+01
9.984858462516086774e+00
2.980374000097185672e-01
1.635355076365698324e+01
9.144905858458017178e+00
4.490893450855594438e+00
6.437831762510768385e-01
4.447787593928076433e+00
-9.874613426060747656e-01
1.149551293807490282e+01
2.027297992835852369e+01
1.199297361210568624e+00
9.275774264236872568e+00
9.555713007229968525e+00
2.857916813185232741e+01
2.176448007339260471e+00
1.528602872191453343e+01
3.278018292757266750e+00
3.160024947880927471e+01
-7.523812949003485073e+00
-1.625858935787771031e+01
1.464399757618015485e+01
-2.533620397998546991e+00
-4.936433641690953777e+00
4.191575284091226195e+01
-2.832036136829975703e+01
-3.316242271048174928e+01
-4.219536697031692540e+00
9.683962659029496933e+00
3.377768801235383478e+01
-2.530681440915662961e+01
1.941067012566530536e+01
2.640348659207931803e+01
7.497149558418257698e+00
-4.657530987919230370e+00
-1.468897227215730794e+01
-1.681482876408061600e+01
