3.632574157751321309e+00
1.859707399664122818e+01
7.883157573233049220e+00
-8.737575011576758754e+00
-3.896484370931375452e+00
-7.510776257491436070e+00
7.330151754043811252e+00
1.939858033701817419e+01
-1.856130452635453310e+01
-1.191005235556548314e+01
-2.682744914303242467e+00
1.327845145102074298e+01
6.587268258287124922e+00
2.962759491743240403e+01
-1.889127890897924544e+00
-6.479645532994112500e+00
1.095498290819803344e+01
-3.260217235631161969e+01
-1.540593088463734261e+01
-3.165089075942634267e+01
3.232477144457170937e+00
-1.311682035659927692e+01
9.357216528038016179e+00
7.833734925924339620e+00
1.026074189665716574e+01
-9.291185782208302157e+00
-1.385357005031114852e+01
-2.737452856204248164e+01
-6.329790958090583786e+00
-2.537531894371436891e+01
-1.209598033887376545e+01
-1.468291806241099096e+01
-1.499409851708453090e+01
3.790333107645274424e+00
2.253267945766739899e+01
8.655842731113317257e+00
-1.365105267022511981e+01
1.414297306210346505e+01
2.270534561951620844e+01
-4.297239128052680712e+00
-4.769149928073886713e+00
-7.302503355770070925e+00
-2.808587737053832001e+01
-2.078312008408998324e+01
2.533163744549500507e+01
1.855759994098231402e+01
-7.403293103839189371e+00
-2.118223133972524863e+01
-2.908473216227697122e+01
-4.737484122300038791e+00
-1.128614050624786813e+01
-1.624673823182421017e+01
-6.927852727245223718e+00
-8.720712680594225219e+00
-9.516704502590727088e-01
2.567756270130531959e+01
-2.877391172887799442e+01
-1.802507400519671066e+01
2.216115465759358472e+00
-2.700068745385216573e+00
-2.025168796981709818e+00
6.398303601628661852e+00
9.949058097238548726e+00
2.126691069708992643e+01
5.069351479738749333e+00
-9.122801304724646343e+00
1.410700584389999790e+00
-2.502998732867279941e+01
1.719887255834873940e+01
1.599166624029700756e+01
1.108747999292991437e+01
2.400184493275213526e+01
-1.466724337242167309e+01
8.109321386968986189e-01
2.018028201658526655e+01
5.966697770429462366e+00
2.270311682887360405e+00
1.465694353860335752e+00
-5.367349847780708672e+00
-2.185743912448162618e+01
1.061811544339320790e+00
5.283624433642550855e+00
6.210654790341926912e+00
-1.495057373066160267e+00
-5.884766699212171659e+00
2.244671271732111961e+01
-7.221942199207795454e+00
3.212501975386507524e+01
8.680087346511513147e+00
-2.567216052617801125e+01
2.119144210530490113e+01
1.782817004483661094e+00
-6.978785679512760964e+00
1.167508281862721731e+01
-2.115679747709007330e+01
-1.823043567056286562e+01
-4.652914566322984058e+00
2.952470342293686656e+00
4.264024622958032751e+00
2.664651600191490388e+00
-1.209461753596215061e+01
6.372120206519227281e-01
1.425306599910663863e+01
-2.966489277923261980e+01
3.104354914038789559e+01
-5.377227306503797877e+00
-1.202532400316441397e+01
1.976567255087367414e+00
1.537311963211732291e+01
2.438904204203076631e+01
-1.867266598624238227e+01
-8.618173909814544231e+00
-1.348851280514396223e+01
1.568388733109455302e+01
5.513221300998147001e+00
2.835533962170487143e+01
1.632595206648646524e+01
2.278679673724272448e+01
2.447403408508543521e+01
-1.162728329597229049e+00
-1.256310767796534833e+01
-1.711917337090276447e+01
-1.564744259086501899e+01
-3.275413042255007667e+01
1.790276603539901146e+01
7.666319103501095356e+00
-1.236591498636919795e+01
-6.804578292961835473e+00
2.154994541965497490e+01
-8.307678542059484528e+00
-2.079689133907567467e+01
-3.435715581650137551e+01
-6.819732587555535019e+00
4.796678445639777522e+00
-1.760918985358897260e+01
-2.556452127324810419e+00
-1.282598182492407091e+00
1.531390633484579666e+01
-5.103741919571682217e+00
-9.166932297318112433e+00
7.127479825629109200e+00
-2.990877079574573827e+00
5.640845765336891304e+00
-7.958415947853481498e+00
1.138970612673875138e+01
1.597074219952128260e+01
4.817684334376792776e-03
-2.181078848222768940e+01
1.232523028229661577e+01
-8.270674342123271572e+00
7.480365622346326404e+00
1.150047795432875830e+00
1.050038792958189759e+01
-1.381635041940672437e+01
2.134187746428374055e+00
1.079610094348338123e+01
-4.482386427552363273e+00
2.457381557517987858e+01
-6.750836539367028877e-01
-6.487092617223375157e+00
-1.134278000631840655e+01
-1.891780781048918314e+01
1.969571559394559301e+01
-6.237278447767124590e+00
1.537012598527351770e+01
-5.182667814924457161e+00
2.040923542948061709e+01
-1.969544616997412945e+01
-1.042420494209865467e+01
-2.995001491525447435e+01
1.011932511942379165e+01
-6.806877353560167876e+00
1.609013568900508062e+00
3.881576900711735334e+00
-2.744174649219495166e+00
-2.450005728752368128e+01
7.203258982500891250e+00
4.077449940064994394e+00
-4.627733515422853827e+00
-1.480829185866707576e+01
-3.382326060650377997e+00
1.683757950148836358e+01
1.462642690431506765e+01
2.311851719336972621e+01
-8.793957590395272916e+00
-9.395317163054059506e+00
1.188657274921233409e+00
8.942600050730277417e+00
2.611792637824014207e+01
-2.650010191556224726e+01
9.748237907488835674e+00
6.554844536842097114e-02
1.941660984283832647e+01
2.790367898338016062e+01
-2.766495647373713496e+01
-2.487253300608159989e+01
-7.541321630819716404e+00
3.064000295262928830e+00
-2.898285571099379254e+01
1.522455649883815454e+01
4.032603875774221081e+00
-3.219403423418934551e+01
4.092927599378157311e+00
-1.573803310286280777e+01
-1.447191583816999128e+01
4.975858837166093451e+00
1.508099585362519690e+01
-7.182868068566101272e+00
1.354629635855955883e+01
-8.827227566680235782e+00
2.846425565075089992e+01
8.159143387946144799e+00
-1.322343406091127349e+01
-2.570781844150076267e+00
9.922572016187160671e+00
-1.242490266183780534e+01
-2.425189151035376156e+01
-4.399480912868021676e+00
-7.999521793135023984e+00
-2.333921117025249359e+01
-2.115428516451373753e+00
1.057565458291612970e+01
2.389373434990449141e+01
5.780664156855834790e-01
1.173822055235895334e+00
-1.249511466421765249e+01
-2.291295303328426769e+01
2.606930094952521415e+01
-1.235373736090951979e+01
-2.096179933239979576e+01
-7.709144722376628067e+00
1.194430722281971669e+00
-2.422933877902835320e-01
2.697879205098146826e+01
1.214541395515341549e+01
-2.226842621100928454e+00
2.001959720904537221e+00
-4.997498563112628744e+00
1.966598679561487018e+01
8.368067195085181709e+00
1.318378097485455669e+01
-1.273412241028483294e+01
-2.720111439983321588e+01
-1.086686148856061607e+01
-1.178645305797040521e+01
-1.029654386387245069e+01
-2.768771211361890749e+01
2.184683103788944436e+01
1.417926257199469831e+01
2.670682841585126255e+01
2.644037583151003901e+00
1.438312687957154878e+01
-5.729087816210309825e-01
-1.522747477556976037e-01
-2.085774013718941688e+01
-1.057162712876333899e-01
-2.064879366168883124e+01
-8.162259044907294481e+00
-5.918470047394528422e+00
-1.913436894173134561e+01
2.748131812567521592e+00
-1.002728909692832815e+01
1.985454507911957478e+01
-2.525133270485032710e+01
-2.266760053669543140e-01
-9.891965966274170796e+00
-1.793750423284789264e+01
1.657520215871782909e+01
2.920736594793652330e+00
8.126729895906990464e+00
1.745103153545684904e+01
-2.248560821117114727e+01
-5.012636425314433097e+00
-1.544172751613954375e+01
-9.096492714094139842e-01
-1.922933882199501809e+01
-1.372116300974206382e+01
1.675522210586890992e+01
3.318847187132656984e+01
2.079507138433658042e+01
2.532384752263774885e+01
-1.864558880000642915e+01
-2.320519748099752988e+01
-6.866089153748774265e+00
-2.403311815345420399e+01
2.329130285001173206e+01
-1.168274732465538790e+01
-1.662684399082288422e+01
-3.368835140804927875e+01
-2.668328397427021059e+01
8.753231919506788472e+00
9.632802763044367111e+00
-1.055262272408981516e+01
-2.050821757399769041e+01
6.931778408906950517e+00
1.861800943424414356e+01
2.634454140295858338e+01
1.606795492598193675e+01
1.475035603365864745e+01
-2.547214368501272475e+00
1.296164740638931789e+01
-1.829752547270538443e+01
-2.230142767164658579e+01
8.456191054231489090e+00
-1.285154714579262247e+01
2.598182442956473892e+01
-1.628569318489662976e+01
1.708911352039150700e+01
1.187787929987504754e+01
-2.236653367015769689e+01
-1.454049070064525040e+01
3.115727705948422965e+00
1.339870763459175862e+01
5.551071764529780239e+00
4.649653240078656324e+00
-3.642367960620235579e+01
8.161271292738945249e-01
-4.592121519001125307e+00
-1.038112209817393961e+01
-2.008770103482976310e+01
7.666753930253946692e-01
1.711971717690359185e+01
1.051930217775456100e+01
9.598329766490053316e+00
-6.186277923897861797e+00
1.429920014332147105e+01
-1.289981235738878951e+01
2.111010968258651133e+01
-2.835113608517661987e+01
-7.854613322234079931e+00
-1.965135761788126700e+01
1.073928210914153425e+01
1.148754865381431500e+01
1.700425406016923091e+01
-2.793277562000511693e+00
1.686757711253878256e+01
-2.233099461224936633e+01
-1.125539517642010168e+01
1.926859645674700516e+01
1.744325506653922275e+01
-1.515306936655354519e+01
-1.906046507918883748e+01
3.119058105341373732e+01
-1.710204674137885661e+01
-2.349544202158281436e+01
-1.192444494408759681e+01
2.622960017149044631e+01
-4.211554946640013952e+00
-1.575524013096281095e+01
2.847279797845537530e+00
1.080297819365137002e+01
-2.854794679996813400e+01
9.687826151914080697e+00
1.551911532520765036e+01
1.193686735265661270e+01
2.210026953053659327e+01
2.607158468326367995e+00
1.435493029527765430e+01
2.681027277911347539e+01
-8.927038192625524005e+00
1.044000602220680207e+01
-6.977212912022956459e+00
-1.245731033371225038e+01
-2.448510578276025385e+01
-1.153583484527075598e+00
3.117980841363599609e+01
4.980763677350509511e+00
-2.326094442875647061e+01
1.769485752417622848e+00
8.693794894299941234e+00
-9.250316191692597556e+00
-1.266217909875507530e+01
-1.612578188045306149e+01
-2.177126884714560973e+01
-1.805451493361283610e+01
6.016770045009558032e+00
-3.025952108436266741e+01
-2.280334992446718445e+00
1.446931099558690903e+01
-1.546995424596768487e+01
-1.430511075465184234e+01
5.901391292966891911e+00
5.569942695739094063e+00
4.941821380521169260e+00
-2.967741377555405080e+01
-2.793301758744434693e+01
-7.671629368166165364e+00
-2.792385037592282515e+00
-2.240394757303963047e+01
6.811626768940570287e+00
-1.848112674168204705e+01
-2.003590702533195511e+01
-1.456967937835668891e+01
8.078034679509755733e-01
-2.220613930136574510e+01
-9.091859483697540156e+00
-6.887766480496246402e+00
2.577183804756512586e+01
1.316893966503647562e+01
-7.556476779464446736e+00
1.931987252431055424e+01
-1.419866701388151142e+01
-1.531851756514677732e+01
-2.138179520249843080e+01
-8.334960093804248515e+00
1.606150399233708015e+01
-1.377748163918861479e+01
2.866006145632951529e+01
1.574453745522049530e+00
1.342250106323423609e+01
1.443075755973737273e+01
2.264275410319400805e+01
2.234014850890154946e+00
-1.792246400224158265e+01
-7.462522816067227893e+00
4.461712049406649783e+00
5.416226338669304141e+00
1.560523775312901762e+01
7.966651428879309549e+00
-5.566716632172862944e+00
-2.511688926086982576e+00
-3.872688033064207502e+00
-2.335759133503970730e+01
2.690922259925730486e+01
1.103970161230792968e+01
4.543953709540140551e+00
4.589983109164698760e+00
-1.189960804930172600e+01
4.381682212476214033e+00
2.278080871462235280e+01
1.550684874286946524e+01
-1.262460423912472152e+00
-2.138870238692372894e+01
2.547797778163263160e+01
3.060310091207078642e+01
-2.451794820921124440e+01
1.514894549711715399e+01
6.687616428331274676e+00
6.676539441080642234e+00
-2.131872752023101825e+01
-3.772313477572133422e+00
1.461130125925522805e+01
-1.170892971975078467e+01
-1.115241821942337452e+01
-2.996439818317774950e+00
7.534737750166698333e+00
-2.823341950542973677e+01
1.319606684372767091e+01
-7.113600941231972286e+00
-1.182468384649998683e+01
4.865371464530113599e+00
2.659118614898031296e+01
2.115206600909877466e+01
1.185420270265600351e+01
-1.351894917295660292e+01
-1.037723525906098843e+01
4.082133675007248996e+00
-9.090798034121135629e+00
-6.162998921104410499e+00
-1.735766624964637117e+01
-5.372651233351390943e-01
2.365311283391861252e+01
3.452803282078640734e+00
3.279697609023293126e+01
3.124701347803254237e+01
-3.201072498175129510e+01
1.006487330508867473e+01
1.703067264813277859e+01
-6.018089342945849296e+00
-1.150156466321284654e+01
-2.062542229300624541e+01
-9.473710899574712130e+00
-1.386163757657544693e+01
1.541023483732595878e+01
2.590917694871318133e+01
1.454561090358247100e+01
-1.832702574361584169e+01
-1.416679455112215180e+01
-1.118759630419208406e+01
-9.306585665670283447e+00
-1.164920525901712267e+01
9.855403028353535433e+00
-1.321718113300131847e+01
-8.721349714786121865e+00
4.718854999278917717e+00
7.720380580833108297e+00
3.607693671350652664e+00
1.815193628355856958e+00
-4.213618265756039705e+00
-1.862295034663740267e+01
-2.949813988350108929e+01
5.631447137624221000e+00
-7.768689116041997522e+00
-3.794860923252748819e+00
-1.095203948946773664e+01
8.107674688307334065e+00
1.163511188996793067e-01
-1.192998760406296554e+01
9.495363303465467197e+00
2.673316458901066994e+01
-3.070968347891875183e+01
2.768711862499206688e+01
2.493525335164147805e+01
1.099743418401455131e+01
-8.740898224610269551e+00
-1.240272238547792938e+01
1.174536233609681801e+01
-1.746941111554352943e+01
-1.296952853482579116e+01
-9.296122599799190311e+00
-5.991751003006505982e+00
1.475438107578132474e+01
-2.227400290248340298e+00
