-1.382420807295360987e+01
-3.386097688192509736e+01
-2.116644400381287738e+01
1.920126892915814665e+01
-2.618019705370271311e+01
-5.774080400360404042e-01
-1.098783169104702750e+01
4.451538476866168992e+00
2.305660802548166544e+01
-9.459905027003543410e-01
5.319471414860068137e+00
-2.067347026665166254e+01
-8.012179337967026527e+00
-1.819359656511955237e+01
-2.137988093984444049e+01
2.479746783242732988e+01
6.516368784945854031e-01
2.783749857756119184e+01
-4.421621207452886892e+00
2.707494632046635274e+01
-8.775705019780879468e+00
1.364446200805706866e+01
-1.064358087918952833e+01
-8.790380472431671421e+00
-5.777621980213332620e+00
4.625756617444601204e+00
3.107843548321180549e+01
2.890629680972264737e+01
7.198609982799752061e+00
2.087976948652277542e+01
-3.329227095640504785e+00
1.787942942808882663e+01
-3.268780014200459050e+00
-9.562169986220567353e+00
-9.376182763703148737e+00
9.571873318879312365e+00
-1.763180049047001319e+00
-2.651862276111017991e+00
-1.557053703794224475e+00
3.872762571859354352e+00
1.343163265617006630e+01
-1.588378418944221693e+01
1.288701238307924513e+01
-3.080999446593494895e+00
-3.239792194817682969e+01
-3.226018907581184436e+01
-1.495011164626006916e+00
2.448384274327786159e+01
2.447841762672524624e+01
2.062805885641088821e+01
2.090226650411098319e+01
1.239367884014889398e+01
-7.545611071781983981e+00
-3.994707669248761306e+00
-1.142218915945601765e+01
-3.509301926227792023e+01
1.063586549862039732e+01
2.210319094105892646e+01
2.235431425749936807e+01
-1.571293914865709240e+01
-1.322893785212605167e+01
-3.303939904255756232e+00
-1.476157865710190720e+01
-1.848209782888560682e+01
-1.130216479574956168e+01
6.096279208081256229e+00
1.689467113052978675e+01
1.224444945572761156e+01
-2.913747053251480779e+01
-1.651874655693574567e+01
-2.411747505284428428e+01
-1.650308658448219745e+01
1.576224674840682383e+01
-3.625760463500448338e+00
-3.504469315780956151e+01
7.692836732216953521e+00
-1.171553384653880414e+01
-1.178846346668810696e+01
5.419932484819156571e+00
7.885199524158871043e+00
-4.172284338627093803e+00
-2.725854394112746704e+01
-4.825053662976230839e+00
1.213859322759249437e+01
-1.241752266048806774e+01
-1.269301845523423822e+01
-1.327950231281384674e+01
-2.257596918601637626e+01
-1.860551152363057881e+01
7.418853053759356442e+00
-3.253441850536759716e+01
-9.021581202113537756e-02
1.503383083928189023e+01
-3.867826347048517732e+01
3.860689569644719654e+01
2.033878812616563891e+00
5.732538376884676268e+00
1.392877517121413433e+01
-2.250146168202849140e+01
-3.893336562949770041e+00
2.690967547917830416e+01
-3.486293870680910345e+00
-4.436770176347728523e+00
4.260449523802442684e+01
-2.796964804363349799e+01
9.353897437168122053e+00
3.706978538593106975e+01
-8.720279733500689190e+00
-2.552655507958760950e+00
-7.865332982719472454e+00
4.336842728346532283e+00
-4.470370164376255673e+00
-3.856368314151623622e-01
-3.057132213461522952e+01
-2.485847082957480225e+01
-3.122844445159939752e+01
-2.418604095886990279e+01
-4.013794490727502762e+01
-9.554226645378683713e+00
-2.046978700723905931e+01
1.938642952611597536e+01
1.872463783975298668e+00
2.025155009788160498e+01
3.296475771472360350e+01
-2.895689630561015804e+00
-2.331334749416221896e+01
1.663343006614769592e+01
7.885840463247383525e+00
-2.328716691107749526e+01
3.166015434051423938e+01
3.481266794435505574e+01
4.740123101970769426e+01
-1.215088051491377286e+01
8.896116786576079960e+00
2.328455119618267588e+01
-5.952092774286434462e+00
-1.741044467013006880e+01
5.125472278411322691e-01
1.148771731230624482e+00
-9.654005930024233351e+00
-3.106488867458236314e+01
4.006880510884172963e+00
-6.193868826821550044e+00
-2.479186379538802498e+00
-6.771898076678183998e+00
1.274303686286359749e+01
-1.069315576456835259e+01
2.867590508755817780e+01
1.345602716130310483e+01
-2.679619402667263728e+00
-6.331844762951526207e+00
-8.215226450781798917e+00
4.080077810093108326e+00
1.580328759539386851e+01
-4.089798704706467447e+00
6.390877666870451890e+00
3.462834259768868606e+00
-2.000994619713016931e+01
1.397767734694939179e+01
5.059762749403581950e+00
3.650236057324953265e+01
-5.768495148714634979e+00
-4.160247680554981287e+00
5.787545527495183251e+00
-5.767386388668491293e+00
-1.076102529014788445e+01
-2.579086242331277035e+01
7.956946365595619852e+00
2.969749149161864921e+01
3.488061721435227014e+01
5.207077726010332697e+00
-9.963997021909030138e+00
3.649911101639432331e+00
6.902818562187185591e+00
4.684836142089707778e+00
1.813238197975704225e+01
-3.284390218540325179e+01
9.943128253114728921e+00
2.076852630662543220e+00
-4.789835619548696855e+00
2.171484816189141043e+01
-3.087136154326474013e+01
-2.896683488980661991e+01
-1.993139380750415413e+01
3.325696711499475100e+01
4.917894479916050443e+00
-5.356696038903677959e+00
-9.959952641765887904e+00
-2.422687744506625762e+01
8.065683667351009944e+00
1.635278453141924615e+01
1.628476446309674941e+01
-3.926270885855998927e+01
-3.087284319757964113e+01
3.236749396632583853e+01
4.617145084901737562e+01
1.954039351103411093e+00
-1.270388526239455729e+01
4.152966914083248184e+01
-1.703856885476565708e+01
-2.750778987301115563e+01
4.563024872928842512e+01
-8.443786220723787039e+00
6.640731951245669507e+00
8.626273188235067835e+00
8.289142508580660262e+00
-2.526790534126305943e+01
2.504150046937300544e+01
-1.133880619158406944e+01
-1.537961805819818295e+01
-3.809427546381876084e+01
-5.848061527142355942e+00
2.102594767848617607e+01
1.423143324625887374e+01
-1.062368881721663882e+01
7.358242237026878740e+00
4.111481890528375516e+01
9.625180983260214873e+00
4.895722095433519883e+00
2.778532576600426296e+01
1.171926695714440569e+01
1.100472664908128451e+01
-2.307525281955967600e+01
-2.454116353339391665e+01
1.652118977526797039e+01
1.484623024605598118e+01
2.533725854778619180e+01
-1.640689327402758124e+01
-7.519476101675103052e+00
4.090331417861156638e+01
6.132133828104933571e+00
1.525048841925443810e+01
4.917858636981264908e-01
-2.155267379451417042e+01
-8.774405927244025349e+00
-1.207037195181756317e+01
4.886321443357530825e+00
8.699930251152409255e+00
-2.214380810034079872e+01
-6.777962833051631719e-01
-2.485833064702327277e+01
-4.255791530663934452e+00
3.438953141159997529e+01
2.888253944402815421e+01
3.270610976647176926e-01
1.178196311928522988e+01
2.122670409515291112e+01
-1.391454589400971287e+01
-3.164409866249385672e+01
-1.691400223915467649e+01
1.853640762198807579e+01
1.353808640706759547e-01
-1.288118591310880845e+01
9.972106545651740817e+00
9.777033520922415732e-01
-5.354999910924824746e+00
1.289503978442647281e+01
2.032106688942455719e+00
2.660624527719210164e+01
2.582932239824089038e+01
1.885115456063104489e+00
9.114114008935537470e+00
-2.764886265118654762e+00
3.568391306106532568e+01
-8.568624628558183076e+00
1.582789474736770785e+00
-7.127032115483089569e-01
-3.420053652757400897e+01
-1.697179209044536208e+01
-1.651022303682137249e+01
-2.580241185916862889e+01
2.997607350995139086e+01
2.030310333209747853e+00
1.602620797751551152e+01
-1.270630511403034291e+00
2.793329063489304076e+01
2.177938664343891162e+01
-2.007034872861828134e+01
-4.463076481924501593e+01
-2.484177178151072241e+01
-2.354005379165769440e+01
1.817106601112428166e+01
2.204919286488548380e+01
2.906478588223691872e+01
2.813021478533784148e+00
-1.324346714675157699e+01
1.749097631270393549e+01
2.574684613205873518e+01
3.713924717391411434e+01
2.705700858084287574e+01
-2.635078781992852726e+00
-2.172572690826412511e+01
-1.852621145600991781e+01
3.563578719200206990e+01
-2.586083040015901346e+01
2.432209966023854975e+00
-4.190571969945411013e+01
-3.974901081711570328e+01
1.365831145899051080e+00
2.631040794188413656e+01
6.966034528231027423e+00
2.232490411392809904e+00
2.366096433211548344e+01
-5.027793642785269412e+00
-5.263611744697982431e-01
-3.481802698626623283e+01
3.240222271662118203e+01
-1.740181433800511712e+01
2.359640062508269409e+00
1.980404456659054802e+01
3.648214939251872124e+01
1.389609588054082678e+01
3.435834566710724403e+00
4.046939998993316578e+00
1.339250405632855490e+01
3.281881071333043565e+01
-1.099915983850238632e+01
2.797584759173112445e+00
1.224832977766851627e+00
4.582259238844461890e+01
1.851293571198526422e+01
-2.171180749971434665e+01
-9.082545875362782795e+00
-2.790920900438212371e+01
1.293667270246152867e+01
-1.918050419495039804e+01
2.582112654638667948e+01
-1.480913939064961937e+01
3.230727275818424005e+01
2.708079161703564353e+01
3.511348987591085802e+01
-1.784734688313515250e+01
-1.150764674877120086e+01
-1.739195234215558372e+01
8.425018690392136023e+00
-2.882628601048887873e+01
1.816708377082554193e+01
3.281696342048886095e+01
-1.956171077598970598e+01
-4.411674116090742359e+01
-2.287119980241101302e+00
3.325579403124854139e+01
-1.570872508789255306e+01
2.283072034240458947e+01
1.797869978855719353e+01
2.987983794407949745e+01
-2.123273841678493667e+01
6.278013979504834197e+00
-8.354984211352132206e+00
9.040474235342173870e+00
-3.086337053270302633e+01
1.843266631834620739e+01
-3.225848234436777773e+01
-2.442916680466888835e+01
2.924442190605425651e+00
2.028483133100998259e+00
5.379107466378464153e+00
-1.641762333266177620e+01
-3.293624262046217410e+01
-2.166679741623994460e+00
-1.964659652745919161e+01
1.020374808495120078e+01
1.927377792506892717e+01
1.599510807781263111e+01
-2.812057571023856184e+01
-2.396108331037402195e+01
-8.797708222926772237e-01
1.082477114653831762e+01
1.124348937853005026e+01
-3.576276141343316795e+01
3.043784467906522195e+01
-6.539567201061622370e+00
5.153097445603172844e+00
1.946268996614038826e+01
-1.064421194013237226e+01
-2.113150133368186090e+01
2.437461403860982045e+01
8.874054521543627061e+00
-1.886506192671474480e+01
2.617733218265753692e+01
2.222573331822475495e+01
-7.021733981698687899e-01
-9.068951111599119486e+00
-2.424795403307764730e+01
2.353317442319368524e+01
2.552484917732715530e+01
1.358276661328024204e+01
-8.291590602642237684e+00
5.889531225989273366e+00
5.517507568211740931e+00
4.365170342102364032e+01
4.068611556216031033e+01
1.080949329208079490e+01
-3.315565673153876958e+00
3.258269289997468832e+01
5.014310104111729061e+00
-1.155914373794829686e+01
-3.804085222620826556e+01
-2.143678736338671342e+00
2.669470202742353138e+01
-3.200839540538163419e+01
7.202345833141031051e+00
8.754487960899346888e+00
2.601478234425485425e+01
1.199403868597104150e+01
-3.076708773624729432e+01
9.437926185212859309e-01
-1.417232473465887210e+01
4.813559145495581504e+00
-3.561383949034002683e+01
-7.957407647497888092e+00
-2.267902112069185705e+01
-6.991429223504113111e-01
1.239260031117457572e+01
1.796008427430908228e+01
-2.630591103557517840e+01
-2.858044315870381524e+01
-4.384208717515761577e+00
1.471301792622980997e-01
-3.738506815479766487e+00
3.313787816905744421e-02
3.590252810642347470e+00
2.250637923610354107e+01
-3.213272830108520850e+01
-2.869168376798024056e+01
-2.550579630278519261e+01
-6.364600422976067762e-01
2.858559336678338525e+01
-1.757778650080688010e+01
-1.626338835334934885e+01
-2.062530328116539735e+01
2.364787145235301580e+01
3.114221936507298949e+01
-2.550884015508251323e+01
-1.372813521866558517e+01
2.429127302036110336e+01
-3.734585058381519218e+01
-1.434431276622221674e+01
3.839985001652820529e+00
2.587735436633914787e+01
-4.732751489145563539e+00
-3.361025314702212796e+01
-1.131032636329990737e+00
-1.830401432533768968e+00
-1.999178488836054157e+01
-9.826400093968317151e+00
2.693096165524082153e+01
-2.925912149106024174e+01
-1.258408314744507095e+00
1.662748134774514597e+01
1.402768916800474130e+01
-3.934580977035879101e+01
-1.576765915783202843e+01
-1.173296932320597108e+01
-9.851711623093706294e-01
2.273482424688606329e+01
-2.133175228197757889e+01
6.512941218785940123e+00
-1.498154636932845563e+00
3.519645292044690166e+01
-3.291259264134893670e+00
-3.935690527792694127e+01
2.212066694046779958e+01
-2.667371604695410525e+01
-2.946723128113212198e+01
3.854573080266455065e+01
-3.383381576018929593e+01
1.439353799028218361e+00
4.018961609236903598e+00
2.880668415247458825e+01
3.220047541530270507e+01
-6.961904994995428808e+00
1.001766111836403184e+01
-3.533165236652796182e+01
-2.920403751045419583e+01
-2.599396996137730653e+01
1.151875898275750387e+01
5.687447719569263427e+00
-3.018937691630270592e+00
1.953956010702162871e+01
1.595388646246135522e+00
1.336027400195180803e+01
-8.564085174736078443e+00
4.017184044611354921e-02
4.371523883233606966e+00
1.146734927384657965e+01
1.946149504674824016e+01
-8.880417205169777617e+00
9.552600288482580027e-01
6.526974847263524282e+00
2.066608863352243475e+01
-7.865385161168362060e+00
1.835992760986363237e+01
9.472834930462504133e+00
3.056133701404903036e+01
1.515068531498997118e+00
-9.857010039979655858e+00
3.870033724254220431e+00
-8.524868711758244899e+00
-2.793995852229272714e+00
3.742126420619342753e+01
-2.489461764481061223e+01
-2.223669237279698052e+01
-5.972498540474333595e+00
1.785328489802337515e+01
2.770282789326437012e+01
-1.554646087159174073e+01
1.583626268565312500e+01
1.884692502300605099e+01
1.025040641829524191e+01
-1.309667004962307146e+01
-7.462976301490421349e+00
-1.229302057368909828e+01
