1.541692002024517194e+01
7.856896792058897461e+00
-1.097243279023114582e+01
4.689526927670954137e+00
-6.824748846031880589e-01
-1.686126444417163128e+01
1.406866166948985608e+01
9.096542072611768504e+00
-1.326208657209527786e+01
-4.095968309840216648e+00
-2.167753298303333764e+01
-2.612687752552091069e+00
4.920412889284705216e+00
2.079750423903085732e+01
-1.188056610169304861e+00
2.618547916159798206e+00
-4.132166369433328157e+00
-3.259446170195296588e+01
-2.276372297514474141e+01
-2.161682835719901519e+01
-1.461771529229386601e+01
-1.898561055135659004e+01
-3.379887846035245502e-01
1.586765948676206506e+01
1.046852886391079096e+00
-2.130209675070379305e+01
-1.248170117672332680e+01
-2.528385187226403019e+01
-4.463085304192617286e+00
-1.152376948089484898e+01
-2.317832173549477659e+01
-2.652477733187216202e+01
-1.028477931072211504e+01
-8.541569451840153704e+00
1.302712121523691735e+01
-6.370653833364301022e+00
-4.127759774896425427e+00
7.661673684287116259e+00
9.995879721144298458e+00
1.184842803065644290e+01
-1.757100813815922891e+01
8.600404285141536320e-01
-1.154607075508715752e+01
-1.529260856775384525e+01
1.320481807364719629e+01
1.954250394111166145e+01
5.495174969811458254e-01
-2.620859072121814037e+01
-2.337637284127190185e+01
-1.126006186697834721e+01
2.207052047921507665e+00
-1.453803649035523904e+01
-3.557454945732288820e+00
-6.487299675943361876e+00
-1.182793488858892772e+01
9.824393725836785052e+00
-1.994331594159323728e+01
-1.883927245853878674e+01
-6.071377623477424379e+00
-2.527429285306560303e+00
4.903156595787550032e-01
5.841023389714990799e+00
-2.930224707396703820e+00
1.795478832681519066e+01
6.375471051462845651e+00
-2.071206567955345434e+01
1.731213328473971558e+01
-1.877590114913535402e+01
1.880433067614481502e+01
3.928495577671021977e+00
-6.149531420844382978e-01
2.885411652088973256e+01
-2.403174578541247186e+01
1.294978922285356759e+01
9.765149739658781414e+00
9.522786426934359838e+00
5.893324596402891302e+00
1.634992905062988200e+01
-2.918271742054834306e+00
-1.649701581616790946e+01
-1.743578452308350535e+01
-1.807513344851372494e+00
-3.150439839233698081e+00
3.104670527889737741e+00
-1.204785413677630856e+01
1.178772978982001263e+01
8.219920813057527198e+00
2.345153230316665827e+01
2.011608426891200452e+00
-2.810989189806157995e+01
4.579741933903981987e+00
-3.576171512613797177e-01
-2.245284488836997028e+01
2.601630168373723961e+00
-1.273610933146055402e+01
2.168838594554600263e+00
1.276440019833415818e+01
4.684132485417769942e+00
-1.200084341517801079e+00
9.374558400332766439e+00
-5.998762208786935446e+00
-5.048086345007277487e+00
6.984711050139310373e+00
-1.118041833726064738e+01
3.486196779323189787e+01
1.715456348854701218e+00
-5.387440569344946084e+00
-1.092748642459316244e+01
5.795967348552686360e+00
1.888184129946969847e+01
-3.074654538668831094e+00
-1.556288007689254016e+00
-7.326993533323452823e+00
9.633792828722199886e+00
2.645707653041320384e+00
3.013407253136972486e+01
-3.603181455166975411e+00
5.204634183419841520e+00
1.174269617955609846e+01
-1.159814624764315028e+01
-2.304578229057425176e+01
-1.358247362937506608e+01
3.429897978348016352e+00
-3.171476510677983995e+01
3.736415152621063385e+00
1.816853799439117267e+01
-1.851881251090509295e+01
-1.572395671328472133e+00
2.679888732871835089e+01
8.099451771349492901e-01
-3.848952231820540248e+00
-2.397243772729240519e+01
-1.382714461987598042e+01
8.068646574561391560e+00
-1.657156215795036047e+01
-1.019645374543095784e+00
-1.246174685762249368e+01
8.672805229721404885e+00
-2.056940187252301655e+00
-1.306078013037237184e+01
-7.577655580610112906e+00
-1.884802460611567199e+00
1.575590323156423267e+01
-6.888048181361128286e+00
2.040236738897746704e+01
7.982623909043276456e+00
1.456386442877727916e+01
-5.939432259032450645e+00
1.652455102164080358e+01
-2.551292230751776913e+00
-9.739344965626273165e+00
6.835282569020009191e+00
1.780409893551713196e+01
-2.373648533461896903e+01
7.538668747931488667e+00
9.137532241111813391e+00
-1.183032918052388283e+01
2.669360998037633692e+01
-9.835398652181439161e+00
-1.705187681517192999e+01
-7.060672488000200531e+00
-1.005450069026044702e+01
1.420415167639887954e-01
-2.064543475553865903e+01
9.765443770983473826e+00
-7.943975342514121962e+00
1.388871811716722249e+01
-1.257916759936743745e+01
-3.454129630865381273e-01
-2.550705741451921682e+01
1.781317857985452235e+01
8.777058250956358165e+00
1.114728080646331421e+01
-7.720232103552824299e+00
-2.618920546777836478e+00
-7.661514404601035721e+00
3.500449893943070379e+00
1.191018083563785268e+01
-1.230526417041312470e+01
-1.766910049526092763e+01
1.231069988896673806e+01
1.745074287177827443e+01
6.488603525630601609e+00
2.979782986278149792e+01
-3.415540519998813807e+00
9.168994844399222188e+00
6.444251957766489625e+00
-8.329812908410403338e-01
3.020261678443257836e+01
-1.487907631805590114e+01
1.266270463129180968e+01
8.274186813890274550e+00
5.811411350922043084e+00
1.557364083191731652e+01
-3.280320681758399104e+01
-1.442295309478722487e+01
-1.885234457800440921e+01
-1.468467613991445120e+01
-2.050039782005597289e+01
-1.669629197003615673e+00
1.138199786706466199e+01
-2.696368449710855941e+01
-6.707278623094367731e+00
-4.998630166289494525e+00
-6.526647004834750021e+00
-2.238197182199080260e+00
5.376820670656258017e+00
4.230481665469810082e+00
1.477611731542550899e+01
-1.492333288981993178e+01
2.427161140995276867e+01
-7.120933399431876865e+00
-6.146462591005082743e+00
-6.927901463235812685e-01
-9.709020001856849547e+00
-1.816607261838612075e+01
-1.403417033349614940e+01
4.123959898656060830e+00
1.127965302954705606e+01
-1.018319905350528387e+01
5.066846619416246256e+00
8.665569723632891908e+00
1.985449651455816422e+01
-7.543962943482405592e+00
-6.161450386899758769e+00
-3.505178586647303973e+00
-1.826802824453328356e+01
5.540168397203792949e+00
-1.230427466327297736e+01
-2.538060875249065163e+01
-8.904992985989878207e+00
-6.236051858663962832e+00
-1.105797797641159264e+00
3.059970064306982351e+01
2.428003183268202747e+01
3.135258153209996124e+00
1.667222354391206807e+00
-1.685576622992698503e+00
6.212181797196016930e+00
6.407082039975165344e+00
-3.766044596689091861e+00
-1.270828771010428682e+01
-2.936296879267654703e+01
-1.773334215166968164e+01
-3.142893186421183316e+00
-1.864162669987371856e+01
-2.145985142962506131e+01
1.083271194071053856e+01
1.797629079024056864e+01
1.889042848958033005e+01
-4.932375155781485887e+00
-4.292173390951361966e+00
9.406691459716029158e+00
-1.989036448486515951e+00
-2.015657742213811687e+01
-1.086266774897416099e+01
-5.150706302314198126e+00
-1.980044178471892025e+01
2.347767823993997638e+00
-1.944906149524566175e+01
-9.090752237683005887e+00
-1.812577399980299120e+01
2.265059579941618040e+01
-1.865943861236868884e+01
1.709433864760863742e+01
-2.312706327896814784e+01
-1.053963833314938370e+01
1.910029639762223042e+01
3.553248007591591318e+00
-3.783803926753634528e+00
9.746801656822015048e+00
-2.113007983696526537e+00
-5.267422765046923416e+00
-7.816717490553770631e-01
5.467876689817160241e+00
-1.062515602182926955e+01
-1.170793825895592732e+01
1.346827404253041749e+01
2.606090132926723868e+01
2.816920917043248096e+01
3.195549516003022461e+01
-4.448646648704119855e+00
-9.819579354886521116e+00
-7.551384206512423702e+00
-2.046034721082023466e+01
1.600101292230205274e+01
4.784934700283130837e+00
-2.225407217240922364e+01
-2.482145245872346351e+01
-1.727046921457512241e+01
2.541675500912383256e+01
-2.197731382819675616e+00
-2.440182771899209513e+00
-2.561775712220010703e+01
-9.330475889696806746e+00
2.369449072487000763e+01
1.310875232877511110e+01
1.312877247880466314e+01
1.249380369764316612e+01
2.525799511665823616e+00
9.732782044561872681e+00
-2.216208325584276650e+01
-2.583645358932461633e+01
-9.293878382131886440e+00
6.651121307886782574e-01
2.223837087242763744e+01
-2.524349860051229300e+01
1.429546191455732185e+01
1.631676538400347454e+01
-1.529583751130025604e+01
-2.049134786438429146e+01
-3.266395983223432609e+00
6.258247204353729387e+00
9.574782389837110941e+00
-3.628729218792670963e+00
-2.518459530635238153e+01
7.864833329163978703e+00
-3.886924820477780429e+00
-1.659166538542292813e+01
-1.137544625126687237e+01
7.243681648819517704e-01
8.720499436499551393e-03
5.482872901588898173e+00
-6.109827277623487873e+00
9.833521673652612094e-01
8.388212285622550723e+00
-2.102910465194852563e+01
1.309342531007779797e+01
-2.788291985152416430e+01
-1.391381042621293318e+01
-4.326341234155520965e+00
5.782278801569617599e+00
1.966095982716856838e+01
1.760932173817782598e+01
-1.201509965951091630e+01
1.642833762182101509e+01
-1.827800910530454814e+01
-2.224949668503803935e+00
-3.302131055734413678e+00
8.962354931272585645e+00
-2.075325193657074507e+01
-1.730977998033872467e+01
2.056108759270610165e+01
-1.424878538074761991e+01
-2.898824295956461583e+01
-1.823810901036697629e+01
1.083591245494185529e+01
1.460241515438342219e+01
-1.027983502389734127e+01
-3.261242870180680598e-01
3.050947646184098971e+00
-7.888212339546171847e+00
1.009138425883406853e+01
2.781605098595218806e+01
1.552432224768757862e+01
1.020533141929060861e+01
-1.529931736132640197e+01
-3.060552504986873146e-01
1.322301681953060637e+01
-2.198100040627270602e+01
1.583266655323770067e+01
-3.558133266733861433e+00
-1.938460298705689766e+01
-5.329780745354199212e+00
1.868044627438294469e-01
2.343784081928613716e+01
-2.034720833087789060e+00
-2.628781922932795112e+01
9.244629351936893613e+00
9.287400357816025576e+00
-1.589822420444541251e+01
-8.970308282433428815e+00
-1.961711554645814104e+01
-1.551329405733407185e+01
-9.764808503711741139e+00
-4.204216903748580592e+00
-2.870266345387107876e+01
7.432049104201851719e+00
8.680912205577286045e+00
-1.100853971121929220e+01
-6.483233478963242646e+00
1.424322483619415891e+01
-8.393986163770804865e+00
1.554627172468262586e+01
-1.606511096931340177e+01
-1.146637036656721875e+01
1.597460697499997195e-01
-1.296703259402519848e+01
-2.649027244517278135e+01
2.100184312479142079e+01
-1.367893774494583425e+01
-1.561552181005217221e+01
8.068465910733308988e-01
1.240174506323475612e+01
-1.577096270769283137e+01
1.821493404453420339e+00
-1.389148941248841851e+01
1.657645941554338265e+01
8.719230522779355397e+00
-1.803009749780308724e+01
1.877297556121814637e+01
2.764655647303861485e+00
-8.220776542527175934e+00
-1.832997632779373021e+01
7.403090057996287499e+00
1.606560476359116763e+01
-8.883305779962519466e+00
1.606974254043900885e+01
9.241041177334821555e+00
1.927387261691664833e+01
1.051590090260363297e+01
1.840664383765326306e+01
2.152038167449319417e-01
-1.554159970911669575e+00
6.608257731360168918e+00
-2.358505102009118559e-01
-4.305301789589087491e+00
2.306627192704398510e+01
6.709560310096094327e-01
-5.934874756634108905e+00
1.741520523392819086e+01
1.030515602749139958e+01
-2.700675969871911875e+01
1.274513142709181324e+01
8.651515249611854586e+00
1.356133418007839708e+01
-1.516277881522222515e+01
-1.248630743179974445e+01
-2.150039156931796924e+00
2.835419759724874211e+01
2.817449492384126586e+01
1.045833365755171229e+01
-2.147135693741472551e+01
1.213560044376566793e+01
2.252822197163905571e+01
-2.458839762501960280e+01
1.632403293807105626e+01
-1.325927017804113461e+01
-1.238684935526693920e+01
-4.653685396826809040e+00
-8.396341261780129628e+00
3.528326346716312401e+00
-1.748208110952643324e+01
-1.623311555885116775e+01
1.029520935189766107e+01
-4.470152818932234595e+00
-1.914400472470565973e+01
2.376577600870635365e+01
-5.782376417629173204e+00
1.662982815805236214e-02
1.635059725262593133e-01
1.980898189142894239e+01
2.348317660250887684e+01
1.330759465219800575e+01
-2.983798259493006810e+00
-1.036309242273375730e+01
1.183254232715988508e+00
6.735150104889044087e+00
-1.302576317092519531e+01
-1.037176678091560689e+01
5.799363412861261224e+00
1.491336618471582653e+01
6.984629462627680141e+00
2.165509871412237430e+01
2.653221830581635743e+01
-2.437901401958521674e+01
-2.682891182502999072e+00
8.427051697258491458e+00
-1.353607302144769875e+01
-1.022997335741606406e+01
-1.984364435112542324e+01
1.281265654447786062e+00
-1.821502106704328128e+01
7.061223346632992559e+00
2.258550978058610781e+01
5.022250057773938181e+00
-2.245950602358479742e+01
-8.618704768712483144e+00
-2.200734082617303855e+01
-2.509709570213161101e+00
-4.707582393954794497e-01
1.093403939318714180e+01
-1.778358887408310807e+01
-6.389308729380260843e-01
5.064509665580061437e+00
3.536884175172176015e+00
4.025085360449153882e+00
2.166481430923859364e+00
-1.739610829842067830e+01
-2.320543935428517202e+01
-3.353492643774287529e+01
-1.081439047594645331e+01
-3.613440496596517448e+00
-4.460638969590647207e+00
-2.809294511724516497e+00
1.571341162265187563e+01
9.130923927134247720e+00
-1.247574154274984437e+01
-5.495750602971838816e+00
1.687180111270343730e+01
-1.654092902803082410e+01
2.308082690118629898e+01
2.112828712857606206e+01
3.713445831335505432e+00
1.586555030209723327e+00
-1.890929306143318556e+01
1.358394446221669227e+01
-6.211738342935333890e+00
-1.855617160590540848e+01
-6.892504259209275119e+00
-1.674632524950830970e+01
2.522767405385499728e+01
6.673104555093836154e+00
