-2.251484994811814744e+01
-4.734062576598944361e+00
1.342406523545837160e+01
2.421078252695751587e+01
-6.700304174528156409e+00
-1.839681910949896704e+01
-1.132979943558233771e+01
1.779837256144671187e+01
1.978855790119584412e+01
1.554904418226811913e+01
1.787167222792493249e+01
-5.053841794931422271e+00
-1.106580433326610802e+01
-2.710806351629922872e+01
-1.015548813713562737e+01
1.130811828763989269e+01
-2.809165464996837258e+01
8.822113339212123151e-01
-1.363342587334830114e+01
1.604594981270129495e+01
1.103450324003453176e+01
2.225891777609720634e+01
-3.681999989253073835e+01
-1.111658688431180764e+01
8.070109428691729647e+00
2.580179932381972208e+01
3.752713674871257865e+01
-1.364285305813296389e+01
9.936104852871295634e+00
3.538089367499739524e+01
7.283541619701047409e+00
-3.917761951061770276e+00
2.969632025039119583e+01
-2.753104016716869040e+01
7.446650595777406068e+00
2.088998721100500688e+01
3.045405492291685334e+00
-3.921959285538156337e+01
3.622801631548824730e+00
-1.597557087292558720e+01
1.311631990543907023e+01
8.724657406297041007e+00
2.439621016587926761e+01
8.463043745626876557e+00
-1.974645050659687584e+01
-3.415664259814960246e+01
-2.251592301801979090e+01
4.011044677235724976e+01
3.377664181945554844e+01
3.444803697375253648e+01
3.025133238926579793e+01
2.315130589517883664e+01
4.440222140235228210e+00
3.297249803757233622e+01
-8.825747224157325377e+00
2.063872858574455904e+00
2.336685944641965307e+01
-1.034193395334420984e+01
1.957822594271803496e+01
9.611935278497242052e+00
1.852547456652344238e+01
3.806308366916950092e+01
-3.491990695417149482e+01
2.028787572601402189e+01
-8.711109651375664953e+00
1.342801463391073469e+01
-8.086268316372603238e+00
-2.404930451315966522e+01
1.470091990446150021e+01
2.139116832008454594e+01
-9.466264308690277574e+00
-2.315328431178834023e+01
-1.010594622986927504e+01
-1.893694128327041426e-01
2.989396440306244074e+00
-2.515439169898449023e+01
3.714490617018881835e+00
-2.638652105368603884e+01
-4.152503810155603503e+01
1.011833969451011228e+01
-8.321255444394090262e+00
-1.211200702719863642e+01
-1.755773012683795287e+01
2.947908465547108392e+01
4.321409633596289268e-01
-1.171106295183385271e+00
-1.657518679059002409e+00
-1.915261278370624609e+01
-9.293688776805709040e+00
6.394096348777132732e+00
-1.623932487192348617e+00
3.472405440028352075e+01
-6.962903240139162619e+00
-2.897379683569525355e-01
2.202895605000645673e+01
-7.292913581685525060e+00
-1.415496960708881602e+01
1.279820199870941622e+01
2.263734014572607123e+01
2.934219067375146039e+01
3.497832899712719268e+00
4.352653605869623732e+01
1.186249588733442550e+01
2.094220085218248073e+01
-2.311165663980638385e+01
8.985608309178438446e+00
8.104910715190236203e+00
-1.096431100134093128e+01
5.353248917928588924e+00
-2.917486778615348442e+01
1.679276180377222261e+01
-2.135517925873917022e+01
-5.733694408258500630e-01
-4.465336952765605361e+01
6.395447020226100676e+00
-1.741189278344560165e+01
-2.078881133152409433e+01
-2.229429148183595899e+01
8.021669805542408938e+00
3.341806346701780228e+00
3.208787406886148119e+01
7.017717651733192952e-01
-1.165107508345192144e+01
2.283831428553251897e+01
1.376519523120960287e+01
1.120838662824442622e+01
3.369698272431357111e+00
2.332906630180499974e+01
-4.288626415746254850e+01
-5.487371105699843099e+00
1.453340781707744611e+01
2.897241203214069571e+01
6.297454557971839506e+00
2.498712391634818175e+01
2.813666008073893465e+01
-1.316846927502011511e+01
2.369065412237387136e+01
-5.576993758459870776e+00
2.078083972256266065e+01
-2.283988070001099047e+01
-6.119469328506355055e-01
4.629833307762625338e+01
-6.726000385782882063e-01
-1.329920542610672385e+01
-1.464385871443978715e+01
4.458813962316035884e+00
1.529925711283000567e+01
3.695842439904379262e+01
1.088230984031891779e+01
2.770076085131789512e+01
-7.002465080823796484e+00
1.347189325165625462e+01
-2.314708316494438733e+01
-6.467909248340482975e+00
3.117083041980079372e+01
3.471728890383596422e+01
1.196968333349525437e+01
-3.478473076113775875e+01
9.683469720768613342e+00
4.586259745407147648e+00
1.866986113005322068e+01
1.872057912253617928e+01
8.335842448962317519e+00
9.738433424756223644e+00
-5.116936699961158297e+00
-3.767702066888352874e+01
-6.070183252941077967e+00
-2.138599172352822109e+01
-1.912028962635586993e+01
-9.738794613436610348e+00
1.122202288355763500e+01
-3.263597570181843821e+00
3.491259796556064998e+01
3.640033563737426903e+01
-9.414494230577815870e+00
-1.896929503826001451e-01
-1.007685565652302273e+01
-1.942029972792823855e+00
4.278092145530654022e+01
8.385665029723931241e+00
-1.394338973676229898e+01
-3.746496997974211496e+01
2.298939642262645577e+01
6.833802729418678723e-01
-8.516429142553796794e+00
2.476243217648543293e+01
3.825276979698796254e+01
-4.249665432886992278e+01
-3.352981731173760949e+01
7.440230464050735293e+00
1.621226147488619063e+01
-1.814571941377274911e+01
-3.258300674231537641e+01
-2.348020987218403732e+01
3.145949311473074772e+01
2.838657656582843458e+01
1.582973100999555527e+01
2.080449083743452832e+00
1.890269949203629096e+01
-3.410093034364314235e+01
-7.540507500573170319e+00
9.629071974019410618e+00
-5.709324379047210130e+00
2.259056270468732919e+01
3.480269004806645228e+01
-1.137952095099612393e+01
-9.453870275364742781e+00
3.267926326904394330e+00
3.361992156392481945e+01
1.932003606409755037e+01
-1.769986104625609613e+01
-1.520635178805830634e+01
-6.840073837214291075e-01
-1.245852377088296237e+01
-1.591775703908598416e+01
-2.069673585012324679e+00
-2.824634011989843430e+00
1.330720220679585708e+01
-2.180381572632096265e+01
3.238549578308756338e+01
-2.728330186443139738e+01
-3.031704442268944177e+01
-2.115218653566821416e+01
-2.697386296765042601e+01
4.167985268755614925e+00
2.756404095961897838e+00
4.074503574583815180e+01
-1.395181742203835995e+01
-3.263957503831284157e+01
2.544214666117196089e+01
-1.410042748114420874e+01
-1.019273251342452369e+01
2.941523121661604989e+01
-5.435150281179446097e-01
5.418894648291292526e+00
3.510051421194944510e+01
9.211154211428265626e+00
3.327563478340459824e+01
4.026854475768296027e+00
-1.058826678976034685e+01
1.504793580076692194e+01
3.058880639432332771e+01
-8.952757059907057169e-01
6.451311970390790407e+00
7.452139758518072199e+00
-1.719167433454555294e+01
2.700625727192338843e+00
6.576211332240198715e+00
-4.021985875539471067e-01
-2.425557915786065877e+01
9.815403349410019018e-01
-1.555795167746008900e+01
-4.209884761187501567e+01
-3.257674332666271511e+01
2.801205511013094451e+01
8.633886659773416739e+00
2.805355739923983549e+01
-1.499772136993486527e+01
2.770876042415569884e+01
4.650808982049285589e+01
-1.214865833722675603e+01
1.674227536629884128e+01
7.220000601334888302e-01
-1.328802618780719769e+01
-1.175678957736887753e+01
-1.501816720903351410e+01
2.625499961608221611e+01
-2.144851788284370286e+00
-4.309125750586964898e+01
-3.235879836528479814e+01
1.341268387706415410e+01
7.805067317349376310e+00
-5.340182636285874196e+00
1.817762188871385831e+01
2.537543425479719872e+01
3.166286741503122926e+01
3.103328090053450694e+01
-2.711134795366413286e+01
-1.371120380786622661e+01
-1.978788919638116894e+01
-1.165714904842094057e+01
-2.434244017411654681e+01
3.795631847265138958e+01
-1.391313373713527568e+01
-2.033893656861209820e+00
-4.230958578118075053e+01
1.144035482411543825e+01
2.366916792816367376e+01
1.217851286863197657e+01
3.832628137894673159e+01
-7.347288230988596069e+00
1.696240411380509272e+01
-1.324384995148871269e+01
1.858718863395321819e+01
2.681197400318680479e+00
-1.784354691260573134e+01
2.673660839310279869e+00
-3.322080636322503011e+01
2.706151981665527728e+01
3.393461957743683399e+01
-1.403263120427325816e+00
2.055878870434877115e+01
2.518859558863739778e+01
1.886125352413505141e+01
-8.379681574851652215e+00
-9.235917341931745739e+00
1.323788115478063787e+01
-4.369608384249212918e+01
3.112842086721346391e+01
-1.337621029690710373e+01
2.322207842254459820e+01
1.538489594965788854e+01
-3.683349653769597865e+01
-3.238449831560286896e+01
-8.390305841648881824e-02
2.572445504948493067e+01
3.306874807190297361e+01
4.070090010063452723e+01
4.616676782231991183e+00
1.587890648424161100e+01
3.580041025301795798e+01
3.616733400360217843e+00
-4.775721813553528960e+01
-1.821803638060178798e+01
2.603088112953653877e+01
2.376725019243373538e+01
1.039874592129466890e+01
-5.108137796012002241e-01
8.627367766176021746e-01
-1.793163186350947313e+01
1.999425199580564083e+01
3.598567281104877225e+00
-3.700411611203832507e+01
-2.594852025785445093e+01
1.832999738247328025e+01
-2.871681671415636217e+01
-1.332002171297210680e+01
-1.220364225952781823e+01
-7.137351208733861085e+00
-1.803281199681057245e+01
-6.845334543631551583e+00
3.627422047592938270e+01
4.246452014578579792e+00
-1.326457598931732917e+01
1.725826564410559172e+01
-1.096192803115265235e+01
-3.590152162395727231e+01
9.166936699405539457e+00
-9.607486853462056331e+00
4.301985864233462564e+01
2.921744438495132101e+00
1.645229903666822224e+01
1.036286515240978190e+01
-1.538270021655321784e+00
2.075942255258165403e+01
2.924202349597457840e+00
-1.563676834645095681e+01
-1.010428733216764385e+01
-3.650620985973837662e+00
7.509991905316795169e+00
-1.321097597862566886e+01
-1.741920111938041060e+01
3.834297645330609328e+01
2.498430048917985857e+01
-9.049039633343582523e+00
8.850214304067769433e+00
1.672975910813437395e+01
-2.664397164680146091e+00
2.574072527860160164e+00
-5.431671680738773489e+00
1.024830535205024518e+01
2.393271542239006067e-02
-1.974036941971327508e+00
4.794368684103076816e+00
-8.350706280676732263e+00
1.250696622466455210e+01
1.449950770226148222e+01
2.362554428888832092e+01
8.508503045157723932e+00
2.736104969407884369e+01
-9.741516850934068827e+00
2.563952712645017584e+01
-3.045973441987629826e+01
-1.150130465769384358e+01
1.192107907951610457e+01
-8.605898425642912741e+00
-3.166719804218707424e+01
3.212621525107549303e+01
2.326710441947888341e+01
3.384002637808990244e+00
1.689872804379098170e+01
4.043865811427386348e+01
2.809401088798341561e+01
-2.984996606214420112e+01
2.164744246752621848e+01
-2.143709964517636024e+01
2.873973870663189700e+01
-3.580993910671539027e+01
3.809097045148361360e+01
2.090381627826792510e+01
-3.016696471831261661e+01
-2.986258693857703861e+01
-3.121821401076548952e+01
4.007611433104267462e+01
-2.246870958206929103e+01
-7.644940177069379672e+00
-5.747061799532851012e+00
-2.316320655601955991e+01
-6.008494699234944392e+00
-2.519984048825619283e+01
-3.948718015370388912e+00
8.648943340824523318e+00
3.799932603054270430e+01
3.014084632490052229e+01
1.573964640325297637e+01
-3.209913391594058396e+01
-4.777050530899487057e+00
-3.681164253473953352e+01
-2.415181767509289656e+01
-3.335645363146871034e+01
8.150782327920616410e+00
-1.932641965182329713e+01
-1.594633533787707336e+01
1.577280909819671706e+01
2.171601435826347881e+01
-1.986926980877836613e+01
6.223722050784004978e+00
2.254637888090786646e+01
3.061699530467463148e+01
-2.054305937158957818e+01
-1.086506706606943595e+01
2.369353322529602224e+01
1.399917554507776885e+01
-3.802005518740298129e+01
-1.952221400617765212e+01
1.547219688072306099e+01
-1.491045891299774695e+01
-1.519729026128383254e+01
-2.779269666210467449e+00
-2.179926614641964377e+01
6.961866412420803840e+00
-1.053356580885704830e+00
3.061115681271327560e+01
-4.250292735802439381e+00
4.367187912504242320e+00
1.309829224186882612e+01
5.730431602846543626e+00
-7.806809182781435652e-01
4.141138608874715032e+01
-1.352555786021718376e+01
-3.165188576921622143e+00
-2.543951250073310888e+01
-3.929184045412678472e+01
1.916553772224573038e+01
-1.649242183296161102e+01
3.887118928173455856e+01
-9.626361604390439197e+00
-2.066986296479662499e+01
-2.679121058842017078e+01
9.746592620827740916e+00
3.565993729573062865e+01
-3.400815389572102276e+01
2.786890013202145155e+01
3.105612439585094364e+00
1.041838781375270173e+01
3.379254314286245631e+01
5.757604266378834268e+00
-5.006320436406078045e+00
-3.358433544019193562e+01
4.512304349608984921e+01
-1.280757988995564745e+01
3.231384744490941330e+01
-1.165015835536609501e+01
-2.956573646471091266e+01
-1.567858780614729852e+01
1.830567031124321886e+01
2.993777153937756452e+00
-5.140524695352496565e+00
-4.916987135727445946e+00
-1.644599277718805297e+01
3.793699343162965931e+01
-2.366560896907233769e+01
2.457520128449729668e+01
1.394148222475190124e+01
-2.810341254418114332e+01
-3.762918246258507793e+00
1.694127605464844066e+01
3.955074634832648428e+01
1.484424273310081333e+01
-1.225112756116008939e+01
1.391465278780633952e+01
2.681676217515118310e+01
-1.891347086346095807e+01
-2.743037465158175792e+01
2.042610953507725924e+01
-5.471158370427168904e+00
-2.489528428844637986e+01
3.945170412384932490e+01
1.309490850183141220e+01
2.731653601835205336e+00
3.955945329369336605e+01
-2.114263008881566108e+01
-4.578780298842971774e+01
2.571221787539224124e+01
-1.529030322073042214e+01
1.835169900108158458e+01
-3.439055195499867779e+01
3.959632830527232272e+01
1.730417875298266495e+01
-1.916444882295589380e+01
1.116060858484208040e+01
-1.598505276465715497e+01
-2.881688038580905697e+01
