3.204649595078805091e-01
7.562211985276884318e-01
1.448171079232908554e+00
4.750548443749957883e-01
4.222810272815387123e-01
1.463500373543311639e-01
-2.553126829797331077e+00
4.565877936006280891e+00
-2.357508859431493686e+00
-3.633682216265096798e+00
-3.173193124845889557e+00
-1.380387246695426562e+00
-1.966368750254442688e+00
-2.137768184627378165e+00
2.098100422897086759e+00
-2.464156898610736945e+00
-2.234621717945410868e+00
1.676355993623346308e-01
3.773653295763381266e+00
-8.610587464473820063e-01
-3.707070516102817237e-01
-2.048185825888206857e+00
-2.294780839276305606e+00
4.418333806057978208e+00
1.261691186195381675e+00
-2.766870971299726811e+00
3.014143922490575278e-01
1.850033267475966525e+00
3.076039160699284736e+00
-1.944070203741307346e+00
2.890286826957026989e+00
-1.970784188464100417e+00
-1.443944351245431967e+00
-4.854631120880048556e+00
2.363907112896734830e-01
-2.007615939205527056e+00
3.272404333140073618e+00
-5.932903028615053032e-01
-1.807780052630769685e+00
1.016344063234173589e-01
9.623047035518847991e-01
5.372833195878410351e-01
-2.047486261093616644e+00
4.075482595822000675e+00
-6.824659538660320379e-01
2.278196413082880234e+00
-2.179259963900995523e+00
5.716727741585181377e-01
-2.104994238781288107e+00
-2.517239078235178340e-01
-2.424135199751347614e+00
1.405873261490276249e+00
-1.302128410857296803e+00
1.007315538269731192e+00
-2.779247770641982029e+00
-2.086883917176774350e+00
4.279303044343468088e+00
-5.212371333328915668e-01
3.520975387099039011e+00
2.065282836596294302e+00
-3.854117420045173326e+00
-2.547774378428822928e+00
-2.559039336351055738e+00
2.603199561681441843e+00
1.956170787964204294e+00
-1.375150120229942541e+00
-3.061296115862879752e+00
1.560212761485571420e+00
2.936564175957707690e+00
-1.045651301647447351e+00
1.456718869637212421e+00
-1.101282013176190233e+00
-2.668249219201295652e+00
1.603511136193445985e+00
2.584519960880056644e+00
8.433256083757934007e-01
1.213128367591016499e+00
1.026973743380221293e+00
-3.130665908647085605e+00
3.126864071570366832e+00
1.410815875374767714e+00
-1.923740257630708328e-01
-1.148909516467874870e+00
1.303349066638670450e-01
5.068489627683803178e-02
-1.221929553438311444e+00
1.786279694084469405e+00
-2.434874861225527987e+00
-4.806220244031900179e-01
9.070665414845278107e-01
-2.620142086086457489e+00
-2.577712087083634529e-01
8.386115086530052665e-01
1.509413334641895865e+00
3.877083776073853016e-01
2.214278483888776350e-01
2.301853972144272120e-01
-2.061775472361410788e+00
-4.381525734959620166e+00
1.532620154191199902e+00
-1.596885787247164235e+00
2.282603467376196349e+00
-3.359722325803122800e-01
2.454116231707734741e-01
-2.929418970035115422e+00
-3.293673836546751943e+00
1.581924434042544902e+00
-1.019019555197460569e+00
-2.191707023054187076e+00
2.893192994184653699e+00
3.228253008323109796e+00
-4.027344427303818364e-01
2.686183115818911560e+00
-9.530032948983251373e-01
-2.870542422468780330e-02
1.104708115061483475e+00
2.048476310286653224e+00
-1.718190626410077471e+00
-1.714264888005191168e+00
2.118109788952089900e+00
-1.921846820426647895e+00
-2.188129222828543163e-01
3.476780175229984948e+00
1.714255849324795022e-01
-1.837175388532169329e+00
2.765212194713263294e+00
2.886621822578062435e+00
-3.161179810646472355e+00
-1.214216378739889191e+00
-4.627767956039781083e-01
-3.752034678528524125e+00
-3.258026950101752028e+00
-3.185517573936363256e+00
-2.730334661470323887e+00
-2.096904989540142150e+00
1.619896033345069597e-01
-6.247374431809094020e-01
-4.938473526680287051e-01
1.307332553381774787e+00
2.786077876581465773e+00
3.973085446446091851e-01
2.391904529758519971e+00
5.429555621884665229e-01
-1.294404757744353596e+00
1.180228049177630467e+00
-2.989325527350086276e+00
1.091940778737248152e+00
1.416704121583651776e+00
5.097602207837281796e-01
2.432346764694941044e+00
1.682646274457900049e+00
-1.858996800144572248e-01
1.887468700315720227e+00
1.687351725488806409e+00
2.526612644798648333e+00
2.459979460799694984e+00
2.718983316459321564e+00
2.609275227751162163e+00
2.580630442260256174e+00
2.058067551178480947e+00
-2.433394682071583492e+00
-2.427966950033599858e-01
3.251206612033115562e+00
-7.536898674213503568e-01
-3.232292111686719593e+00
-8.850493305653124310e-01
-5.238994494404778379e-01
-2.422041757344154611e+00
-1.714422919127075673e+00
-8.397773982114555835e-01
-2.393648209025016627e-01
1.980862019729462631e+00
1.519436430149192496e+00
5.755701841404352592e-01
-1.858642480852433110e+00
5.811845755638938016e-01
2.670703858882115256e+00
2.919364582659484952e+00
-1.136358846391514188e+00
1.726975595392428176e+00
1.121161181293678588e+00
1.055311470609414215e+00
4.937418903918793234e-01
3.016170794267168276e+00
-1.949419982670144602e+00
-7.743269821199234570e-01
3.323516640989186754e+00
-4.666665122460351256e+00
-7.335571192344767510e-01
1.544916053917297916e+00
-3.869410671247646150e-01
2.451491159763423688e+00
3.494474458147227125e+00
-9.595586647818752368e-01
2.906569914243251951e+00
-2.586241736898384325e+00
1.752940031438546598e+00
-8.524181935511112584e-01
2.722069625083118893e-01
1.430047820307260409e+00
-6.703352830238866744e-01
1.170962642848611956e+00
-1.503802291134416880e+00
-4.319020331660017753e+00
-8.767714051735104874e-01
9.794652571616229153e-01
1.637743852210381768e+00
-4.581930968023142370e-01
1.184232331414261097e-01
1.291952599416850589e+00
2.048827856317416263e+00
-1.766744409675258254e-02
6.841600673651813125e-01
1.132203573404203745e+00
-1.023858903424561539e+00
-1.974193213265763802e+00
1.277142253387225423e+00
6.503596456667315451e-01
-3.542056873824609653e+00
-2.895671582333489980e-01
2.338128887274271150e+00
1.631607041096152955e+00
-9.232550054533943396e-01
-2.272762138819053757e+00
3.606896110175989989e+00
-2.406680031704730993e-01
-2.272291607835688065e+00
-3.175036236289938252e+00
-7.884612681055740424e-01
-3.071944895409692844e+00
4.371528442830424410e+00
1.239198300848148193e+00
3.284813586154129439e-01
9.874156084547669465e-01
-2.425737416543649605e+00
1.659864288145829647e+00
-6.095785350397129321e-01
3.045374933127975581e-01
-3.176846306481580839e+00
-2.474462122170107747e+00
1.445445649866634596e-01
1.342266115792639880e+00
-9.075633738214321511e-01
1.466519875134153494e+00
-1.682076562433643119e-01
-1.836421636677396663e+00
-1.438390188055214125e-01
9.073414576926319697e-01
9.451182188413040919e-01
2.976140247275851358e+00
-2.075289867601504135e+00
-6.344078244534658850e-01
1.464592254859914178e+00
2.710623464963457963e+00
1.389117353003586075e-01
1.350400349273662925e+00
-6.966479822782805087e-01
-7.217612536751101260e-01
-2.845744321953276312e-01
-1.060063327068816896e+00
8.053764683878963382e-01
-2.968099918240119095e+00
5.801717828341637073e-01
-3.993687469201059326e+00
-2.337568859936347554e+00
-9.861915418267219735e-02
-4.004691306630547842e-01
-9.447672336116355041e-01
-3.694880342011313434e+00
2.712107780176604699e+00
3.228956018348885237e-01
-1.237573866060244221e+00
-2.383290798277402089e-01
1.343212070211251330e+00
-2.083764734744661951e-01
5.982831705662512434e-01
2.949610816215360920e+00
3.297243593491359093e-01
-1.056818829122106784e+00
-9.821333451299620876e-01
-2.388942125095925295e+00
1.989692439222081610e+00
2.895599936751303005e-02
4.553206092767183577e-01
2.772698723481989980e+00
1.828593123416521138e+00
5.753416752966513670e-01
1.603496924430717563e+00
1.310712970297793767e+00
1.113835581083804094e+00
-3.280292985681627638e+00
-2.119120291430984793e-01
-3.821312043760904054e+00
4.966694274751617399e-01
-1.852209174822299076e-01
-1.716794247619107150e+00
2.889279298305700294e+00
3.105053821881259779e+00
1.374599086115305013e+00
1.790048447315011337e+00
-1.846063501107664706e+00
2.005536970224897075e-01
5.624380900058909560e-01
8.103611331038180765e-01
-2.072305252156771527e+00
2.404390410404458223e+00
2.890441772975112400e+00
1.063157234051396394e+00
-4.555002480048509383e+00
-1.033454199902787529e+00
-4.378205069461532872e+00
1.316462290340840724e-01
-2.428801479228831717e+00
-1.638443749453703635e+00
1.414589369296336940e+00
-7.689382803682018874e-01
1.254952753607645022e+00
2.353076557488575915e+00
-3.165518867000242764e+00
1.338010923421421694e+00
-3.399293679853594430e+00
-4.636022697461433140e+00
-3.193419720118304106e+00
2.333980409338300532e+00
2.001260012808838695e+00
1.091526449968847956e+00
1.043855128983306457e-01
-1.797065921077363182e+00
6.838131457767744337e-01
-2.431721551246804225e+00
-3.702642720771475382e+00
-7.776778800309083195e-01
-1.118141347759191717e+00
-2.973281346007823345e+00
-3.488220547258849003e+00
2.080265569768421585e+00
3.095174163746124307e+00
2.611322884516633636e+00
-1.153061284582029167e+00
-2.128698919804853595e+00
-6.052861475535911140e-01
5.777514780024715080e-01
-1.532128530604870864e+00
1.206354302834458103e+00
2.094834013826072372e+00
-1.022067818063678413e+00
3.850057171136347378e-01
-1.206412021367995191e+00
3.699699790261306021e-01
2.245137919443116914e+00
5.062402770231511084e-02
1.670363000555850519e+00
5.243786091210811406e-02
-9.587458685064067510e-01
-2.198460729495082422e+00
1.727578248399512795e+00
-1.947874053732406630e+00
-1.312343208507327219e+00
1.058790803897018407e+00
1.266777154465081878e+00
-1.968632804147299353e+00
1.216302514959672898e+00
1.231679268585796905e-01
4.043351389225779968e-01
-3.407485858220623776e+00
1.140844670189844479e+00
-4.587054924334399431e-01
-4.069693087613778459e+00
-4.022201314636124181e+00
3.233596734140789408e+00
1.461077465715332480e-01
-3.135866770279211568e+00
-4.018168826312191300e+00
-1.845251451958245692e+00
-9.568044631103855835e-01
-4.813043044420221683e+00
-7.877482166353466653e-02
-1.546147577322062538e+00
-4.656752559129245128e+00
-2.718884840835928962e+00
3.526641951510189443e+00
1.153667852210763733e+00
-2.065195332079071910e+00
-4.385823490845302430e+00
7.364589710717508453e-01
6.777684693781962366e-01
2.524898772784318624e+00
-2.524882546970008690e-02
-1.395389552313361925e+00
-1.444870118661186531e+00
2.174114614437083759e-01
2.473035739183881532e+00
6.474095190001172284e-01
-2.424898770699281947e+00
-1.350382804598387221e+00
2.835707939283250489e+00
9.443377811390005760e-01
1.372338862478490462e+00
2.116898335029757661e+00
-3.081221268506364908e+00
-2.383253823469573263e-01
1.024198789562611012e+00
-1.750345468592331422e+00
-2.395658013362794048e+00
8.010597400062682283e-01
3.235094993813772746e+00
9.684763350387060044e-01
-1.313956112016774203e+00
-1.936013540326797511e-03
-3.339941719411783083e-01
5.785831321302570274e-01
1.437406486799730487e+00
2.220935278617739428e+00
1.217730949121142991e+00
-7.473820682058853748e-01
4.379343442454270985e-01
-4.113654856299220341e-04
2.376193401457580734e+00
-4.102923379965980999e+00
5.991508019404978569e-02
1.307675829981322480e+00
-1.809179523782775689e+00
1.686790412875673439e+00
2.484751549876937915e+00
1.112442326897604694e+00
3.069023871492060351e-01
1.850767850691923400e-01
-1.543257154526496144e+00
-8.362429686734786927e-01
-3.434499482889059596e+00
-1.984757302141127333e+00
3.830072187744821832e-01
1.224792599064130627e+00
1.867645020974130432e+00
1.471599808188575054e+00
1.923746089670395065e-01
1.942066960506388718e+00
-9.077815789494039223e-01
-2.714863819154846425e+00
-1.231165525242661207e+00
-1.413829832746795301e+00
-8.663007994820208779e-01
-1.499812138385829829e+00
1.727778536006665533e+00
-3.513737117603623616e-01
-1.666818837384348662e+00
-8.457414111355427977e-01
1.256971505439316239e+00
-2.485256698706015399e-01
2.284562761420923849e+00
2.140154328344224588e+00
4.789735640177408271e-01
-9.725561593603195831e-01
-1.574163473847289385e+00
1.213616797611880571e+00
-2.900925464902764261e+00
4.212104050776419584e-01
2.274901664680014868e+00
-4.453018609777914527e+00
-1.495957167096311213e+00
1.512959392332565045e+00
-1.124260222362519990e+00
4.452513676249392205e-01
-4.325844282906992078e-01
6.247125176251735468e-01
-3.811044021101008372e+00
8.625727522115234081e-01
2.810597364347998450e+00
-8.547810274046359069e-01
-3.063958577480283552e-01
2.896430357117917076e+00
-1.124098970082792803e+00
2.245146519916657368e+00
-7.818333883499581916e-01
3.242393244460865631e+00
-4.885541339417542872e-03
1.899731846031245119e+00
-3.007449739395934962e+00
3.339541664248603325e+00
3.584008653488904628e+00
-3.597571947234772693e+00
-2.537907634559295467e+00
-4.329114506155373299e+00
2.222570971446185872e+00
-2.715349181930769795e+00
-8.247860660406027833e-01
-8.056680999628831330e-01
-2.912264172620639968e-01
2.471923533090349956e+00
-1.773668016117121660e+00
-1.320663564860617978e+00
9.590180034982473956e-01
1.541594676965338806e-01
1.134672948358117495e+00
1.060288239283427636e+00
-1.753647050359124382e+00
-9.128825247165650580e-01
7.739430156379034642e-01
9.799879941428644159e-01
-3.598495312710663807e+00
1.711957439125809444e+00
-1.568594166046209271e+00
2.654038708203181329e+00
-3.256267031519989530e+00
2.860577366161122015e+00
-1.700970534973595960e+00
1.047141741406321103e-01
1.055710237571084065e+00
2.168691058010008277e-02
4.762515080709972537e-01
2.783469172718722184e+00
3.301053359513748120e-01
-2.516905137305685436e+00
1.802614436244745377e+00
1.442776597315763354e+00
1.280819455094697190e+00
-1.539991368300146934e+00
5.973468382524513842e-01
-6.787174304957925841e-01
-2.469737631317218352e+00
-3.181307567784328327e-01
-1.383777258354494499e+00
2.790883324261637988e+00
5.086547585759459977e-01
5.747333806070562545e-01
4.224137935717582337e-01
1.978502596143780323e+00
-4.164256077144852242e-01
-3.025936384730579576e+00
1.997825718307168152e+00
-3.253997303325526502e-01
2.676215405517032409e+00
3.569254967300032888e-01
-4.071775340611578642e+00
-3.732637136512355625e-01
-1.663884702193667131e+00
3.781999799678779084e-01
3.899133592952773952e+00
-2.296572396434763963e+00
-1.225844331958327871e+00
-8.281370114359170032e-01
3.259274449595086054e+00
-8.611981780831712285e-01
-7.855675694797357167e-01
-3.434001083111770214e+00
-2.774000520023211180e+00
-4.035028007451746390e-02
2.185907723378575085e-01
1.850523964190950998e+00
-3.523304170356782894e+00
2.774192093427602757e+00
2.562249486742027571e+00
-1.376473388069543446e-01
-1.393644235081916705e-01
3.944992256293067712e+00
-8.303638429612565375e-01
3.706545820132802760e-01
-4.585109370888673652e-01
8.317116560987969365e-01
-3.306161732917967111e+00
-3.020053756280800084e+00
-1.349196170820867735e+00
-1.303069186374306465e+00
3.086374909069128591e+00
-3.857707932400826767e+00
-6.683925980535967426e-01
3.152135624571135608e+00
3.128626003862295946e+00
2.298631435956894897e+00
1.244013881523663656e+00
3.136921189501496343e+00
2.485778021887817602e+00
-6.246874725362241421e-01
-2.448230577076631054e+00
-1.063910032887176449e+00
-2.132365628537131741e+00
2.469401968001081471e-01
1.156041229715425445e+00
-4.619084414142564654e-01
2.599711891085836335e+00
-1.887941161466844875e+00
1.501083089700239626e+00
6.065394379828532578e-01
4.671284559375612488e-01
-2.209615069855148661e+00
-1.702346108154071391e+00
-4.338145378363158500e-01
6.961253221071519448e-01
2.572111011202114383e+00
5.088164776793391297e-01
-3.323002884175815019e+00
-8.634034544365070118e-01
6.088251092548144783e-01
1.776954283228407760e+00
-3.711668495026525516e+00
-3.286373949962226870e+00
1.017610013294660831e-01
-2.897795242157293671e+00
-7.726726148882328005e-01
8.660064427296454426e-01
-1.212303190474866454e+00
-6.232501162890375923e-01
-2.681503164827958585e-01
-2.449970672389461868e+00
-1.319814877109858564e+00
5.463393975913870548e-01
-1.099538082202032641e+00
1.646505362020658225e+00
-1.860283445187329132e+00
2.688790795616231577e+00
-2.009168778755932028e+00
-2.265306695227721878e+00
2.329919696853615108e-01
7.405138918582192531e-01
2.875524799987170255e-01
9.912256904301885996e-01
2.441264145604403524e+00
-1.037507397849068091e+00
-2.163701824782009453e-01
-8.284824780076416317e-02
-6.697074305997841037e-02
-7.171174060374942982e-01
-1.180424976449331531e+00
2.286118712761780358e+00
2.917147259101769308e+00
-2.914061840311848339e+00
3.465088429927094538e+00
4.084503416635492101e-01
-1.940298460394001445e+00
-1.020596539953601667e+00
1.775919489113308991e+00
-6.045327679113583486e-01
-1.658653922722469254e+00
1.360358551070328659e+00
1.055302443164909398e+00
-8.454596558330109701e-01
1.860254333192679077e+00
-1.956655223399682342e+00
-2.373392631657544882e-01
-2.532621473764395947e+00
-1.324663763060307975e+00
-2.341411888326842217e+00
1.118557926982456152e+00
3.733173870625359214e-01
3.062390689502777263e+00
-4.775255093303814036e-01
-1.131573535432521815e+00
-3.533658809936834899e-01
2.190469635390090097e+00
-5.399051649183332913e-01
1.623401937233619918e+00
2.022534157066533389e+00
-4.779994351661382979e-01
4.388613360265347652e-01
-5.356677017069655378e-01
-2.239872131252704790e+00
2.892260404701319843e+00
4.805545565704152366e-01
-3.157977473220654474e+00
5.803086647983377588e-01
3.598320290761511941e-01
-3.580860346046938592e+00
2.429855908833619793e+00
7.275454310538007618e-01
-1.681468401497005605e+00
4.971639897370678796e-01
-4.165393844231477516e-01
8.447415589328244323e-02
-2.001326395417878601e+00
-1.922657132829552751e-01
2.341638460502590391e+00
3.587845088798102822e-01
-1.819698095480044575e+00
-7.615505045787607230e-02
5.237462163947288474e-01
-1.705551827869613568e+00
2.511317683461902206e+00
-1.999656238977568279e+00
1.858163741175569150e+00
3.633656132284091456e+00
1.836002004220754991e+00
3.195847334426581199e+00
1.924469200209664166e-01
-3.857757740651075906e+00
-1.405244892438931359e+00
2.396468530257674701e+00
2.119594681751602039e+00
-2.467350154946525986e+00
2.784028305336638809e+00
-1.769674120410582585e+00
-3.628357578979585440e+00
1.809809651731695723e+00
1.602706806734660816e+00
1.550289011767635117e+00
-3.220369980463267279e+00
-2.339338975605270932e+00
2.716916389518662989e+00
6.685369320100242874e-02
-1.817696072481673752e-01
2.372544642877395304e+00
-2.095341668579082661e+00
-3.625973443367204396e+00
-3.164987446130433923e+00
-4.272151373004358987e+00
9.846813274162569130e-01
1.057775794759737487e+00
2.240090699395700824e+00
-1.176069117840390366e+00
-2.255777719782811275e+00
1.699570969182014224e+00
-1.883540708124372465e+00
7.321462663823208317e-01
2.762310648465575724e+00
-2.681855934517249906e-01
1.650505379436168596e+00
4.338918864279323273e+00
1.293609154949758810e+00
-7.187165022457371322e-01
-2.662459524155869950e+00
2.582897336006766409e+00
6.448486531569947999e-01
1.694816709677069433e+00
3.942800695838940328e+00
1.425323458920448871e+00
3.817619028423031580e-01
2.636385507997607291e+00
4.229042931360922353e-01
-1.894499458130787684e+00
-2.317629720257241566e+00
1.777480352114731765e+00
2.357928817406445887e+00
2.411804771273896364e+00
2.369062732113342840e+00
1.780399287195067792e+00
-1.423710289040727162e-01
3.069083725777698390e+00
2.199867439473814912e+00
1.487593533805318557e+00
3.221337699307886382e+00
1.013455940770290553e+00
2.083498906386266114e+00
2.981615717909249952e+00
4.146125950580664465e+00
-3.100562869516936715e+00
-4.427494813727790302e-01
2.462637174843527177e-01
-2.709566955863026649e+00
-3.297499949282647336e-01
2.035006522485818259e+00
-2.079598590314461592e+00
3.509062356350282741e+00
1.112394842231840819e+00
1.474294320565894267e-01
2.513360752982095825e+00
-2.523217732977100614e+00
3.115132484605648955e+00
-1.632476910212340648e+00
-1.997748848634606667e+00
-2.728720750326578681e-01
-3.213387306918154884e+00
-2.865304767530318486e+00
2.725350667162730112e+00
4.110961647157827414e+00
-2.016212511923099360e+00
3.272706833927285786e-01
1.047791520460313208e+00
5.285729450224181392e-01
3.651858015012424019e+00
1.094359416096834181e+00
6.665518678234017003e-01
3.296036715516343918e-01
1.738845635674239887e+00
-8.229038971118791679e-01
-2.043454606477412838e-01
1.537911441876858021e-01
1.413455897246768345e+00
1.615705692720398545e+00
2.493714845971190641e+00
1.071538176909179185e+00
3.204287293786407531e+00
-1.507004029018869762e+00
-1.076686081627565628e+00
-4.191306609406145967e+00
6.341730641520797462e-01
-6.123058790102176019e-01
-3.404338509389368106e+00
7.138795946852720675e-01
-1.517672006039575194e+00
-1.064613280093102965e+00
-1.412808706832562766e+00
-5.449706226834267753e-01
1.019333405184058350e+00
7.613552235485876452e-02
1.564262883649103486e-02
2.616904425492427855e+00
-1.373418339272856059e-01
3.964342037475718783e-01
-4.001921744505292367e-01
2.463291625202645996e+00
3.707519841037580477e+00
-5.617432956480516992e-02
1.456856024799444427e-01
-3.441183957572670593e+00
1.809914249711066958e+00
-1.637081600810330162e+00
1.586206706878115824e+00
9.884162150997610752e-01
2.408513709063475616e-01
-2.923790426978164270e+00
2.921177281025713057e-01
-2.735284053227843959e+00
-3.537789176338566932e+00
-3.534586437634201772e-01
-1.655096663725105444e+00
1.835331491506277501e+00
-2.926082641041254817e+00
1.776120270812312718e+00
2.346491917356223311e+00
5.052023186937537602e-01
2.410844155968499436e+00
-3.562860197736582357e+00
-2.469871873429151599e+00
1.159918260191017403e+00
-1.078576696308845673e+00
-8.365068388079990314e-01
1.651782157796583661e+00
5.681644823743852157e-01
4.087628133163956790e+00
-4.684783760081610460e+00
-7.897176587611074439e-01
1.607129263193860069e+00
1.190683052299947420e+00
6.005503112441079594e-01
-6.066369071052513107e-03
2.867937394761067793e+00
-1.175699401729517923e+00
-2.507524927750282018e-02
5.418173793672114158e-01
5.012145318948233452e-01
1.517021131267012102e+00
2.424347606177994052e+00
-3.087494198758800046e+00
9.409204844321648054e-01
1.908520820536949714e-01
3.578697205666447445e+00
-3.063842714909456255e+00
3.004249370865343494e+00
-3.072822010900456924e+00
-2.307881426388093793e+00
-1.661456298123939135e+00
-3.023528795004768455e-01
1.524897298141346447e+00
2.825837943772706140e+00
1.132484295196398705e-01
-2.166002083431937564e+00
1.880235742192670756e-01
-3.956550110972417933e+00
-2.979665205748324830e+00
-3.596868007786278909e+00
1.194800230604283087e+00
-6.031155903606393309e-01
-1.300033430067915496e+00
6.917424662678133274e-01
7.186172473819478768e-01
4.125658968451038078e-01
-7.067521830471594768e-01
1.776130670694486824e-01
-4.007525981803646609e+00
1.189242947955271745e+00
-3.034586205401140546e+00
1.185051565496674009e+00
2.469127798296565146e+00
2.296554692295921463e+00
-2.728483863316642832e+00
1.597832903413123340e+00
8.415288947405850095e-01
-2.545247934716584837e+00
-5.813086353241949666e-01
-3.164295319535515016e+00
2.154808516670292384e+00
-1.023192414198414113e+00
-1.153761261824212347e+00
3.626033959872465573e+00
2.201585702599073713e-01
5.766055645113068451e-01
-1.414064367380165610e+00
-1.866492769449074274e+00
-1.496306129224667991e+00
-2.509384010411007004e+00
-1.331223384360602946e+00
3.391881164669918292e+00
1.684890905375853620e+00
3.208717358955496479e+00
1.521029472613259159e+00
2.145007402800356289e-01
2.170661678548011508e-01
1.557443548916248588e-01
-9.693177053091002193e-01
-4.151972310639447272e+00
-7.700142728841861128e-01
-2.140807017439555260e+00
5.706290755591636454e-01
-9.261385385384670599e-01
2.943065597348208939e+00
3.130918067572229901e+00
1.072956719962554928e+00
-1.139717891400345628e+00
-4.705677061558216856e+00
3.336862123910924183e+00
1.463332208398441026e+00
2.187245346973067939e-01
-2.581129732395108789e-01
-7.971154056230709273e-01
-3.174578000033034808e+00
-2.361518973134515864e+00
-3.108519796967224025e-01
1.143474447554977402e+00
-6.848902080565633099e-02
-3.010585961533078336e+00
-1.120216744470458714e+00
-2.870258031450900749e+00
-1.135726089337823375e+00
-1.921183689343248790e+00
-2.017946361858146354e+00
4.137646614750046581e+00
-4.409874781165683544e-01
-1.412277104116125059e+00
3.149622581087328399e+00
-2.767983556790976962e+00
1.549650111693747334e+00
-5.591419546887159697e-01
-3.931551952033525588e+00
1.972743896428919896e+00
-1.825930446458442269e+00
-7.970709813015330880e-01
-7.575892996580302352e-01
-3.650096326042167050e+00
-1.793460730814610660e+00
-3.190679374449311823e+00
-4.197002638465532343e-01
2.646620683165670229e-01
5.855415795179883531e-01
9.539227117819670809e-02
-1.057477101149127741e+00
2.902748572254263415e+00
-1.270422585798004711e+00
2.222274028538240742e+00
-2.164430779054998144e+00
-1.658842649536149683e+00
-4.945466523626071975e-01
-2.045045639995905606e+00
2.189523389082202343e+00
3.731383098595378200e+00
-5.948140176326468520e-01
-1.010861420446317105e+00
-8.089858697496268292e-01
-2.622106117997446972e-02
-2.593091427316572606e+00
-1.419977934623599225e+00
8.309125049699410681e-01
3.408084182000994389e-01
-1.358923505233784024e+00
-2.069072836785061043e+00
2.381207331933076432e+00
-8.669212236097436630e-01
3.242914102778174268e+00
8.680776873616800060e-01
-2.365581444304033276e+00
4.407541832196315568e-01
2.415508946577071825e+00
-2.926569058797226397e+00
7.056050259090298482e-01
3.371718040407454708e+00
1.674537053283591703e+00
-4.916772659844960813e+00
-8.280691962871298273e-01
5.912892835815970471e-01
-7.176563643257525271e-01
3.167884619166427385e+00
3.330433987050668065e+00
6.293291132248199915e-01
-3.908792950039269520e+00
3.503527801841233469e+00
-4.473091223331728372e+00
-2.174507310532961313e+00
-1.265918560380748126e+00
-9.799018130949468386e-01
1.481559864191835274e+00
3.632985689556784692e+00
-3.063417183058915860e+00
2.136857816159977830e+00
-1.074869284646995382e-01
2.134009184249919144e+00
3.981705906151638885e+00
-1.823797217807179294e-01
1.860674228185561496e+00
-1.423178540731303343e+00
4.441124632076888901e+00
2.083336927404225492e+00
-2.508505971223305764e+00
-1.109631810575479882e+00
-2.188186792925772561e+00
2.710183644729689867e+00
1.696053976184628276e+00
-1.686964754516095955e+00
-5.370342265990064590e-01
1.639470350728494452e+00
2.359335870617052855e+00
-3.456749514005633905e+00
-3.356463183525999483e-01
9.233251054231486066e-01
-1.945194475077108187e+00
-2.721060776090923561e+00
-1.563267241754594750e+00
-7.880309589823442096e-01
1.482922854398852408e+00
-1.407594645535833244e+00
2.432693211136575329e+00
8.062868485529861573e-02
-1.863490166089238897e-01
-1.967494624492202693e+00
1.610401406158299409e-01
1.660448859948495226e+00
1.075888687337088534e+00
2.552434993767162652e+00
-2.024105427216074560e+00
-1.568044460942258134e+00
-1.367610798514076187e+00
-6.756934355711541329e-01
-1.338512152818901235e+00
6.325524214446778259e-01
1.945120395698189952e-01
-2.596292843773832182e+00
1.580113091407421066e+00
3.756927337373863196e+00
7.513674817870805711e-01
4.042647801443209232e+00
-7.487433876185480841e-01
-5.863045580677290758e-01
3.848142499946954231e+00
9.516631342289025852e-01
1.364035590639193884e+00
-1.641916548028234502e+00
1.976778335958800703e+00
2.702091385992650530e+00
2.803612599159016838e+00
-2.215473459513703780e+00
-1.877581147229482106e+00
7.349429197330401564e-01
1.636625023692232617e+00
3.332965088378925245e+00
-1.999476886878397863e+00
-2.470496613448234235e+00
2.471588749935717644e+00
-1.340191077690134236e+00
4.302055083452227535e-01
-8.343706204572356455e-01
-4.399399006873323081e+00
-1.759198280047895135e+00
7.678923195846820704e-01
3.227597996256484691e+00
2.459537932046194086e-01
-1.188418797894490453e+00
1.984089469593108390e+00
-3.750755705313308042e+00
-4.418846428658511627e+00
4.041694687197585623e-01
2.576339294435746829e+00
8.724348044675513947e-01
-6.051483475991856764e-01
9.851676627926062579e-01
7.273508577870471115e-01
8.621235617928055817e-01
-2.605695141057644104e+00
-2.497660879256438093e+00
1.394677176896077953e+00
-4.144242465894762972e-01
-1.168944370669030342e+00
-5.888801751233962989e-01
3.644013312667224724e-01
2.057488371420932438e-01
-9.314067527352918319e-01
5.668775709491313819e-02
8.378710586562156948e-01
-7.302388383352322876e-01
2.833644339846426163e-01
2.399826285330135534e-01
-3.041518169429870522e+00
-3.195221578312658295e+00
1.374864682269649308e+00
3.237257275121399047e-01
-2.255016268818526903e+00
2.838748798632376946e+00
-1.135111956351231299e-01
-1.676219269264749290e+00
4.539190594832927417e+00
-3.696560195290727879e+00
2.849750199303340281e+00
-1.535391447481265104e+00
4.060071263826273480e+00
-1.087192354190084309e+00
2.018147664239167582e+00
-2.817913995783771330e+00
-2.694906194723404091e+00
7.369523178110979345e-01
1.731939193272959976e+00
-4.406430338153778159e+00
-2.391847988654347557e+00
1.246638788661691422e-02
1.015955659141787315e+00
-2.971984718809750348e-02
3.538830624570277195e-02
3.557091712499957481e+00
3.053671137391686941e+00
-2.122131089871816645e+00
-1.214256811000314684e+00
6.349477876098390539e-01
3.592241905845135364e+00
4.594781574516026978e-02
-2.779370752029473479e+00
-9.167915541569549021e-02
-1.907509318729898595e-01
2.169401674498717014e+00
-1.489932439123919039e+00
1.756557142748317091e+00
3.180482799089984880e+00
-1.213585510274410861e+00
2.107498339747237104e+00
-2.020812123115638848e+00
-2.036206721400903419e+00
2.428861615140174735e+00
2.013701475498585580e+00
-1.530393455863797492e+00
3.198619583302116709e+00
-2.481415583823144644e+00
1.806190130770949587e+00
-2.073939605527707286e+00
-1.479702899287592466e+00
-2.516472722050874911e+00
1.043084642934168471e+00
-3.053602341966292322e+00
-3.493687528948639098e-01
5.820467667009392443e-01
-3.162214550074589070e-01
-2.150598904899100106e+00
-1.138030842849741653e+00
-2.943681375389841648e-01
1.117865768908213653e+00
3.260992216725952630e+00
-3.157755283561050064e-01
-3.586710517003361964e+00
2.241773924825815278e+00
-1.161536734021670014e+00
-7.880291190445376515e-02
-1.928846009485089219e+00
-1.788129036586681764e+00
-1.686184406103707456e+00
-4.066537333527083575e+00
-7.600948480305502741e-01
1.652906114311134544e+00
-2.917854136996327341e+00
1.389569071529944466e+00
2.476347746062350197e+00
2.715133756543260724e+00
-4.080126266440649907e+00
-1.273722111713822436e+00
-1.315868185354430508e+00
-3.226697846433070449e+00
3.814252336487237827e+00
-3.833451681799164845e-01
-2.448413285177561072e+00
2.087501206045319080e+00
-3.591160803644641852e+00
-3.417896954063951220e+00
-1.598823548528897298e+00
-3.125447576438975528e+00
1.016324798140129992e+00
2.603116419486880773e+00
1.996192592678411870e+00
3.007766386350480659e+00
2.489836852873221318e+00
-1.469520151880225001e+00
-1.182730964570999355e+00
-1.058165180454386789e+00
-3.307500247423265094e-01
1.227160995759543738e+00
-1.755201302191586876e+00
2.655106563443352385e-01
-1.294126666793890656e+00
-4.155805616658804880e+00
-1.925127967321716760e+00
-2.761228290547736552e+00
-5.940238763675935729e-01
-2.274723503078388998e+00
-3.628189478668496726e+00
-2.354532954036448356e+00
1.522412833920587794e+00
-1.181219857596784273e+00
2.225469759320599650e-01
-2.257996357998083070e+00
-3.488126811976260289e+00
1.573064958664023294e-01
3.801553184016897902e+00
1.125386972760331616e+00
-1.091523677214680799e+00
-2.553148883489331666e+00
6.868689265747622841e-01
3.565759344112008122e+00
-1.611820150466400037e+00
4.485949881377138126e-01
2.139292687331975529e+00
1.897145435002620673e-01
2.702457209152634654e+00
3.662022770526402127e+00
-2.912945804127507365e+00
-3.939423535764536410e+00
8.050017063940195783e-01
-1.074642246058926887e+00
1.350894230783785233e+00
8.986178858233193623e-01
-1.874470647991061778e+00
9.318459185915095588e-01
8.776022490988744096e-02
-2.324877762414504723e+00
8.239117441487682214e-01
-3.452667965157108387e+00
-7.103920835380970189e-01
-2.694316746394788353e+00
4.097954826230090219e-01
-9.087392964267024809e-01
-3.893798150947206160e+00
-1.893698606934552942e-01
7.820230701315455946e-02
2.467575809156557831e+00
-3.433024708788234847e-01
7.631277867962493744e-01
2.576665332412333420e+00
-4.777113687384240137e-01
-2.980956688350308692e+00
-1.888411878679022493e+00
5.022520903120994973e-01
2.611187299753444435e+00
4.567588238319631344e+00
-1.966205263223773869e+00
2.164286752599542396e+00
1.630442627274249823e+00
-5.156995296283914954e-01
5.936400206398593227e-01
-2.769523771306308557e+00
-7.615149740985334148e-01
-3.019688981067863764e+00
-1.220061168981230182e+00
2.566809198866985220e+00
1.773621747953311178e+00
2.363982445865775439e+00
3.181579157172468086e+00
-2.464789697447989703e+00
-2.754127108162531812e-01
-2.741700412183134539e+00
1.080057112529177132e+00
-2.242921870768134873e+00
7.717845719861307074e-01
-9.389344814383218107e-01
2.696174258653033284e+00
4.310277865290739641e+00
1.233774322328418549e+00
-1.421021204065079147e+00
-1.309010934384229330e+00
-1.233435662069697791e+00
4.211254161225976844e+00
1.237024270626433164e+00
-2.574446063919384464e+00
9.593992115157394807e-01
2.113455771305990716e+00
-2.968123661584051831e+00
-4.496579343712719279e+00
1.528487843577073235e+00
-3.115228864356399896e+00
-5.497818965817842241e-01
-3.742189442585775794e+00
-6.655620685618490739e-02
-5.320231978485256974e-01
-2.843207241156401999e+00
1.322519202650424219e+00
-4.836573240767014781e-01
-4.331936371144747611e+00
2.833385063830280437e+00
-4.259583300281146734e-01
2.772288219565606227e-01
-1.766761374824538766e+00
2.917003395924483655e+00
1.646360151625594348e+00
-3.081829478575777159e-01
-2.968940026136307253e+00
-1.175421883995767303e+00
-7.881370765918376264e-01
-4.169806946768691347e+00
1.839712918046867429e+00
2.420306295004648334e+00
-1.352952236433742073e+00
-1.456537957536818695e-01
7.464460476084404661e-01
-2.136871222677434456e+00
-3.175966557551721081e+00
-4.321042875904126390e-01
7.725199616227875765e-01
1.888264116975277851e+00
3.044594938327021438e+00
3.327563984986239731e+00
3.331318793407980650e+00
-1.771220324811835223e+00
-3.256544212051371456e+00
2.712636626905975845e+00
7.621450069825428386e-01
-5.847393724890235234e-01
2.704582299921483468e+00
-1.852579999598646943e+00
-3.039954231934062001e+00
-1.082481524900519076e+00
-3.043978960569043046e+00
1.062192631322370850e+00
9.351515975408419834e-01
-3.693025877904616561e+00
2.267115284039875611e+00
-3.122320295484385611e+00
1.283033582050558508e+00
-2.082812602241812527e-02
3.579867921062554359e+00
-1.082744377971989636e+00
3.283163754070880458e+00
1.684934362709000766e-04
-3.159653478476748933e+00
-1.101399424910605607e+00
4.011437408309516783e+00
1.809104063202859436e+00
3.258279761956737630e+00
-8.614989614866521705e-01
1.018376479430759041e+00
1.631169962784539962e-02
-2.399589344928049872e+00
-2.153904267575776910e+00
-1.589229363491751812e+00
-2.189181623817151312e+00
-2.618100800989484611e-01
1.474130390056941131e+00
5.463214760178622953e-01
1.521731931083144751e+00
2.712295431930954237e+00
2.117528521724820756e+00
-2.268738918693367079e+00
5.785426306044749722e-01
1.485833207839093006e+00
3.191065360453404054e+00
2.421696384886438125e+00
1.548297166176398676e+00
-9.381146137904936566e-01
1.997388698902877735e-01
-1.121647369410806228e+00
3.573056040856343429e+00
1.290546915572511111e+00
-5.682231914540221140e-01
2.279174683821594272e-02
4.415244998055133152e+00
1.009456147758308830e+00
2.141630867950736317e+00
2.654408727115593614e+00
-2.826464660332152157e+00
-1.021069532979461680e+00
4.854142865514363692e-01
2.949059332033856506e-01
-1.324994414748610350e+00
-6.772110943349387568e-01
1.356049057573152972e+00
-1.080242138772925742e+00
-5.229105064701542460e-01
-1.446121527949943086e+00
5.955689615095041134e-01
2.650418350311771754e+00
6.866545299969493144e-01
-1.432791221201916709e+00
3.003454408438996026e+00
3.363057053118792439e+00
-1.160922353701610454e+00
-9.458052187099585950e-02
4.196507878506174904e-01
1.610744940629389887e+00
-1.750267197156726517e+00
3.717501798768445553e-01
2.832162650459113529e+00
1.918053888894542425e+00
-2.659017592044834455e+00
-7.100056890522337127e-01
-2.120682265660649435e+00
-4.374108633975708038e+00
2.449724260890484118e+00
-2.906017565415064396e-01
-1.890069951298471995e+00
1.054136399087819420e+00
-3.034812255874328457e+00
-5.006251114910726940e-01
-3.439509724704266524e+00
-9.408898701017740507e-01
1.715845164536615286e+00
-1.070527650504065065e-01
4.992520383346930046e-01
1.204270718090714176e+00
-2.148828106679913752e+00
-6.469222383220873951e-02
1.436539489729088181e+00
2.545369753341825358e+00
-8.904573632328540711e-01
-1.911635547374379129e+00
-4.678124547375094089e+00
-1.204000211153025468e+00
-2.372295627035807541e-01
1.430051077936573378e+00
1.709730503859141493e-02
1.015020512281951781e+00
1.249568162640568580e+00
4.861181672360359585e-02
6.310285643253141785e-01
-2.133462657431397513e+00
1.329126406560703799e+00
2.182343525822906471e+00
-3.082127643335693890e+00
-2.767984207526386076e+00
3.413175743923693162e+00
-2.425806182525866994e+00
-9.950906097727614252e-01
-1.640790316745768251e-01
2.732836687032227374e+00
2.138216090511733114e+00
1.343605171884583172e+00
-2.289421698675759398e+00
-2.483478730400996426e-01
1.469246621926893148e+00
1.756522579648658322e+00
-1.245419254943838094e+00
-1.568732020171292874e+00
-8.421525587031739590e-01
1.542027106611011611e+00
1.628421429967450429e+00
-3.967293235295822562e+00
-2.729097613067543726e+00
-1.803398371742600759e+00
-2.134296609044414428e+00
-5.889941806281342451e-01
2.360627724867692123e-01
1.969709381335841059e+00
-1.992798598176903635e+00
-5.718613394853733212e-02
-8.116954574570627301e-01
-1.069561590260879491e+00
-8.432008568957254369e-01
-1.435687296329923868e-01
2.087217561455744885e+00
-6.721825237673755282e-01
9.542246923181014751e-01
-3.880567257933904557e-01
1.703034199092878787e+00
-2.638809280206933394e+00
5.370987090694869792e-01
-3.444233448691298438e+00
2.405409493650520147e+00
2.067840185280958032e+00
2.042772515950570522e+00
-3.178846935808786078e+00
-2.383922419799730630e+00
-2.653901439963055608e-01
-2.474108967413448212e+00
3.751700229252318053e+00
-1.770387694496902142e+00
-4.272569192394692905e-01
5.753613813768989615e-01
3.361357482881018655e+00
3.457088383407329601e+00
-1.124837885374809776e+00
-4.179467159898974771e+00
2.848734298742394699e-01
-2.570309545246352023e+00
5.425450678380583369e-01
5.837763164209306410e-01
2.480040907418315399e+00
-4.296986350831748069e+00
1.908259076003522736e+00
2.150320728983596830e+00
-4.997162024796919511e-01
3.608974928078643174e-01
3.290253383334507120e-01
1.748699288018313425e+00
-1.187915882877266682e+00
9.749222991955797113e-01
-2.757373358778121286e-01
-9.847963711854381685e-01
-2.115489647839282839e+00
2.778470490949986882e+00
1.147094935492241063e+00
2.621828836300267085e+00
-3.919375630593353144e+00
-5.584144696707689093e-01
-2.636111736192647825e+00
-3.965190065802616459e+00
3.300718657348866714e-02
2.968976730044036394e+00
-2.154216472395526605e+00
1.747236679553396677e+00
1.059259236508395929e+00
-5.532204939818310407e-01
9.914404166355055281e-01
2.192641021433425763e-01
1.228294033092224069e+00
-2.854538499271704666e+00
5.876663878332220037e-01
-2.384762520192835744e+00
-1.817186217570593065e+00
-2.565331887280489109e+00
-1.991592763765919649e+00
2.222554354112618036e+00
-2.599959966035871872e-01
2.169527731216097877e+00
-2.981500019447101302e+00
-4.078155127130535185e+00
5.512638903156101833e-01
-2.275931208869649502e+00
-5.166031387012335330e-01
1.219839831201668723e+00
-1.290846359204858018e-01
1.338612095833870974e+00
3.874221773988185902e+00
-1.991125451576409855e+00
1.099552765054236936e+00
-3.713101974039554332e+00
1.930763273672361890e+00
-1.281568658927653814e+00
-1.265552021381779468e+00
7.127209766646984690e-01
9.334503000134608541e-01
-1.818796936731819081e+00
-2.773143684824171729e+00
-1.986154638044526077e+00
-1.032851777890293032e+00
2.422021248977202390e+00
1.002642706138482609e+00
-5.807184338318274186e-01
9.959769339773050234e-02
-8.710619909672399075e-01
1.111113952824673845e-01
1.504917793237622092e+00
2.868906696116741983e+00
-2.450989133628472594e+00
4.256917882717297985e+00
-8.448371815884163638e-01
-1.218319531382763721e+00
-2.863638522127036623e-01
3.331970371288131005e+00
-2.344649621056966726e+00
-7.858819096105396085e-02
-1.095577203187638737e+00
3.207589929774794513e-01
4.536964551186411398e+00
1.302900825389209594e+00
2.704617320792651824e+00
-2.232912433688647891e+00
1.842473425677670917e-01
7.005907160126287891e-01
2.532988229977561900e-01
-2.561017938871954502e+00
-3.288829884977752638e+00
-2.445505353570570861e+00
4.443923926871743646e+00
-5.324324883278190867e-01
-1.313513592086748005e-01
1.983537800630505110e+00
-7.114547188668307598e-02
-6.968755351647937246e-01
3.163562149017627334e+00
-2.026888404387363174e+00
2.637711343194000690e+00
2.322981573548084100e-01
1.774514314213550215e+00
-2.257443444497311269e+00
1.984968392464585563e+00
-2.078145907914612067e+00
2.055103222884819836e+00
-1.903387313866707231e+00
-2.012441063412802489e+00
2.223566152594937506e+00
8.170584584830722363e-01
4.126791589143277150e+00
-1.810917989677610862e+00
-3.533221668394159742e+00
1.951675981689263040e+00
2.531181190695859229e+00
-2.423889467250577301e+00
-1.492185910293244433e-01
4.735945287429217387e-01
3.067056712410835217e+00
-2.877173332000209083e+00
-3.609533388387728969e+00
-7.063222584645139079e-01
4.136497491234518264e+00
-2.399325951054751105e+00
1.182991360713765872e+00
7.207111269611976567e-01
2.300138423135011934e-01
-1.729322797407113033e+00
-3.541846147722447213e-01
1.153192880771838347e-01
-3.301393339069415234e+00
7.537838793612161581e-01
1.348476276299725996e-01
1.725945000073041413e+00
-2.431452184509481640e+00
-5.827847136596471245e-01
-4.021179433206079068e-02
2.272831688898829583e+00
-6.669152345513138513e-01
-4.039735631275916283e+00
-4.865019463826190105e-01
-2.423638323494822444e+00
2.526507069195323751e+00
-1.908206503753108851e+00
-8.456576337440520064e-01
9.274216711660212553e-01
3.479727342686977920e-01
2.788892989140200562e+00
6.587450133965164767e-01
-5.153879280643165472e-01
1.620220816517864648e+00
-2.390913463758983948e+00
2.014073855243509570e+00
1.437772693733164964e+00
2.453022720978976778e+00
2.123542453504495775e+00
-3.938465302232646792e+00
-2.479392541972647912e+00
2.337835725778591112e+00
-3.452527532822440293e-01
-2.443450311749081116e+00
1.896012804292796616e+00
-9.445036193278344427e-02
3.097645813734517972e+00
6.611403329640133109e-01
-4.203565787577483448e-01
-8.032571310237122120e-01
-7.747436093268618151e-01
-3.315000085078956715e+00
-3.351508747718430214e+00
7.925801111791077602e-01
2.598199084396225267e+00
-2.627171553293461415e-02
4.072699874706170675e+00
-5.268371519296257688e-01
-2.936246232517298438e+00
1.253010372196184719e+00
-2.555757513725089414e+00
-2.604925871212862010e+00
-8.959347937098076642e-01
-1.896663607947498775e+00
-3.021974573555572974e+00
1.280561684033872716e+00
-3.576105502864836971e+00
3.930346885940906532e+00
-3.706106845808836425e-01
-2.291161284007779742e+00
-3.062093028372903092e-02
5.229512748443498893e-01
1.713224840894989498e+00
-3.161539765959998860e+00
-7.429922459018749592e-01
2.835485273910645532e+00
-4.171082820484617315e-02
-3.922173689288351639e+00
6.901560723415780529e-01
-1.316617112494315567e+00
1.886311202784938246e+00
-4.550849609843481858e+00
-1.950820734553311286e+00
3.635391135864519896e+00
-4.296703587470851460e-02
1.741025758950489610e+00
1.824413665051231703e+00
-1.029234644214336303e+00
-3.308590263834840783e-01
2.052572522894926976e+00
-1.527359088405078058e+00
-2.263578190637719700e+00
2.584060274690500592e-01
1.952515649789271279e+00
7.774341749535160773e-01
3.046287035515158337e+00
1.009544364336036892e+00
-3.062248890158574266e+00
-9.410755547084086459e-01
-3.511241977954024929e+00
-8.519293606597662105e-01
-3.826191993299037364e-01
2.451235935356398166e+00
4.976066979036524174e-01
1.365128140337303009e+00
-1.693877882698528126e+00
5.327455957919209339e-01
2.929509402722178635e+00
-2.368249522391623341e+00
-1.046783114231391920e+00
-2.096802594311002466e-01
9.006928180105813198e-01
8.745337639404766605e-01
1.363394618554982785e+00
1.575204562616833392e+00
-1.588212338117400257e+00
5.237119322509498076e-01
-1.364123828834888918e+00
-8.914611869754978102e-01
2.986772412151353251e+00
-8.286134945426848475e-02
3.092417903708437166e+00
-1.692169736849509221e-01
1.729007515829303898e-01
-1.035798687483291403e-01
-2.248427070004550554e+00
3.053312037198354645e-01
-1.363269396405257350e+00
9.401802868485020781e-03
-8.988508789943150390e-02
1.867472866595225156e+00
1.418347017095127782e+00
-2.786860923379492760e+00
2.752294934442353735e+00
-2.588930341515498501e+00
-2.786975517390066770e+00
-2.027363495221845113e+00
5.735927304871548671e-01
1.304067046447663358e+00
-1.244501915714169904e+00
2.120947491197582302e+00
3.829678045285582755e-01
-1.698198116684816128e+00
-2.072909502529629577e+00
1.337826035831090721e+00
1.028063138203386906e+00
1.003673062126321014e+00
-3.902895090695872593e+00
2.795139342353784251e+00
1.719884072251113949e+00
4.170437870382620815e+00
9.136536856802024431e-01
-2.376282861365932142e+00
8.364688872642522810e-01
-3.145250005135160620e-01
-4.291536438381102769e-01
-1.544900022265736084e+00
1.248445151920418716e+00
-8.800822585467411585e-01
1.957127082612359459e+00
3.477544445706474363e+00
-2.017697839974506024e-01
-3.106842308723560819e+00
3.348881088960581565e+00
1.345662340769085752e+00
2.220705601767444470e+00
2.640559254526488431e+00
4.310287742237797204e-01
1.299993678275262354e+00
3.623039847941665670e+00
-1.636594040865768651e+00
2.862987367927542159e+00
-2.086355987529375788e+00
2.525325263813737564e+00
-4.004794773645574679e-01
-4.011853087756248826e+00
-3.474267996409334813e-01
1.369825758724836362e-01
-4.483660521819694544e+00
1.187088719234234979e+00
1.765356942451418831e+00
1.252663578344566986e+00
-3.070625172963850513e+00
5.660473900492899446e-01
3.376268832634515604e+00
-2.800071321848168093e+00
8.191351858643791672e-02
4.641084963505743843e-01
1.888258409559027129e-01
-1.894920432739417571e+00
1.655609330157039594e-01
-1.131330411996247953e+00
-5.534885612294662138e-01
-1.316276001471727408e+00
-2.604526831359567751e+00
-1.215272478024027158e+00
-7.967644888386846702e-01
-8.607818182571218557e-01
1.095723664192473912e+00
-2.755174156595916468e+00
-2.227440353604213996e+00
2.724159367923171260e+00
-2.733832309357937529e+00
7.843588399587320126e-01
2.199783759954600626e+00
-2.148615662881941724e+00
9.028263463018397772e-01
7.147042270607251169e-02
2.290670310240483509e+00
6.117441105867085227e-01
-5.459674508806333648e-02
1.750083793969333890e+00
-2.547481672998386681e+00
2.321123294498407930e+00
2.302279167951173378e+00
4.032867867376490167e+00
5.931178791176838772e-01
-2.429119899776845948e+00
-1.134139038498840346e+00
-1.284361660119048398e+00
1.141042321350488109e+00
4.378795426763927523e+00
3.969894966116934043e+00
-5.919360769805734890e-01
-1.097785072153128372e+00
2.507496429004978822e+00
1.604433594474345526e+00
-3.496538710119757809e+00
8.615384081733559185e-01
1.988655514222914533e-01
5.686509195383395721e-01
-3.582954151195352210e-01
-1.557613083298084788e+00
-1.126897732088466775e+00
2.355835282956542542e+00
-1.026405821798449303e+00
2.758581838181910939e+00
3.201762922238646780e-01
2.538624377431802692e+00
4.381296769520250933e-01
1.203594803796913304e+00
-1.343580124303128898e+00
-7.722550832701733370e-01
1.320546530669794549e+00
-9.955954571670657671e-01
-6.955298898253694517e-01
-2.952373194114480626e+00
2.877208150337748016e+00
-2.355983721538050801e+00
-1.621276959175442123e+00
3.955043654308724399e+00
-1.014877138743073282e+00
-1.825641855234556576e+00
-7.942219831755590320e-01
2.319795726796805901e+00
2.427416330977621328e+00
-2.383433784450477155e+00
-6.766330640462232537e-01
2.956166398309559185e+00
-1.193643506842061441e-01
1.714808754164415916e+00
3.219360722344520198e+00
-1.736387601018800186e+00
1.274401559155995400e+00
-1.244311184104737844e+00
1.045891594643832079e+00
3.463962108124722050e+00
-5.031253816544944968e-01
2.764566494289557141e+00
-1.453271872335050396e+00
-2.187618873637728001e+00
1.220405885477603647e+00
1.879548245070904677e+00
2.298933736487036583e-01
-3.682646864827016309e+00
3.748176488267693784e-01
6.550736580088756256e-02
4.114309418067108481e+00
-5.481358378400873477e-01
1.988365841846970739e+00
-3.234646280868621382e+00
-2.281972857833207691e+00
2.657835299619355496e+00
9.772165101137630927e-01
-1.785030851708018229e+00
9.065286960359708601e-01
-6.967017782125930481e-01
1.857820189594985294e-01
-5.972450434263416597e-01
7.726518186164508251e-01
9.928356555280810625e-01
-1.924927291031170551e+00
-3.314567093375648810e+00
1.935879898183967995e+00
-1.361083080806484435e+00
2.845637771391444915e+00
-2.476468812467964575e+00
6.307086812313968949e-01
1.531278395932162972e+00
1.368634846699414709e+00
-2.119143720551871724e+00
1.298591537621667236e+00
-3.847964697011092561e+00
2.504493430097445739e+00
-2.329994738834534118e+00
-2.598291212040336973e+00
2.306068026236976820e+00
1.449386653389714397e+00
-4.375138683423642760e+00
4.344587939884601013e-01
3.435841063933789741e+00
-3.147950992606195264e+00
-3.170518138174453604e+00
4.015679724761263003e-01
2.555195375626712284e+00
-1.244586971960606192e-01
-1.545207739295634042e+00
-2.246813190638841107e+00
3.933916478233339120e-01
-3.161231911829306185e+00
8.588772358255187811e-01
-1.788860458029210676e+00
-1.400643850527296674e+00
1.176906328344928809e+00
-2.385291819854332473e+00
-1.007123527650767514e+00
4.428201440169834413e-01
3.625056318932786681e-01
-1.891907738827762753e+00
-1.286325097134796813e+00
3.676883881544700472e+00
1.204225323319166208e+00
5.963821810263070233e-02
-2.351708255140321668e+00
-3.147272183738213158e+00
3.642231023672939827e+00
-3.357846616894621938e+00
7.919727041070876439e-01
4.435198092306116280e-01
-2.589504712723801561e+00
7.124296790299453619e-01
3.416864538556867004e+00
2.194364450607071859e+00
2.836849797978238996e+00
-8.768015885486786232e-01
-2.467355371947968834e+00
9.299408383272735890e-01
2.782655015244750452e+00
-9.621902931334176401e-01
4.056779373060281912e+00
9.242857028705682154e-01
4.097633376554412621e-01
4.344852569716131541e+00
-2.115894602865998841e+00
-2.147225133393998675e+00
-1.165780534408557223e+00
-3.583133232629844844e+00
-5.275047421919865087e-02
-2.884352594357850297e+00
8.141931968220186278e-01
3.681938276896296713e+00
-1.157061334333854496e+00
5.173886459252408088e-02
1.110906244810907495e-01
-6.900558146189013087e-01
-1.355276968904961077e+00
-5.450954792461519816e-01
3.877617085205480763e+00
1.298024270313371531e+00
7.372036602638987191e-01
1.207210514208496122e+00
-2.461402042072113883e+00
2.678598889381928139e+00
1.453219986906800543e+00
-2.602760952766125513e-01
-1.402355553201628968e+00
2.737719035415949520e+00
-7.380214494127637082e-01
-2.034978852223857437e+00
1.986807727399955148e+00
3.136796705044202938e+00
-2.485617873813253276e+00
4.284947902159785826e-01
-3.354893272218133049e+00
4.880030353759556405e+00
9.485613500334970638e-01
2.470653792316173103e+00
1.387503017854907483e-01
2.473651897239653508e+00
3.741036300040789797e-01
-1.276676769696351244e+00
1.774112665248592791e-01
-1.144182179797694321e+00
2.524817862075527941e+00
-2.190533751142597296e+00
-3.245935416376863891e+00
-2.178942204758941514e+00
-2.864062981828574550e-01
3.644639593648527409e+00
-1.105677421802936600e+00
