5.277357670118195898e+00
2.025324490856512227e+00
1.601748712436093847e+00
-3.842527946277627393e-01
2.259582994317554494e+00
-7.751430024617764758e-01
1.867169116651155036e+00
-2.075550775891911393e+00
-3.632398915520953508e-01
-3.490007459961033121e+00
2.233542428845858296e-01
2.164596164382214027e+00
3.544814678397719021e+00
-9.927394450636253254e-01
3.158476563678007665e+00
2.666170155609298931e+00
-2.895447642873972605e+00
1.316325408580617307e+00
2.055030930786752030e+00
7.406874403979344379e-01
9.129639781014065036e-01
-2.691479619656531597e+00
5.814591122402648082e-01
-1.124831003493900194e+00
3.185885126546754265e+00
2.681197996751324197e+00
5.712436797963569290e-01
-4.198146780970555270e-01
-1.443917234977112329e-01
-2.419499331909831241e-01
7.743366731672747250e-01
-8.238650422181468258e-01
6.280362878592127274e-01
2.058875423797392301e+00
2.014946626758175263e+00
9.351973743896309088e-01
-3.459870236299813495e+00
-2.136894590586510212e+00
-8.677314890751963716e-01
-3.469791241261113157e+00
-1.390220265885241169e+00
-3.656133491374242706e+00
2.924410787650622012e+00
2.780101984627378897e-01
1.559380927557201701e+00
-1.748865624633051397e+00
1.794876750751297934e+00
-3.492607235076259364e+00
-2.723669373569960861e+00
2.385703417261330728e+00
-2.065932781102849169e+00
-3.960867642642824649e+00
-7.819495264975824256e-01
-3.720844166433393774e+00
3.535488939871056502e-01
3.659282052473624702e+00
-2.415610183121230659e+00
-2.982751976365038971e+00
4.666999030478127253e-01
-1.874327727656972975e+00
-2.343937490197412821e+00
-1.636862030647377786e+00
-3.638632831367418774e-01
2.524114096116687023e+00
7.780815577461552834e-01
-1.598217318463022174e+00
1.614014350021363953e+00
1.567292948054667789e+00
3.968637585459221739e+00
2.629149050882614524e+00
-6.884376193522605547e-01
-6.851659283893560826e-01
1.081538303405492840e+00
8.729275549434989401e-01
1.540713306403933558e-01
-1.543077091179889671e+00
-2.833654623940699224e+00
4.292549843220960781e-01
-3.437696631173254858e+00
2.556629600385442735e+00
1.496062008203741911e+00
2.414709324467432694e+00
9.740132809294079763e-01
-2.867081586424269357e+00
-1.099343746394259469e+00
1.163331930650031154e+00
9.222805949315482366e-01
-1.383390121164733699e+00
2.875439054630488656e+00
7.299876576453145915e-01
-1.339070259548601705e+00
-1.832621655322731691e+00
-3.027844009048862084e+00
2.384231766907481287e+00
-3.171929930717602097e+00
2.991894995901274612e+00
-1.102827776867076892e-02
2.023090271069342805e+00
-2.648851676777272512e+00
-1.089215732977173001e+00
-1.079195966131721640e+00
4.563147787165053870e-01
-7.963633940925145538e-01
2.480474843711522048e+00
1.420094296185991922e+00
-2.564195129038520093e-01
5.236324601414832358e-01
-6.046334818380021403e-01
-1.907026683347254892e+00
-3.258756464438929523e+00
-7.636109066735876638e-01
1.801948614586128983e+00
2.341494457070947277e-01
-2.312474062202054537e+00
-2.892218534761064497e+00
-2.043206964769825440e+00
-1.363717948978653727e+00
-1.557681552237020206e+00
-2.527868294834422436e+00
-4.074624834916328098e+00
-2.194791453822555027e+00
-8.989559156183641875e-01
-1.780526188822099343e+00
-3.255707314517434448e+00
1.359378381983722406e-01
-2.092700139812758486e+00
3.821933929696443855e-01
-4.885463092888242542e-01
-1.937903503149636109e-01
6.830222413158715256e-01
2.986972449130628426e+00
-6.794302424197802281e-01
-3.781706696076765351e+00
-2.667563175276241871e+00
-1.856505114667546863e+00
2.024267176020817516e+00
-3.163093130842212553e+00
2.863536382866045393e+00
-3.431262683506381972e+00
2.128574454209877231e-01
-1.298466478019761894e-01
2.833804084006123603e+00
-1.175869522188155436e+00
-2.699375842211628296e+00
1.936996871822525890e+00
2.055136019960421834e-01
1.394863095846812229e+00
4.648965741160857590e-01
-3.116284541370243133e+00
1.066772122968569825e+00
1.921792758118888500e+00
2.070782600315517641e+00
-1.950713127550502524e+00
4.149390517028495040e-01
-1.367928861326169532e+00
-1.031511511007079829e+00
3.117505633671674659e+00
1.587511515622642477e+00
3.301478592466276396e+00
7.521104973330663412e-01
-1.070920562479122040e+00
-5.665382979878410552e-01
1.240700640267339949e+00
-2.084056248018100188e+00
-1.676620910774291318e-01
1.332989569048562473e+00
4.014091528040101053e+00
-1.201753423290982781e+00
5.999902166289867722e-01
4.417771808328483374e-01
-2.851231844718949304e+00
-6.211308747212109793e-01
3.243163445044118021e+00
-2.935350193539934871e+00
-3.737929032873866131e+00
3.524352756899970629e+00
-2.464463546096005153e+00
-1.096611896457953428e+00
-3.592849771852107299e+00
-1.761963199277815750e+00
-1.190167162859481209e+00
-1.809968213926904657e+00
3.510835288580034685e+00
-1.592222550481653620e+00
3.265010909034376851e+00
2.292253751491818647e+00
-2.492315393921782363e+00
-5.579695978840417681e-01
-4.518864574137406720e-01
2.560770022352426345e+00
-6.030825928233154443e-01
1.192010023391253171e+00
-3.313998884910858145e+00
-3.208453127706554220e+00
-8.540096310616682729e-01
-1.238811308225189034e+00
5.072853121733338355e-01
-3.384939941011054998e+00
-4.907307196459802512e-01
-1.221547476705189261e+00
-2.716824416180298574e+00
4.232068673991644658e-01
2.078821447168875736e+00
-3.553520719612013323e-01
-8.457213451975071905e-01
-1.068066121476660690e+00
-3.078159377175681222e+00
2.279891272851529038e+00
2.202832317974793064e+00
2.330159486965226456e+00
-1.905128924065900176e+00
2.091915875635637079e+00
4.110020221504768756e-01
3.784348528938160428e+00
-8.893336594718901367e-01
3.499499954561539283e+00
3.286540449953985643e+00
-3.973397809012631399e+00
-4.044328467633399704e+00
-1.869099752434806305e+00
4.330404931023288384e-01
-2.902498301560415328e+00
-3.326502085556439781e-01
-3.102694422198821744e+00
-3.967848764948742613e-01
-3.134883790094585176e+00
1.459235536702174763e+00
-2.781913255789891792e-02
5.924129847579218122e-01
-2.650980505942408083e+00
2.976461676512629495e+00
8.317160750716068307e-01
1.006544761965209034e-01
1.618817298671993754e+00
-2.258829041563693352e+00
-1.604339902772604631e+00
-9.487470814330105640e-01
-2.327235686533825287e+00
-8.347600895697473433e-01
-2.867566468404665336e+00
-3.104820904823474059e+00
2.930273669835226968e+00
8.927954836493636748e-01
1.562001944857113855e+00
-3.500359609395343075e+00
-2.345846723434891867e+00
1.096855808151142142e+00
-1.254243482477058969e+00
1.224879498378708576e+00
-1.585342918923462463e-01
2.727981604682816474e+00
1.827592572650791780e+00
3.008840889329810864e+00
-2.001283055329667881e+00
2.862189923526859303e+00
-1.584528166129994808e+00
3.763111511897713868e+00
2.078558600578990223e+00
1.162829127655725436e+00
1.242392053995253320e+00
1.881916247152997101e+00
2.379265607723279885e-01
-2.462620219319625825e+00
1.028043203212130940e+00
-2.648604728079881898e+00
-2.979285875535447214e+00
-2.069990825808004864e+00
4.418856621703977083e-01
-1.006188210953939510e+00
1.570395522741825367e+00
-7.312896391662526696e-02
-5.667752624953834584e-01
-2.474248991643395179e+00
-4.229376492629217665e-01
3.501026904805970119e+00
7.912006330910159591e-04
-5.238376106007986976e-01
-9.362279688120267451e-01
2.069229581954142638e+00
-2.400864199922723152e+00
-2.369951198015733951e-01
-1.986052286429602631e-01
1.084580876108899083e+00
5.596720002270796357e-01
-6.774171902652801336e-01
-3.223156516680560912e-01
-1.523972417481179953e+00
-1.041202029096023551e+00
-2.748268385218740839e+00
1.543794635577196317e+00
2.621933651785850472e+00
-3.012665595442255650e+00
-2.836468582637647895e+00
3.026228285633429493e+00
2.036517957144315716e+00
2.062034441331014989e+00
1.518501104257316214e+00
3.928141435189500541e-01
-3.198550645664405501e+00
2.613805125380677552e+00
-2.496191942010845821e+00
-1.594983300791783964e+00
-1.339174403319903117e+00
1.078169929558009166e+00
3.774109067641358450e+00
-3.444347617157287544e+00
2.962489715915175736e+00
-1.778990034188306701e+00
-3.658186573004176267e-01
7.867460111985282722e-01
-5.697154726420805559e-02
1.671298117448914766e+00
-2.539330541813202391e+00
1.173888998513533011e+00
1.968829218882151011e+00
1.668555395404091257e+00
2.000024321076841360e+00
2.513829589168707912e+00
-1.219807820896114059e+00
-1.159033006112863085e+00
-8.102563470033752324e-01
3.302660085442182591e+00
3.015244984716202836e+00
1.722264038895695570e+00
-3.050122119598107417e+00
2.212372404518837321e+00
3.648856855979074609e-01
2.524457578851024842e+00
-1.215192166308489696e+00
3.774885898112605886e+00
-2.612798358958865474e+00
1.648212056144895854e+00
2.939312275114689399e+00
-3.124433852615707607e+00
3.698016522197260514e+00
-1.511836698445701010e+00
-2.134046577933810696e+00
2.325773606317813602e+00
-3.276802287287934767e+00
2.722437387769327088e+00
-2.664300169717410682e-01
-2.440259358855416671e+00
1.614310941275276079e+00
-1.567830077387836418e+00
-5.884017832799059988e-01
2.544044324379104438e+00
-3.074984891335573067e+00
-1.130371348322984026e+00
6.028964556558964460e-01
3.332387961183036040e+00
-1.230983580302175362e+00
-3.517362098340294452e+00
-2.652885249842222848e+00
-1.860989370987158331e+00
2.980607226295466816e+00
9.135270813095228704e-01
-2.069104050569501307e+00
1.610200593189298424e+00
1.753688630532000303e+00
-1.901272655606187190e+00
2.974389925352411979e-01
-3.423819805589456422e-02
9.105414228573245339e-01
8.770230302667165745e-01
3.692533557923738385e-02
1.689560216888815525e+00
-3.434856245629860361e+00
-7.186829488340062966e-02
-1.722987491854022224e-01
-5.423656221270576339e-01
-1.110458138347349966e+00
6.010367618912981769e-01
2.123798978941083604e+00
1.401693170753272710e+00
-2.890763163061729202e-01
9.436603322190393328e-01
8.840278792773217376e-01
1.633681111107669892e-01
1.557252447561606523e+00
2.387515333926845784e+00
-3.116514702818981242e+00
-2.031593324575300397e+00
3.359866366782071623e-01
-1.240433754307551872e+00
-2.683652581010942839e+00
1.111616693031631797e-01
1.888706466099295156e+00
7.280673614962669404e-01
-1.771757632667645410e+00
2.955833034573309703e-01
2.209454680994529241e+00
-3.616522707423635019e+00
5.720967013667532797e-03
8.376250307576063037e-01
-1.491436061633451438e+00
-8.535765705357958311e-01
1.084684241128730520e+00
2.697383074138818060e+00
1.200825168621496353e+00
3.306896083965236599e+00
2.845937773903996160e+00
-1.066894511321333283e+00
-3.559402613387987468e+00
3.657262871007549876e+00
-2.006967276347036311e+00
1.301345762847798682e+00
-2.558588159216927949e-01
9.159857191545661692e-01
3.040174678963687427e+00
6.218700371917318392e-01
1.258324551866061292e+00
4.702477383696654911e-01
2.263071071233313525e+00
-1.810345177606457412e+00
2.732014414512934586e+00
1.471417193489791053e+00
-3.616063634310853203e-01
2.498980879532139099e+00
-1.225311286655015763e+00
1.273339942945729497e+00
-1.880965586705574566e+00
-1.581374172559240066e+00
-2.918019573634138553e+00
1.108581810789220690e+00
-3.848549572834603083e-01
-7.535949424011736397e-01
-2.858399470480466054e+00
-1.408342381534847476e+00
2.258647719911075491e+00
-1.331629302073117138e+00
-2.407590854221619114e+00
-9.028576520107112202e-01
2.463090619204937326e+00
3.980709005115894428e-01
-1.856913449306966335e+00
1.388355570999808108e+00
1.385373819002966300e-01
-3.127483625787352839e+00
3.495387154032103538e-01
1.867045122392056555e+00
-7.399617835460876591e-01
2.590148860101637140e+00
7.833646098060995655e-01
-1.453922281270938033e+00
-1.652676801652273042e-01
-3.597944086541002839e+00
2.563746031466978437e+00
-9.566378472679213374e-01
-3.416480728664907929e-01
6.875687159985242047e-01
-3.837792015007584379e+00
6.594373418852219615e-01
-2.181616113055422801e+00
-2.911658995008324258e+00
-2.673587029533797121e+00
-2.905905016052920953e+00
-2.603461244436795496e-01
-2.705349578202311811e+00
-1.750297727376449508e+00
-8.674559211961607730e-02
-1.395081715584031379e+00
7.871063916287424078e-01
-1.676083161611176653e+00
-1.692648524294426249e+00
2.240821505031198591e+00
1.141060885427187088e+00
-1.764667670001236477e+00
3.378272554360961522e-02
3.774196264135184720e+00
1.410482566560565587e+00
2.790931691309525675e+00
3.592689991097676838e+00
-3.411968441376775907e+00
-2.330913877782231580e+00
9.601336218134273182e-01
-2.796654616027724138e+00
-1.297172639255270710e-01
1.356767603468812311e+00
-3.417562747539444334e+00
-1.305462147406998064e+00
-2.146415462216708647e-01
1.335800882496509523e+00
-2.283568040448055836e+00
1.407324247706238651e+00
-5.543355186161225134e-01
-2.984805666926113155e+00
-3.078476409802392677e+00
-3.130443163273764817e+00
3.255634991863193051e+00
-6.063853807893284653e-01
-1.661682965181840999e-01
1.786203361661453215e+00
-3.105116213650125356e+00
1.898559994103833581e+00
3.511353598292739520e+00
-1.104909968165800116e+00
2.901046268068183664e-01
-2.606129845632161768e+00
2.665968324927654010e+00
1.280303708537111618e-02
3.241718194502254846e+00
1.183535891464849499e+00
-9.316572874156889839e-01
2.257103667489865906e+00
-9.765418347496215290e-01
9.975590450820792654e-01
1.849778150874543670e+00
-8.738213537644590190e-01
-3.941231524316701762e+00
-8.712451238518017504e-01
-1.240218846661668373e+00
2.194320043447732793e+00
2.677265950509108983e+00
1.077296529370956435e+00
-1.880026224242186572e+00
-3.272283911798492539e+00
3.677757214272801889e+00
-5.603020966243512646e-01
2.818367922719828833e+00
-6.252012608645998171e-01
-3.205277045072376652e-01
7.330043629269402672e-01
4.563609463996698423e-01
-3.860234428237883098e+00
-1.573320573545808010e+00
8.604198818293395945e-01
6.040059070472114655e-01
-3.310018283589208909e+00
4.037107108464251581e+00
1.590998381154195229e+00
-4.435072112827729285e-01
-1.383087095639439212e+00
-2.124085280619671945e+00
-5.421078276999509171e-01
-1.379377810414160521e+00
7.777496158405661220e-01
1.200055239925495343e+00
3.735432813365562765e+00
-1.640033756207250892e+00
1.661190876808415595e+00
3.007704146992120187e+00
6.376642668634513456e-01
-3.776421641922180772e+00
3.862309288805061414e-01
3.344583255840944958e-01
-8.375777158318395976e-01
4.701946710103932503e-03
1.216941675000656531e+00
2.086624315715490674e+00
-3.412554785876318331e+00
2.354881520750216062e+00
2.644877065866610977e+00
-2.813399816583421753e+00
-4.087772956793718215e+00
-5.329115831380315527e-01
6.883239708926254252e-01
-7.896381207086156095e-01
-2.555733990494468699e-01
7.843823009834256510e-01
1.163674384584520993e+00
1.373477143959567215e+00
-7.817857298221948525e-01
9.376447973728740948e-01
1.591898306940237262e+00
2.774446326947002106e+00
-8.687786598635121038e-01
-3.719400921226112988e+00
-2.151061467649988845e+00
-1.078853127156527147e+00
2.779600884665399008e+00
-2.637105651352037228e+00
2.361261507649333069e+00
6.545702322643620619e-01
-2.262905369138920708e+00
2.963413331167814135e+00
-3.918523728894642844e-01
1.571590903435682307e+00
-1.613605373960539602e+00
3.982840018975526419e-01
4.101390055824571945e-01
-3.833040123905284702e-03
-1.144456348671606172e+00
-3.182001953523616589e+00
2.677107495190245601e+00
3.904125780558427294e-01
2.337124537411979119e+00
1.771527595819557988e+00
-1.671272910322392224e+00
-2.064878767381054914e+00
-1.502875228105686745e+00
7.454071445837717746e-01
9.033485842704047641e-01
-1.527646142851217803e+00
2.874603629317324049e+00
2.524120045120364253e+00
-6.283018638416937307e-01
3.570490576261642346e-01
-2.622831194627810447e+00
2.996050271793295749e-01
2.626054017325873957e+00
-9.073575960410362740e-02
2.358199633988006028e+00
-6.467464237993558740e-01
-6.472316539076325981e-01
1.718149169581987934e+00
3.464014211073092042e-01
1.556815248895388137e+00
2.024422842555084756e-01
2.459230595012651399e+00
-1.397208104214509028e+00
-1.095782849361911282e+00
-2.842037623167288807e+00
2.452000557780028345e+00
-3.846035272071723909e-01
-1.123607371021950740e+00
2.573885160437519026e+00
-1.717034123958205427e+00
-2.563697930029635419e+00
1.352915957780671974e+00
3.361910244241286705e+00
2.229326683600598713e-01
3.431236734467386640e+00
1.591062222687429362e+00
2.945028305387467071e-01
-2.217163388881985497e+00
-1.778593710202044598e+00
3.429647543409801713e+00
1.743159101789004239e+00
-2.393620382393456758e+00
-2.474166290160759729e+00
-1.204270509928194066e+00
-1.860611989984546355e+00
-2.956727841572730497e+00
2.230654625098882349e-02
-1.816553803427983116e+00
-3.806204926639529251e+00
-8.147004707208145291e-01
7.055216000090789308e-01
-2.494128992416052348e+00
-1.669291986803085326e+00
-6.547591419667133650e-01
1.015132098491925206e+00
-6.700159590865579773e-01
8.337953727062696885e-02
-1.629011909514046064e+00
-1.123221480698961106e+00
2.013227975014828530e+00
-3.072510460592870807e+00
-7.818369080499953938e-01
-2.275432667684356147e+00
-1.275393328183735964e+00
3.704618082288718028e+00
7.762175523522873988e-02
6.915617856935725172e-01
-1.945996495494881628e-01
-2.102584288000989510e+00
2.847486724253425194e+00
3.484203061338313034e+00
-1.170757700892856690e+00
-1.776421873691483633e+00
3.011890234163825397e-01
-1.336256199812487999e+00
-1.660876461582527774e+00
1.889934735409017463e+00
8.052954182073168710e-02
2.483633574170715619e+00
-3.679728355761620051e-01
9.695678195782946318e-01
-1.846683207814987071e+00
-2.819614251215000866e+00
-2.502239696907153643e-01
-1.537846688938460993e+00
1.548155976638727616e+00
3.887985463233119887e+00
1.307470949747883360e+00
-1.761096521594712527e+00
1.884943659576336472e+00
8.085711845520915375e-01
-5.002380352390520812e-01
-2.848949006329393185e+00
-1.850285020843716044e+00
1.663837621596286453e+00
-2.024305332369678023e+00
2.878083396135776795e+00
-3.895751201415471598e+00
1.015117161152250702e+00
3.447686016662231623e+00
1.865791896532407179e+00
-1.509221069991696140e+00
-3.485109611140462693e+00
-3.612264787151238110e-01
-2.796950444330619234e-01
-2.555674967059924807e+00
2.056011873135579648e+00
-1.379366875964580519e+00
-9.788515517097566843e-01
9.007915402088908507e-01
-1.779730074545758267e+00
2.571095431557079536e+00
-3.846554811960740672e+00
3.492138511504741416e+00
1.013326739111686692e+00
1.501868469210954515e+00
-2.532416799777004623e+00
2.152823506008971322e+00
-7.554503341298426378e-01
-1.165926662083021981e+00
-1.490387601192342260e+00
-1.336357724818912018e+00
-1.017563204933917831e-01
1.612793395194600521e+00
1.000209540894571703e+00
-1.473595050814337171e+00
-2.265745912139185414e+00
2.517457780686656044e+00
3.505086620295045918e-01
2.657532366234898191e+00
3.262288753125936580e+00
-3.427599722795022785e-01
1.288825383079195142e+00
1.387477101057728035e+00
-8.994487222316340791e-01
1.557526879249938823e+00
-9.657028586757956390e-01
-1.282692496895098788e+00
-2.248358135894772403e-01
1.735383148559652255e+00
3.689133146533901453e+00
-2.278395359350164906e+00
3.622065696241728361e+00
-1.980230932540828270e+00
-1.829272472098679714e-01
-8.338266748571054876e-02
-3.013997812107498842e+00
2.122793223296928211e+00
-3.429314526126075791e+00
-1.546539294564119871e-01
3.170863323344637053e-01
8.171763604146669024e-01
1.617911961403980747e+00
-2.107112311684899097e+00
2.210612220695771235e+00
-1.210549800061063053e+00
3.260812380399288557e+00
-5.106373166865543212e-01
3.262138316114643999e+00
-1.519567652105353606e+00
1.366360001684352454e+00
-2.975354647339878866e+00
1.998016155061188570e-01
2.977658585353976761e+00
1.189462596876849965e+00
6.806003567853613490e-01
-1.979124209991942607e-01
1.073988584784821398e+00
1.238107035347586482e+00
1.435555557506049240e+00
-3.285991019174820948e-01
-2.821943384086277540e+00
-3.512592902910172121e+00
-1.301022320877721405e+00
-7.430032674239583912e-02
1.459475673630987735e+00
-9.847555344053589010e-01
2.689241105085939942e+00
8.572347517968337272e-01
-2.692291218618247051e+00
-2.307310076967228341e+00
3.313175384334348550e+00
2.733881454325810978e+00
-1.170489724636312623e+00
-1.316053264849472715e+00
1.890258168111108361e+00
-5.290331010630646702e-01
-3.102711550551785713e+00
-8.986362234513025626e-01
1.227311335400917969e+00
-1.407145166402157255e+00
-1.275681177709222514e+00
-2.420422043436816661e+00
-2.403815038511050606e+00
-2.781335067302731723e+00
-1.985336002080682505e+00
-4.082026379749951417e+00
7.910821768143900812e-01
-2.930314847386292332e+00
4.234977473210710386e-01
-2.537387199858788023e+00
3.563171003367767042e+00
2.473517922215240361e-01
2.565701629191257105e+00
3.305854458199242174e-01
3.557122147773160492e+00
6.395622257793451837e-01
-2.159359448729448516e+00
-7.439182591609601047e-01
-3.650069549628078391e+00
-3.963805627341697502e+00
-3.680603001803201657e+00
-9.486020790969709182e-01
-3.980819613934769130e+00
2.832223193105494197e+00
-2.122473875661564868e+00
5.669802612707943723e-01
-2.485198078345174810e+00
-3.106710946252884575e+00
-1.475861698929129773e+00
5.779746612237648407e-01
-7.462816617477860959e-01
-3.329847423089929315e+00
9.504174441552226682e-01
1.081163803302941595e+00
2.382898181355264100e+00
-2.404303670298917339e-01
3.248203469562525925e+00
6.599689532578167928e-04
1.547496596814652570e+00
2.771558752191904951e+00
-6.563887671621948527e-02
-1.357158135971445745e+00
-1.353781156424283871e+00
3.693711885842848375e+00
1.522626619649236623e+00
-3.550138138069556692e+00
-1.827339090982648795e+00
6.507558568802043197e-01
-1.941383593864075330e+00
1.784508494556666491e+00
2.815118957987161608e+00
-2.242221816265448364e+00
-1.379994353878623237e+00
2.480725621535372127e+00
-1.143261854289675306e+00
-6.134886714951077735e-01
-1.848619456622397905e-01
1.980142132142212574e+00
-2.190061030769872907e+00
1.798616203994553686e+00
-2.160911180164886591e+00
2.499165373441556426e-01
-2.456448506670596110e+00
-2.320847526308261521e+00
-2.103092681275550824e+00
2.402575728500254471e+00
2.626860554191091879e+00
3.139614842548988705e+00
-1.983914424998651782e-01
-1.670686672699115416e+00
3.019714328140972626e+00
-1.248064915968616351e+00
3.752133998966680650e+00
-3.242435093966211213e+00
2.217728475302514823e+00
2.712533569650389609e+00
-1.614937262125905715e+00
3.202609909287870593e+00
1.289423606718598236e-01
-7.352970648156871292e-01
2.512824082778388757e-01
1.966789396884511376e+00
1.746319024892852845e+00
3.779855410468416110e+00
-3.177026353602539377e+00
-1.072101513949146323e+00
-7.019931903199196910e-01
-4.079840428148955311e-01
-2.145662541992461314e-01
8.261189123311574178e-02
-9.679111505158530804e-01
7.084259324638271238e-01
-2.827929958858188986e+00
-1.088882181528176840e+00
1.759693448307134034e+00
8.615197121516811052e-01
-4.753023731232550730e-01
3.730544810510380671e+00
-3.692967857481451510e+00
-4.606442101689003366e-01
-1.391705305759431965e+00
1.785176792261664147e+00
-1.803856224898936489e-02
1.972400286669142133e+00
3.035489799712916437e+00
9.963313952813113161e-01
3.280429736720833489e-01
-1.476181630117259669e+00
4.179185194052879027e-01
-2.424884349763579472e+00
-3.335529486365903296e+00
-1.556891897370607403e+00
-1.063014615263055962e+00
3.109075560911890079e+00
-1.666698096057492862e-01
2.310284105910714203e+00
8.104609327975955679e-01
-6.007366074015330071e-02
1.878973337770815100e+00
1.584300702114337156e+00
3.378247395987978408e+00
-7.347466712118455590e-01
-2.346181935596462154e+00
1.622307487440107998e+00
9.357718231828648925e-01
4.562478158805962636e-01
-2.983019812954006866e+00
-1.427615070285209953e+00
-8.493361747657246497e-01
6.475209693924144361e-01
8.801634630466281806e-02
-1.718380958477986553e+00
1.054237859595666293e+00
3.663081327579790880e+00
-2.355116397319389598e+00
-1.406831219935283706e+00
3.538052398704005341e+00
2.662366628122585510e+00
-2.211180002849399973e+00
-6.298085720564294832e-02
3.949927230131887512e+00
-7.537610207504705784e-01
2.236896817223403389e+00
-3.319707119969153020e+00
-1.230131855301182853e+00
3.320521316193142169e+00
2.004454400771097156e+00
2.235798989868328590e+00
1.932942792431910917e+00
1.173760873699746909e+00
-1.805475836183241256e+00
-1.117365235240939558e+00
1.730223664909310344e+00
-1.513412455820919877e+00
-1.635931887104256077e-01
-1.622146422317020331e+00
-1.157015501068685559e+00
-8.791834450964017833e-01
3.719473328769176135e-01
2.546790259121590516e+00
-2.099781784763488979e+00
2.914350304154080362e+00
1.946172027450937314e+00
-1.508820847431753265e+00
-3.605816496223432921e-01
1.682309816813962300e+00
-2.450314763305720955e+00
-1.013263257968002762e+00
-6.086477348134602394e-01
1.121637713911585621e+00
-2.564674708925371860e-01
2.006723291813937493e+00
1.217876470707929926e+00
-1.521383293740081744e+00
4.640692011646070370e-01
4.007881553761807325e+00
-3.953781407615203136e+00
-2.766876612779087807e-01
-2.902966253595815616e+00
1.005994429596839268e-01
2.625998998052207156e+00
8.144536480499571240e-01
-3.507206889335634514e-02
-3.316347169827130070e+00
-7.840797506977335019e-01
3.332854150751838773e+00
-1.789435605347788893e+00
2.884757464729217347e-01
1.229854889001511964e+00
-1.108994968508773660e+00
-1.970037733252687495e+00
-8.301528121866130761e-02
-3.629391031421151048e+00
-2.212412970175039018e+00
-3.497061082886438577e+00
7.787786783508634514e-01
1.578742613113960580e+00
-2.033743267895762319e+00
5.757464191192083192e-01
-3.238021153015514741e+00
-2.022658120049604769e+00
1.790510725593481567e+00
-1.722661898113442280e+00
1.147400903981115050e-01
-2.135888134508274749e+00
1.447274614933115267e+00
-1.502643166603002456e+00
3.156962600718811629e+00
1.971363604388645996e+00
3.516231423310660631e+00
3.712527795741129566e+00
6.454588348945211607e-01
-3.776974563883899627e+00
3.359016764414946010e+00
2.434856418707267878e+00
1.169197042823320487e+00
-2.118980839774113889e-01
2.209692695084518377e+00
-3.526768534280128709e+00
-3.175630700203093237e+00
2.498746388951289532e+00
1.084669080438728450e+00
2.990707504714134046e+00
3.280728158954222096e+00
2.328723901268590524e+00
1.592219632178092148e+00
-1.484167789231790380e+00
-3.687507968501826827e+00
-2.342519553886011963e+00
-7.255935160263513595e-01
-3.191240209528387162e+00
-2.936032122979597148e-01
3.961518700083166422e-01
2.374765097287239612e+00
-2.341045683893150375e+00
-1.313315732015420956e+00
1.035157844870094657e+00
-6.700876403804851833e-01
1.337428185955673143e+00
-2.210602651610462654e+00
1.103080319094758011e+00
-8.642643373110159288e-01
1.639347036093850463e+00
-9.789233891532109766e-01
1.177175223261718529e+00
-2.115692074990895843e+00
1.243869654208637598e+00
-1.161647755157016348e+00
1.884607477035089573e+00
1.504762915643956589e+00
-1.713218274186401047e+00
1.755739405497386940e+00
3.012151736474596220e+00
9.751301271316314967e-02
-2.359159982271442857e+00
-5.495489179078738573e-01
6.322035979625439950e-02
1.222389075698977479e-01
3.519158531655419253e+00
3.800318139926684324e+00
-1.468015383901754234e+00
-2.787500142964896455e+00
-9.866130717042764786e-01
-8.831721585122300766e-01
-3.027261731698598357e+00
-4.554774821114193628e-02
-1.287060679486358161e+00
-1.452015867304301544e+00
-1.071961494444226837e+00
2.099360925349332163e+00
-3.254204550842740407e+00
1.899503292784761932e+00
-2.174198378231970707e-01
-1.389697968558325503e+00
-1.788103774640958932e-02
3.115552284128295213e+00
1.817140823667947380e+00
-2.064637506467952299e+00
-3.418141758746845227e+00
2.051330777901975821e+00
7.208136259067590146e-01
-3.089941746474144324e+00
1.034780346497435666e+00
-2.313688845779272363e+00
-2.019992963234015892e+00
-2.518202196504809365e+00
-1.157890330670171330e+00
8.197482477197981510e-01
1.413718296716748313e-01
-3.789835807006589619e+00
-2.301953325900037761e+00
3.257619713107073878e-01
3.288719112660484001e+00
1.926994358149638487e+00
-1.805092755403476801e+00
-2.391433999009669797e+00
2.583171768669012991e+00
3.429658647867439569e-01
-4.017070108619979152e+00
2.201974680967762943e+00
-1.358624168240782915e+00
-2.419513891778377612e-01
1.992330939865936124e+00
3.513318542429290758e+00
-2.724689468195155229e+00
-2.064407218987343917e+00
-3.145744103953376225e+00
3.163453350684875431e+00
-1.710386073687054420e+00
-3.663163430154465772e-01
-1.640038943390504933e+00
7.113474346194692544e-02
-3.045491306435170742e-01
3.615000387217850886e+00
-2.082189791795353351e+00
1.034120980449877436e+00
-2.613444969497117576e+00
-2.934597312903357125e+00
1.719498617445668565e+00
-3.628037787859516250e+00
-1.631766350779848551e+00
1.472794794121350392e+00
3.850347992387492368e+00
5.788118495957856879e-01
-5.529129703408486307e-01
2.448298493008693733e+00
-3.986239297187681441e+00
-1.081604681064252560e+00
-1.571385569453788378e+00
-1.359653031327712203e+00
3.973997219189158159e-01
-1.682921358317959193e+00
-5.329782890494039194e-01
2.375973954552888401e+00
2.948162179554759454e+00
-8.152003138520065306e-01
1.361378469246470324e+00
2.010675317497999437e+00
9.481760687149662914e-01
-3.287096018955211196e+00
-1.383812971543554315e+00
1.788475808029321712e-01
3.608295279481515294e+00
2.001425689935084407e+00
-2.549637381839720440e+00
-2.705224069473022741e+00
-1.338837956511851335e+00
8.988061146793544509e-01
-2.133385650346588669e+00
-2.150842493103075626e-01
4.974466105173114272e-02
3.344563511264070144e+00
-3.072818887911857644e+00
-8.314422048870637738e-01
1.494242426088881359e+00
-1.656635608626828571e-01
1.557614156643585268e+00
-1.326842775041611411e+00
-1.575730624268030233e+00
-1.301925560052116460e+00
-1.599365996885823371e+00
-2.161272871077535296e+00
2.739781443539222039e+00
4.526847933219446674e-01
-9.440589874648352975e-02
1.090224910107550294e+00
1.722355585562370450e+00
-1.550909935441859844e-01
4.809189022577431416e-01
-1.529032177265183368e+00
-1.769495814774532327e+00
1.121954444779324156e+00
-4.431153993047409756e-02
-1.436478576450543887e+00
2.593518922882278588e+00
-1.690953978775197708e+00
1.265766284590380764e+00
2.870768480941869427e+00
-2.927641609658876654e+00
-2.278558452545865975e+00
-5.916190751559398109e-01
-3.362889415947361016e-01
1.362648322514380617e+00
-1.185456228825501945e+00
3.187144922913279999e+00
2.166001873408786693e+00
-1.725090228808292547e+00
-7.774932034374559819e-01
-2.402357846478596848e+00
1.986438272387065496e-01
2.306168990170496258e+00
3.709665640418235100e+00
1.561727777854193810e+00
1.346006887264189267e+00
1.985224821020027619e+00
-3.084887336068301344e+00
1.591558084254355521e+00
-2.796655160752619551e+00
-2.734467883141981304e+00
-3.040271428934824272e-01
-4.003857762469753112e+00
-1.036886167240371748e-01
-3.441654442923818280e+00
-1.717712378380285010e+00
1.091540824101910445e+00
-2.089674061040005526e+00
-2.451573874396662411e+00
2.004845024717766933e+00
-3.249780301217111589e+00
-1.668913464985001482e+00
-2.807084393176993764e+00
-1.128643134831843309e+00
-6.638218925590191333e-01
-3.116525416558173944e+00
3.904153701625343587e-01
2.091835165988600309e+00
3.447716621782985769e+00
-2.993701818658997649e+00
-5.655962748154887976e-01
-1.482009608497652398e+00
-2.461994701115500117e+00
3.820683281580015134e-01
8.722224770525164317e-01
-8.066305028258389243e-01
2.419301547685659415e-02
-2.117355686879360377e+00
-3.463684903217067124e+00
3.097089796013023033e+00
4.418040468291115630e-01
2.458926425117904380e+00
5.895623393754112485e-01
1.054369658660755604e+00
5.907389177759299059e-01
1.260297720962015866e+00
1.026232170575332781e+00
-2.746894360027443138e+00
2.450465345239313919e+00
-2.765960935325590508e+00
2.544841359763402977e+00
-2.534143681649534852e+00
2.280037227667510713e+00
-1.402301265919222217e+00
1.834091761887524541e+00
4.467195213174068869e-01
-3.525263042075399422e+00
-5.170699687177480186e-01
1.685204552510191078e+00
1.999751868089269635e+00
7.164215171767818191e-01
1.839056052445031675e+00
6.881671692251556394e-01
2.673368264607960398e+00
5.369708856023986954e-01
2.797167643853547325e+00
-2.559348182650205139e+00
-4.548871618311158826e-01
-1.135832056646297605e+00
-2.227617792061801882e+00
4.642754679704861331e-01
-3.054408171819302797e+00
-7.507260893787099931e-01
-1.651490302420643985e-02
5.826797644831618328e-01
3.664568091764632385e+00
2.090841621669277117e-01
3.707515353081777931e+00
-1.083161379823582848e-01
-2.178668731409780790e+00
-6.800653998144925438e-01
-2.007203484188222919e+00
-1.636960689770825539e-01
-1.382451412992820483e+00
-2.982581008295794422e+00
2.235783195015396352e+00
2.532912800669107511e+00
-3.102369726865495281e+00
7.656178075374135972e-01
1.650870324955633350e-02
2.605828782710206681e+00
1.291624597384840811e+00
3.093912976444419982e+00
2.609890706817954431e+00
4.051354852508632476e+00
-2.945123428071600991e+00
-1.852126568858013300e+00
1.827601980398317671e+00
2.762205911953730109e+00
-2.545764319308111645e+00
-1.597167962908116579e+00
3.586549279855992367e+00
3.369744999979236155e+00
-2.201750208759278848e-02
1.092045389292922941e+00
-5.114162570891220838e-01
2.507468340943033169e-01
3.192981613146045561e+00
3.591263401359828578e+00
3.600186650409822775e+00
2.489728020876733616e+00
9.815186283112131704e-01
3.589386913633664022e+00
-1.648948920012993646e+00
-1.745586072865114691e+00
-9.631808388247264929e-02
-9.794729139331153078e-01
-3.819560638703802358e+00
1.528215430564323185e+00
2.029604152408063911e+00
-1.566436756589673074e+00
-1.519191053321055307e+00
-9.167594340673632658e-01
2.210580485641891357e+00
-2.398296213525723530e-01
2.157984320859344329e+00
-2.512397558295542677e+00
-5.807578116729601447e-01
3.279166414277941755e+00
2.050497076721383927e+00
-4.414250870814679928e-01
1.436655579814162920e+00
2.460959429145203714e+00
1.549671698372905304e+00
2.611011132110441224e-02
7.486577630160269337e-01
-1.141122743334037626e+00
2.639091921296438770e+00
-2.438783681584550944e+00
-3.241532153433364538e+00
-3.535812345750363850e+00
-7.954088698637988841e-01
3.949807146168993199e-01
-8.456805137082650248e-01
-3.313836197985398968e+00
-1.857358085872381714e+00
-6.856676017949423496e-01
-3.090980582688400702e+00
-3.382830194635220167e-01
1.182005546821115693e+00
1.395127721664032094e+00
-1.241890120708761813e+00
-2.835779130251153468e+00
-2.189501040465629877e+00
-2.787341869993684274e+00
-1.290686872245484729e+00
3.338426500240021966e+00
9.116865409214325311e-01
-3.512124502845928031e+00
1.426004290454709889e+00
4.499565055716594486e-01
-7.075750942226495255e-01
2.056788217339784453e+00
1.312109498593009960e+00
8.598881491141447952e-01
3.166797708575790793e+00
1.771553446883360472e+00
-1.457765166894136932e+00
1.744709229761740588e+00
2.374196653887148400e+00
-1.867914132556858231e+00
-4.080983546502548798e+00
-4.761890683917346934e-01
-1.224745645806178729e+00
3.234235792161172185e+00
-1.658279866834435623e-01
-3.474543592624041555e+00
-6.941571446377361454e-01
1.049368910370342078e+00
8.438388616237908479e-01
1.122935547294542147e+00
6.245678580729201457e-01
-1.662540733793988590e+00
-2.539080096013222043e+00
1.168044342015922332e+00
-7.881691750264065988e-01
-3.511531566013791128e+00
1.931515668320750834e+00
3.647918406896701882e-01
1.831672942159130457e+00
-1.964581244674365568e+00
5.164725976443582667e-01
-2.603239237061609757e-01
-2.659419855112632458e+00
-1.905931766650202697e+00
-2.364556999057275011e+00
-2.395852678682311776e+00
-1.421163591816316796e+00
2.418331111913705200e-01
-4.141885811462566735e-01
-1.454108949726923505e+00
-3.671183006199036924e+00
-3.868291546266071634e-01
5.012006429039210786e-01
2.293063444857495803e+00
-2.780944232874684729e-01
-1.770743015838490919e+00
1.016999844722244362e+00
-3.101562090803324789e+00
5.848306639634914816e-01
-4.040953736159328180e+00
-1.651486251626739676e+00
-5.364251588288224681e-01
8.768857264200526913e-01
3.893919710946422086e+00
3.441374612210287509e+00
-7.438049911110766743e-02
3.463987993324344927e+00
-2.156154923948361279e+00
-1.917637402649462253e+00
-1.430381408866734372e+00
2.088155158297766434e+00
-2.264222334959657523e+00
1.157031092448102427e+00
-1.207875050735291111e+00
-3.995296955008344586e+00
-3.188220056800620483e+00
3.024180963602285388e+00
1.082900854238886268e-01
-2.982239728762983155e+00
-1.556017778980427479e-01
-2.642591451211110609e+00
2.440285570648770275e-01
1.263431051066497446e+00
-2.386532846821285414e+00
-2.537248745895470670e+00
-2.950827448707264988e+00
-7.172548651538708242e-01
2.793011816645178946e+00
-3.650223024348215883e+00
2.377111310725368298e-01
-3.222399043802133711e+00
1.616945858572704786e+00
1.656030788852631552e+00
4.651449571162622476e-01
6.358752877364182154e-01
1.002973136369642582e+00
2.853607121817596237e+00
3.352318043351408150e+00
-1.592462699999899201e+00
-1.689141301150109964e+00
-4.887708061187403530e-01
1.966972049762260255e+00
-2.825740750346001029e+00
2.736202249501133998e+00
-8.215354283853706363e-01
1.840866784982603477e+00
8.226270002834841222e-01
-2.298204884929565317e+00
1.427666487497367243e+00
-5.372024560019816875e-01
-2.739030245371683492e+00
-2.691201224957477489e+00
-2.494088135386547389e+00
1.934889427910450266e+00
8.750813838956545965e-01
1.460298672924671415e+00
2.544620386029247783e+00
-2.135390482583385818e-01
8.571081734038479283e-01
-8.247738661112347103e-01
3.318864632676966409e+00
3.212725427742118001e+00
1.647553477494332341e+00
1.157656797048842279e+00
2.970627984878841055e+00
3.905507657193298954e-01
-2.287871282590397293e+00
-1.714025764020090215e+00
-1.528962144842676008e+00
1.034397283772725551e+00
-2.703526996814744621e-01
2.300600153076608478e+00
3.507027572142167315e-01
-2.860506380202472165e+00
1.783162337768308348e+00
1.641542846160728431e+00
-2.112675112365132168e+00
-1.907152011849138074e+00
1.194645991628889625e+00
1.327089759736298724e+00
1.707457293747420835e+00
-3.103513327768637531e+00
-1.003475346093001264e-01
-9.879332291373312813e-01
-3.611205674273179511e+00
2.415785773868623920e-01
3.201137493348507945e+00
2.149097180170711496e+00
2.106523412060454348e+00
6.096089702663398668e-01
-3.650599232200571365e+00
2.394398428898383280e+00
-1.980477836585768259e+00
-2.159196573024031451e-01
-1.923396932063034193e+00
1.056852265235928456e+00
2.340611441601724962e+00
-3.523129675986969467e+00
1.304038950839524702e+00
-1.179347013505119612e+00
5.567623823986158627e-01
2.745129036326561689e+00
2.884198445662127241e+00
3.092767976923836315e+00
-2.765746265325383924e+00
-3.264585326533293141e+00
-2.256709166482280260e+00
8.450882031413531337e-02
-3.285970260433297430e+00
-3.902474482363988528e+00
4.708765701453980768e-01
8.262199660229523346e-01
3.313163873498652379e+00
1.477001918817110848e+00
1.979730528521892907e+00
2.383142503190388339e+00
-3.381265932902630666e+00
1.437373033021095203e+00
2.053440181060453895e+00
1.851461635468316658e+00
-3.787156514101094995e+00
-1.523988515518031939e+00
-1.112370084698234507e+00
1.276471224308567187e+00
1.381980558421789240e-01
1.995396592846883088e+00
-5.031582919417374455e-01
1.270349300326429898e-01
1.737010707775002771e+00
1.004539074615272476e+00
5.730182606676166301e-01
-2.038775183072098152e+00
-3.022009710516036396e+00
-1.992707947154936488e+00
-1.424699567968730207e+00
2.522016396861545218e+00
3.038330498792269907e-01
-6.369133676401768085e-01
-2.933172897971668469e+00
3.310609337100659744e+00
3.194089243151964297e+00
-2.808945561211204645e+00
-3.206698528354925415e-01
-6.330872249277161856e-01
1.175168667910380549e+00
-2.097829947020222185e+00
5.873135585114086510e-01
3.114505600398347340e+00
-3.944106489643539604e-01
1.357481234662436975e+00
8.973137294738444680e-01
3.752045447853703308e+00
-3.101412629689246359e+00
-2.911838473579071440e+00
-2.199549123949491314e+00
-2.237722673618398161e+00
-2.460648387276144433e+00
-3.077041447328597634e+00
2.133274608805062478e+00
1.733904891845964080e+00
1.203810656900579090e+00
2.337302566711559670e+00
-1.065441068975273353e+00
8.609348693663925189e-01
-7.295971610366649429e-01
2.686249386770001024e-02
-7.919574674993326013e-01
-2.836288744583503885e+00
-9.815086570879181238e-01
3.624795529832098850e+00
2.504750016225352205e+00
-2.325448941938383030e+00
-1.065102387987075350e+00
-4.961668598427415589e-02
6.996507625678596298e-01
-6.711125563363937729e-01
-1.673789148780027158e+00
1.956106924724006824e+00
-2.885056201334390558e+00
2.474490161662856735e+00
1.739602189740232063e+00
-1.757363828632024116e+00
3.035282755970438728e+00
3.250916915599066925e-02
4.068648007963631130e-01
-1.645378554346175637e+00
2.784467016681507090e+00
-4.300434928866074813e-01
-3.179140170487352979e+00
2.092161774870133328e+00
3.852786338986145864e+00
8.058460639091080679e-01
1.293686448035039405e+00
-9.900118722280737416e-02
-2.917302858916856145e+00
4.460596742649851620e-01
-3.596888723159787915e-01
1.032095964507428576e+00
2.354149586297342722e+00
-3.396227961179163035e+00
-3.659622466819762998e+00
-2.906123762944686106e+00
2.852526369228137071e+00
1.867840412774663506e+00
-3.958586590321013787e-01
2.378554060632617428e+00
1.797682332145709161e+00
-2.577386555556645753e+00
3.802353562091013828e+00
-1.655107857173478969e+00
-2.462929696427391679e+00
1.498177061281125155e+00
-9.338881329720418734e-01
2.535788452060367959e+00
1.199499164373465376e-01
-6.796576114722618911e-01
9.702225138411950667e-01
-3.465520031077220509e+00
-1.030655706006259997e+00
1.969029374780628672e-02
-1.221700578579392182e+00
1.678909043034719772e+00
5.463828338703224929e-01
-2.839955717192523821e-01
-9.073281261138594900e-01
1.367844706566772039e+00
-2.597325798987171641e+00
1.933675165404903140e+00
-5.236316413447648088e-01
-1.835372219410905892e+00
3.815896943748997572e-01
2.220640766376669184e+00
3.759824312187983963e+00
1.878084059782150206e+00
1.262560205778173739e-01
3.107190188605740033e+00
2.055663101864844577e+00
4.214480561117781576e-01
2.948494457990483042e+00
-2.141343561976379206e+00
2.303839002646064671e+00
9.424763922102288305e-01
2.165805163919028331e+00
7.261281399505676859e-01
-6.564341096184742597e-01
-6.785995876325561227e-01
-3.705537105085081162e+00
9.276253417503266263e-01
-1.550250978763212828e+00
-3.744519943485894231e+00
2.822585621084048313e+00
3.658811497905691823e+00
2.188672608883689641e+00
3.695286447415586650e-01
1.696424681508004184e-01
-2.336912997422715854e+00
1.199554106794403552e+00
3.768693283903436608e+00
-4.030566537839582963e+00
2.194222697447845150e-01
1.493279334168682304e+00
-2.952390563129751566e+00
2.339525471972382142e+00
1.832813221302802553e+00
-2.568405385419318510e+00
1.099861919851909065e+00
2.943964153973388065e+00
-1.498997400717623218e+00
-3.250557671083702083e+00
-2.567517117401187932e-01
4.766679746871282930e-01
-1.851176138286176887e+00
2.359102979581839676e-01
-1.661434567653499172e+00
8.531381647165865445e-01
1.754159146005775050e+00
-2.446513517637458612e+00
1.096283937056854896e+00
3.875225842566958789e+00
-3.706809433885874583e+00
-8.902159650596788154e-01
-3.934015958873731122e+00
5.400973096522161399e-01
2.060601315890156826e+00
-7.275245505317364803e-01
-1.670958643339167438e+00
-6.527493883128432373e-02
3.301034070133841425e+00
-2.355215662768906704e+00
2.144726366516063187e+00
1.484520650105789485e-01
-2.470126979349340779e+00
2.290213271291671404e+00
-2.157485597187944748e-01
-1.404945781768724089e+00
-1.796341184603575503e+00
1.684360977096956091e+00
-3.121202466719944724e+00
1.010165925667112496e+00
2.365266749370713129e+00
-1.270745812676006281e-01
-2.808573079770604330e+00
1.436670143100976738e+00
1.273674919220915136e+00
3.725559332974103910e+00
-1.150038830117249944e+00
6.538512502555802186e-01
-6.735378406305283505e-01
-1.729895842614480372e+00
2.415737809374371992e+00
-1.040763404162246442e+00
-3.230028937101776076e+00
-1.776557135273562071e+00
-2.823361366219003799e+00
-9.061249495236181062e-01
3.560854725099899198e+00
3.327890275365628980e+00
2.353593064224329900e+00
3.145433324577791012e+00
2.601420368962051199e+00
-3.528183449535093885e+00
2.077114360690778483e+00
2.879851117693146278e-01
8.884032833502164550e-01
7.123946304473758317e-01
1.239114464951819095e+00
3.801797109479227998e+00
-2.022613837835915973e-01
1.519877506110070442e+00
-5.868399534708368392e-01
3.972898752024844882e-01
3.800282909977692469e-01
-1.635165583766067687e+00
-1.908421881877625736e+00
-1.918110260575127679e+00
-9.590633026812298567e-01
-2.170564311677061209e+00
-2.697515980598437224e-01
1.872077046179160931e+00
-2.364190067695671971e+00
3.903609500782449615e+00
1.406409351920236972e+00
8.624217931631514844e-01
1.462443184982898714e+00
9.133137110687705729e-02
2.392163981469672684e+00
2.842985854208022189e+00
-8.830365167332239196e-01
-5.620074629658642351e-01
-3.185898179296609456e+00
-7.177744307647415667e-02
-2.506138917626461904e+00
-3.096806384376529220e+00
3.542140525430694353e+00
-2.021641752537979286e+00
3.170944928555208264e-01
-1.933238677428984253e+00
-3.501276008932898698e+00
3.730034816886851345e-01
-3.407300528817360785e-01
-2.291016120117475019e+00
-2.222567320550298042e+00
2.023823065365264462e+00
-2.938238270026339194e+00
3.303445418511435250e+00
-2.026882100987435376e+00
3.551548201440152042e+00
-1.846985286715876917e+00
-1.502024107841116951e+00
2.382164160028994004e+00
3.829765101455450349e+00
1.355202590598546308e+00
7.150756160951825535e-01
-7.402206649409768247e-01
-1.235700071212822770e+00
3.200882155716200828e+00
1.797454986207692507e+00
1.072741946869351537e+00
2.489524558351194017e+00
2.613961534060766922e+00
-2.088141548341901910e+00
-5.829474132933807340e-01
1.660652255845872283e+00
2.474193803351236731e+00
2.604860368928387793e+00
2.431407345239376738e+00
2.462332459609007707e+00
-9.558028753729903571e-01
-1.135767165621502706e+00
1.925356231225835657e+00
-2.890020936679862373e-01
1.315194518903828325e+00
-2.221717996689009933e+00
5.785446094095956227e-01
-2.951160684781788834e+00
7.534347478555663002e-01
8.446132936997932106e-01
2.344561384492678258e+00
-1.043761662944816315e+00
3.543124449542069954e+00
-7.822104721489786527e-02
-9.701993627221634497e-01
-1.964257212572571021e-01
1.770957494248442288e+00
3.081226059827828934e+00
-2.198651365827843929e+00
1.957977776265265035e-01
2.271533598563638456e+00
-3.579413268798862013e+00
3.459614711607400750e+00
-3.405537408902393537e+00
2.162580532381548792e+00
3.432606632359881615e+00
9.428943151196076400e-01
-5.461909873710801833e-02
3.126742761392494074e+00
7.323479762390707748e-01
3.754557739920967308e+00
1.608237996632341904e+00
-9.011319577710805717e-01
-1.549950280806378977e+00
-3.214269344567869169e+00
3.762661134898198867e+00
1.512816535671497320e+00
3.555182790468689902e+00
-9.604162965961204890e-02
-2.170806118717933941e-01
-3.719436516710502794e+00
-2.061840012050473181e+00
3.426643564222629834e+00
-1.856711637235756385e+00
-3.148130877419355045e-01
-1.421393758741956503e+00
-3.906252460914716451e-01
-1.048689061139543632e+00
3.035134513514364585e+00
1.773614869000915917e+00
1.677724141797078516e+00
-2.932517336107713035e+00
1.208292982750840849e+00
2.916574266053403974e+00
4.478149016871677546e-01
5.858378176233998147e-01
-1.699476422074732707e+00
-4.096158593438676832e-01
2.033708325921267601e+00
-1.711468138278201323e+00
-1.659058556792527561e+00
1.698430592642319326e+00
2.901264849520963196e+00
-8.698688310229183429e-01
1.670394141864397497e-01
-2.354080931495702522e+00
-1.193812744547267268e+00
-3.072413224789501740e+00
2.656079994625950569e+00
3.618985420897796956e+00
-3.376837295928042160e+00
-3.667137925800467713e-01
-2.878153816064358494e+00
1.329797975891758632e+00
-2.333804318210473738e+00
4.721414876217924217e-01
-2.659332548982758393e+00
-2.936670330243789095e+00
-2.540731546921382034e-01
1.008335658363602505e+00
-3.848116322932484401e+00
-2.385966596248965121e+00
3.276872562769026942e+00
3.362676033979123957e-01
4.531308687335862118e-01
-2.769957274695048710e+00
1.151489157208493985e+00
1.661488356532871080e+00
-2.571446421878825994e+00
-1.662215370707524897e+00
2.877685956395980682e+00
-3.125211258287031058e+00
-3.300808827418074021e+00
2.628710723570675256e+00
2.386839294187281801e+00
-1.027055444772950299e+00
-2.488990433039956596e+00
-2.204767755501547910e+00
-8.144820553448468559e-01
-1.127582007320130586e+00
3.574599622359562190e+00
1.285863971876267442e+00
1.752040237581140580e+00
2.913280018095727897e+00
-1.267857058606323140e+00
-1.189819622542321653e+00
3.201601044273463259e+00
-1.045507378396770992e+00
1.825626476175154167e+00
-2.468513375144746114e+00
-1.939643819889637300e+00
2.063963285520829416e+00
1.029658654918406135e+00
-1.296122106297320720e+00
3.574287740000086089e+00
-1.470029379524057767e+00
-2.736572400454830856e-01
1.044545165573467216e-01
2.566155072598168552e+00
9.585390021733175558e-02
2.714808700243175110e+00
-2.602671178323227696e+00
-2.478633617261259303e+00
2.334153185382044526e+00
6.238608723532372835e-01
-2.768131299058544936e+00
-3.736857683981391620e+00
-8.555408788938310138e-01
4.252166724452806079e-01
-2.699395645023279222e+00
8.153189738293020739e-01
2.238704857488992062e+00
-3.439430938851947062e+00
-2.826156878503333303e+00
-4.003014573215086358e+00
3.618640388338764780e+00
-2.355518307735731121e+00
1.895015894177518589e+00
3.158809681086092169e-01
-2.980603284022265154e+00
-3.268617962612587746e+00
4.539470569172623371e-01
-1.963350100927692576e+00
-2.991203126588353189e+00
3.088922582003675643e+00
-4.570217743070354999e-01
-7.739927594185473936e-01
1.075618748179156370e+00
1.264947224936110004e+00
2.567186937423838522e+00
3.478564180711781972e+00
2.627966305073814013e+00
3.730938273376269265e+00
-4.893432324673163691e-02
-8.179929321112213714e-01
-1.475697926800077386e+00
-1.428168096360700190e+00
1.293793689666068225e+00
1.674179637745677240e+00
-3.207002297254419432e+00
-3.207406375578802926e+00
-3.531867655163400954e-01
-7.087793845174665819e-01
1.005033070854739918e+00
-9.357283194313286145e-01
-2.875052675901205834e+00
2.483191786490137609e+00
-3.616876674068816300e-01
7.021594906120984803e-01
1.300341127460159285e+00
-3.112360677049577529e+00
3.382864943468558039e+00
2.831043241517868125e+00
2.659309241176128324e+00
-2.304279475683254752e+00
2.992557164574068729e+00
3.216131870769212142e-01
1.498010798533902843e+00
-8.145864979954975382e-02
2.136539508516901442e+00
2.995690652489226835e-01
-1.779198466230217157e+00
1.507657541192620521e+00
2.027952974215522453e+00
1.700068484386054735e+00
-4.190834099837470461e-01
-1.739924490397878110e+00
2.433437886155322083e+00
2.559826958281208320e-01
-3.387068324584628254e+00
-2.786181705527281949e-01
1.353085052117929621e+00
-3.649172074643178831e+00
-2.157570501168019739e+00
-2.958242642059802918e-01
1.030557012971176079e+00
-3.373279644640380326e+00
6.923057637155842770e-01
1.791946105448340987e-01
-2.207416492479705727e+00
1.166725566761837030e-01
-3.881609804550328224e+00
-1.505848586811274092e+00
-1.239907907694914879e+00
1.231376004850261552e+00
1.492685920575478775e+00
-2.867347524457741326e+00
7.978130155326068618e-01
9.763939859042904956e-01
-1.806143794913523948e-01
-3.744341799887025424e+00
2.654573790566734814e+00
1.098576351373246496e+00
-2.256872755781366813e+00
-1.350337322782200200e+00
-1.099303473139712217e+00
5.451512831015250526e-01
4.371019023032749473e-01
8.437452516562515825e-01
-3.760166527652728519e-01
9.074834518468879452e-01
-3.037304844146704763e+00
1.275024472788506280e+00
-1.931628318891704055e+00
-1.578342409800038482e+00
1.989122818759154754e+00
-3.868081522557778040e+00
3.524442842412794263e+00
-1.418763827911536879e+00
-3.367918959779720112e+00
-1.989689562161220060e+00
-2.201413635177932093e+00
1.093810227076266628e+00
4.695149778405918184e-01
1.998295478925358637e+00
