2.550000000000000000e+03
1.703000000000000000e+03
1.271000000000000000e+03
1.105800000000000000e+04
6.769000000000000000e+03
1.169900000000000000e+04
1.178700000000000000e+04
1.175700000000000000e+04
1.186400000000000000e+04
1.168400000000000000e+04
1.199300000000000000e+04
1.246300000000000000e+04
1.218100000000000000e+04
1.274400000000000000e+04
1.271100000000000000e+04
1.239400000000000000e+04
1.270300000000000000e+04
1.235600000000000000e+04
1.263200000000000000e+04
1.243100000000000000e+04
1.239100000000000000e+04
1.237800000000000000e+04
1.238400000000000000e+04
1.253600000000000000e+04
1.238300000000000000e+04
1.265300000000000000e+04
1.278900000000000000e+04
1.278900000000000000e+04
1.250700000000000000e+04
1.275400000000000000e+04
1.260500000000000000e+04
1.192400000000000000e+04
1.236400000000000000e+04
1.185500000000000000e+04
1.260700000000000000e+04
1.210200000000000000e+04
1.191200000000000000e+04
1.231300000000000000e+04
1.206900000000000000e+04
1.238200000000000000e+04
1.287000000000000000e+04
1.217100000000000000e+04
1.215700000000000000e+04
1.189300000000000000e+04
1.234100000000000000e+04
1.127700000000000000e+04
1.255100000000000000e+04
1.155900000000000000e+04
1.149100000000000000e+04
1.265700000000000000e+04
1.185700000000000000e+04
1.234900000000000000e+04
1.211400000000000000e+04
1.204000000000000000e+04
1.157400000000000000e+04
1.217400000000000000e+04
1.112000000000000000e+04
1.237500000000000000e+04
1.255400000000000000e+04
1.145900000000000000e+04
1.193900000000000000e+04
1.125600000000000000e+04
1.168800000000000000e+04
1.180000000000000000e+04
1.197500000000000000e+04
1.177900000000000000e+04
1.181200000000000000e+04
1.231100000000000000e+04
1.190400000000000000e+04
1.216900000000000000e+04
1.127400000000000000e+04
1.175400000000000000e+04
1.272300000000000000e+04
1.251200000000000000e+04
1.227900000000000000e+04
1.171200000000000000e+04
1.254800000000000000e+04
1.239100000000000000e+04
1.167900000000000000e+04
1.153800000000000000e+04
1.194100000000000000e+04
1.152400000000000000e+04
1.193900000000000000e+04
1.207800000000000000e+04
1.240300000000000000e+04
1.231100000000000000e+04
1.148100000000000000e+04
1.212900000000000000e+04
1.239500000000000000e+04
1.176500000000000000e+04
1.215500000000000000e+04
1.235200000000000000e+04
1.191800000000000000e+04
1.184400000000000000e+04
1.200500000000000000e+04
1.229500000000000000e+04
1.123100000000000000e+04
1.129100000000000000e+04
1.232600000000000000e+04
1.229100000000000000e+04
