2.911013463987345062e+00
8.897541060506661381e+00
2.949150307091059631e+00
-7.720573543831410035e+00
-8.342501527376811055e-01
-2.403533572759670278e+00
1.754639964941681285e+01
1.449731633421323096e+01
-1.135775503974095102e+01
-5.201010304517080129e+00
-5.591152919500753882e+00
5.416117661787126281e+00
1.125732817364475125e+01
1.712288935829745640e+01
-3.729953133487807548e+00
2.878634691184515759e+00
2.476968522489038094e-01
-2.696339936252628888e+01
-1.153767153712058402e+01
-1.511312144484292652e+01
2.262214046444896098e+00
-1.916771762747228536e+01
8.166204913976017110e+00
6.356271154772095144e-01
3.561920403586498196e-01
-6.881984678779403453e+00
-8.444040933701760565e+00
-2.090343633164484061e+01
-1.156832491324304257e+01
-1.699979711639555546e+01
-6.630879570533771528e+00
-1.900578022246626730e+01
-1.017954230208820832e+01
-3.687666145687391150e+00
2.297113145360169284e+01
-2.384654542742950412e+00
-1.570473139103489757e+01
4.004997626386419540e+00
9.452874722061245905e+00
-6.137968079941380495e+00
-6.237460896395674581e-01
-5.145665821333448520e+00
-1.726796132928878436e+01
-1.751741258522157096e+01
1.418913111589727549e+01
1.517621833644355434e+01
-9.180494149432654183e+00
-1.900245223090756141e+01
-1.408312665898794869e+01
-3.252142753335849790e+00
5.692403013392777211e-02
-4.247971480428986979e+00
-4.443084048387373031e+00
-8.460789345294230657e-01
5.341446630989359790e+00
2.324660187395864597e+01
-1.937785895140957138e+01
-1.630663276537467254e+01
3.079788788223964957e+00
-4.965923610368410124e+00
1.850592812226416584e+00
8.368873068483985378e+00
1.748829247888288307e-01
2.300838296860070642e+01
6.746239387620896366e+00
-1.315988847139866635e+01
2.652667529092035181e+00
-1.992928520835072703e+01
2.269439759375575250e+01
4.640406951895961640e+00
1.816239413813313774e+00
1.889042156275808537e+01
-1.197990804977862922e+01
-3.821375774051695373e+00
1.907523747721783280e+01
-6.422471929316415640e-01
1.202848550917300940e+01
9.044457533071579292e+00
-1.042793054698903532e+01
-2.027160474734732531e+01
-8.903780408103973087e+00
3.173552697707265224e+00
-8.606410138673169286e+00
-5.969888319478663163e+00
-9.687182184038142907e+00
2.333500725524187658e+01
-3.366985524230731386e+00
1.583605984119579801e+01
5.784640960041180335e+00
-2.353526959545821740e+01
1.915263609393267075e+01
4.511881720199973245e+00
-1.341454923014707745e+01
1.111881409582127134e+01
-9.405184242855614940e+00
-9.188920807196215179e+00
2.715458531863170322e+00
2.531071243741578769e+00
7.661729357114133165e+00
8.055417624236923757e+00
-1.046043433724982208e+00
1.732310042461012500e+00
1.817212864878657541e+01
-1.976201941463163081e+01
2.534533041783367935e+01
1.433323671397047860e+00
-1.332209040055840532e+01
-1.055942780012998838e+01
3.357224324626237433e+00
1.895146846069361857e+01
-1.117256813126787307e+01
-1.369312271691573457e+01
1.624554456603885200e+00
1.365158891509987882e+01
7.877783833775360733e+00
2.912580370692668907e+01
4.065392196029733896e+00
1.575400669720734470e+01
9.829571931520042938e+00
6.912013399777450218e-02
-7.483493949023266367e+00
-5.962428761121977061e+00
-1.066212375789192635e+01
-2.345389361682994078e+01
1.194582349462662307e+01
9.947273574611926961e+00
-2.153240178539414984e+01
5.055640871031094719e+00
1.853863033308920194e+01
-9.493266461183832661e+00
-8.622555396300867869e+00
-2.468384194751018867e+01
-2.886777178734412530e+00
-1.621845556701121183e+00
-6.380234186244035044e+00
-5.676343178038450787e+00
2.262614628104785197e+00
1.807821510615507776e+00
8.917312739164138691e+00
-1.357101782630767417e+01
3.976514041423413914e+00
1.014659425373501733e+00
-1.076068361401432583e+00
-9.702617479132847222e+00
3.264615768849104427e+00
8.108220829767624593e+00
7.062835242875522113e+00
-9.726386474576312224e+00
7.806130205087335128e+00
-6.798338788822803735e+00
6.248723760230788571e+00
1.398316003963240917e+01
9.825611820356392911e+00
-9.737981599655579856e+00
1.984801399528439703e+00
5.324930915026513389e+00
-5.522411188873235233e-01
2.059098144113431772e+01
-1.661098138456583939e+00
-1.306354185262710033e+01
-5.316519178302954174e+00
-1.254755242011007255e+01
6.820676749017657414e+00
-1.572337902421219624e+01
-4.196396602401080145e-01
-3.608225777642470433e+00
1.580980362617486890e+01
-2.075085927379874562e+01
-6.409186754481627446e+00
-2.455489796912465295e+01
5.260577590680291848e+00
5.298628301692495768e+00
7.993137471775057179e+00
4.127158377947651502e+00
-1.409565962279924811e+01
-2.006134164629088090e+01
1.128854829578251184e+01
-2.023987529878585434e+00
8.121499928040663008e-01
-1.489951310890428360e+01
-1.654431636654376092e+00
1.611669048818446726e+01
1.145181307600056186e+01
1.837540370618157226e+01
-1.443844482029374809e+01
-2.121977426825168322e+00
9.599156550456356740e+00
4.054073436167605848e+00
1.876798501354213045e+01
-2.173927931485956577e+01
2.894725355910573228e+00
-3.090884064734240155e+00
1.260865947229498829e+01
1.758218000776237488e+01
-2.346625239093926396e+01
-1.763555132788771118e+01
-1.576231739653908726e+01
5.252965088216505762e-01
-1.943972554996633306e+01
5.626616251667876156e+00
1.244655255834204866e+01
-2.577582510285473205e+01
2.838985511857266886e+00
-1.470276558799236533e+01
-3.757248170470958826e+00
8.862998324747096035e+00
1.998689586596918843e+01
-3.761253895147884663e+00
1.417326445012413672e+01
-1.746746439164375886e+00
2.629723281490261400e+01
3.310730158150960278e+00
-8.274063431575363836e+00
-1.026226322865053930e+01
-3.076493963420173117e+00
-2.004846160801266564e+01
-1.585694705481875033e+01
5.224373227379182083e+00
-4.632637742586464213e+00
-1.310449870161937724e+01
4.447464067717092462e+00
5.030782225323420676e+00
2.226524313616214101e+01
2.349207755390402497e+00
2.720748741326111997e+00
2.277659283375086829e+00
-2.083476638328938080e+01
1.066627127228714045e+01
-1.033320602986608350e+01
-2.097647047022883271e+01
-1.311477358599642074e+01
-1.860401613773152718e+00
-4.129493370115273621e+00
2.198157668341519155e+01
9.756565596904898996e+00
3.885201685919305703e+00
-9.793402323865045389e+00
6.936681557600650194e+00
1.497314114061712331e+01
1.050466848193750735e+01
9.352168157607408716e+00
-1.141879285333546079e+01
-2.780659294558699912e+01
-6.669894300182633629e+00
-1.536197104007715097e+01
-7.126987290244073847e+00
-1.869381281486574764e+01
9.681810922457017909e+00
8.887962747516233719e+00
1.006983390399135914e+01
-8.465152113161586556e+00
6.222836168611813434e+00
1.469418441878499237e+00
-3.443996059589942149e+00
-1.410949318382431805e+01
-9.341841226099656836e+00
-1.554663368897231557e+01
-1.451837898583974962e+01
-6.303825462507148814e-01
-1.251264037486136615e+01
2.113156669170486168e-01
-5.193623193500194191e-01
2.098363481690114440e+01
-1.983992910743163662e+01
8.322153148570684777e+00
-9.461524722223416006e+00
-3.695101151396073647e+00
1.345589484298255201e+01
-3.814517462692492700e-01
-1.628816637688306201e+00
1.290403985087393579e+01
-1.759586014826657063e+01
1.983852222501862883e+00
-8.320640286326902668e+00
-5.018708724139703037e+00
-6.576394935417237519e+00
-1.183253197367914566e+00
1.422964473282149811e+01
2.919022929869217364e+01
2.128533409033119028e+01
2.124759113665374599e+01
-8.793843029851707627e+00
-1.739334002921204103e+01
-8.733776421368801834e+00
-2.227543205989182695e+01
1.672188997567059943e+01
-2.900147375218967483e+00
-2.302180713511134513e+01
-2.793696550921967869e+01
-1.598713653675400792e+01
9.009469613857532977e+00
5.042220434639865800e-01
-1.734257359317179947e+00
-1.472971668954560265e+01
6.067005480752726498e+00
1.194914361248188328e+01
2.300778824212155627e+01
1.569977688756932821e+01
7.122544574413907981e+00
-4.395276913735916224e+00
1.428361602629032490e+01
-1.881180005823286194e+01
-1.486574230926161277e+01
-2.877347265651536645e+00
-2.959500349942192798e+00
2.913720664527129145e+01
-1.983303331306805006e+01
1.675385864478175080e+01
1.204950482390972866e+01
-2.178458431891687397e+01
-1.200022947292620046e+01
7.091288687151866554e+00
6.307306210742638086e+00
2.423927834434032036e+00
-8.162933488000259530e+00
-2.978539225501709353e+01
2.816359997299329621e+00
2.886214817749582551e+00
-2.050817189378431493e+00
-1.583091930683601767e+01
-1.504623960783590064e+00
1.765845103158480356e+01
1.287679812628773846e+00
2.570075469389927036e+00
5.095634409664285158e+00
5.657488462744176161e+00
-9.859200971639921818e+00
1.950119146041033957e+01
-2.325984841273846371e+01
-1.364144123451999135e+01
-1.390836477153846928e+01
1.161723435478361210e+00
4.303570797447207497e+00
1.518532384029069249e+01
-1.066564851632685063e+01
5.834817039944724115e+00
-1.775922520414147954e+01
-7.862133769225540192e+00
9.711127294535188526e+00
1.234872879483344121e+01
-9.690523015269246088e+00
-1.514534170411460501e+01
1.882363426143484020e+01
-1.094348051974500891e+01
-2.507016759473695799e+01
-1.260658478748854350e+01
1.683418560633220551e+01
4.554334664175016201e+00
-1.416407941348539623e+01
4.905100382845105855e+00
5.089665339972135882e+00
-1.539541059191507699e+01
7.250532138808061688e+00
1.685822153369253584e+01
1.090328547151334249e+01
8.429950134248080929e+00
-7.304456117774407176e+00
6.841937248610527433e+00
2.474317643393821697e+01
-9.569784539753328545e+00
7.668797775751727386e+00
-8.213610851605213981e+00
-9.593095911534945230e+00
-1.326300887068543588e+01
2.282562518553667985e+00
2.055756660827903914e+01
5.128785524845866917e-01
-1.791443536453164143e+01
7.240721460635526796e+00
1.284368696090913176e+01
-1.810353083810240093e+01
1.736538172381003164e+00
-9.205981680966381475e+00
-1.964126119582395802e+01
-9.100031792465578917e+00
-2.463845653873452335e+00
-3.000000000000000000e+01
-2.367688383874309466e+00
1.924361986086481124e+00
-2.018807200922424983e+01
-5.690787526079901681e+00
3.868374094531411345e+00
-4.987715947342223899e-01
4.040210074176371791e+00
-1.825920549577671537e+01
-2.143589646384336334e+01
-1.121542898225007434e+01
-5.272608315270890245e+00
-1.233415182059679438e+01
8.434795868600424740e+00
-1.893180142613228867e+01
-1.597263904949350888e+01
3.903694001034097028e-02
-2.525076291056254973e+00
-8.419178986344384441e+00
-6.327347756052418504e+00
-1.371004138559030139e+00
2.193431636640300297e+01
1.227286194434437050e+01
-1.498464739161950021e+01
1.212660218935188539e+01
-9.091636639332634218e+00
-1.485425199157810994e+01
-1.004572060539353373e+01
-1.048923169428662661e+01
1.360331828716176972e+01
-3.801547272946688594e+00
1.444285893302956225e+01
-6.318486662448023594e+00
1.717939991927873677e+01
6.302726811011396535e+00
2.222335900151595212e+01
8.211941889967889097e+00
-8.426495230746354537e+00
-8.045782231944869523e+00
7.088235977120120879e+00
2.562158323706356100e-01
1.052679196725981114e+01
2.773738834278773879e+00
-1.226537632508383524e+01
2.867845834939309668e+00
4.316328560224533817e-01
-2.128260554927530990e+01
1.836738144195175693e+01
1.612891472134293736e+01
8.614671467803795224e+00
-6.897091644162820501e+00
-1.367670154611596445e+01
1.040065187798924740e+01
1.286981187569092810e+01
2.092582289540375484e+01
-9.186251151403936888e-01
-1.026070237533778595e+01
1.889904042928471029e+01
1.794083650333652002e+01
-1.850301373464293775e+01
1.421551339461142049e+01
1.741967212843036350e-01
2.938364255984211582e+00
-1.498119486886432661e+01
5.752649475247224586e+00
1.691667348794829451e+01
-2.205531762585437150e+00
-2.810988734802844391e+00
6.801067127231618770e+00
5.172551047137112334e+00
-2.137436250867405008e+01
1.570906544886754830e+01
-4.556642504853137154e+00
-3.787222009212921847e+00
4.795641825561588689e+00
2.271903813404876615e+01
1.652886831697426118e+01
7.234976225634618174e+00
-1.524853615539048768e+01
-9.822193504242743956e+00
-3.587230739287846859e+00
1.681267270931925850e+00
-1.136430880081376671e+01
-1.906174905785103491e+01
1.002786428445082834e+01
1.952469712871302931e+01
-6.247602658502877659e-01
2.913175546586334264e+01
2.398230568423484499e+01
-2.788728210602246804e+01
1.058413281534396333e+01
1.583724570325211545e+01
-6.571221563887405637e+00
-9.784019760210416194e+00
-2.205512073249278515e+01
6.131112036106785013e-01
-8.095269736777261471e+00
8.782769792183316326e+00
1.725887109437364586e+01
1.794794842816231295e+01
-2.404419143159042704e+01
-1.670454150446281716e+01
-9.942657412735467659e+00
-1.690123361345580122e+01
-2.728683057593631389e+00
-3.135652586136394859e-01
-5.325725228182179194e+00
-1.266768091679369945e+01
-7.658245088938812728e+00
-1.096803445830140333e+00
-6.171148896215157720e+00
2.099743413062341801e+00
-2.075011221907548276e+00
-2.172072466404090818e+01
-2.684118677146464194e+01
-2.013696621997457470e+00
-9.156798011829550887e+00
-1.151051096153220499e+01
-7.864685654035248774e+00
1.060558765743761711e+01
1.021512162768630816e+01
-1.242821710794225254e+01
1.028497464055251243e+01
1.690692521685483740e+01
-2.148635419534005564e+01
1.247546484561054569e+01
1.751814292439131293e+01
1.253466466088833187e+01
-1.035683326132732418e+01
-1.546933935970356977e+01
1.694837100576546618e+01
-3.788704770117419685e+00
-2.139717024423587333e+01
-1.735410409612796911e+01
-8.467944366626714015e+00
7.580532161832366000e+00
5.293461231133427702e+00
