5.452504183427109297e-02
-1.976425852241547432e+01
-1.155411495639646091e+01
-2.378020130944797472e+00
-6.468339852115956745e+00
1.075477451008858765e+01
2.508348686898831659e+01
4.274448915970729956e+00
9.769181870161446568e+00
4.979594150394255792e+00
-6.095741086508652984e+00
-1.449081439816925254e+01
1.878496483664680738e+01
-8.172934614275430221e+00
-1.449773000086206842e+01
2.371219449162158099e+01
-9.348054111731773475e+00
-1.694475065571250383e+00
-7.873113926473287449e-01
1.920491212838123118e+01
3.137866649526053209e-01
-2.056008477237558907e+01
7.897444836056131123e+00
-1.146925481605601860e+01
-2.006114075400681429e+01
-4.208331052779204384e+00
4.438723798018664013e+00
6.703457187591524757e+00
-1.357991489433144139e+01
-3.290361373173098514e+00
4.044902048754863699e+00
-1.069752991830237931e+01
-9.718820155970618657e+00
-1.298031000865844220e+01
1.620364912076250619e+01
-1.683994992869804008e+01
-1.847437685880916192e+01
-6.829200265786493418e+00
-1.328004805878516947e+01
-7.931680380127808405e+00
1.063874086911074102e+01
-8.368700966568930255e+00
-2.134481613544316758e-01
-1.343639163819040405e+01
-9.749736234827924619e+00
-1.754980956290435046e+00
-5.330784290444167794e+00
-9.842724521162001139e+00
1.455954776007681062e+01
4.670677806117801367e+00
1.887616893453906641e+01
1.796102703015478852e+01
-3.013844072177782607e-01
6.073126882631790124e+00
1.408065621672533752e+01
5.087460005585612066e+00
-4.146562641150520534e+00
-2.720873909502806498e+00
1.049350255845315161e+01
-1.760578679877817621e+01
-4.417606644633501389e+00
3.588466852207361057e+00
-9.948674611639326315e+00
1.228086223788669429e+01
8.984738459221915718e+00
-1.704098428645876595e+01
9.354558099198385435e+00
1.552244358616725606e-01
1.292795340861732711e+01
-2.224299575619593838e+01
-1.541712803854300873e+01
5.983465792457110410e+00
5.695977759555617581e+00
-1.533247443113347863e+01
3.935566357248660552e+00
-1.448076172050296151e+00
2.161938673756358753e+01
1.513452665210792247e+01
-7.456369531011169727e+00
-1.109243094297301369e+01
-1.821117749141046716e+01
-1.009164890252440117e+01
-2.728067920240374633e+01
-1.522657683555664931e+01
-1.945712392600579932e+01
1.684267036370255255e+01
-4.937689258860221031e+00
-1.627499155300094458e+01
-7.682085790947724036e+00
-1.292756518362838491e+01
1.919319158066304709e+00
4.691554576224532980e+00
-1.130566371805953452e+01
-5.575545712643574348e+00
1.978572233480079490e+01
5.012915862639815145e+00
1.696517792917423861e+01
7.319579983832404935e+00
-2.097751050311330800e+00
9.127298654518874343e+00
2.383386963001965597e+01
-3.791743717088142063e+00
1.655991908154427961e+01
8.336617542269337378e+00
4.394456736724841051e+00
1.588832728160655705e+01
-3.303110546511312862e+00
-2.692559341152837149e+01
-1.876139798476266662e+01
8.576756044818644398e+00
3.197399617031706498e-01
-1.741449822182669749e+01
2.452682535589624280e+01
6.046890653041849362e+00
-3.003139037919495991e+00
1.430680677326935069e+01
-1.793280682486248878e+01
-6.491186871300552497e+00
-1.665744335366787254e+01
-2.045357136724035740e+00
6.005728462312710292e+00
1.521688429977712786e+01
3.452760366983341100e+00
2.663173665018156555e+00
1.663179659134378596e+00
-2.409789897065866882e+00
-2.549188924817412527e+01
1.781570690017395009e+01
7.533058261360352503e+00
-1.501092252435540786e-01
1.828207905108472886e+01
6.092017059240404819e+00
2.277299743502467777e+00
-1.140353847063577675e+01
1.389889923944822669e+01
-5.868601913553064264e+00
-1.877727314919120261e+00
-1.481578115260127149e+01
2.478156940499186334e+01
-1.727911747273965659e+01
-1.062057619097797811e+01
-1.328554936195558867e+00
-1.661544300510796290e+01
-1.254633406682674490e+01
-1.034777587025673995e+01
8.931266327610316580e-01
8.572792488626582497e+00
1.302417180478089875e+01
2.646040653710421964e+00
-7.855253009957703370e+00
3.600011689401959813e+00
2.321171077085322310e+01
8.633382372000880878e+00
6.911620945232904489e+00
-9.090640479473020008e+00
-7.882277131509439982e+00
9.673448054807934682e+00
1.015831132241194013e+01
5.651492039568516645e+00
-1.456531370038201523e+01
1.574997851822791972e+01
-7.342092960202354135e+00
-1.438074918668279878e+01
-2.336937824275295839e+01
-2.561509036465830746e+01
3.973010439480631817e+00
-5.468895673300437466e+00
-1.169423690436377683e+01
1.411148548461380869e+01
3.667553680692726914e+00
-3.046237239643890149e+00
1.525127465327373955e+01
8.104254174236601216e+00
3.142608264236393723e+00
-2.426082650191044365e+01
-7.206745585643727026e+00
7.459999335332263115e+00
-6.045352292653262793e+00
3.295907426337628010e+00
-1.247437217448936053e+01
8.140573978221659956e+00
4.603797761304555536e+00
-8.114077191677377954e+00
-3.120763158006184312e+00
-7.574623899642801916e+00
3.801068218615114347e+00
1.132046701154128243e+01
2.660073153018274184e+00
-1.721541788587050092e+00
-1.124411458124588137e+01
-5.110072008036262048e+00
-2.164167583276345397e+00
-6.272318523468140228e+00
-4.437404622877128446e+00
-4.234064688598802917e+00
8.041308162395942816e+00
-2.574391148363105231e+01
-7.042960141420472553e+00
1.194302947477038401e+01
-6.093607124570400657e+00
1.093325246442084620e+01
4.626366089077166066e+00
-3.200213457487624424e+00
-1.534564972537712890e+01
1.151351052181725265e+01
1.898222909470637632e+01
1.676366418119825141e+01
1.163570155472869772e+01
5.103136431146246821e-01
1.988505330020881701e+00
9.223097207770848627e+00
1.413243910512203882e+00
4.168699419698064901e+00
-1.003658828310304685e+01
-2.027951105212497040e+01
-2.500272297222468509e+01
1.463207783548736529e+01
1.563630266666224600e+01
2.567577114986875131e+00
9.912785993700772735e+00
2.239124832714233548e+01
4.231469624038894040e+00
1.375426989990310034e+01
1.422894009236909341e+00
1.388045535900261740e+01
2.723358035930552745e+01
-1.068817923906693679e+01
-1.444739983768011271e+01
-2.258854466888742252e+00
-4.996535120516192308e+00
-1.048391859466554266e+01
5.716709696329736801e+00
-1.166296204023234395e+01
2.324392511957988461e+00
-1.379363896602356476e+00
1.615082491438663226e+00
-2.528851504498216229e+01
2.143273536583762251e+01
-4.883833731892565311e+00
1.028678084502620038e+01
-8.763922547477335456e+00
-1.281990889912059473e+01
-9.501163504580087960e+00
1.174719184113419601e+01
-2.104849001674609354e+01
7.154226917519402207e+00
2.751638882712938994e+00
-1.798712438316338336e+01
-1.362540454908639731e+01
-1.889429476486529680e+01
-1.377640716564439671e+01
-1.938210930986770109e+00
4.627535553512288402e+00
4.503403872260285823e+00
-6.865231925665970181e+00
-2.538614982933226827e+01
-6.904946954965140549e+00
-1.721631529300341867e+01
1.294425738008551008e+01
3.149444649878034852e+00
4.559267922402483464e+00
1.678600191125699581e+01
1.514266517048716310e+01
6.234764569482301511e+00
1.691654181228771847e+01
-6.457985808657831228e-01
1.385326380075092345e+01
-5.342950833271132183e+00
-2.580918736677741521e+00
-1.626957508991965184e+01
-4.690587820152995135e+00
-1.350806849909723439e+00
1.766048251117201318e+01
1.267388888741102448e+00
-1.548317304992954924e+01
1.936227900100585941e+01
2.012713894249841218e+01
8.628360216642164460e+00
4.987643374369469029e+00
1.235052815151965433e+01
8.066831065430370984e-01
1.617126854583392515e+01
-6.875813305851188773e+00
5.568626249631051905e+00
-1.398271034174816663e+01
7.097800189175757168e+00
9.868629293572361405e+00
-2.156610542365163496e+01
-1.133028744695618428e+00
7.472115028633730560e+00
5.180980820682400179e+00
-2.314085757678014943e+01
6.988982075001963779e+00
8.833814872173114452e+00
-2.347873787866078032e+00
3.332333315135201701e+00
-2.513814645325851416e-02
4.522484295617132943e+00
-9.078240679189612194e+00
-3.366946163852709617e+00
1.491813717629889879e+01
-1.889424846242914668e+01
7.220259427237778027e+00
-2.220938307789479182e+01
8.915103572196699133e+00
1.713140054596655659e+01
-1.071969362015332550e+01
1.462198303943137034e+01
4.959279990896725110e+00
-1.018211277558891226e+01
4.778424338733152865e+00
1.364374872861648669e+01
2.746501973056538759e+00
6.245992587102023208e+00
-1.794967386327213177e+01
-8.079660582589287543e+00
-5.664529460968278585e+00
5.533032295974074088e+00
1.454881608775031765e+01
6.125327819907923299e+00
-2.450436122150044582e+00
9.784208307080469069e+00
-6.662124666600803380e+00
-1.151169913705193792e+01
1.823056035667638497e+01
-1.876840320897246173e+01
4.397641382446614955e+00
6.005539808486823006e+00
3.371432260083501831e+00
-4.615725132146266674e+00
6.492576615854488864e+00
-1.775317855102584730e+01
-7.905819660787006598e+00
3.920956967080265088e+00
-2.157654481310119365e+01
-1.734907643822946710e+01
4.268341383424619551e+00
1.051766044792629629e+01
-9.989738368329661000e+00
-9.712585164823281048e+00
4.440516994120912386e+00
2.012987711563859250e+00
-1.006957619004779758e+01
8.829186719795352190e+00
-1.864784706605150433e+01
2.746786479825907179e+00
1.345252712216378654e+00
1.244707340469607715e+01
-9.711076700620676405e+00
2.112977486300749774e+00
-1.747949784466561951e+01
7.339471650892889443e+00
-1.246639605715341759e+01
3.707789813506465748e+00
1.130899926174542713e+00
-1.158590119400474805e+01
-1.235943786279351286e+01
-4.463563218409227318e+00
9.020586697397888543e+00
-5.874663083951535469e+00
-7.594551675196424156e+00
-5.700766102805165048e+00
-3.426892462167437259e+00
3.482600208084647875e+00
-2.398949794910585354e-01
-8.342634633780154019e+00
-1.211963711044235481e+01
1.451305215389108838e+00
1.347794586539038875e+01
5.612797119952077196e+00
-1.724278936462409462e+01
2.054002314165223453e+01
3.793806622803032269e+00
-1.024614663773045464e+01
3.250946670653760862e+00
-2.416744105158065636e+01
-1.700246726429747213e+01
-7.560466356619130579e+00
-2.509852926876775925e+01
-1.993547572684482816e+01
2.001963442358250234e+01
-5.045712349526631613e+00
-3.063842774051000362e+00
-8.595999424607239092e+00
4.788997354776917348e+00
2.684894482669129445e+00
-6.806608503685300349e+00
-1.371618221020041872e+01
4.882557301483466006e+00
5.882882607494508420e+00
-2.141656529466743564e+00
3.955237949258645358e-01
1.979761528130904935e+01
-7.218608646356837966e+00
2.234181785632365091e+01
5.985686194349113975e+00
-1.808881942834069889e+00
6.787416408930702971e+00
9.698487381064140322e-01
-1.589382929023512681e+01
-1.042965382038774180e+01
5.373132248432355595e+00
-1.738943685122119831e+00
1.317196288147983552e+01
-6.257562832262959063e+00
-6.307392408229038239e+00
9.944270493804403088e+00
-7.731287685490279671e+00
-1.802835069236412835e+01
8.501019644426001776e+00
-5.560199144118481485e+00
5.003167357441526519e+00
1.086138427542378793e+01
2.277465195657377706e+00
-4.210407139423296030e+00
7.861285472915980677e+00
-1.399731812251257068e+01
3.170169107710975709e+00
3.197591813655151327e+00
-1.417589973967412220e+01
5.849147588487234373e+00
1.184348886477302187e+01
-1.444886686203528114e+00
-1.058738935770255551e+01
7.187005081712143806e+00
3.204060423438633620e+00
-2.057511934850625579e+01
-3.894436625792955908e+00
6.031169808203792115e+00
-9.521890289477582314e+00
1.668866289316946450e+01
1.676684723869954041e+00
1.861891085390881528e+01
5.782356335432666583e+00
-7.203201242356080058e+00
4.093242985252778965e+00
3.439591404404538366e-01
-7.678306634254703056e+00
1.766649273879991711e+00
8.258445911159633113e+00
1.505847913428982565e+01
5.239116827354493466e+00
7.426239556206944314e+00
9.782060439849416866e+00
1.033065046041302537e+01
-6.569788899461464382e+00
-1.825853709847027773e+00
4.087570533733256184e+00
-6.354375233253378497e+00
1.308513633502198559e+01
7.635022103924086423e+00
5.337353037001797418e+00
8.282510167160516801e+00
-7.029863871397136421e+00
-1.325316206459465462e+01
-7.768802188936266617e+00
-2.252513050255806348e+01
2.238506752231707253e+01
-9.199618049779793694e+00
-9.924349986357807296e+00
1.579848176451756814e+01
3.802600879269419920e-01
-4.055549857544921366e+00
8.809431946472038533e+00
-4.994872846560379998e+00
-9.533380998537928974e+00
-1.719051283859528212e+00
1.556576040427931673e+01
3.947350289966685466e+00
-3.642844951268937592e+00
-3.848035063759439822e+00
5.210655017876113959e+00
1.177387074618583540e+01
-1.158958404600151937e+01
-1.015688490953476375e+01
7.021737315704079663e+00
-2.242945925829550546e+01
-1.243489417502667749e+01
-5.971250262720761981e+00
-1.544532714572202359e+01
4.327702493446423659e+00
-7.551387039144806579e+00
5.195936949533290772e-01
-2.113359088591824175e+01
-1.913563399534304921e+01
-5.788439881110665652e+00
-1.573278620975508879e+01
-7.533058113565751057e+00
4.472250853424235117e+00
-1.731710813681973349e+01
-1.108143584679413962e+01
-1.867365599745391336e+01
3.189490276623644149e+00
-1.472169494943543278e+01
7.464520210680532841e+00
9.057554175956667564e+00
2.401144714137350178e+01
-1.679824322572148887e+01
8.898391809377443451e+00
-6.231157460883309795e-01
1.251927403083389123e+00
-1.905511653272668582e+01
1.760458917323500572e+00
4.277727380937612622e+00
-6.090297198554868174e+00
-6.044638383052905795e+00
2.087751274274804558e+01
1.384821116698917365e+01
-2.431988155725650103e+01
-2.094441342874046086e+01
-1.691212986718558753e+01
-7.997991867601250249e+00
1.670865390687706054e+01
