-1.056679026554454026e+01
7.052178826498774811e+00
8.764761110852262505e+00
-1.689247179640385355e+01
-1.049921576644636545e+01
8.597719967782914807e+00
1.129944515455210308e+01
2.161154625213097802e+01
-1.209387487600637101e+01
-1.591136646430550172e+01
9.408346557996111414e+00
1.344489545007563436e+01
9.356548296599477510e+00
2.187873476790622362e+01
-8.847056591295629602e+00
2.228134952197521557e+00
1.683322938971915761e+01
-1.675941486708318706e+01
-4.436559462111961949e+00
-1.447708739273078571e+01
1.134539073532031495e+01
-1.411233914543337775e+01
1.840025024491372108e+01
-9.977393850066047065e+00
6.202634161157163817e+00
3.095407640474533650e+00
-1.850195432160425923e+00
-9.867387182531317080e+00
-1.466027045588439925e+01
-2.402469619882337071e+01
4.188707578458554792e-01
-3.295248007448325467e+00
-1.757355877306356007e+01
8.081870779201167920e+00
2.615754645031975656e+01
1.006082519026566757e+01
-2.494479170544649804e+01
1.398895176142011820e+01
1.862430209879231313e+01
-1.535868797160184762e+01
1.390955156531367010e+01
-1.957622927560070281e+01
-2.832399805361101386e+01
-2.315763748628509688e+01
1.261759235826291103e+01
8.886862535335559699e+00
-1.534513000490183288e+01
-1.039337548162405156e+01
-1.350529141734689276e+01
3.404124576456730722e+00
-8.081441152214065227e+00
-5.031236550837114407e+00
-1.282909257184093832e+01
-9.553877385985877879e+00
1.191453907885887276e+01
2.284683369469821912e+01
-2.401932973812373007e+01
-4.007171481843371907e+00
1.508720341402922571e+01
-1.031889655873927936e+01
-4.859155368440269740e+00
1.138206613850798021e+00
8.401502309261807966e+00
1.543075737619042087e+01
1.253554799456857438e-01
-1.512737076948113213e+00
-4.157641990142860067e+00
-1.697070760838175474e+01
9.108963907770061041e+00
5.251061821735106605e+00
1.718243032373049317e+00
9.977938508015640195e+00
2.314931554692833515e+00
-1.477578906412307269e+01
1.323100578538800676e+01
-4.547861531787589229e-02
3.261898220821592531e+00
-2.491199668342744644e+00
-4.965185996704132521e+00
-2.469060780477138550e+01
4.983255419137805120e+00
2.959383086324244516e+00
-9.322178164887375829e-01
-8.735463950564451352e+00
-7.440995358889573197e+00
2.820648483454684197e+01
-2.000115158180956598e+01
1.607418969608710313e+01
8.506920890014889380e+00
-1.935820664429709836e+01
2.256238957788288246e+01
-2.654097190074296009e-01
5.877542865947717132e+00
5.675919174056673455e+00
-4.752691176093094327e+00
-2.374704739330456249e+01
-8.814262665151481713e+00
1.650234361344935508e+00
2.953980630475840030e+00
-4.349346807507544099e+00
4.476286781827340633e+00
-1.450017974118765096e+00
2.236939406182278844e+01
-2.204789724413972252e+01
1.433095490195849919e+01
-4.469806087007267337e+00
-5.675863668882328739e+00
-2.108396575252449168e+00
1.043148065244581346e+01
2.500110762045648016e+01
-2.562298998603433375e+01
-1.898482462852965114e+01
-2.777474120717712935e+00
1.337876608545510493e+01
3.001300892719910962e+00
1.946155873474437215e+01
1.447298776532954889e+01
1.900684858991191106e+01
1.382691966218300195e+01
-1.768050828494018845e-01
4.043268530192392518e+00
-9.058757512371212073e+00
-1.612352908358982262e+01
-1.369074019694170374e+01
1.858558035719543255e+01
-7.849337318224446136e+00
-1.086539050830219111e+01
3.022265495994552964e+00
1.157707081021574425e+01
-4.016752191715248443e+00
-1.070697188670958511e+01
-1.953919675174912385e+01
-3.592991654647917699e+00
-6.593492024583103017e+00
-3.025999805601458092e-01
-1.008506419836277246e+01
3.110873559111247744e+00
5.304199883246624836e+00
5.331972934037715106e+00
-1.006472186645127920e+01
5.400139916324114608e+00
-3.588828017549563043e+00
-1.160240261680843332e+01
-7.224468016966859807e+00
-6.607311478603655530e+00
1.692206550438913837e+01
-1.165656187793756260e+01
-1.749652079960566553e+01
5.965286384748466730e+00
-1.784068036155065329e+01
2.057284670521580949e+01
6.424106014765904149e+00
9.741138095138737185e+00
6.220281920211505167e+00
-6.798241185656983987e+00
3.532393693828375092e+00
3.203801935770918874e+00
1.464392634812509186e+01
7.271549263085063330e+00
-5.522689902922021332e+00
1.178580762654437564e+00
-2.376273473487019317e+01
1.967657176470616065e+01
-4.025839653070313773e+00
1.767196642577108179e+00
-3.707186254247254453e-01
1.494144307716948816e+01
-2.148504033467883190e+01
-1.617990940210383144e+00
-1.434212345388962362e+01
-2.964833346951255777e+00
-8.611991279069574290e+00
-2.117888590714152031e+00
1.043682570048384406e+01
-1.304622148191568343e+01
-2.590326100595236980e+01
3.189470825711453017e+00
-7.318773883995397966e+00
2.955023486036637337e+00
-1.667193565382136455e+01
-4.622012959603605253e+00
1.114858454018931866e+01
3.670065491352474396e+00
5.847354794671019818e+00
-6.320438002276944189e+00
-1.905486739130395080e+01
-1.694103077755816145e+00
1.328183946757318523e+01
1.133305880660753218e+01
-2.833799823015189290e+01
2.687944036986557705e+00
-2.725736443390509578e-01
1.361228588389532490e+01
1.722091029422788466e+01
-1.157062639145315330e+01
-1.364208487374003909e+01
-7.900944060413426229e+00
1.187316569896766794e+01
-1.481326218912942139e+01
1.664943538312387261e+01
-5.110548495024325177e-01
-1.498521097749657471e+01
1.213611569163843029e+01
-2.309459569670725543e+01
-1.282460148479446360e+01
2.019101386957746769e+01
2.146631932411280275e+01
-6.649608547542669612e+00
5.162781533431775927e+00
-4.158362622978234668e+00
1.685677901390939581e+01
1.374696844193571366e+01
-3.581323451142782943e+00
-7.833726448000469134e+00
1.096544907931566826e+01
-1.171942886276164231e+01
-8.738388401364947100e+00
2.624165567780124775e+00
-1.509188329341892754e+01
-1.941152993101503910e+01
6.325737414923942481e+00
1.481331586892346763e+01
1.807570773381919338e+01
4.843543371990307378e+00
1.251251929285336928e+01
1.619966738766500214e+00
-2.194622607183311658e+01
2.195690130828042896e+01
-7.913167828970149031e+00
-6.123260516096053152e+00
-1.068483014395378561e+01
8.789089843483829156e+00
-9.509365908536192791e+00
9.576242232552694134e+00
-5.650950336989968292e+00
-9.825351448166401269e+00
-1.058240668068607704e+01
3.177463620709829684e+00
1.951070413344506704e+01
1.588541783782561367e+01
1.344465758311727654e+01
-1.776947273935238059e+01
-1.342361835910639201e+01
9.279002298546735972e+00
-2.344352519235206245e+01
7.814925236536637954e+00
-1.373887657200883794e+01
1.356994280786146589e+01
-6.123841378659506063e+00
1.260196259533206842e+01
1.865204822806511231e+00
2.377251791999780295e+01
-5.100399670373214178e+00
4.113613225814077623e+00
-1.631967102696118488e+01
-2.578139485571302458e+00
-2.777986223390308851e+01
-1.183842664169787895e+00
-2.916826953128353495e+00
-9.744467968363345278e+00
1.007309707119544839e+01
7.926011473419052322e+00
1.841915363150989293e+01
-9.521804267744681027e+00
-8.034034985093214232e+00
4.376221361129388754e+00
-1.304864611069088554e+01
-2.179414688920701337e+00
-2.364864509161222372e+00
7.430801194373373164e+00
5.887719489479280810e+00
-2.402570022489888402e+01
1.900021312613205282e+00
-1.455300970583045483e+01
-1.558210945673962833e+01
-8.322842914418469462e+00
2.225760159372676128e+00
1.089738781942608625e+01
1.993190922198422754e+01
7.418705115404158335e+00
9.420445262958509147e+00
-9.469831696745252714e+00
-2.470079128699680382e+01
2.561152412932621303e+00
-2.363947529880035248e+01
2.316899921277590124e+01
-9.354019079992429653e+00
-1.291999056589322592e+01
-2.455144140625741755e+01
-1.991610081790198450e+01
-5.540058421255167787e+00
-7.588014294728395726e-02
-1.286332586535712608e+01
-1.277794115367569816e-02
9.382129750880032759e+00
9.279152300536381404e+00
1.807162149232794235e+01
7.870611227380045705e+00
4.076809780414841100e+00
-4.476416814544865730e+00
2.095857572110334388e+01
-1.658065262737225609e+01
-7.774587766114571252e+00
6.986414405618297963e+00
-1.033692977586696671e+01
2.141049555110071623e+01
-2.071096640025082536e+00
1.879431289906987246e+01
4.096805103950245552e+00
-1.694354531416723830e+01
3.289462006230920110e+00
1.685975508912567022e+01
1.819665649610702474e+01
2.665851621932183946e+00
1.041376896165235877e+00
-3.000000000000000000e+01
-1.174517336220786135e+01
-2.174029090548188492e-01
2.215875633350435692e+00
-8.259750917654372415e+00
-1.436693638900059966e+00
2.354073835985110463e+01
7.639412685221323329e+00
6.778896613226571333e+00
2.569713295636738337e+00
-7.111794374499957883e-01
6.482144790876617435e+00
2.288032397807737794e+01
-1.299562117503574399e+01
2.615475542969221578e+00
-1.798238079957061331e+01
-4.275584080148878030e+00
-1.713642709366936856e+00
1.411758481370912222e+01
-1.283038729368300324e+00
-1.696129900003548130e+00
-1.423018929446711667e+01
-9.420987141576091517e-01
2.265596017640977067e+01
5.808286362529784697e+00
-5.602306926555215227e+00
-1.102449386426916789e+01
2.096769741704843426e+01
-9.322436083627039238e-01
-1.552882467935495647e+01
5.293492162989217320e+00
2.536043925702020374e+01
-8.301624257615138447e+00
-2.107964768039003900e+01
5.821332979060571233e+00
1.227272913711967561e+00
-2.649278017735710833e+01
-5.921547764810064507e+00
-1.711192008573291901e+00
7.555491402584479488e+00
1.691431514130441371e+01
1.062055122002173135e+01
1.166883088126353840e+01
2.342080151111527186e+01
-1.882232998927438672e+00
1.334772351045643290e-02
-2.569959715054288552e+00
-4.296679441906547936e-01
-2.508270325951136925e+01
-8.391424544895230042e+00
1.536134836022135630e+01
5.932560745249610079e+00
-1.190977797742337074e+01
7.139481239507794896e+00
-2.868353812341482012e-01
-3.885720293826533833e+00
-2.147288144486392270e+00
-1.392146351157354189e+00
-1.595439375116391645e+01
-1.805514436199643669e+01
-3.183854150472996025e+00
-2.438384623557797681e+01
-8.786462499153348205e+00
-2.573714514577975621e+00
-1.832927694718535605e+01
-4.026792730056367731e+00
-8.397388498953741731e+00
1.034487076554216145e+01
-1.106750497313787918e+01
-1.989813361886027110e+01
-2.541803011384907762e+01
-7.704519641225640925e+00
-5.059435477008712212e+00
-8.892697101071870946e+00
-6.524320092259046078e-01
-1.064743591126187283e+01
-1.012246733332629489e+01
-1.231001276294118441e+01
-8.324731647745796437e+00
-4.234363134211385216e+00
-1.266901498196701681e+01
-2.024226220770614759e+00
1.961377443248308339e+01
1.012661148715631043e+01
3.363501893145510735e-01
6.319269785272297213e+00
-1.602583177500694944e+01
-1.447186235220209127e+01
-8.832847079082497999e+00
-1.652737496078292878e+01
5.632327949693838320e+00
-3.558972036359474345e+00
2.045956287231929593e+01
-9.503518258924795958e+00
4.081246486298425680e+00
3.842420276305119842e+00
1.822059164097629491e+01
3.646215799303377025e+00
-1.967870882752083972e+01
-1.717363975229279305e+01
5.525282820977480469e+00
-2.673784596821288773e+00
7.634104908887522356e+00
9.433395739745307651e+00
-1.007039497867064881e+01
-1.501392132227408460e+01
-9.169872076509701486e+00
-7.657536718945735288e+00
1.554446772845999192e+01
4.882327745494755789e+00
-3.328163222567258828e+00
7.467805625376001899e+00
-8.367673573150973709e+00
6.542946387858869173e+00
4.626521656791581449e+00
4.761285451838077165e+00
-5.492101014245807988e+00
-7.734742736951005782e-02
2.471821636292667534e+01
2.224735316421318743e+01
-1.334214434070061372e+01
3.957721499866941883e-01
1.271242748788560561e+01
2.067451895603442580e+01
-1.603911805842836458e+01
9.535571143614937739e+00
1.573891763837453084e+01
-3.351169861616867252e-01
3.832372078952332117e+00
-1.155420725918872904e+01
1.211939127811468353e+01
-1.733105509592375171e+01
-3.818607942971119940e+00
-1.257119597943689726e+01
-3.228897580697001501e+00
1.605266560597228676e+01
1.586249741281132231e+01
1.252606432571582928e+01
-3.198285639609931508e+00
-2.287170535314256625e+01
-5.347076778711791434e+00
-6.544477003088953637e+00
-6.350412409992912899e+00
-4.368167773757200223e+00
-1.227573950194180341e+01
-7.036865389788431457e-01
1.836457925815217607e+01
-3.009732342938704619e-01
2.808177612682495550e+01
1.555851812702583459e+01
-2.413689860864351289e+01
8.402773504377847757e+00
2.268783057824884963e+01
5.199304523458458505e+00
-5.983724322014936092e+00
-1.062972913359067206e+01
-1.404640462301383330e+01
-3.439498101670039887e-01
8.140595213904475713e+00
1.290771087760168712e+01
1.539139297178382293e+01
-1.780537653481476923e+01
-2.068861011047063769e+01
5.042780388263459201e-01
-1.464682631895314202e+01
-1.665095846720824824e+01
6.046538372771351533e+00
-6.369420014973517397e+00
-2.101502014831272191e+01
-3.392767022729547222e+00
3.917101514683615449e+00
-3.142796827158274908e+00
-7.422537671668131054e+00
5.822242880130751530e+00
-1.323078143361460590e+01
-1.741364401140070939e+01
5.122197228669861602e+00
-5.869302472031428408e+00
-2.868511515350217422e+00
-8.382659986911509264e+00
7.904046248986070111e+00
2.632346535232699125e+00
-1.547903076760761287e+01
1.657006251193076452e+01
2.196295371718828449e+01
-2.440350600388464386e+01
9.248969530996603794e+00
1.912151347668009294e+01
1.487518936111777634e+01
-8.738416904682537734e+00
-4.759990095526408282e+00
1.545653001913405689e+01
-1.101981621021876734e+01
-1.351237632713236181e+01
-1.265587880906079832e+01
-4.511507808515869300e+00
-1.944978489491795415e+00
-3.262144793086445560e+00
