7.779334700403254033e+00
1.421872451484973254e+01
6.512881029273799527e+00
-7.175106966850059109e+00
4.000679430617473997e+00
-1.491970398594471447e+00
-3.304733695574832097e+00
4.133607387346600603e-01
-1.138510760910520148e+01
-4.964799927142770741e+00
-1.712012596096471384e+00
9.428752738481513518e+00
1.668023049587720408e+00
1.570270318869438597e+01
6.227402302760964403e+00
-1.273357591285936508e+01
1.016088681683304173e+01
-1.082155471223663312e+01
-4.279341445003446154e-01
-1.995182434860083021e+01
1.845090693718873354e+00
-1.421593995157685697e+00
7.345191047319936217e+00
9.560095979691460855e+00
5.711854718818834442e+00
-7.262798632025258883e+00
-1.659940433055954401e+01
-9.760015528374449190e+00
1.987010612760379047e+00
-1.600343011052373399e+01
-3.863146723510396896e+00
-6.003492352342369998e-01
-7.337366869353513010e+00
9.565033538382863298e+00
1.479564989483847626e+00
2.438685175713693809e+00
1.302622387736178666e+00
1.196275787628255927e+01
8.651037337484595469e+00
1.924561040392717359e+00
-8.061632197715454140e+00
1.626335036028621062e+00
-1.404089190472005910e+01
-3.464054385840373840e+00
1.897353916199091373e+01
1.329370430605471398e+01
5.557660445370792957e+00
-1.320623385447427367e+01
-2.044465502259215839e+01
-9.255450595212423082e+00
-1.561746290883395716e+01
-1.311115509108829968e+01
9.725609945252671196e-01
-7.711034543559243559e+00
-5.236457037422397320e-01
1.011697856538237517e+01
-1.300324406985905767e+01
-6.615658944335550018e+00
-8.052982182748749551e+00
2.665038596031997997e+00
-3.404628790127283366e+00
-4.353925807404785076e+00
1.521788790625191723e+01
1.541176275481220159e+00
4.455593952184074169e+00
-1.896372737629089755e+00
-3.018720960509359230e+00
-3.636910284396233095e+00
1.618889515849598837e+00
8.698005093568582424e+00
1.418762434750419743e+01
1.171448164083060561e+01
-4.017090105675197975e+00
3.583178754891555684e+00
9.624395771026350133e+00
7.324944111668784785e+00
-3.105730685270206237e+00
5.677504851475099201e-01
7.159755574981922166e+00
-3.537443953081762515e+00
8.803413180007119365e+00
7.896410424126344196e+00
1.307386858150894682e+01
-4.210045944911744442e+00
3.986568743613304378e+00
2.580211315535066774e+00
3.979751806963172100e-01
1.919342164725090072e+01
5.735127088419744723e+00
-4.545768482984698267e+00
8.555715242039056534e+00
-4.937054969136550397e+00
1.124342929594412510e+00
8.898166922520005073e+00
-1.981638747508772269e+01
-5.754010493916155156e+00
-3.397457417951041947e+00
-2.806865874853073706e+00
-9.710544683869635207e-01
-5.176742553442444716e+00
-1.457239025719091963e+01
-4.977634309243899935e+00
-3.586047662532120484e+00
-1.942699117061626879e+01
1.410070244216363022e+01
-6.218403524769058777e+00
-9.544323181060310191e+00
1.153583966427257934e+01
7.092263083017314784e+00
9.082485995492490360e+00
-7.527693438781970059e+00
7.258620750008205391e+00
-9.911677973207410730e+00
1.447750753305591331e+01
1.925331903480174134e+00
9.034565792486780822e+00
1.617048758108553841e+01
1.672349676923592909e+01
1.192175312345030136e+01
4.140328558344776866e+00
-1.214566631831828047e+01
-7.262820545633825731e+00
-7.394097815399277351e+00
-1.805480871895027661e+01
4.232489721925965398e+00
2.225332390872956978e+00
1.142101079604387337e+00
-1.391623888835379574e+01
1.315957167312487286e+01
-6.543480473655169050e+00
-1.861919547355041260e+01
-2.159781101952340165e+01
2.169313272510287049e-01
1.603187613291687796e-01
-1.775047446411367957e+01
6.714626155864145574e+00
-1.955142509005440843e+00
1.107703315666594079e+01
-1.254714132906969581e+01
7.281464352412605479e+00
9.047414649504290196e+00
-1.008848164994454777e+01
5.853417645489528809e+00
1.667292102506550577e+00
9.967037786526994125e+00
2.732743836149118977e+00
-3.314337424092723694e+00
-1.918604006629563941e+01
-3.582003673815528089e-01
-2.936281826080289648e+00
2.277402743446941713e+00
-8.961127857449561418e+00
1.791593424625975928e+00
-6.406153789051931113e+00
-3.746568077100675964e+00
-1.843858593138413937e+00
-3.652701572239600125e+00
1.305668735104332256e+01
-2.417303172641567244e+00
3.682016525896422365e+00
-1.438410138390320014e+01
-5.759635641399999173e+00
8.585292517641832433e+00
3.756232148920112479e+00
1.271317268911878529e+01
6.386902520921495352e+00
8.532320597577403021e+00
1.617801682831114363e+00
-6.962835254728329204e+00
-1.068925847193813539e+01
1.998803678854059740e+00
-6.186748431936610615e+00
-9.943831528141792830e+00
-5.848680434603522826e+00
8.266220230497907551e+00
-8.244340916341073466e+00
6.897614740643447817e+00
3.529010085731151491e+00
-9.965956135024626406e+00
6.306320388608135374e-01
-4.495572322833897516e+00
1.166787062942318443e+01
6.571925299336939474e+00
7.740695969815206468e+00
-2.874503659438495617e+00
-8.892918885470429302e+00
-8.922317357091856138e+00
1.152092195711394851e+01
1.484659928283331709e+01
-6.886777298176383511e+00
-4.673898574609687273e-01
-2.649498775246357241e-01
1.807658510699054943e+01
1.863879243674858088e+01
-1.477921985710769803e+01
-1.909430377419513292e+01
2.483892615656145608e+00
3.255515294981051966e+00
-1.794104088984083489e+01
1.534677162779527748e+01
9.375597771077153197e-01
-1.630644504759793278e+01
1.816542859369448593e+00
-6.017609158691072935e+00
-1.274548616378382704e+01
-3.357863031296233203e+00
3.417604566069940120e+00
-7.128623105576231467e+00
-2.217564078616490519e+00
-3.931986290357020408e+00
1.390102624921904351e+01
7.737055888777689461e+00
-9.872983199171990520e+00
4.828529269847415151e+00
1.297630098845065305e+01
2.641420907453422728e+00
-1.498621222763600613e+01
-1.170146692548718548e+01
-9.776292544643823135e-01
-1.660351642430517671e+01
-3.250855748990655769e+00
4.856730005984339016e+00
1.076699461011849479e+01
7.382367285920423683e+00
-4.281218080175765550e+00
-1.428237040251152479e+01
-1.217650609600480038e+01
1.655962101688486143e+01
3.958800563703462672e+00
-1.303575389224737435e+01
5.290220608386029255e+00
1.151593412622720081e+00
-1.259460139626966679e-02
9.740818181430121570e+00
4.029059276286268698e+00
-5.383747807481423564e+00
6.054370754346066974e+00
-1.396781620105632982e+01
6.585447909918357823e+00
-1.307567333016649513e+00
5.690281163743790671e+00
-3.543229736144247966e+00
-8.010952502008905185e+00
-1.080727967660513045e+01
1.056884407568968953e+00
-3.652237880851664897e+00
-1.308723103197345949e+01
9.838828197917095508e+00
1.126371128583436843e+01
1.848710928987797075e+01
4.064374705388438258e+00
7.217762051114220867e+00
6.727103466249218400e+00
5.123492026681503830e+00
-9.499149791879855087e+00
5.212907157499870436e+00
-9.854975343260477416e+00
4.594823337558182175e+00
-1.223244193843916250e+01
-1.604722430354152607e+01
4.105752368718839307e+00
-1.083007522020861302e+01
-3.249550786768260480e-01
-1.104355887299904992e+01
-1.409919244540876804e+00
8.631297081102040636e-01
-1.267652477370650743e+01
1.139041482840261210e+01
1.227879115458966197e+01
1.360622412653795266e+01
8.795312386446013875e+00
-1.169704700139213216e+01
-3.118884613315724863e+00
-1.228469421164493625e+01
5.070746703605237826e-01
-1.840583989967825218e+01
-1.792575230561597266e+01
1.152687339169099090e+01
1.570094896272601659e+01
9.317226982010296865e+00
9.590695579272875193e+00
-8.254001518701009843e+00
-1.450587185097582932e+01
-2.888277551799809828e+00
-2.078215661688766147e+00
1.325921741517178276e+01
-1.261693988211579054e+01
-4.930898559957046956e+00
-1.363218268396014210e+01
-1.777672082821632316e+01
2.135900032388782677e+00
8.801578510644255005e+00
6.204179979419777169e-02
-1.470229237942018763e+01
6.512936299730860412e+00
7.322333876670136021e+00
1.209897630985491901e+01
1.421311387587601160e+01
2.318353403148769587e+00
-8.805622240951766599e+00
-2.868911986738304165e+00
-3.800239850664421937e+00
-1.312016483942985445e+01
6.147592003402678529e+00
-6.921458198229807124e+00
7.417657541610125804e+00
-7.613010285475589001e+00
1.004470593289051550e+01
-3.815100778146252480e+00
-4.699523245162808394e+00
-1.350332331974264477e+01
-8.616950505336610888e+00
8.662264213737522311e+00
6.691295632717924491e+00
6.479805878051578816e+00
-1.605564246836669184e+01
-2.682342731209438114e+00
-1.181715191529091058e+01
-5.826242554458382017e+00
-1.585315590798871810e+01
-6.297278181583781276e+00
4.420853000435315039e+00
1.472824592067568972e+01
1.400003390475048093e+01
-1.483326097757133155e+01
7.713608182524460233e+00
-1.054840641638807242e+01
3.550031194334081874e+00
-1.069611556414145070e+01
4.046889528549968418e-02
-1.366948011165825960e+01
1.144435635935291629e+01
1.216596263826724567e+01
7.385785059995470192e+00
-2.510794067514332539e-01
1.836872949300154545e+01
-4.790573769837433105e+00
-8.880096164710554518e+00
1.137937138580499408e+01
1.600863282865027770e+01
-1.874731117026868787e+00
-1.413551768631308647e+01
1.153465585302638630e+01
-9.191310393839124515e+00
-6.365778848796701084e+00
-5.605848818712427573e+00
1.661408896136482838e+01
-9.117119843739871499e+00
2.350628352831847678e+00
-9.368699279969934679e+00
9.689428364091725143e+00
-1.593515577980652509e+01
7.714139789476838871e+00
5.228267621467132642e+00
-3.327389898853226669e+00
9.048110229695922158e+00
7.461507688026728147e+00
1.167867841107842963e+01
1.053029621342135158e+01
5.530136303281381061e-01
6.840314078865887382e+00
-1.018333775645775319e+00
-1.244825169456695590e+01
-1.523825817499960955e+01
5.933118574250187294e+00
1.264480586685390051e+01
-4.920632604747652294e-01
-5.429625874349454762e+00
-7.768154163264313183e+00
6.859388121105396863e+00
-2.504404130474782164e+00
-8.605917918624829355e+00
-7.311773379386568905e+00
-8.372547199899347703e+00
-2.692690904886635650e+00
8.537826169940210264e+00
-8.230187444269425612e+00
-6.028969556364820903e+00
1.214727927551579256e+01
-6.756370883446258802e+00
-8.713372670540525888e+00
-6.634151841203177469e-01
1.077417988985907726e+01
7.246783804717033206e+00
-1.625939488126542187e+01
-8.799815756897768182e+00
2.490517006676739697e+00
-1.888530406994384236e-01
-1.168964579239893808e+01
-3.237805672915179400e+00
-1.153449259046439934e+01
-1.763678821805472197e+01
-1.551997711594419904e+01
6.120794223664709932e+00
-1.967119166145491960e+01
1.030017726800235067e+00
-5.590392452002067358e+00
1.684259915150732922e+01
-3.662683495664410316e+00
-4.333227375533002856e+00
1.531290556466289132e+01
-1.486838677460124103e+00
2.146912437983480970e+00
-1.840608745802207125e+01
1.601666512761973138e+00
8.590409255243883990e+00
-7.907045126893294196e+00
1.704498185563147672e+01
4.236307682199907276e+00
8.655347530403233236e+00
9.758242074747769834e+00
3.623019023669925787e+00
-7.840568582655631502e+00
-1.405161899019342542e+01
-4.709316860192856780e+00
8.809178655804771552e+00
1.131513648685051265e+01
9.255756840775660521e+00
8.083500072080894938e+00
9.992585016648710905e+00
-4.142270733256122384e+00
8.970064630744900569e-02
-5.106478494859203465e+00
1.165885360761534884e+01
8.567648339270235169e-01
4.760097023269928229e+00
7.044760671097883176e+00
-7.069713740868742491e+00
-4.301415408300002241e+00
1.332108317747836423e+01
2.954634823387898734e+00
-8.555812637683853694e+00
-1.678472604858262685e+01
1.596733382113109911e+01
1.407670327947233346e+01
-1.078170893885472381e+01
1.229193424306318860e+01
9.864357898219182630e+00
1.680469691909259211e+00
-7.725377360769403623e+00
-7.446904331059336357e+00
5.659820507589849115e+00
-1.082277870867898883e+01
-6.033234666761039477e+00
-2.277458377706189196e+00
6.712541438221855117e-01
-1.334367597893407975e+01
5.815526785890021699e+00
-6.158985123985726062e+00
-8.867603313756191596e+00
-3.930553960868785168e+00
1.629025682340599701e+01
1.300093760478096527e+01
4.879238031696552014e+00
3.719243880663441360e+00
-1.173470792242506633e+01
1.033995185724965893e+01
-5.591251083185628801e+00
7.973152444672287231e+00
-9.363992925201966244e+00
-1.066147009600658535e+01
1.563717301594136444e+01
-5.464167111414720779e+00
8.725139149530093619e+00
1.071827480605422522e+01
-1.679512159465721766e+01
6.736043316508371959e+00
2.227684677634286459e+00
3.835949897982345647e+00
-1.405686094142467191e+01
-4.491172415778894589e+00
-9.599334401825487362e+00
-4.024477306912984886e+00
1.555369684264410068e+01
1.375236789097143486e+01
8.854558751465333444e-01
7.468885841590768848e-01
2.048161376412451773e+00
-9.094460981362679775e-01
3.042283593931529140e+00
-1.082885921603204693e+01
6.905947512255124821e+00
-7.315883630507858726e+00
4.173435028839982408e-01
1.087172774383100915e+01
5.370464334110145899e+00
3.240172949315258677e-01
-2.704767815901902850e+00
-2.733802552493713733e+00
1.192487852292330786e+00
-9.079711655455543706e+00
3.170043975517316426e+00
4.588092361176308032e-01
5.420741793820504029e+00
-1.046948065306079201e+01
-2.482037244164668977e+00
-8.048300261137661948e-01
-6.112347547217272137e+00
7.089040147451761698e-01
7.913785973816075625e+00
-2.033747647464085162e+01
1.896258725254118360e+01
1.584746743060830454e+01
-3.927872426952273344e+00
-2.329919984580659076e+00
-5.727131335022431102e+00
4.352742307357509333e+00
-1.856693151060011360e+01
-8.405603066781317523e-01
4.675415373131684760e+00
2.173646424726491944e+00
8.747500060351505624e+00
2.275208939743343706e+00
