1.390437026514289443e+01
-1.718999903086810477e+01
-1.129378928144324590e+01
5.459924264537612260e+00
-7.261001522640231798e+00
5.988278997903400125e+00
-3.924235736900794080e+00
-1.011682697220984295e+01
1.427681148156318613e+01
8.902121798857336898e+00
-5.429734474109814357e+00
-1.674434283556227143e+01
1.247030556130395240e+01
-7.592487304870644493e+00
-9.078350242425216265e+00
8.330831578128574222e+00
2.953702760979361130e+00
1.383126991908534364e+01
6.169005560385741660e+00
7.112109114359000728e+00
-1.927594850122030579e+00
3.262551288724871767e+00
3.776304739464599436e+00
9.163557319067209050e+00
-1.791674170913357500e+01
-1.491867187878094647e+01
-1.095820987662808932e+01
1.749742416533147349e+01
1.088923692678621791e+01
-8.039141975859763534e+00
1.702714833653935500e+00
1.177409979031951792e+01
-1.432167542920590009e+01
-1.872364360467045685e+00
-8.716645456125000635e+00
-1.020508043724006342e+01
2.852471872067120273e+00
5.050338838850684908e+00
-1.173984486114982673e+01
4.273481744530236881e+00
-4.115834542960520537e+00
6.659567416686300589e-01
-1.455045776654205980e+00
-2.701479829317065651e+00
3.495660509643748526e+00
-6.516211985529700712e+00
1.992835997427631156e+01
-9.821062560474910441e+00
1.191942655399351736e-01
-1.124666459754806169e-01
2.027935450667527562e+00
6.168913446999020778e+00
1.124192881939539035e+01
-2.791612449050479228e+00
1.707448503149798569e+00
-1.170442248920966577e+01
-5.460148684511992201e+00
1.854981077728886874e+00
-2.535317034790860902e+00
-1.534784368484231720e+01
-2.031792625924570217e+01
-9.072661454875898812e+00
1.302629586558567354e+01
-1.113399261483312230e+01
1.393739710032867407e+01
-1.180937635990362367e+01
1.041983370810598331e+01
1.757962707598067453e+01
-1.390210489064486410e+01
-1.735499589396546583e+01
4.370993275133358225e+00
7.950266366767301918e+00
1.392063642413725688e+01
-4.474980289276501821e+00
-5.846563610069210881e+00
1.969536259140488710e+01
5.319354562002722275e+00
3.590683488418726199e+00
1.634470505251405115e+01
1.117898282544701516e+01
3.015608390323016863e+00
-1.292901784391050768e+01
1.428116688208046270e+00
-1.378237861623973970e+01
-1.080655382025226174e+01
-9.616299961431391097e+00
-1.571690329027202182e+00
-4.959172861184168113e+00
-1.644782755945030317e+01
4.656655050394981288e+00
-1.732480532387506145e+01
-3.420731078534394953e+00
3.585226105666968976e+00
-1.464171295878991153e+01
5.407361661602351433e+00
8.798991267506877989e+00
1.626465219382007632e+01
1.027967144401787181e+01
-2.186475637713524733e+01
-2.771948892892023508e+00
4.468578550091748980e+00
-1.312481074374618473e+01
-1.427962951037725503e+01
9.006728076927565496e+00
-2.018924596597475585e+00
1.345065617697206761e+01
1.596716316495424337e+00
-4.110202418429764748e-01
-1.554410712215078938e+01
-8.744933815273228106e-01
6.676751601736093278e+00
1.108790632691504641e+01
6.277041929691570488e+00
8.154364051221996590e+00
-2.001634520516212490e+01
-9.354856159319510311e+00
-4.963359462288654100e+00
-8.269444631042556892e+00
-7.278160674677579323e+00
1.185522940436349870e+00
-4.506960174784072848e+00
1.296242149857908998e+01
6.981199528222255424e+00
3.365251203469163954e-01
-2.114707931378184469e+00
-1.327315654504145215e+01
7.228632332761790735e-01
-1.369060990433817437e+01
5.523025784768300639e+00
4.941839840825302588e+00
4.382703387441367227e+00
7.429057295207250888e+00
5.242067640338461842e+00
-1.418231894002243365e+00
-9.048863390243319316e+00
1.715168472574832492e+01
-1.560841812019365094e+01
7.145826266857248754e+00
-7.069642564748097158e+00
4.115594224465027651e+00
-1.025961288970520968e+01
-2.000377723878653669e+01
-4.954850812769507229e+00
-6.314247940900166611e+00
7.814027404279372035e+00
1.904637664835576061e+00
-8.273443385569656527e-01
1.690944118595915313e+00
1.830773931169844104e+00
-1.754138556899285106e-01
-8.065141855024499762e+00
-1.099494678771269562e+01
-2.589303652174521631e-01
4.526400909442415355e+00
-1.996408739600833115e+01
-1.330613757967848798e+01
8.570161075513112792e+00
1.008426676297018787e+01
1.028604291098147172e+01
9.968634428233258404e+00
7.701078229670301312e+00
-4.067617418478761238e+00
-1.107377183440356205e+01
-2.116909675388782830e-01
-4.425655028370343302e+00
1.571740714488261403e+01
-2.046351548553118960e+01
1.721794963142753687e+01
1.762975622215311233e+01
1.978837559222287013e+01
3.097589467562791299e+00
-4.153626909732444972e+00
-1.617676050038641478e+01
-9.317870208545095068e+00
9.333196283010714467e+00
3.923602707828329983e+00
1.398939047735783703e+00
1.215122149790654049e+01
-1.653634250778211978e+01
6.162752598981029450e+00
9.227506842817618349e+00
-3.787848498462267344e+00
-1.408319671375360116e+01
-1.302010195450848329e+01
1.175825235221332576e+01
-2.915350841287573047e+00
-1.293925247134071554e+01
1.500446159304695470e+01
-2.037366899537254028e+00
1.976682910596281317e+00
-1.245486436615852455e+00
1.979708043883473323e+00
9.600310386031196686e-02
4.911503883747656118e+00
1.425340481410895421e+00
7.609782956712521695e+00
-6.935451400304323499e+00
-1.256618024308285442e+01
1.543723762145199885e+01
8.975204924451404054e+00
-9.413009047955437580e+00
1.545628562970669151e+01
-1.409143070367956163e+01
-8.574595666762146351e+00
1.098539994006628717e+00
1.880360537251664965e+00
-9.081100844135779226e+00
1.658908043842701829e+01
-2.113046315111155593e+01
-8.238617377436703748e+00
-3.595952124704986375e-01
1.123184929595567638e+01
-4.896628383447062305e+00
1.874471440655292298e+01
-1.372460550743763719e+00
-1.193763773930243133e+00
1.621454003492667084e+01
-1.200498240332305500e+01
8.848237050173942464e+00
8.260262439639134868e+00
1.618065422141074094e+01
7.612713196810261707e+00
7.460325454007580959e+00
1.671010992006621620e+00
9.888768607885644712e+00
2.052733366925103553e+00
2.389482337031836323e-01
-2.621644233799337087e+00
1.134604137468197393e+01
3.353017606601852663e+00
1.946799352495408897e+01
1.668357846749140094e+01
-1.195134118332937589e+00
-4.044003335057478665e+00
-2.976378166969446681e-01
-1.130937550247654144e+01
-2.420930477183560470e-01
-6.482319830148856710e+00
-2.215889720650674022e+01
-1.021593062196315671e+01
-2.044765374575444383e+01
-5.174805252570180869e+00
1.267806791244387199e+01
3.439984818388332144e+00
-9.489798759592495969e-01
5.182316351664780996e+00
-4.183544053886230074e-01
-1.915123736808128641e+01
-8.601682573909840812e+00
-2.140708052125972927e+00
9.816429013218368027e+00
-1.110241363312418628e+00
1.162456497240467712e+01
2.248678047669163504e+01
-1.118770239999599880e+01
-1.292298127919265127e+01
5.358380034190979302e-01
6.830872262347078561e-01
4.349350084355911861e+00
-2.849506766170371463e+00
1.431420562862372492e+01
-1.832258812265020964e+00
-9.616562416041865902e+00
1.451784396556835333e+01
9.377803116260864158e+00
7.192509934712532527e+00
-2.232636349647183494e+00
-3.161777746506984954e+00
1.708590061292345297e+01
-7.812008878008356305e-01
-4.676257831194938319e+00
6.878672848591655509e+00
1.533773238717184739e+01
-9.873332086698333399e+00
-4.309682084368890997e+00
5.268501623145525059e+00
-6.233252789458731513e+00
1.375865370438020108e+01
-8.254205226409862206e+00
5.485479350385659814e+00
-1.072405013126491369e+01
1.531274530211656071e+01
-6.760895626012235482e+00
1.940588766968133427e+01
6.749379190965200337e+00
7.535364852096662958e+00
-6.510254625528443029e+00
2.242499413842189426e-01
1.810130235238760577e+01
5.190225536904819137e+00
4.301575659019903242e+00
-1.538278813447976390e+01
5.984301826104932331e+00
6.039109904850818111e+00
-5.481258261916003960e+00
8.349799459641559451e+00
-1.448081124956223498e+01
3.502883360403650670e+00
-8.363562648356847262e+00
-4.512879002473297874e+00
-7.596747361966990297e+00
-7.927865111514233121e+00
8.203104146587229195e+00
-1.280868515751332026e+01
-3.600459035729485890e+00
-1.033344740685376806e+01
9.485306637732726642e-01
8.489906439125256554e+00
-9.770543914218308146e+00
5.886935584313569336e+00
5.222921513595792931e-01
-1.039073858790137805e+01
9.218829215201083116e+00
2.154314164921826347e+01
8.074343553689480757e+00
4.588261567596681800e+00
-1.228261322851860982e+01
-2.044345188881549547e+01
8.055424297082865337e+00
6.912925387826035717e+00
-2.550133890012393323e+00
-9.654273400233293501e+00
1.485836603030904257e+01
2.469629536580505658e+00
-1.251344886888283270e+01
-1.405720522204082457e+01
-3.463284218399277137e+00
-1.862678005935359948e+01
1.912687792451890090e+01
1.572719580350428714e+01
1.282990182039832661e+01
1.767685416328973247e+00
6.636317542734587960e+00
-9.284634083509200053e+00
-1.409945720683175097e+01
3.799555900885131621e+00
2.324750805214584659e+01
1.014620950231328322e+01
-1.162982769861286059e+01
-7.043041104474795588e+00
1.161658730538965756e+01
6.148683148818292921e+00
-1.562932935668954570e+01
4.299232084951157162e+00
-2.276007242286819832e+00
9.958394027920753899e+00
6.105998150762715682e+00
-5.890264725135164525e+00
1.035332447652660903e+01
-1.886873198417770681e+01
-1.789643987598337560e+01
2.174238825021554078e+00
-1.397966715356195522e+01
-8.020535287723170370e+00
-1.771885749554450129e+01
-3.886845710951305932e+00
6.586186824782856775e+00
7.729962819903867910e+00
-6.310235993114048370e+00
5.303621008134804526e+00
-1.270516055487476237e+01
-2.490971826924699428e+00
-1.513615786946243702e+01
-3.681669313325095061e+00
3.586112548818306323e+00
-1.128604376501617779e+01
-2.065727105393183649e+01
1.494420763030026933e+01
-9.005819224197182393e+00
-2.209235258948996972e+00
4.328782799891044419e+00
5.971857705471919076e-01
-5.258831428579533451e+00
-4.322563897276072709e+00
6.792496525423366904e+00
-1.424068782321554139e+01
6.294919640662143934e+00
-1.484101043416447041e+01
-8.885395947840407871e+00
-2.859477842599453368e+00
2.086755366420525348e+01
-3.964439205978408154e+00
1.365635332698716553e+01
-5.659288313624990963e+00
-1.582378734194005432e+00
2.136701718206643363e+01
1.084340271293697100e+01
-9.639820994709253910e+00
-3.178883771886940934e+00
-6.913812017286549150e+00
1.171482365530337688e+01
-2.905450799223608271e+00
-1.165170546572618093e-01
4.458785183121911189e+00
5.580648533013302881e+00
2.265316228243010954e+01
-1.682515874550073320e+01
3.914562919179651601e+00
-1.910383913828133728e+01
-3.851381397466841605e+00
-8.117549121739855877e+00
1.618154171779488593e+01
2.315538963836603870e+01
7.457746548303134659e-01
1.383606052490824112e+01
-1.803359482221856780e+01
-5.685148982291078568e+00
4.908613367004143413e+00
-3.614607988057745303e+00
-4.309598951481095952e+00
9.712956095992211658e+00
-2.243436087293092385e+01
-8.376832771252487930e+00
-9.989966984659155003e+00
8.061018643407621198e+00
9.072313870760218890e+00
-1.948091885774587695e-01
7.636282297508984129e+00
1.831453101001466877e+01
1.696323673130196852e+01
1.491754393950571966e+00
1.972717432463680609e+01
1.515436925498230636e+01
-1.807413767226227463e+01
-1.419704865920089709e+01
-6.375913515441943957e+00
-4.106156658547909899e+00
1.085484072205989747e+01
-1.933755041087383830e+01
-2.337316723053348255e+00
-2.504472947441026776e+00
-3.364200220771817129e+00
6.399832086513150387e+00
6.343454828865439765e+00
-7.973736901705809288e+00
1.501145287384612459e+01
1.882600470713910568e+00
2.905344830225864428e+00
-2.740109258584478624e+00
1.877076913027931937e+01
-1.148942155570784251e+01
-1.640486591995786014e+01
-1.297715866203711954e+01
-4.928720154640064521e+00
-2.297242918177815341e+00
-2.129956890913994982e+01
-3.685663460742745201e-01
-5.342863136884474784e+00
-8.684039380967195854e+00
1.892078408121300015e+00
-7.096046624748399978e+00
2.875827544479463427e+00
1.324133275524709319e+01
-2.275271827425456195e+00
1.283288014023582235e+01
-1.559745357024864099e+01
-9.485450740122377766e+00
1.635733103368249175e+01
1.805633464813806199e+01
2.465342320500845119e-01
-1.203926098258747146e+01
-7.813300994240115926e+00
-4.545553395440993683e+00
-1.474678668865839448e+01
-1.876440826175767995e+01
2.555457057903751661e-01
-1.172598980008675440e+01
4.460368335663048356e+00
1.688588691315076318e+01
-1.125232477357211991e+01
2.148217081168033360e+01
-1.223883499565948441e+01
1.730735899169317804e+01
-7.665383260755994854e+00
-1.599962945459562569e+01
-2.085810835742270797e+01
7.803192347977329746e+00
1.624613898525750244e+01
-4.872670846456095717e+00
1.579731979317898549e+01
-6.648398979087939864e+00
8.247183732348503327e+00
-1.198845929406285649e+01
-5.663745467442598880e+00
9.082412379134851221e+00
1.307044854845942439e+01
-1.373083533169634052e+00
-1.345943366943276587e+01
3.159738198354787642e+00
5.829573373382991974e+00
4.448927013421034360e+00
-1.626099574096970457e+01
2.401369655960965588e+01
4.934626785175133534e+00
1.188202762050386241e+01
-1.016533765372449949e+01
1.170154447432173583e+01
-1.357497752243564548e+01
-2.311878343468578123e+00
-4.049851232794647871e+00
9.859831792467943501e-02
-5.301174144051692849e+00
2.504679264645595538e+00
-2.272438713468922344e+01
2.253294264446005002e+00
1.057468111978455028e+01
4.596514679938088932e+00
-1.052287849488658367e+01
2.419004715868496191e+00
6.070231051467807504e+00
-1.247360445733506396e+01
-3.535720721112802778e-01
1.587841968547704852e+01
