2.713251665389336154e+00
-1.125317544985407991e+01
7.948024185936830577e-01
9.606797185260241179e+00
-2.034057271266351208e+01
-6.348180143993563007e+00
6.617166777947772971e+00
2.360807223348412265e+01
1.325044970835155311e+01
8.262056506422190694e+00
2.480389032526595372e+00
-1.282024925469163179e+01
2.211860012808617881e+01
2.200125576475308264e+00
-2.562600261926623801e+01
1.996300455225774328e+01
-5.217444548397828896e+00
-1.783616179812964830e+01
-1.708116167043366573e+01
-6.413987428189841467e+00
1.046622558956453730e+01
-4.412815869044315775e+00
-4.481523744712575308e+00
4.298020734563060330e+00
-1.208744057802437410e+01
-9.779777812515582980e+00
1.090814841478788821e-01
-1.387098980566248230e+01
5.110254152414555051e+00
-1.558275138187524078e+01
-2.710272952426510784e+00
-7.495502998596514033e+00
-1.774788466919075347e+01
-1.986219789899972810e+01
2.690779391230086759e+01
5.398508786763045464e+00
-1.904065580759248277e+01
-6.734988041674402126e+00
8.403338078045990756e+00
-1.555692485156514415e+01
5.992393812554368537e+00
-6.918302913670522969e+00
-1.726547607037129950e+01
-2.613803842125434329e+01
1.364162982234618937e+01
-1.122816352219649971e+01
-3.664522370756717606e+00
-1.054383022446891260e+01
-1.972942079789660852e+00
2.018262222942968265e+01
1.697525625086308310e+01
1.291397568660256212e+01
6.960536114534086494e+00
1.089750700939729455e+01
3.111296994544424876e+00
1.843993378679661532e+01
-2.376728462125103647e+01
-2.336145764690366633e+01
1.847572488044175287e+01
-2.215481923134143472e+01
-1.541073366885905926e+01
2.203965492684099559e+01
-6.753692644126125799e-01
2.797463004403506659e+01
1.852064107600947551e+01
-1.991930465898214209e+01
1.037093317626743527e+01
-2.201802606442512911e+01
1.659236669694990951e+01
1.719788260808442715e+00
3.920798774404971709e+00
2.043449010339348604e+01
-1.780140089233956502e+00
-1.310268067385669966e+01
1.841289675556146221e+01
1.089646711715398197e+01
1.958206038868576115e+01
-6.431201696697694814e+00
-1.725775393437677252e+01
-9.716146713144016900e+00
-6.827335068905970417e+00
-2.068655253967687457e+01
-1.453391612794305843e+01
-5.491595232915997826e+00
-2.607386032994395819e+01
2.084332912293791651e+01
-1.505328569171467912e+01
8.620595140475892038e+00
-1.791565118278147395e+01
-2.278082045669918543e+01
4.169906518299072218e+00
2.218765997494670472e+01
-1.020908881866359152e+01
-6.619047826878560414e+00
7.103031961782193093e+00
-1.419425701941375806e+01
9.674750543831727612e+00
2.573249714476482097e+01
-6.168184254761268193e+00
2.114750404371866210e+01
5.710758990942267133e+00
1.241009039137592396e+01
1.513747335607593669e+01
-5.032957442468713793e+00
1.592879915615804265e+01
2.133374461652935139e+01
-6.855999851775656850e+00
-1.623679364412639359e+01
-5.196405086268686802e+00
1.048185710470890086e+01
-3.415290990247676461e+00
-1.936434186929435697e+01
3.138652399422085182e+00
-1.332811775126145903e-01
-1.384053897566888480e+01
1.356673328585964100e+01
-7.859428023762834670e+00
-1.258076606856874946e+00
1.595495577442519419e+01
2.022160316975430305e+00
7.062765031572055818e+00
3.548540577377423233e+00
-1.616997584125390119e+01
-1.691167606334557405e+01
2.732198292405585960e+01
-2.895114000134146437e+00
-2.029051878972215661e+01
5.026351104751043408e-01
3.473460599937297388e+00
-6.918311683468246542e+00
-3.198843316987236562e-01
-6.317974271881134030e+00
4.243497593781910382e+00
1.342930050209967163e+01
-3.311844055996836289e+00
4.622736865405101980e+00
-3.360618914458903816e+00
1.404535790211534163e+01
1.117068012372480013e+01
-2.696107077733925905e+01
-8.053247558558251029e+00
3.391135648965367011e+00
-9.359351242524500236e+00
-2.934884065842136991e+01
4.745570954625286220e+00
2.318452740562275238e+01
1.021173281818563794e+01
7.162340988611667569e+00
2.247514408093226024e+01
3.978844763095054304e+00
-1.505459699666541695e+00
7.392763815430875241e+00
-7.581135502546416660e-01
-8.172882390840086941e+00
-5.188203764191918310e+00
1.501610777924494045e+01
1.777091239346304263e+01
1.832174838553950735e+01
2.083919357225185820e+01
1.851414683709108999e+00
1.621054426082845623e+01
-1.705146800433807641e+01
9.330903935074189803e+00
-9.251394374925801856e+00
-3.522425367922568995e+00
-9.820578647857054477e+00
-7.441197200769458675e+00
-2.105872364163602128e+01
2.622557245186570185e+00
-1.316109939112330451e+01
1.838179677681328883e+01
-8.927827959893232190e+00
8.377831882852781575e+00
1.983624844540600662e+01
-9.729728143673643359e+00
-2.616728289698707499e+01
5.583608082427019781e+00
1.253923987477188007e+01
6.609906862001494687e+00
-8.882764724777608478e+00
1.390299952343667655e-01
-9.035420839103149859e+00
1.048083887382762924e+01
7.020499759442415666e+00
-4.798690071441807703e+00
1.897322818146719214e+00
1.533830769440951514e+01
1.317692474553521009e+00
1.612185387668127134e+00
-2.705924293792089230e+01
1.647131030671570784e+01
-1.070270192052603875e+01
-2.482814022869934689e+00
1.804843387165495017e+01
-7.512545209591177553e+00
4.110723881531725965e+00
-1.575320498067095443e+01
-1.036005105994573938e+01
4.418748792579378915e+00
3.151218230477880411e+00
-7.570778704896596878e+00
-7.437769499209643698e+00
-1.484698768602436481e+01
-1.985441617768359635e+01
1.248065083664969421e+01
1.020266787341028447e+01
8.135521651618148553e+00
1.724293585449905919e+01
1.161420402193031265e+01
-4.691192923198158837e+00
2.149154599041889924e+01
1.371374896104397578e+01
-1.767891081712219403e+01
5.437386077976036347e+00
-8.214785661850356746e+00
-2.593677647516943097e+01
-2.388481921273424291e+00
-2.853142874267934559e+00
-1.354259210736543650e+01
8.769775239650378751e+00
8.195582186392648794e+00
2.859905601102269657e+00
2.569738419954779118e+01
-1.334448516483556801e+01
2.253893701157258533e+01
3.008422637615964845e+00
-2.761910506973464408e+00
1.088834683958478422e+01
-2.198130223482353784e+01
-2.462528434193718141e+00
-1.123735285806333195e-01
1.716345993774572065e+01
1.143906207442446288e+01
2.285712431036900227e+01
1.287759421502962454e+01
6.883891154927724187e+00
-4.059706802371632506e+00
1.832658668041962358e+01
-2.398243495975986406e+00
-4.003682106519811157e+00
-1.754848390002248237e+00
-5.784507501527979656e+00
-1.776357175334709382e+01
3.952348810280504665e+00
-1.951223306231966959e+01
-1.075150891296944167e+01
-2.611063060728363183e+01
-1.500482169732499926e+00
-2.914070151725237423e+00
1.781051716746230085e+00
9.203938439038800823e+00
5.630900074333943905e+00
-1.382701668361428915e+01
6.631499858634633426e+00
-1.938901766026211604e+01
-1.922230160121171849e+01
-8.171822599529910747e+00
-2.327469808019855080e+01
2.157775177041329329e+01
8.516032937278609438e+00
1.462710653126465132e+01
7.381265427509205779e+00
1.699079131892057148e+01
-1.533071040973752375e+01
7.779756421567462610e+00
-1.008352080910911752e+01
8.689049340719670056e-01
8.309157586670934847e+00
-7.116052372462341680e+00
-1.904500888951184479e+01
1.925302629608889049e+01
-1.331782738651507358e+01
1.647403493516622319e+01
-1.620765338515416687e+01
2.013428963912154757e+00
1.434941944770087474e+01
8.244408225624844988e+00
1.908887552197756321e+01
1.850018584259920118e+01
1.890536282687753555e+01
5.822610719815514813e+00
-1.156606547972864263e+01
-1.193711739292497498e+01
8.951247340370926509e+00
-2.555663942240927611e+01
9.688364291281033047e+00
-9.092987485565355854e+00
-1.054153826745323386e+01
-7.994115378061103172e+00
5.070349812899102915e+00
9.059398900484382011e+00
-6.044657680766206909e+00
-1.107015903469993390e+01
3.022816047940146689e+00
3.208700487906583021e+00
1.798492011905380394e+01
1.352578150349041408e+01
8.823294895260183068e-01
1.903551513389662375e+01
1.215190502299353170e+01
1.184000976364190194e+01
-2.278192631502715315e+01
6.265987551139922118e+00
-1.476661171011254936e+00
-2.006913628249752080e+01
1.712874572737470658e+01
-1.015068276706766781e+01
6.229916994050206824e+00
2.271838058351160328e+01
-2.999999999999998934e+01
4.312305964786879997e+00
9.212533602086111273e+00
3.248802148942701251e+00
1.137880210360671640e+01
6.702718929717548235e+00
-2.072900783301851391e+01
4.097032532664350413e+00
1.007052524492024759e+00
8.626980614456449814e+00
-1.624960716460392973e-01
1.973476101527383975e+01
1.563716206152765409e+01
-5.473346498728478338e+00
-2.843848671259628702e+00
4.174677830548382929e+00
5.695317917831992816e+00
-6.502726580853433802e+00
4.634029185915814253e+00
-5.309246656250945051e+00
-2.595970387834615423e+00
8.142706766285556341e+00
7.026245425252390930e+00
-9.220868853983027691e+00
-7.541440101058899614e+00
-1.522618734254846906e+01
-5.365605758522736579e+00
-4.024082859820953928e+00
-3.462482320544154391e+00
6.481010317114908048e-01
-5.680552063351179015e+00
-4.447398006821014604e+00
1.139655550338202517e+01
1.403536095174617770e+01
-1.669522624998820248e+01
-2.319530946252743320e+01
-5.133953441594933054e+00
1.334264705976904253e+01
-1.655887304815838235e+00
-1.650061426924916219e+01
1.094652558633789852e+01
-1.452282016168472367e+01
-1.562832160962179451e+01
-5.661538100593539014e+00
5.495859272015387376e+00
6.083257418319732324e+00
1.664250425309819548e+01
-2.967866138815868027e+00
1.628581923317436519e+01
2.347617205235584947e+01
2.773671342120742622e-01
-1.618287698349607595e+01
-2.349266101394631789e+01
-5.351519844675422632e+00
-1.416046283592557131e+01
-4.134509930679868717e+00
2.171890141092497828e+01
-1.154652555957568083e+01
-7.901360864953048235e+00
-7.465951146089473411e-01
4.532472272883850906e+00
-4.552977625687333330e+00
-3.500973616057535764e+00
-2.105123907562840913e+01
-2.908007988382573927e+01
-1.636806847063564874e+01
-1.197489148370068079e+01
-2.259286230598910095e+01
-8.336134734023072923e+00
-9.673222330271471492e-01
-1.104738066053760548e+01
1.080103051710919004e+01
1.414856357640745443e+01
1.827110536643264282e+00
-1.448555833082096278e+01
-2.370149723834895994e+01
-1.113205414989277031e+01
-1.964714060414353725e+01
1.432341884325257553e+00
-8.945217609594863006e+00
2.528548421603247220e+00
3.949907616868614468e+00
2.288671579682414858e+00
9.778608128989475290e+00
-1.799510873267825772e+01
7.252077786461050835e+00
3.288554894379224436e+00
-7.662689268354657912e+00
1.167448029129026565e+01
1.751177885737723017e+01
-4.004433446806988428e+00
-1.351797256946880310e+01
-1.526543837365855438e+01
-1.157835030844348978e+01
1.030618473370198984e+01
-1.228167696778041673e+01
-1.172345607595880423e+01
-1.989904001634598529e+01
1.806130310508303438e+01
-1.535557948626712488e+01
-4.561346305805397350e+00
2.058420272242952365e+01
6.521587260390091956e+00
2.215683551857140543e+01
-1.133489787706883334e+01
7.484169755397743984e+00
-2.067236855006925111e+00
-3.694435956132632981e+00
1.700378900936357240e+00
1.552728147088308219e+01
-1.474668376446100915e+01
4.018987506711823698e+00
9.012981794496674581e+00
-1.690983617062807554e+01
1.388006869808988597e+01
1.221109346582264976e+01
-1.518916896640950398e+01
-2.689132779420233987e+00
1.274062762861595388e+01
5.744798125848674886e+00
2.344621626273095671e+00
1.177966539926028133e+01
9.677878885032050960e+00
3.363474535978134838e+00
1.315143272319792800e+01
7.992386527286640785e+00
3.400612558874122726e+00
7.113050355002656033e+00
-6.610415182831737013e-01
5.794771939713662334e+00
-1.277068420318213882e+01
-4.474509981590149010e+00
-5.025042977625950869e-01
-2.816073227009280089e+00
-1.421410860223146067e+01
-5.576522902614691191e-01
-8.877031760188245357e+00
-2.708572089158044705e+01
6.745304551582002262e+00
5.836163797841066980e+00
-1.353059040636729549e+01
1.791891200797834927e-02
1.677693937392507451e+01
1.466034104036368291e+01
1.775619273964520772e+01
-1.792267511235667854e+01
-6.276519306125670994e+00
-2.283841170521244379e+01
3.945193684790311295e+00
-6.789293589586684163e+00
-1.596715760633642844e+01
1.493053364462579680e+01
-5.173140485672746536e+00
1.426838465702986980e+01
2.444457283081086274e+01
1.561893411950849497e+01
-1.586028890842347749e+01
1.114287795564404604e+00
2.771581805282172439e+01
-5.733102253859247099e+00
3.100780024022228076e+00
-6.732503813430973594e+00
-2.214151602159873278e+00
3.694387375145467445e+00
-1.621697182038184692e+01
-5.676204222433824498e+00
7.494191839780746989e+00
-1.800055948373492498e+01
-6.537664573516146049e+00
-2.117280803970457015e+01
-1.018915632511507141e+01
4.906115836326470969e+00
1.105936482438035995e+00
-1.067297214593326160e+01
-1.740837946390480795e+01
-1.160545718790164926e+01
1.800603623929212915e+01
5.985122794477312880e+00
8.018202072864916374e+00
1.229213378253818689e+01
-2.763080574891773722e+01
-2.074657752517550335e+01
-1.800216237142734599e+00
7.770121751892986595e+00
-2.205574810160235799e+01
1.763398245677758780e+01
-2.886695602996660170e+00
6.918847933145336526e+00
-1.005816285916063535e+01
2.136513757703112759e+01
2.576777637224957829e+01
-7.043910510381028445e+00
5.137777567082011387e-01
4.985534839268481733e-01
5.486405632771450769e+00
-1.975069878239445842e+01
9.118243856055279650e+00
4.631285741042276527e+00
6.512091138403839352e-01
-9.876981752592701724e+00
-2.464441083261804266e+01
-1.951154296230767926e+01
-6.114731284434888892e-01
3.133730276595315445e+00
