2.947022644271569902e+00
-1.973300136008470318e+01
2.090972566146788836e+00
1.450415855051310388e+01
-4.928470763121271858e+00
1.888979769149365495e+00
-2.379125247383093722e+00
-2.394013682548063571e+00
2.861919427997967347e+01
2.496810552426530450e+01
6.207662458408613304e+00
-2.046902767077961727e+01
1.560035102961863629e+01
-2.919776063187135051e+01
-1.427156804750464048e+01
1.624979894828990012e+01
-1.953892984237928232e+01
1.326270679883457149e+01
4.368842618159909819e+00
2.154271350340116697e+01
1.176340881744239653e+01
1.107007916172735662e+01
-1.472608126682978202e+01
-1.055060473533711018e+00
-2.110240315857295457e+01
1.734633034358733283e+00
5.762273116570050036e+00
8.303466826103964138e+00
1.332847956243201537e+01
9.336499984563651822e+00
1.499513412055201655e+01
6.154476991643903716e+00
4.444075472253075532e+00
-2.091208390356027280e+01
8.159238460289088835e-01
-6.373186921315156184e+00
1.055277228910245668e+00
-2.512145467021501233e+01
-1.849751895495741394e+01
-1.264817306072036374e+01
6.487519987045459402e+00
1.038656410628120597e+01
1.380845063189405408e+01
3.129245871068690121e+00
-4.160478876368852497e+00
-2.424674040765244598e+01
6.693382204862444951e+00
9.456451536258299484e+00
2.531198089111767757e+01
1.998758415019364776e+01
2.221496884764174240e+01
2.867812393566750018e+01
2.032112188815573717e+01
2.528411954951339169e+01
7.736031703880897226e+00
1.872611011359381905e-01
9.506504024371892569e+00
-1.026202814783445305e+01
6.734554880888779849e+00
-1.086189640169205717e+01
-7.373755686570987677e+00
1.714517071146181593e+01
-6.716070535051411383e+00
8.272400296382031115e+00
1.657580430628027557e+01
-8.569369070750695982e+00
-1.470192169825565998e-01
3.965098929832159058e+00
5.547588916475426402e+00
-8.441740768848898568e+00
2.161809101963548585e+00
-4.949839683215405017e+00
1.055849208415523321e+01
-1.204484099140369580e+01
7.607099867577602481e+00
-6.694004821085997037e-02
2.001064016408357560e+01
-7.472341459954286336e+00
-1.381215800864959675e+01
1.749844733755906390e+01
-3.773044806450940314e+00
-1.651453529897614558e+01
-1.815784499326342427e+01
-6.391152279521161717e+00
-1.189029760534270963e+01
-4.512897775661713240e+00
-8.008326986723268703e-01
-2.229200751303166683e+01
-2.216973914860048467e+01
9.144149270956191344e+00
-9.962600075940972744e+00
2.203877307344604475e+01
-5.922299634660625145e+00
-5.264537241047555938e+00
1.714034841976770451e+01
6.706660650110038091e+00
1.082062358099121013e+01
1.719938760073105044e+01
-1.779888549404326170e+00
2.017300809501166725e+01
7.350440143904862111e+00
1.602142312237084099e+01
-2.923577132593567995e+00
1.505509471950531264e+01
-1.425043793740651843e+01
2.411942550980494104e+01
-6.658401639057327515e+00
-1.231453047112814048e+01
-2.218379326687640685e+01
-2.018131349531499907e+01
1.956813421177612611e+01
-5.624948669067915574e+00
1.801070123396412015e+01
-1.006598568448991315e+01
-1.120093338201837341e+01
-1.304341397369877953e+01
-1.736849036399507185e+01
-1.395782263316747418e+01
-8.594387059164713349e+00
1.344629926560608624e+01
1.677113429098547925e+01
2.398867493499056280e+01
-6.643288490653702638e+00
1.207750903474044435e+01
7.336275189590857337e+00
-3.378677407514089737e+00
-8.274176296450320933e+00
4.057499918045046172e+00
-1.792389071275344747e+01
-1.036387530062443219e+01
9.873005415425176068e+00
1.884871920256507138e+01
1.927492171282811739e+01
6.468875095740251879e+00
8.870084705903913402e+00
1.162483249619605630e+01
6.888824394679247121e+00
-3.374720567752842015e+00
1.527486323105219412e+01
-1.054102943894640987e+01
-2.918961842030540765e+00
7.293413036931966076e+00
-1.316919123234067968e+01
-1.859484828894916220e+01
-6.581163459498377222e+00
-1.650736061861287851e+00
1.421496481251975297e+01
2.344385447147177359e+01
1.617435680446590140e+00
1.838663761888007286e+01
-9.112882956356898490e+00
6.610578871945655521e+00
-1.906696539577178484e+01
2.318170115170886447e+00
-4.936597869612899814e+00
9.961259887661881862e-01
2.315871960270952457e+01
-7.316989732732377405e+00
1.741399806559942931e+01
1.144635911402380657e+01
1.531571702370433030e+01
1.084726068204806637e+01
-1.169352954767627040e+01
2.744553756523302468e-01
-1.833448504969531001e+01
-3.853764038080953469e-01
-2.389459099411863718e+01
1.407035236191223504e+00
1.275361934859901680e+00
1.046994787791425097e+01
4.437395217172635853e+00
7.919901127132504826e-01
4.573960703177981202e+00
1.425755434595935611e+01
-5.454689021182648645e+00
-2.598746627638181650e+00
9.226182804898634515e+00
4.395773194633214587e+00
1.345843020705378734e+01
1.476912815810138824e+01
-6.810806995530985120e+00
-2.112876038679761592e+01
6.094559999409668194e+00
-1.506330843215163462e+01
-6.862409801795390507e+00
1.199977037974949923e+01
1.640600022431046057e+01
-7.453419211090338337e+00
-2.411496316046701693e+01
4.504044774351747549e+00
-1.322642600300703464e+00
-1.924417929093624480e+01
-1.151407244822367915e+01
-4.396107513840902925e+00
1.716594873652227449e+01
1.752230874573852759e+01
-3.024373394564413786e+00
-8.167252599281233927e+00
2.473776123788220360e+01
-9.148718925427509419e+00
-4.050329767721137841e+00
1.542307698964613394e+01
-1.736462482247313233e+01
-6.799889929730085214e-01
2.839779904358294971e+01
-2.058522153850628200e+00
-3.147042361695387314e+00
1.567886832319754120e+01
-2.451866984803672267e-01
1.395299617326267594e+01
-5.590144548698212645e-01
6.441954924813863670e+00
-1.128678036781348482e+01
4.464177819292373783e+00
-1.441240717690811834e+01
-1.058139100468198635e+01
1.003699343637059371e+01
-3.681168891691591227e+00
-7.695206137044554140e+00
2.814771735947055475e+01
2.457271778735758971e+00
-1.731921510424520250e+01
3.021278868229181569e+00
-5.293279848252716135e+00
1.419959957773591697e+01
9.493542492318020720e+00
1.969368405691478330e+01
-1.387503226483873675e+01
-4.342179112934374530e+00
9.802676217558200733e+00
9.060898124287831479e+00
9.752418506169348689e+00
1.510831129201652345e+01
-3.053067601941737763e+00
1.115683402893530740e+00
1.611672425598039382e+01
-5.211916358846252706e+00
2.048071735273796179e+01
-1.850771499552049093e+01
-1.722452447783579998e+01
-6.799167744299190019e+00
1.554459964430548524e+01
4.379747672808839809e+00
5.343730291501621821e+00
-2.375796024507216941e+00
-3.919907927063938757e+00
-5.232539576605574894e-01
-2.210663798092733856e+01
-6.983926772222190493e+00
-2.457271968034010001e+01
8.822541631074685142e-01
-1.282124736760731309e+01
-1.087060305767157331e+01
1.787040873337698343e+00
8.514281288661848635e+00
-1.405277796279863267e+01
1.473803211498016452e+01
-1.242800021950146316e+01
1.851825540837369033e+01
2.489238677319416837e+01
1.093855889147278049e+01
1.599803943881499890e+01
-9.725561952544566680e+00
7.806972624986876497e-01
8.946076616661514436e+00
2.093396497659384181e+00
2.393420681929443106e+01
1.869893798639786553e+00
-5.081284743387332270e+00
-2.257042553902433468e+01
9.700996489250179877e+00
2.737210997416816838e+00
2.117307719205292926e+01
-3.931955712526001179e+00
6.663208626792595624e+00
2.731332600186631510e+01
1.592484437795381780e+01
4.850492195544340746e+00
-6.596857171630002625e+00
3.589708448328678969e-01
-1.870609143467990876e+01
1.353902218556520154e+00
1.047800660028074304e+01
5.473573345270352775e+00
5.574492192537420010e+00
-1.723917695971909581e+01
-3.454442309869683925e+00
4.118015216370189080e+00
2.129727805892521530e+01
2.964627435710507797e+01
-2.556918562814143314e+00
-5.981465777594536348e+00
8.584947587737460140e+00
1.522141092215476732e+01
6.296971634180216881e+00
-7.930908927977569078e+00
-2.473815393776199301e+00
-5.153734013833418004e+00
2.187956848256604303e+00
6.497676103072898002e+00
-9.911102138762455382e+00
2.612494071627438075e+00
2.670937565481288090e+01
-6.436771257187324125e+00
-6.278014345777588545e+00
-4.372583536175834951e+00
-5.398752794265746502e-01
-1.212305164026030369e+01
7.390744639355808943e+00
-9.868720390332352821e+00
8.881315061268878708e+00
-1.621631306336670519e+00
-1.719089353953215493e+01
1.244926779083591839e+00
-1.731686809899869672e+00
1.424755357040815085e+01
9.443975532688426711e+00
6.240317788024320578e+00
2.122224974543476606e+01
6.546216851650640933e+00
1.374241230519186274e+01
2.406037433528908309e+00
-1.631008433066002539e+01
-2.192555188642685948e+00
4.967598476684351283e+00
-1.367905699631474903e+00
-7.276915296020796120e-01
-1.794009639416078628e+01
1.843562768557671916e+01
-3.265857782454524738e+00
1.940980721670182163e+01
3.704360030280803073e+00
-2.079031775110127711e+01
-2.516452935671946989e+01
-1.237769888309488664e+01
-1.446546244865503539e+01
1.710871982754952114e+01
-4.835276592894121706e+00
-1.485739341082625842e+01
-9.574665305658001557e+00
1.620086216709837146e+01
2.458392022583490899e+01
-1.837569130956056185e+01
-6.522804042314987782e+00
2.415006778901457096e+00
-2.636696614531139460e+00
-1.245066708204313244e+01
-1.226915146193874762e+00
8.089147131235073118e+00
4.992826215706777759e+00
-1.425679564526240384e+01
1.233427356194759028e+01
-3.376670188290042063e+00
-5.742078645535222847e+00
-1.073659391380341788e+01
-1.052240729469505709e+01
-6.865905965148630941e+00
6.341890377160446235e+00
2.390919551223738893e+00
1.502605592252410815e+01
-2.283489087860725775e+01
-2.023602179509765620e+01
4.538350099663375659e+00
1.029268271937585411e+01
8.953352791141384159e+00
-6.680684294206510998e+00
-1.651342354560875592e+01
1.827753113706820898e+01
-1.037342670488196106e+01
7.512498745685682877e+00
-2.351620466095692308e+00
1.300331615796184792e+01
-3.699932910608680459e+00
-9.061086244464817696e+00
1.030530496169502186e+01
-7.799432891254756584e+00
8.936392172384209687e+00
-8.531600875821791163e+00
-8.417623404449791735e+00
1.220405645651961635e+00
1.814622232629697862e+01
8.727480755817573765e+00
-1.356714685171045431e+00
-1.151941951526690033e+01
3.428124128961989925e+00
1.364532289509068619e+01
-1.689211484704878075e+01
1.220310010756480779e+01
1.822483888604097046e+01
-1.031339009367968984e+01
1.122401580060244441e+01
1.298933587717034754e+01
2.291545941115889207e+01
-1.941969371465009075e+01
2.101913718535744380e+01
1.197379138994821091e+01
7.245464904522400218e+00
-7.480827357760503560e+00
3.019223615190085752e+00
-2.245704282580174294e+00
-2.642543616849274812e+01
-2.631741354606333516e+00
3.712710986834252935e+00
2.802515236766689100e+01
-7.451257451698726442e+00
-2.067691106599803064e+01
-5.198810091939705558e+00
-1.209892558051881650e+01
-1.872893013767833281e+01
-1.005793189623545203e+01
7.149403842295484424e+00
-1.436617446653217733e+01
2.078802327631350266e+01
6.399053232405250924e+00
1.103386804233985430e+01
1.253683008334039783e+00
3.314676942175580621e+00
-1.919191671758323992e+01
5.289298419231961645e+00
-5.519968764512206860e+00
6.278423801580778729e+00
1.074757428995803110e+01
3.682978342290056162e+00
-5.126411135111624162e+00
1.017135439266161967e+01
-1.312116616446751749e+01
-4.839897964018447851e+00
1.896947987102036848e+01
7.951575943516935752e+00
-2.077244910565706704e+01
-2.700575421838898649e+00
1.909605373030260012e+00
1.693320731765030018e+01
-1.059743150351351204e+01
-2.612680893136273852e+01
2.643396766999752856e+01
2.761494258084347564e+00
-2.020763766193542921e+00
-3.972882239419163852e+00
1.517513548991516359e+00
3.702574624482792842e-01
-6.346574881244642086e+00
1.321403853669932005e+01
-8.974544917175499847e-01
1.008346998788449156e+01
-1.394108538088920568e+01
-2.658671333424969419e+00
9.076386416122801393e-01
1.849936327751076703e+01
-8.614930020460999316e+00
-1.370409911937059277e+01
-2.099075023740883950e+00
-8.308476641385087902e+00
9.741519708491452434e+00
4.716845623493206574e-01
-4.211793690792902112e-01
-1.801404430906948306e+01
9.370687101996125534e+00
2.691284128336889125e+00
-7.503399315077082576e+00
1.664003473733367144e+01
-2.143753122963562774e+01
2.458190244824763226e+00
-7.331870015148776787e+00
-1.166008611290862618e+01
1.163559022556624001e+01
3.002526207203786157e+00
4.309759240102060573e+00
-8.561760356934868810e-01
8.208732533229351702e+00
7.148550131353552217e+00
1.302488541016481349e+01
1.675291771044007305e+01
-2.209281736607716340e+01
-2.764416697851446969e+01
-6.872315333279104266e-01
4.009827312966855573e+00
1.126648096145177647e+01
-5.329050629728932620e+00
-5.187871535506854315e+00
2.033022981635000548e+01
-1.745173976759157597e+01
1.074840094928023149e+01
-3.947439879899931725e+00
-1.877353306154817147e+01
5.160231827312252051e+00
-4.012353942732552525e+00
1.216492812454296057e+01
1.898515014897893849e+01
-5.068581941183282424e+00
1.083579245312645156e+01
-2.117344991822275091e+00
1.007386010084069738e+01
-2.138841234269550995e+01
2.003677171551197489e+01
-1.668671228081630531e+01
7.056405533138907060e+00
7.106851667355499558e+00
1.364730856117203928e+01
-6.543466543402985280e+00
1.820652534121565225e+01
-2.388963872810552758e+01
-2.506211410683345520e+01
-6.179328675771159851e+00
-1.721862073863093201e+01
1.655285801678944324e+01
-8.303366290727716148e+00
1.607191106301597472e+01
3.097435194632126354e+00
-1.603817813702612582e+01
-4.225355636728188813e+00
-1.717568767588623757e+01
8.189159583679852972e+00
