-1.958589639773972380e+01
9.727549618433855017e+00
1.699128847293588507e+01
-8.275310109480074061e-01
3.822849400922621044e+00
-2.200358987795802079e+00
-5.477323466343420932e+00
8.765380007960644093e+00
-1.088545131619916617e+00
-8.438868731629014519e-01
1.658278605180763066e+01
1.247066696842183120e+01
-1.146152092949996515e+01
-7.010317200058622689e+00
4.284168505519325265e+00
-5.368872771846774583e+00
-6.066405230756888756e+00
6.877650714336311921e-01
8.702643424725877708e-01
3.933077201131148115e+00
1.103748550770903591e+01
9.975780873074697297e+00
-1.024810587055660704e+01
-1.361639995192673780e+01
1.402209250780294525e+01
2.341740650403224322e+01
1.843766102328474688e+01
-7.954078978381186715e+00
-2.919322401648212661e+00
1.503479333486999536e+01
9.456317461701360116e+00
7.267119365728547109e-01
1.924266459969332743e+01
-1.430324791842387810e+00
4.481914595056473161e+00
1.492998803775392958e+01
-4.018344797180084527e-01
-1.472078569282966853e+01
6.511531235391160521e+00
-1.234273919272664699e+01
1.197648980964331145e+01
1.607670272380268273e+00
8.310727545661691806e+00
8.250566678490024231e+00
-8.209215893434610223e+00
-9.576391364049683830e+00
-1.870312246462545147e+01
2.391271204923098281e+01
1.396694841808405840e+01
1.222293758021273646e+01
3.235170260558220434e+00
5.874752597773323259e+00
-4.417064159644080945e+00
1.220373168710307965e+01
1.989930856732183173e+00
7.999745099340202614e+00
1.405809897282763643e+01
1.009409218110054240e+00
8.203298881968002831e+00
1.342134693185652594e+01
1.724245904697006893e+01
1.376851208220682565e+01
-1.368012847410205524e+01
7.571449367079360115e+00
-1.222603584265300825e+01
1.815914470221148491e+01
-1.645608863704390501e+01
-1.229449420797258696e+01
7.470624772274888414e+00
1.718692665971569511e+01
-2.161286508286675456e+00
-1.951499804195281840e+01
-3.303196242156143825e+00
-2.414533157536588703e+00
4.168561528705552632e+00
-2.205093399661307529e+01
-4.071072841364564709e+00
-1.537700755958475618e+01
-2.018926115377036368e+01
2.238103029924012333e-01
3.936387323825577766e+00
7.388852187114281378e+00
-2.866057550731689219e+00
1.400432150287209510e+01
1.182884322248231257e+01
3.433567681348620226e+00
-3.060304460254386072e+00
-7.014960984137278643e+00
8.522210251658584923e+00
7.653455473303651502e+00
1.199237993245517941e+01
1.145088194292605266e+01
4.104728175171622695e+00
1.090228744738762856e+01
3.353484871185784755e+00
-1.029426527371655098e+01
-1.980495934370025424e+01
-5.202436670748891601e+00
2.111790621354005282e+01
5.780479478885389710e+00
-2.219546441440567008e+00
2.165936506762056979e+01
1.031248317089364974e+01
-7.719910697626843898e-01
-1.470956868295150421e+01
-7.640517322129230848e+00
2.330774669401165511e-01
2.963604377487527586e+00
1.028800328190855140e+01
-1.205096234676290834e+01
-6.093792550021959187e-01
-1.209569932481550936e+01
-2.571674853029996655e+00
-1.737006702557317084e+01
1.440221730341164630e+01
-7.097424245825191491e+00
2.313537982653549818e+00
1.579929818835758226e+00
4.918571761578085955e+00
6.015683856711966371e+00
1.836655145728002481e+01
-3.992264132625770401e+00
-1.151073040708007511e+01
1.377912768467523108e+01
5.447664257199818394e+00
5.243196875819158720e+00
6.322055387505997714e+00
1.355903834573967970e+01
-2.232608142554834885e+01
-7.282833827710909702e+00
-1.510783681489968444e+00
6.933138764024157297e+00
4.204358059984009799e+00
4.202945088376360161e+00
1.643446419390470936e+01
-1.315108764851858680e+01
2.154301027131716495e+01
-7.509077497611102103e+00
9.613829878278728813e+00
-3.267267096983662356e+00
1.166757822150886170e+01
2.432049426097955802e+01
-2.749576892005734408e+00
2.548918906757911884e+00
-1.536968918723510313e+01
-2.192581963702487258e+00
-1.203618289232434080e+00
7.116872650656652866e+00
-4.546213550481855492e+00
7.738912010226428606e+00
8.214335371471605640e+00
7.476408019351943324e+00
-1.256574826316937532e+01
3.198310672090670437e+00
1.742414637912700925e+01
1.414744630336357289e+01
2.249972409796022532e+00
-2.272538343601099342e+01
-2.761180569954966302e-01
1.653116051160985478e+00
-2.852633544731020265e-02
9.819193551526353758e+00
1.132439921152721496e+01
1.067420037760581408e+01
-5.143773676089438140e-01
-1.596030099762662502e+01
8.405604029080379291e+00
-1.304476126526232349e+01
-1.822214440123099166e+01
-8.762329421819110564e+00
-5.520248602125874982e+00
-2.530168091958948651e+00
1.397632658962541541e+01
1.841267471875893591e+01
-7.194819943120823069e+00
-2.767131984149376223e+00
-2.544534921390749105e+00
-1.275854260517765937e+01
2.560326813901561849e+01
4.713439987663420538e+00
-1.594340927272629926e+01
-1.152081137506626263e+01
1.489904216298410944e+01
-1.001855727698544030e+00
-1.040035469490086584e+01
2.993712598028743344e+00
1.529207948685505869e+01
-1.823387153090185819e+01
-1.614164512341777780e+01
3.780187035215838876e+00
-3.633605182445265314e-02
-1.024016052497497142e+01
-6.784134452082227540e+00
-1.087976267425820609e+01
1.653811961675665998e+01
3.748115229650402114e+00
1.559059861789336310e+01
1.531325163895729702e+01
-1.100098610459877335e+00
-1.091637690550230388e+01
5.505642362073039919e-01
-1.301617904325450326e+00
1.065830277970085405e+01
1.119381796205970403e+01
9.026604552026761041e+00
-3.231249995716343193e+00
3.463387412302765256e+00
-1.303165557715841771e+01
1.725544679398128523e+01
1.604890295149284185e+01
-9.626160597307240607e+00
-6.454107209855081351e+00
2.714041674343341981e+00
-1.503843022698980647e+01
2.644048070600049982e+00
6.348845334880031999e+00
-9.471036270742878571e+00
7.724994171504604878e+00
-1.694395175159635158e+01
3.709751559430415568e+00
-2.002254717915253934e+01
-1.556221614737017944e+01
-1.465481016834070260e+01
-3.574938705227683755e+00
-3.053894462894074735e+00
-1.497577467573275811e+00
1.450227281425932091e+01
-4.872939190000842302e-01
-1.110090505387123017e+01
1.100386117079052894e+01
-1.258872132008494305e+01
-1.067486100285393746e+01
8.974603830530703874e+00
-6.546193036659150977e+00
-6.831465691451789723e+00
1.496026308738810684e+01
2.116621413466859281e+00
1.204857045183145914e+01
1.503358406626253441e+01
1.459610874005552006e+00
2.057528403760420588e+01
1.539939944782605608e+01
-9.443532442341151523e-02
4.305636595483719020e+00
2.733547821437142034e+00
-1.558791360850019458e+00
5.780914945845864850e+00
1.193124213776829379e+01
7.885002702368559824e-01
-8.975977985482455068e+00
-3.992193728151029575e+00
3.985817456119633562e-02
-2.140057328593124097e+01
-2.166677720970928078e+01
2.019767663632941179e+01
1.509920341473228689e+01
6.297567050957390222e+00
3.199503895441822010e+00
1.510196401244389364e+00
1.859946644961581086e+01
-7.697407207186863332e+00
1.135908343469037618e+01
-1.447378962767661648e+00
-8.990662485391059278e+00
-1.567480915805301400e+01
3.676892489968750510e-01
1.052304725409116060e+01
-3.072745292323538990e+00
-2.174905675862600418e+01
-4.475121821299616443e+00
5.529209526215851156e+00
-5.219075904368516206e+00
-9.172062412235074902e+00
8.391911249366536651e+00
7.045166947022700299e+00
5.839742457873633441e+00
1.390873424030240102e+01
-1.817041306130020928e+01
-3.720521156292193155e+00
-1.688384597254455599e+01
-6.128306827702104442e+00
-1.684264467049242953e+01
1.445517967801750103e+01
-1.433322767947662513e+01
1.394119438276270273e+00
-1.911625481927393366e+01
2.522320830242833267e+00
1.253120644364211955e+01
-2.783539680944834060e+00
9.779331416089782181e+00
-1.417111817320100009e+01
1.699854859065718671e+01
-6.330877935661796130e+00
7.872418005109445005e+00
1.004759920103596471e+01
-1.772607965088197091e+01
8.904384789326684313e+00
-1.255062069984252560e+01
8.496078747169846679e+00
8.923503241930191621e+00
9.810347370603658135e-01
1.751173625580391047e+01
8.836252449793619235e+00
1.796852692083845682e+01
-1.866598766165143530e+00
-1.147116446418923630e+00
1.020438560082190094e+01
-1.990144127061742196e+01
8.249004847667670504e+00
-3.975865898927501974e+00
1.088194300731247921e+01
1.109124302874152335e+01
-1.648556494365577407e+01
-2.501661739608575630e+01
-3.248972377934535416e+00
8.955687596895877789e+00
1.337769656301676946e+01
2.376389532289461215e+01
2.032607222329978924e+00
1.740305303685154570e-01
9.770951933863230465e+00
9.632019555548204437e+00
-2.196013156954484913e+01
-1.019878966654626851e+00
1.229312620452350302e+01
1.386618898690166191e+01
1.085298740491800373e+01
8.495986598870921114e+00
-4.266134448731683904e+00
-1.040252885813068673e+01
-4.656858800155504241e+00
-2.244304859161943000e-01
-1.999535306078661634e+01
-5.957913261944632666e+00
1.777837614171649250e+01
-1.316354743285196349e+01
-1.310709470624991013e+01
-1.137175174453300741e+01
9.743021387083395268e+00
1.251953720152698679e-02
-1.581019618662960369e+00
9.295363424321344326e+00
6.170201234748276420e+00
-3.216484561713691903e+00
1.477227550835903003e+01
-3.998464316066719704e+00
-1.359307377723032673e+01
-1.204850262436039543e+00
-5.583027485849846983e+00
2.249095159043130820e+01
1.312717519835740632e+01
2.098247599533188179e+00
9.658451833670781639e+00
-4.429997708602396500e+00
1.061553104083962040e+01
1.294626373148844323e+00
-1.390976036997958687e+00
-4.605273257453184499e+00
1.826149183418504407e+00
7.277234993809329922e+00
-3.279743604237097543e-01
-2.830666086722377628e+00
2.490895509990264856e+01
7.368164214258527522e+00
-3.277035414199357177e+00
3.977462510326553513e+00
1.829040356663457345e+01
-1.679427470129471800e+00
1.598602791097839315e+00
-1.287372533865465130e+00
4.426087458627748106e+00
2.114021134902294818e+00
8.776804257431777501e+00
7.045300071901237970e+00
-3.641061731105079247e+00
1.557004790448925746e+01
7.714174629492831059e+00
1.125995528959681735e+01
6.735429974827283672e+00
1.066877616096682146e+01
-1.521637828355426336e+01
3.822250237750793644e+00
-1.143861421893926789e+01
-4.328394254209744219e+00
6.244186455543122349e+00
-1.462605041575173814e+01
-1.631686748496442974e+01
1.991293303130351688e+01
1.630684501590090463e+01
-3.457903634457316855e+00
-1.055937713380394882e+00
1.458763763036437666e+01
4.671646046548957543e+00
-1.538874912756475766e+01
4.594556296881862067e+00
-2.123151552652479168e+01
2.326129990950927606e+01
-1.394643541493742944e+01
1.926611945401945292e+01
1.336033864013203498e+01
-7.080040978251005868e+00
-2.067286613086688973e+01
-2.065848474267323098e+01
1.392191295048435506e+01
-1.874906156121356560e+01
5.396576709236946101e+00
3.912336575378446923e+00
-1.173623892779272282e+01
-3.199190030370374416e+00
-8.952065088118331460e+00
-9.160410260953820938e+00
1.150513871377663833e+01
1.503052978365535353e+01
1.181997762015532061e+01
-5.181108508094922627e+00
-1.195818009115283687e+01
2.917109570899256710e+00
-2.200280570831036897e+01
-1.666112877632524913e+01
-1.661688024686264953e+01
-6.468714802278018539e+00
-2.192659922768139324e+01
-5.560767812240797525e+00
1.431627170549116101e+01
1.312515978443592246e+01
-5.370929964007864044e+00
1.127501703581710757e+01
1.969298778410010442e+00
2.177910845325101263e+01
-1.247200486312084422e+01
-1.065348675452295879e+01
2.422548327974453741e+00
4.720086195836131537e+00
-1.475633855479931889e+01
-5.654183934319640059e+00
1.458718538611869064e+00
-8.314368469171885323e+00
1.470809877141647348e+00
6.682056481661888370e+00
-1.875505027623975352e+01
1.186185969786355798e+01
1.131127031056848864e+01
2.179724060039736599e+01
7.405169032796727890e+00
-1.275260373760520594e+00
1.943491138393662965e+01
5.264323988256784048e+00
-4.132082849820687187e+00
1.780844291380323341e+01
-7.019317963395206306e+00
3.071938660232433449e+00
-1.179907469639322670e+01
-2.501245785129935939e+01
2.775444763512481927e+00
-1.203516557258151209e+01
2.161329352547758731e+01
4.426696280872995715e+00
-1.962257445700223002e+01
-1.278362604991264107e+01
3.141818150202688287e+00
1.399739634539961486e+01
-5.890708296116315523e+00
6.367487769384226226e+00
5.413485551889479552e+00
7.782511664312472988e+00
1.353384395799692186e+01
1.251521194872697862e+01
-5.851521697005246381e+00
-1.406688379256639720e+01
2.012656803139798711e+01
-1.169292316767771212e+01
1.444364111398664363e+01
-7.867855888866266412e+00
-2.497134977817136559e+00
3.997022397374152547e-01
1.799150343816167918e+01
3.227933135830618028e+00
-9.128801670177402627e+00
9.873485448971649703e+00
-1.453575867255770149e+01
1.265830541284362454e+01
-1.522410988892878869e+01
2.003975704634562760e+01
6.545933731171658110e+00
-1.439460175618375537e+01
-9.909247163401321501e+00
3.149294630751576562e+00
1.821504940167312725e+01
8.795979781017130961e+00
8.830260066191826240e-01
1.091302008673623902e+01
2.253886145040794986e+01
-1.958136630109953558e+01
-8.995407237203146167e+00
-3.413319073127322412e+00
-1.292706217028442239e+00
-1.711098383950429636e+01
2.234605913898545282e+01
8.548359000376443362e+00
-8.304846555444171941e-01
1.190817826624650877e+01
-7.529753756171881918e+00
-1.849717192978283009e+01
2.020362489664734085e+01
-7.858994005116151982e+00
3.764979022560510202e+00
-1.561274952848455655e+01
1.633312549830562688e+01
8.789184186408711241e+00
-7.067303403285663421e+00
1.761718384311801344e+01
-1.251127160765991420e+01
-1.964500125756328686e+01
