-6.615982180074464480e+00
9.339846269712467119e+00
7.753720808372911222e+00
8.491702560047585280e+00
-1.137650657610923233e+01
-1.288914499516986467e+01
-2.929722670860750711e+01
9.312292072311819879e+00
-2.601384650976509505e+00
-8.510005630696724666e+00
1.193023461501073257e+01
9.126289477283570761e+00
-1.632123306599986989e+01
1.027236167226909913e+01
-8.441025828744983528e-01
-1.253347768722909095e+01
1.505870581033671129e+01
2.450389584616942784e+00
-7.346280308164555350e+00
-1.931045760613531215e+01
1.865551352347932124e+00
2.442413418336906972e+01
-9.460672985550623082e+00
9.773090514661191719e+00
1.984180868559616329e+01
3.696592900546335159e+00
5.236961036831253580e+00
-3.815026429737518043e+00
1.677265347722567412e+01
-1.900519345249662706e-02
-7.570920010967661540e+00
1.647789066545216485e+01
-5.180716662032516240e-01
8.504241245601761534e+00
-8.108555256473234607e+00
2.797088974544831785e+01
9.157090806877818068e+00
9.958614391241695785e+00
2.316491926664086520e+01
2.907823430256769370e+00
-2.778217130720690875e+00
-3.571978796487172758e+00
-8.299711641673724216e+00
4.307110155609130686e-01
7.398067593394436869e+00
-1.052886350231726453e+01
1.283016063215249858e+00
1.414891423049995467e+01
-1.350740634280494135e+01
8.562627844004971678e+00
-1.229544437383314914e+01
-1.512540286073893725e+01
-3.991750709093526694e+00
-9.019430749309165662e+00
-1.753695028588948901e+01
-8.137385107488341873e+00
-5.415564922883710608e+00
3.606623804055864468e+00
5.157952796222474490e+00
5.355182224572125449e+00
-6.350101939555496955e+00
6.586991585589956344e-01
9.100868450078678507e+00
-9.636372270797618711e+00
-9.266602709096076751e+00
1.584565749933089762e+01
-2.087673248594651199e+00
-6.436131889717906063e+00
-1.967332688746094504e+01
2.203731528500613024e+01
1.116170975344066818e+01
-3.707204274428899993e+00
-8.619370317555627992e-01
9.514147308102302247e+00
-9.279712377604244722e+00
8.960758289032987989e+00
-2.396843241716857875e+01
-2.477890066154656878e+01
5.501699585092168832e+00
6.538140551495345676e+00
1.960043434949527352e+01
-3.842593789392225290e+00
2.691805200118436403e+01
1.864516687398931083e+01
8.496560479319995807e+00
-1.135130888994792286e+01
-8.976124164222095914e+00
1.873212866348886507e+01
-1.044495969981564798e+00
5.807759643652374848e+00
-7.791422267197010143e+00
2.265746957880132584e-01
1.781737410553228074e+01
-8.957264487442035517e+00
-8.695011983161698765e+00
-1.574984217301530620e+01
-1.712667297557018387e+01
4.785561815796789631e+00
-8.026844139147396362e+00
-7.760358947046423594e+00
-1.565683836250761729e+01
5.562132748349661426e+00
-1.147355374455224108e+01
-1.454799328642849332e+00
-6.435858020250080358e+00
-1.038841312193344280e+01
1.469918580109715833e+01
2.380831620807741444e+01
2.293984306829211306e+01
-2.637242889806838519e+00
-6.956600843472223517e+00
8.913714765774990667e+00
-2.988624333412750289e+01
-1.465249051925005297e+01
-9.758543865692310249e+00
-1.939703386225259862e+01
1.411403737493125732e+01
-2.653759343606179044e+00
2.513646090470248851e+01
-5.284657832161649083e+00
2.378109263771065685e+00
-1.933458285937977905e+01
-5.152197166777167325e+00
-2.615108545272164520e-01
9.956459408233406805e+00
-9.158509567980765098e+00
2.799335995295193413e+01
-1.823126399645483531e+01
-1.267433992876241788e+01
9.593663118474495377e+00
-1.188900865900208004e+01
2.997222747851132851e+00
-7.591997536823051007e+00
1.936338663146399597e+01
-9.851298808898473425e+00
3.886722609788733962e+00
-5.606687741342518905e+00
2.429903004678356382e+01
-2.538566809557716297e+01
6.518561685715447140e+00
-5.134947057312437835e-01
2.136731934802966748e+00
1.212737134279082341e+01
3.467214023825498259e+00
1.039868372323718404e+01
1.563492042380165259e+01
-1.464974499777255446e+01
-7.953227358216775400e+00
1.067545153559581195e+01
4.322866452043214736e+00
-1.935523511255645701e+00
-2.770868917714243906e+01
-5.681653134765049629e+00
-3.369599555951371173e+00
5.426891093674129252e+00
1.703023203446954881e+01
-4.551683342360025364e+00
-9.354321064743839287e+00
6.604212597525446427e+00
1.842259956327702497e+01
-3.050725003483734099e-02
-5.535828285143740146e+00
2.374929215626445966e+01
2.617631081950855076e+01
2.858614920957301564e+01
-1.144977325670574331e+01
-1.479039281806610262e+00
5.458748546370863153e+00
-4.629852290409484539e+00
1.177207170289062077e+00
1.074718750810387746e+01
-2.729539675138254751e+01
-7.031876700089977561e+00
6.777244457217648232e+00
2.510277837394665568e+01
8.222690051443954928e-01
-1.913181069091426423e+01
1.351499643971544629e+01
-1.633969538612845440e+00
5.619117487758096274e+00
-1.963709942372716455e+00
-1.640285585457504425e+01
2.249636126078684129e+00
1.997149754035199010e-01
1.931103620369412255e+01
-7.555688485044456115e+00
-1.238647274523701824e+01
-2.229116721784720312e+00
-2.587922589692201569e+00
5.347572113826970508e-01
1.832748217970839733e+01
6.244664285960141115e+00
-4.113394321082218141e+00
4.248829955029471250e+00
1.115038932130354965e+01
5.124880546569720252e+00
2.439824276211182053e+01
3.154093593178004085e+00
-1.544871849588862034e+00
6.875312837650511710e+00
-2.624181409601741422e+01
5.353789086210660741e+00
-8.355763383400862665e-01
8.397589083725655712e+00
-1.108548713081385273e+01
-1.111739988940964707e+01
-2.184960091052364817e+01
-6.919815788509353638e-01
-6.695225020377293390e-01
-1.177909209749614305e+01
-1.423363876989819943e+01
4.102676340535239774e+00
-3.330055377805017258e+00
1.774581284628605005e+01
2.104813404835368829e+01
2.190312560964912336e+01
-4.849202922575607033e+00
-1.569166053042744835e+01
-8.642040312218757236e+00
-4.485984248592671975e+00
-1.766765651620242750e+01
4.874012405043785634e+00
-1.220119142505291521e+01
-1.375140878394863364e+01
-3.011702966326161857e-01
-2.607614462554833068e+01
1.502296268410021440e+01
2.073609003037943666e+01
-8.557325291660269784e+00
1.872890581347085970e+01
1.251336643678095584e+01
6.835308134697342552e+00
1.470574174211554208e+01
-1.115919842815195295e+00
1.052027551138266404e+00
-7.969020992211536480e+00
2.846747583759540134e+01
-1.697526021310415345e+01
1.628833377900669177e+00
-9.476747646226709065e+00
3.433788740121819671e+00
6.471570838277116877e+00
1.553865813807472307e+01
2.651907597815821305e-01
1.327280363214063641e+01
-5.275175704656636100e+00
-7.185544814246245693e+00
1.955976095023618200e+01
1.943406929038079767e+00
2.115134427883405266e+01
2.731246303102267348e+01
1.072545453665960480e+01
-1.514720246050957542e+01
2.352821741186666316e+00
-2.639061701059862486e+00
2.172851369126924936e+01
2.848776302534560045e+00
1.421437865398765865e+01
2.896964751168695784e-02
4.927873082436612151e+00
2.524657287482142465e+00
-1.320493213898539864e+01
-8.993566512197880058e+00
-8.252614723324711576e-01
-2.306418924105024360e+01
-6.296055221902747689e-01
-2.114705064173637794e+01
-4.554356302726002781e+00
-5.258140607330592076e+00
1.005991178225130511e+01
2.934748118478921697e+00
2.754795440341439416e+00
-1.504188661366988988e+01
-4.562218490077974309e+00
1.435121498484558344e+01
-1.126734875144195414e+01
-1.374861157897886699e+01
-8.693256089318879276e+00
-1.183784802589078922e+01
-1.598750012987815872e+01
-5.093115592420829785e+00
-1.810495582517133784e+01
5.730575064136644414e+00
8.330305347543209393e+00
3.634076122605641501e+00
-3.415189800904677497e+00
-1.060804809037340846e+01
2.872935948530730599e+01
6.305991841482175175e+00
-3.360236230919301903e+00
-5.341124159252672143e+00
1.725845500415843503e+01
-2.235565145275813492e+01
3.295145191986705413e+00
-4.096628188751147093e+00
5.808565399019990139e+00
-7.337169162589916027e+00
-1.776214137244722835e+01
1.814930448175535105e+01
1.627839515851804464e+01
-6.004973856846277158e+00
1.152143946713965761e+01
-6.578208345095433174e-01
2.580542024729486172e+01
-1.980657737984933675e+01
-2.297349249288514983e+01
2.132492857826085242e+01
-1.643780876062547947e+01
2.572304281948220250e+00
6.453130894446083232e+00
9.816279014609506248e+00
-4.269240933410618055e+00
4.827755801333147190e+00
-8.003039100847750831e-01
2.942201410801577310e+01
7.327281666516718417e+00
7.934363453221493501e-02
-6.446412253198808173e+00
-1.437959633218644662e+01
7.770140473552380911e+00
1.517124433350248580e+01
-9.491120951908463610e+00
6.112282592633810907e+00
4.255856606319298407e+00
-1.574328448961952631e+01
1.644903808723776706e+01
3.861635475822438934e+00
-5.427537979289471792e+00
3.017451750897521379e+00
1.635228167160836676e+01
3.156361628907497163e+00
1.566027255143026764e+01
3.039148054666434007e+00
-9.295007910519899497e+00
2.384375989714077804e+01
8.655213035804806054e+00
-3.046323724082554918e+00
-9.444360142725010121e-01
1.073691722266378434e+01
-5.185121936885302318e+00
-9.376971361687068907e+00
1.008550244136648644e+01
1.622877645648379286e+01
-7.129533150313783096e+00
1.752819048298781013e+01
8.157361340352451862e+00
1.903075905371103715e+00
-1.533834921483953551e+01
-2.102942570053592419e+00
4.865820402697615066e+00
4.913144836437354002e+00
-1.405746363907289087e+01
-9.188913328761216803e-01
-1.233106726865929303e+01
3.431696318816605640e+00
2.464812477158057646e+01
1.914155176950492177e+01
7.346400702323563792e+00
-1.015638396614904337e+01
5.303012162464582957e+00
-2.909428596166922176e+00
3.337769797766689805e+00
8.692152773050295878e+00
-9.656677768520353311e+00
-1.405457707720878702e+01
1.172941722205240467e+01
1.193153983403697538e+01
-3.511620787979275349e+00
-1.022600730355596710e+01
-1.928279453793325615e+01
2.999999999999887024e+01
-2.940055477362561476e+01
-9.813338189479146934e+00
6.493963109923633681e+00
-1.796871806068891786e+01
1.615208152522822616e+01
1.597338735378851027e+01
7.350885207151740985e+00
2.209631652863619422e+01
2.544765337519668691e+01
-1.319818283558712935e+01
7.688312682554197863e+00
4.042198048344879169e+00
-5.939158783250778839e+00
-9.756782431699107860e+00
-3.367412487723015602e+00
6.276447131098919385e+00
1.152134974614919116e+01
-9.802304515244127714e+00
-4.072555653074729776e+00
1.756270556342337841e+01
1.231508157137657378e+01
-2.071708733120319934e+01
6.517909674401138886e-01
-1.404312732758739912e+01
-7.065863194086254850e+00
-6.225500988381508449e+00
-1.327194278386305015e+01
5.313711264133232248e+00
2.786539283268696465e+01
-1.368989887717734888e+00
-1.188904889195634240e+01
-1.231210749800336401e+00
-6.225784527927089584e+00
4.857453737136388838e+00
-6.122619434618108869e+00
-1.888229908299766890e+01
1.569510092252804156e+01
1.688241153096612379e+01
-2.375165587313118820e+01
1.133757399272725053e+01
-8.074064672411964239e+00
-6.574079073686196040e+00
-7.364307585035369641e+00
9.742030182674724870e+00
-1.833846674077095429e+01
3.968046468367106172e+00
-1.723702469066818566e+00
4.082057746599296877e+00
9.256294099381868534e+00
-9.691523294334878358e+00
-1.195302719885368603e+01
3.245510637180345270e+00
8.488306610374792172e+00
-1.534167141219243646e+01
-1.881280291634761426e+01
2.549747493363703654e+01
1.697980189875789137e+01
-1.154650005906549737e+01
8.155322072747836160e+00
-2.274235156342301423e+01
8.448619059571470302e+00
-1.011015120830861491e+01
-5.335929604200931209e+00
1.259510845236156484e+01
1.301285318839106253e+00
-1.214868930497300781e+01
6.968404952855692613e+00
6.448507342794677299e+00
-7.606476833515966263e+00
-1.940212072078313810e+01
-1.553960325094996442e+01
-1.152030229500751801e+01
-1.623467538675937760e+01
-2.358533918561239062e+01
4.154490805359699834e+00
-6.467817923282552783e-01
-1.495480048080263735e+01
4.625385748580924883e+00
-1.410719226699235840e+01
5.427439271010605637e-01
-1.161618483265269575e+01
-7.044316930192273674e+00
8.391150049270095224e+00
4.500301167565076810e+00
1.391118840033429649e+01
1.045115137396449256e+01
-2.450159271639909164e+01
7.766116827989293370e+00
1.731934208213786519e+01
-1.683885478470161701e+01
-1.163363277382714855e+01
1.745411026184996928e+01
-5.915513361966503680e+00
3.657802227009860019e+00
1.422779012450894953e+01
-8.865710290969452956e+00
-3.512943405504895367e+00
-3.061607726205803459e+00
1.387809657465076896e+01
1.242669829807123705e+01
-1.424072170437964147e+01
-9.377060459408305348e+00
-1.854870706068922459e+00
3.291826637513501908e+00
-1.276107455609648156e+01
2.107273050859809160e+01
9.866974072590942058e+00
-6.543372540768253032e-01
1.983191807390830519e+01
-8.436046464486413043e+00
1.717148709443905119e+01
-9.929858060041951262e+00
1.444390627827748830e+01
2.129640521854418722e+01
1.835236735868461722e+01
2.751185242429465205e+01
5.283191911894576265e+00
-3.943489229318579703e-01
1.145160237355836585e+01
9.639432679830868267e+00
1.956908757668700360e+01
4.617825155099161805e+00
1.462917141353222661e+01
5.676492867204110837e+00
-8.825429748932535290e+00
-2.949256825502778412e+01
1.357648649364205085e+01
-3.604949535900562552e+00
1.369630829414627016e+01
3.328696841597860612e+00
1.692709014660665190e+01
-4.204638988452099824e+00
-2.499839340302269619e+00
6.406990364026867724e+00
1.905816391028414358e+01
-2.493952169165145705e+01
-1.440357702828590547e+01
2.963832780028483427e+01
1.888223736920664209e+01
7.594176164112305116e+00
6.948219186136924463e+00
-2.423954880546973101e+01
