-6.308400113609863524e+00
-1.028042252462283912e+01
2.417233163430921650e+00
2.106539996252465130e+00
1.750146890517427778e-01
9.410328574044257266e+00
-1.138794111586933866e+01
-1.065694762068392620e+01
1.358252087093943317e+01
6.847762434423223965e+00
1.089663069577711241e+01
-4.397952273417327973e+00
-3.329537135158059158e+00
-1.900696130539488138e+01
-6.430340845490434276e-03
6.561420367212669191e-01
-6.688660669980848184e-01
2.611804548743582188e+01
1.520752179235556412e+01
1.854982379485644373e+01
6.093348592625169147e+00
1.510199284395042696e+01
-3.444675249581937493e+00
-7.209676235220157992e+00
-4.701422963759664952e+00
1.073290277369072498e+01
8.272807168736555639e+00
2.091565686820783299e+01
7.103677995160772696e+00
1.176164388418155227e+01
1.418965619349548035e+01
1.889702870035452520e+01
7.690565326416361813e+00
2.570177286477836276e+00
-1.424143533466212297e+01
8.749631095338941122e-01
7.343738363392141366e+00
-7.189626984744258209e+00
-1.148810149044206952e+01
-3.714782670290958322e+00
8.333079560341246861e+00
2.537381342713985077e+00
1.307656657392347910e+01
1.313634751132413214e+01
-1.182122923742969078e+01
-1.615217963142691815e+01
4.910425711559142314e+00
1.788998095725200699e+01
1.843176360252424928e+01
7.389503952478683857e+00
1.946088698297543829e+00
1.161811704261616285e+01
5.761327219408677536e+00
5.544832597892259685e+00
4.762902881938131827e+00
-1.344293826109757362e+01
1.665837157960117310e+01
1.340048574045332686e+01
1.753697748083698826e+00
6.084842001014187929e-01
-2.530807103448200479e+00
-4.821805256533469475e+00
7.633016487580945864e-01
-1.588120877692778876e+01
-2.541723753467760361e+00
1.144638952663670040e+01
-7.491337099171307301e+00
1.740968369822266482e+01
-1.603035526071999328e+01
-6.664510543825773681e+00
-8.415766286345842673e-01
-1.926593480357824717e+01
1.671733735364596640e+01
-6.006395947464618246e+00
-1.080170409215141092e+01
-3.078127498261817863e+00
-3.689171605515817021e+00
-9.422889664381845165e+00
4.726754110562758626e+00
1.649142871218523965e+01
9.464394671187491781e+00
-2.624813323861019398e+00
1.487369435870398604e+00
-1.491107324420497093e+00
6.489928601668601971e+00
-1.418837384559514625e+01
-2.014984033103758065e+00
-1.945946904584182846e+01
-6.018474614239647025e+00
2.161446636704106794e+01
-1.086800796271141678e+01
9.244120315727855086e-02
1.343298252107152990e+01
-6.443004252807732257e+00
1.161202185906461182e+01
4.569882063008925854e+00
-3.489866935368528544e+00
-1.022976200960673765e+00
-3.589052914016463092e+00
-5.076587251583877247e+00
5.028602439372555466e+00
1.681899452834223041e+00
-1.027723325462922688e+01
1.447176424091163227e+01
-2.559606188441980734e+01
2.296649254260493933e+00
6.288814979302948416e+00
6.073517616793829177e+00
-7.954288319107611471e+00
-1.683393704742328012e+01
8.004892843526583590e+00
5.432402316896762784e+00
6.205365223698819932e+00
-8.972656774475172625e+00
-5.912171783554235560e+00
-2.460047318855390941e+01
-2.801770952785322066e+00
-1.001066467453674846e+01
-1.145564587379765698e+01
6.273558156535358421e+00
1.382924137247832164e+01
1.203319219121453187e+01
2.880997161343152868e+00
2.369642740843409001e+01
-6.195982397983431866e+00
-1.227685481084379049e+01
1.381653093022934087e+01
-5.751953735913133414e-01
-1.902581495636028208e+01
2.354867871638063548e+00
6.993957074551481412e+00
2.178907231543769285e+01
9.287703230796715559e+00
-3.461951989955498021e+00
1.045779655071854108e+01
4.319692105950835526e+00
4.272534189151869555e+00
-5.664753133569178090e+00
-9.165544397551173006e-02
9.560858800431951465e+00
6.235918493949448305e-01
-2.960707931808066462e-01
-8.536685302990967728e+00
4.390645026246467353e+00
-1.070160181614663131e+01
-7.280655542014827120e+00
-6.960548583536471767e+00
8.985808692107838169e+00
-1.025503606398012479e+01
4.887188299157763538e+00
6.244981581927753211e-01
-6.712780827627394586e+00
-1.254141029901759197e+01
1.462397621356645772e+01
-5.988326360837511686e+00
-7.600913977742152383e+00
8.055091132001017229e+00
-1.873895018025442027e+01
6.672545033741549503e+00
1.272070518565248420e+01
7.110190982073135046e+00
9.929264474400177676e+00
-5.729303472478548542e+00
1.322653346085476755e+01
-7.590293510706484170e+00
6.279312719898364037e+00
-1.528565164947808697e+01
1.408097378326900895e+01
4.292391247989414182e+00
2.245861645006990415e+01
-9.618534682610345499e+00
-4.402153218943446689e+00
-7.934273683496616769e+00
2.042247585525871045e+00
5.065404376990976232e+00
1.091912851347984059e+01
-4.017042923956434919e+00
-3.928976380406862035e+00
5.182741009189804515e+00
1.438358249761579088e+01
-4.338229108782215349e+00
-1.481465403615253607e+01
-7.819141170451139544e+00
-2.189761756269010107e+01
6.169613532795523270e+00
-1.813822957792066148e+00
-5.087769335551605820e+00
-8.076102695497340278e-01
-2.216765743313857229e+01
1.503878171003388786e+01
-7.632458976298199360e+00
-4.105858012695968284e+00
-8.273807523092035154e+00
-1.383457086995100482e+01
2.398047024379295777e+01
1.482807657771949295e+01
1.184758235008552418e+01
4.320492416353950205e+00
1.955299686926691294e+01
-2.159385578321366239e+00
-9.144981818421854314e+00
2.353461748114786189e+01
-5.534666223990036826e-01
6.605304457140093177e+00
7.390563182273062637e+00
-1.674873049248237322e+00
-9.534660841618201488e+00
2.213576916673439143e+00
-1.302470983709785912e+01
8.262677304984251236e+00
-1.979112528913464075e+01
2.757641343950943735e+00
4.857918222470338776e+00
4.751304909282147548e+00
2.665636877471243338e+00
1.307483003045501135e+01
1.444982113008958891e+01
-3.758128472945479359e+00
-2.637838790901728458e+00
1.265670612858011879e+01
-1.462699738175775366e+00
-6.762019008976810852e+00
-1.558904876848758647e+01
2.605537388825965195e+00
3.599384128226667201e+00
3.257169858237183746e+00
1.661767701149631904e+01
-9.066818909288500095e+00
9.912321702628553055e+00
1.900018980588333761e+01
1.000270417171095971e+01
4.958046751256290463e+00
2.344491111019806340e+00
-2.195610594314402064e+01
-1.411035892530337676e+01
-1.781000243508071179e+00
8.480337120883802982e-01
5.331622643026499020e-01
-1.148968031507007126e+01
-8.198047030758878861e+00
-4.156688996548474790e+00
1.027126736938124196e+01
2.351353035071853270e+01
1.099605497351450367e+01
6.043293966643346948e+00
1.105950339432055074e+01
1.672409068481963601e+01
-1.259535423787913189e+01
-1.254456367588185728e+01
-1.545974758421948536e+01
4.509237328446019433e+00
-2.269351605671655392e+00
-3.984962662700048952e+00
3.641203435667598853e+00
1.408847017913497979e+01
4.818647816177282550e+00
9.235522131740715679e+00
1.207782243252158594e+01
1.297132877056089484e+00
1.486140774092650929e+01
5.493162190989814064e+00
1.005293349433661376e+01
-1.844992502129567669e+01
1.674720850767494085e+01
-7.803365415485682632e+00
1.411570885601803127e+01
9.015331423439491232e+00
-1.328722530445369543e+01
-5.831353542976991378e-01
-4.632691526885608369e-01
-8.879655168993171088e+00
8.247003266242828090e+00
5.160986822039241417e+00
2.913843369338778189e+00
-1.037389766403716607e+00
1.055348413583397615e+01
7.419039971331805816e+00
-9.485914781598548728e+00
-2.283937177461356427e+01
-1.892191528662312550e+01
-2.377678187755194017e+01
7.497896857786720659e+00
1.102405332529599491e+01
7.936140448340566422e+00
1.778536270483728998e+01
-1.399810416435397542e+01
-8.739838287800338890e-01
1.702227694536629343e+01
2.395016053231150011e+01
1.663029338565512205e+01
-1.390528407075819572e+01
-1.929227501720642834e+00
3.946193011705489084e+00
1.825819452661601616e+01
1.925277375199051733e+00
-1.508124914147489193e+01
-1.526609887711313718e+01
-1.101030167322834430e+01
-9.413597521673153778e+00
9.832149172860127351e-02
-1.039309770038965297e+01
1.558291262005359812e+01
1.962943607319431294e+01
2.139632411218407526e+00
1.239039557772301237e+00
-2.037580025440572840e+01
1.726389477374416259e+01
-1.205520962849803013e+01
-1.160921939631817423e+01
1.402476455439550307e+01
1.378683797956774981e+01
-1.656022105448833770e+00
-6.162986082321676662e+00
-3.474728745625739634e+00
3.337997072135316046e+00
2.326185729958447013e+01
-4.496365281121448731e+00
2.442100324402858291e-01
1.102196182003642377e+01
1.172236413296042201e+01
5.160623300707811723e-01
-6.635448269765131357e+00
-3.719124537333023284e+00
1.120641565604305612e+00
-1.636621561607988440e+00
-7.846821575985075015e+00
1.241755244723152174e+01
-1.537581811376535867e+01
2.348811792620573158e+01
1.103697115888646607e+01
9.612127740791315489e+00
-3.579254981062959473e+00
-1.164660631827430848e+01
-1.551601716084808835e+01
5.873617194869396485e+00
-1.096941804849779700e+01
1.769629253292900728e+01
4.469739552497266288e+00
-5.002643898833774472e+00
-9.788316875756681412e+00
1.513029286853947042e+01
1.522523405176129785e+01
-1.946319169057318277e+01
1.054060006369357438e+01
2.096674117973434903e+01
1.270692208305753468e+01
-1.190242790843977616e+01
-7.458939926788087149e+00
1.106971186115026029e+01
-2.656376435530894753e+00
-6.093258506128954366e+00
1.130434430128732259e+01
-8.423681295163056859e+00
-1.868414885540712334e+01
-1.290672776755164364e+01
-1.009116921615724394e+01
8.028002123210150387e+00
-1.995132270621716941e+00
-1.479690435196138942e+01
1.424903119669639295e+01
-1.236285080730929664e+01
2.630980315997049956e+00
1.098325829114487107e+01
8.592132579143651583e+00
6.224104058934862849e-01
-1.989701634800113084e+01
-2.711755034678052567e+00
2.072637448812870531e+01
-7.389784948181940649e+00
-7.462838855194316778e+00
1.214150125387683232e+01
6.007787373398628006e+00
1.183109477171660728e+01
1.274303117621889214e+01
9.841568189483687945e+00
2.853098380580121329e-02
2.391921698738192248e+01
-4.295913530270148328e+00
-7.179605851961355256e+00
1.091023908929746256e+01
8.713188986827809401e+00
-7.520976011594441957e+00
4.196303543422978066e+00
-9.355750507864865284e+00
1.468443856256834579e+01
1.583043144429403526e+01
3.129007173388330898e+00
7.190041031476802402e+00
1.792231451663138841e+01
-1.315240129318045703e+01
1.395960431463947771e+01
1.320477268733767318e+01
2.885849756377091069e+00
-5.790803394933728754e+00
1.314283348184725497e+01
4.467419497993901700e+00
6.286477191950439192e+00
-1.523741105468398160e+01
-9.591646383824862454e+00
1.148079489900086259e+01
-1.550705822899129593e+01
3.771180930198497094e+00
1.097895267110376949e+01
1.461104302494311469e+01
8.056889852725461765e-01
-1.474099722045559346e+01
5.562068140855856768e+00
-1.404946142680597632e+01
-4.353983310578094290e+00
-1.470133452662478746e+01
-6.396807795175128319e+00
-1.851952862585301673e+01
-1.551686364401486884e+00
4.278795136277921074e+00
1.191342143712258661e+00
-1.027254684034542009e+00
1.520446234493402216e+00
-1.488677064088948754e+01
2.146476614900549862e-02
7.135297729902688957e+00
-7.333717421292504923e+00
-1.699883143464553825e+00
2.078396033658837894e+01
-1.467355137440100599e+01
-9.111568045754598444e+00
-9.642194442607884497e+00
6.889755161582158394e+00
1.198086048947060078e+01
-2.976769831465038152e+00
-1.947487934569611667e+01
-1.910617238749815527e+01
-4.471726354657082680e+00
1.573338802471092635e+01
-1.266932732046563359e+01
-1.991674647882792470e+01
2.074483858975077055e+01
-1.157079642291856558e+01
5.081158190058253865e+00
3.354069852408052554e+00
9.574123253126487043e+00
1.869122989751950570e+00
-8.770984346944040055e+00
9.286059275306485006e+00
8.566039540144544162e+00
-5.027751334929330795e+00
-2.853487113525559948e+00
1.622136816617608446e+01
-1.568235982191117728e+01
4.907289544341104204e+00
1.789105646253140947e+00
-3.361682670682686336e+00
-1.663729918109033790e+01
-1.583134139776941574e+01
-8.329361561857353990e+00
7.539607597955530593e+00
6.481477892516252837e+00
-2.084851755415922270e+00
-1.929781079992096693e-01
1.070234895064477598e+01
1.024061770580667741e+01
-4.613231080460217015e+00
-1.563811392732925398e+01
-3.669457541298605463e+00
-2.158596032734228132e+01
-2.295770995659912828e+01
2.136045263411767081e+01
-3.064970181372068225e+00
-8.665341449479655012e+00
9.450802925488829942e+00
7.463447450698026842e+00
1.823391482174321254e+01
3.361171508980440592e-01
1.395964113157576492e+01
-8.850813694398866005e+00
-1.990243579595896506e+01
-9.693781873089704959e+00
1.828096741369293454e+01
1.135913157952661123e+01
1.239983573445308451e+01
6.939466240419513099e+00
3.030918313901977967e+00
-6.416105749559587679e+00
1.027387603455788678e+01
3.466112671660830813e+00
-1.542979364956440946e+00
-8.412016120035836764e-01
-1.296344365500480933e+00
-1.922372037573023107e+00
1.005028659287305715e+01
1.737146331690907886e+01
2.519499106202403738e+01
2.960262141661189617e+00
7.205056342009882542e+00
3.939008780194910742e+00
6.506941685516380858e+00
-1.219159169420904121e+01
-4.744811053998038375e+00
8.968089218645346250e+00
-3.499255680312209904e-01
-1.518347595083459467e+01
1.679082882221014472e+01
-1.811444092723579757e+01
-1.749717525469737822e+01
-8.115901075558408451e+00
1.665213111829352499e+00
1.504947640382965801e+01
-1.122362853400535698e+01
5.769005448474501918e+00
1.476616995676669575e+01
7.439454399660661466e+00
8.634290062022344614e+00
-1.558213749564046857e+01
-1.831182025621050258e+00
