1.671001438263446914e+01
-1.931278706038746407e+01
-1.121632252632421967e+01
2.594935764169975556e+01
-1.746086486556244921e+01
-1.364448729475153854e+01
-1.767566511100555005e+01
3.063220163821611663e-02
2.406357257000105676e+01
1.741476773601895900e+01
-5.265696437404230323e+00
-2.525331097535338643e+01
9.918754027438005494e+00
-1.111308295372373323e+01
-1.835465447632267910e+01
1.252995662582704739e+01
-5.885824134683034004e+00
6.443406266784123204e+00
-1.038009271280816037e+01
-8.231528397624181537e-01
-2.971562588433407370e+00
1.770998049285477549e+01
-1.692590409642255622e+01
2.181989548229945086e+01
-1.514732589067543245e+01
-1.948431506589059836e+01
-4.639510433401660805e+00
5.139636956144826740e+00
2.766923463457780485e+01
-1.088930625882927217e+00
-7.296893088161240826e+00
1.003721757413745053e+01
-1.166397390884317176e+01
-1.693190603988963261e+01
-7.644886201133381576e+00
2.306788472412932833e+00
9.303878143072687124e+00
-4.565971714148815863e+00
-2.788285997849438758e+00
5.580463807134051990e+00
-1.103733709019677889e+01
6.699075250202668030e+00
1.116973362679534176e+00
-5.743430394758167523e+00
7.415921491415758737e+00
-2.080837779159184464e+01
2.185516134915746989e+01
-3.061017827652822376e+00
-9.545375003182350326e-01
1.399706361219326567e+01
1.289361627610301042e+01
7.525606575982436652e+00
1.815291386629588999e+01
6.388006684540556535e+00
-1.430558568330477698e+01
-1.412971668725899477e+01
-8.454428864742851601e+00
-1.158710972542311168e+01
2.752380251584618520e+00
-1.660833984740362013e+01
-2.408581834315865677e+01
8.433383902830641432e+00
6.519785705215326743e+00
-1.960908213486273866e+00
1.789558497612701871e+01
-1.532084373037010749e+01
1.823578942298144767e+01
3.656460670909453370e+00
-1.199202691936856624e+01
-3.980233138690312700e+00
8.933956632872309456e+00
1.385045730439686196e+01
3.909815616020679840e+00
3.796560947189419721e+00
-4.419158731522635719e+00
2.617921313970767017e+01
3.813846311463343852e+00
-9.792122450994799721e+00
5.421669430916239207e+00
1.847712418141951929e+01
1.117770734570076030e+00
-2.701160128804954397e+01
3.916941309795454629e+00
1.841334721193671697e+00
-1.757827050427054516e+01
-1.529263384603920883e+01
-1.412308016974943570e+00
2.781676877812031989e+00
-2.924394612455808229e+01
1.905531109934130995e-01
-2.759229626989733930e+01
1.243647688799021012e+01
-2.266476480188597264e+00
-2.280215849501087888e+01
6.816352951023546325e+00
5.211124405084063937e+00
1.707321617971776107e+01
2.598073970062139892e+01
-2.535383249091956515e+01
1.228648533656756570e+01
-3.377096229297784191e+00
1.918951581774990700e+00
-1.890229595764072457e+01
1.615922627688100732e+01
4.368309102381076059e-01
2.179299480224936048e+01
7.260884335346759144e+00
-1.815706013678557440e-01
-9.653618361772817735e+00
-9.012906497133961636e+00
1.549154464952911070e+01
1.102141701073252023e+01
-6.475910263558702695e+00
-9.445008542454374378e+00
-2.952670284287724201e+01
-1.609545361792637053e+01
-1.248995731699438849e+01
-2.037312082714542782e+01
9.270539690024136803e+00
-2.094350338114253418e+00
-2.366880607897879685e+00
6.589989910322302080e+00
3.185091431314937438e+00
-5.222099400847771022e+00
9.383641654379360375e+00
-8.451632100302273187e+00
5.213500999377330913e+00
-1.941470855843014931e+01
-4.517350078725431928e+00
6.728902274529019678e+00
4.641752836317593278e+00
1.318984281581590778e+01
3.228808112086518634e+00
2.221919200549457685e+01
-1.420143918854144971e+01
2.286945929547118794e+01
-1.947141960050928233e+01
2.292897426865877009e+01
-1.287698025782172095e+01
-7.178981208727286401e+00
-1.774668353285536071e+01
-8.338579750824941073e+00
5.349680229851770719e+00
-1.821889056360425485e+01
1.989591321011792502e+01
1.401684824245180749e+01
8.497672238928373645e+00
1.350914496519299490e+01
1.939825377731749256e+01
1.566887214602036948e+01
-2.211151898802840066e+01
-1.895536155168548120e+01
-7.311475251183967572e+00
-1.038301819172012586e+01
-9.378564308953787787e+00
7.528504388635397504e+00
1.199820996370150539e+01
7.957881392781565921e+00
1.817609839259846893e+01
1.812761173781004231e+01
1.515009356236125626e+01
-2.488876481713159450e+00
-3.413563237274178874e+00
6.019966817532548475e+00
7.706211587718435396e+00
-1.908199139395843957e+00
-2.821151926947036515e+01
1.309272701167596153e+01
1.341889233302476470e+01
1.249092755811371092e+01
2.336872820077495305e+01
-1.482432020565643604e+01
-6.008732741992037774e+00
2.173508991063798135e+00
1.981368878738393846e+01
2.197522967852151510e+00
-6.594019827704663328e+00
2.923496860347031401e+01
-1.115397676476443323e+01
9.507222357647989952e+00
1.056200498652169983e+01
-2.188720773054128443e+01
-4.037353276303100813e+00
-4.841246123380635424e+00
1.827752415084376025e+01
9.377697508180695252e+00
-2.750877660356458421e+00
1.187372481882960074e+00
-5.739573964825449792e+00
5.910678450062150091e-01
1.858280178888561096e+01
-1.204235955007998626e+00
-1.250806088436969787e+01
7.174819115642776524e+00
5.412368565340571536e+00
1.845599648268961346e+01
-1.037291443958071824e+00
-2.379223525775283576e+01
2.086710304659786885e+01
-2.339702198589677096e-02
-2.241574721122482572e+01
1.568559411368149625e+01
-2.870148216271068264e+01
-5.316829522001782493e-01
1.156796844288354009e+01
-1.029741030973985261e+01
-2.480670179833096967e+01
2.782096698899293585e+01
-8.998137298004365903e+00
-1.365989326847529739e+01
-1.544742097878376796e+00
8.660399957769030266e+00
-1.442074636028331369e+01
2.993138819497910674e+01
-5.222785221493325025e+00
-2.230719720972508924e+00
1.226373699703216147e+01
-1.828936389355116532e+01
4.517007720940668491e+00
2.136575447366156766e+01
5.171610381781945875e+00
1.068271365130875949e+00
6.543750299314929464e+00
-1.858680136885833889e+01
1.295964518525936882e+01
-9.726655186908615747e+00
1.784647748878320073e+01
9.200230262444684115e-01
-7.126164863632936886e+00
1.111853472481694638e+01
2.502516920248795174e+01
1.975416801884595230e+01
1.948482352115483707e+01
8.748579910581291585e+00
1.517471049115523130e+01
-4.430008948594519325e-01
1.743938170528920750e+01
-2.289785759010932509e+00
-2.846163513472404816e+01
-2.352653125535077550e+01
-2.339578683236665313e+01
5.482150122543593795e+00
1.010594275492459104e+01
-2.434200255631488119e+00
7.473302319714193231e+00
-1.300266722048024093e+01
-1.394347113726181320e+01
-1.294679822802517677e+01
-1.497022004773540971e+00
3.167732211237165529e+00
2.395762625742607810e+01
-8.084120472731200380e+00
-3.890560281391401531e+00
1.819950634557439173e+01
-1.349147273728238616e+01
-1.129448263987656631e+01
1.400871933798454450e+01
-9.891557110848847145e+00
1.997531707513925880e+01
1.043712353082976563e+01
1.297670761051207222e+01
-9.640841952584807473e+00
-8.811182425203163859e+00
4.265074344708644105e+00
8.056672463045345012e+00
-7.616586845823622554e+00
-3.534468605635705529e+00
4.134010129292761349e+00
6.212806399260131229e+00
-1.408957058671068729e+01
7.531247544058466303e+00
1.329486150587599269e+01
1.259423024078503062e+01
-9.781826981810567645e+00
1.570656714953148025e+01
1.261223689122242320e+01
-7.554311604488866294e+00
1.208631602890901036e+01
-9.758233506838045912e+00
6.886595539950647549e+00
-8.620836223150266875e+00
6.374246313257714291e-01
5.499359777685619122e+00
2.113211766674643144e+01
2.416985159531101601e+00
-3.411802644036811216e+00
-8.234079014299634736e+00
1.269572254710794823e+01
2.383944058267849897e+01
1.678408969756097946e+01
1.310577971954162990e+01
-7.340839820624285750e+00
-5.828822105256513453e+00
5.350015454112465818e+00
-1.139783843489308879e+01
1.716255233041115957e+01
-1.555376928451891239e+01
-9.618883947474561324e+00
1.401369569452090502e+01
1.619994308273105332e+01
-1.243568614687086438e+01
-7.019053685028204370e+00
1.186689233065786908e+01
-3.703258208377118166e+00
-1.796651786899827741e+01
-1.839787452342648066e+01
2.801445875484574799e+00
-8.482385286847112127e+00
8.787225213641619348e+00
-3.093119881028936646e+00
3.914794938578062045e+00
-1.405800727177769360e+01
-2.677967451576463986e-01
2.143911414535253357e+01
2.266150558191554865e+01
1.006043131205330354e+01
2.613047767873666771e+00
-1.661145892814136005e+01
1.129784027747739117e+00
1.326614959928993187e+01
1.963267261873830449e+01
-1.652155851036955170e+01
4.924638030228031482e+00
-4.033776834960058011e+00
-1.432423798781491620e+01
2.677241293297697666e+00
-1.104640409708318316e+01
-2.582677611629693004e+01
1.680532918927760733e+01
1.385010869925680765e+01
2.757542466987681706e+01
1.607750955160432227e+01
3.163756763109489611e+00
-2.299793726065678001e+01
-9.160080247683509924e+00
5.500178591176002385e+00
1.933682000640103382e+01
5.386455939573039586e+00
-1.819806066587781146e+01
-1.466720828917233987e+01
1.770721946137289393e+00
2.214830969686816076e+01
-5.509208557762928393e+00
-1.188033733079134890e+01
-1.794403893387318760e+00
2.254826789186061831e+00
-1.801908589395978311e+00
-4.844758184256203748e+00
7.522923207841543558e+00
-7.138919841542186617e+00
-2.071965788568237343e+01
1.433543725659145451e+00
-9.425852697414857317e+00
-3.616616407606564110e+00
-9.516335184027358451e+00
9.912032563314653544e+00
2.727019609941230271e+00
1.136790452626039638e+01
-7.951015882398973389e+00
4.720073865228336274e+00
-1.920644120531246557e+01
-1.411511897643833890e+01
-1.155858913991540504e+01
-2.600810141615070847e-01
-1.917873106102657488e+00
4.238985499661104939e+00
-2.039676112044463707e+01
8.208846932553953479e+00
-1.459463808190968770e+01
-6.932674876151285304e+00
1.506339375102747624e+01
-1.526783756483963472e+01
-2.332269821791000552e+01
-1.015834486612300580e+01
-4.079686050024317723e+00
-9.172601353536453672e+00
9.704044927190686565e+00
-5.453858035390336312e+00
5.704856749657068349e+00
1.364322106859854244e+01
1.769625643010593308e+01
1.727800155038636376e+01
4.472017745943354328e+00
-7.605627328408456123e+00
-9.628733523258986793e+00
2.150766677428844531e+01
2.784555863895739947e+00
1.098592081708325452e+00
-9.912352518829131043e+00
-1.815912812335589877e+00
2.497422933034877701e+01
1.078263594522118041e+01
5.157439321938795729e+00
-1.595070917142809463e+00
3.720466554265726700e+00
2.302820699514768421e+01
-2.011877514821992463e+01
-7.343390887098689035e+00
-4.733381839725169016e+00
5.733850417012753553e+00
-1.762421098599557467e+01
6.541856337035419244e+00
1.632260277675639060e+01
8.505814720064414303e+00
1.559665373106243180e+01
-2.529933669253475159e+01
-2.439969455279003796e+01
1.080291115394216206e+01
2.621362738363004041e+00
-1.799284435710468699e+01
2.399694356086103397e+01
-2.493104369144871768e+01
3.406543296638972151e+00
-4.810964350440933401e+00
2.730675975040546177e+01
-7.797838224968035803e+00
-2.164190013135929291e-01
3.354054193680262586e+00
1.860656526688626400e+01
1.193867105301239917e+01
1.109276677189426152e+01
2.127044592561978220e+01
2.982503563848240447e+00
-8.687380999606585164e+00
-1.157764911872216373e+01
-1.977004469491452454e+01
4.055749173461862256e-01
2.818940918631237480e+01
-1.974744356181253124e+01
3.785156782389023533e+00
-4.553498146942839497e+00
1.334028284706035805e+01
1.059107615893530863e-01
-4.616880225401956750e+00
-6.426178174102741281e+00
1.934287336101441923e+01
1.235335135510315041e+00
-5.460257225935581715e+00
-9.960955103625519058e+00
1.146694470459006965e+01
-2.707492271986760102e+01
-2.931623063349948310e+01
-1.801799132061056952e+01
-2.470074361024131804e+01
-4.498818264563166025e+00
-2.718829926002047159e+01
-8.791761924923392257e+00
-1.412312433568413184e+00
7.401451854091874338e+00
-1.156461580593649785e+01
-1.466652833011146306e+01
-1.148253137711943594e+00
9.865173848081539631e+00
1.737539239181952411e+01
1.356594458199666775e+01
-5.699129146101178378e+00
-1.281468131685939937e+01
7.666422086783917678e+00
1.270587982584591913e+01
5.181966239085468828e+00
-5.118769037827085810e+00
-2.512280211972553445e+01
1.584718488215243326e+01
-1.299352950319551070e+01
-8.486062576344945541e+00
9.884252673862860661e+00
-1.798843526993795194e+01
5.988816990452647815e+00
1.483183400842030153e+00
3.996238976024834244e+00
2.126707922028387543e+01
-7.300106772778466535e+00
8.217429199759543224e+00
-2.201243523943921332e+01
-1.948656131031948391e+01
-2.525905276124231591e+01
1.229012513074250990e+01
2.389446230762440138e+01
-2.064903665499486607e+01
2.293716403789048286e+01
5.556179147973189458e+00
1.202696712681328961e+01
-1.806418126025781490e+01
4.880675293274812532e+00
1.134020584760955330e+01
2.739238196138573755e+01
1.862837357806406402e+01
3.313473295711432343e+00
4.154567580881767697e+00
-2.983045768703590284e+00
1.531233448986398571e+00
-8.198600727072363981e+00
2.751185098732805301e+01
-2.819432808730041984e+00
2.816051219723845378e+01
-1.608314884042311377e+01
-1.797349744592484200e+00
-1.086642930023021592e+00
-8.577240899903522120e-01
8.185016790016831578e+00
1.166362553123534695e+01
7.245453923658971007e-01
-1.021648896392284911e+01
-2.248813877262999128e+01
-2.173279853998380418e+00
2.342288048913185605e+01
-1.399003503034219875e+01
-6.656371816480088910e+00
1.573101257176546142e+01
4.283611618576379954e+00
-1.732830340118875512e+01
6.741481085242199356e+00
4.463551690276538864e+00
