5.138586478618890396e+00
-1.314222559250902123e+01
-2.219931542851753647e+00
7.949356490159949828e+00
-2.206125878393818596e+01
4.892228854060043375e-01
-1.736317807231075605e+01
7.553506425439906025e+00
1.423319563518936803e+01
2.163304444100681678e+00
7.702248444656760284e+00
-1.032432840212641523e+01
1.046873564410756785e+01
2.575559881089489522e+00
-1.873908876966383730e+01
6.800351739188371880e+00
1.468392478222867226e+01
8.648914369687290105e+00
-2.014727137495238907e+00
-7.418894937215888774e+00
7.084233778054894515e+00
1.449523556468291474e+01
1.436510090934646655e+00
1.079280172892175926e+01
-7.260776041502559508e+00
-1.111483789180658022e+01
-5.848619673969892574e+00
1.049558055640642351e+01
1.801219556118804377e+01
-1.674860370459460057e+01
-6.697771839232125046e-01
2.058562452050912839e+01
-2.208402059699705688e+01
3.278726905642379563e-01
4.257327081747988018e-01
1.171780649181761191e+01
-3.716355891048895188e+00
1.103771274703237282e+01
8.584824244915104430e+00
-4.414361013968026271e+00
2.198527691549806207e+00
-8.740525972195374749e+00
-1.709219290129501445e+01
-1.415340210652373543e+01
1.301931851153866404e+01
-1.567311023055279051e+01
1.398415168229319505e+01
-3.407509394037873562e+00
-8.750888784440085999e+00
1.319826258052833623e+01
-2.393385846345374546e+00
1.375735461928353942e+00
7.227641251420507729e+00
-6.207989243634497001e+00
-3.127694741050628835e+00
-5.463693668763941247e+00
-1.893716839112843431e+01
-1.794103194012556912e+00
1.088597021536278220e+01
-2.010456160663074598e+01
-2.835893847646044819e+01
-1.854405090823735947e+00
1.949394541947590653e+01
-5.780678547403244494e+00
1.223151684029417652e+01
-5.533420127078350959e+00
8.393516274401477517e+00
3.921519951056360753e+00
-1.928920116652675176e+01
-2.017976974845886673e+00
1.201460056482118688e+01
1.024855686395617482e+01
1.542290365017072418e+01
-7.969956068948956585e+00
-3.202080275054093761e+00
2.542392239930114783e+01
-2.989991391786041675e+00
-1.556505550100536972e+01
1.219426200469000321e+01
6.858978841438712948e+00
1.541839772229380401e+01
-1.945061288364333052e+01
1.259275844429257063e+01
-6.185734844953184819e+00
-1.335521167364170481e+01
-3.413600555380668311e+00
-1.733295407482889772e+01
9.939456029540622239e+00
-1.924999222541325850e+01
-6.746875936849257016e-01
-1.411783387908019094e+01
3.563683626292807105e+00
1.485256351611669601e+01
-1.967687515067840565e+01
2.628110097405752299e+00
-1.156161799542470447e+01
4.218604673213079082e+00
1.982361702530087655e+01
-2.582053552863230550e+01
-3.006421275732897413e+00
-1.160390581973025803e+00
-4.976208079789785188e+00
-1.035992780131296342e+01
1.863602913300560715e+00
-1.524991494983055418e+00
1.146590420143985511e+01
7.270927383126505106e+00
9.227708122594272311e+00
-7.102201247474226875e-01
4.902077516468857254e+00
-5.077801276587862844e+00
4.848886249086405087e+00
-1.029621718181883594e+01
1.164359955859978868e+00
-2.786927311449215949e+01
-1.456440309201494898e+01
5.252998361869103405e+00
-5.464066913940033743e+00
1.459047603670093451e+01
-7.816360267184663257e-02
3.277953376724113355e+00
1.215880396808074693e+00
-5.822319653310081833e+00
-4.366184451941780509e+00
1.624480713898054063e+01
-2.273468012365729152e+01
1.027182420679711328e+01
-2.194870097092261574e+01
-1.574086983022038311e+00
7.041413841757389491e+00
-5.008412073717451563e+00
4.823295944060781437e+00
2.429831620496081257e+00
1.119383966007289644e+01
-1.292992203624015346e+01
1.691810905394702758e+01
-1.638041371918655642e+01
2.506517386947678006e+01
-1.616149815309455562e+01
-1.539820608313611672e+00
-9.993913886730290130e+00
-1.687650097298317675e+01
-5.330710091843357645e+00
-1.360717629005810991e+01
1.036755483555090507e+01
2.111658185975264956e+01
-1.099112786609331138e+01
-4.523438261915231351e+00
1.411620314480172311e+01
-7.936863359089443293e-01
-2.531668895332376934e+00
-2.309599650158305550e+01
-3.375707987590850223e+00
4.386144256824891841e+00
-1.952516418001058796e+01
1.833826068280185240e+00
1.286838596334683871e+01
9.787060234193134534e+00
2.264302816123701234e+01
2.102701067758654574e+01
1.326778893005914739e+01
-1.694811187608539171e+01
1.127413785394053747e+01
1.362339780848222404e+01
1.055026551955423741e+01
5.795602795343519631e+00
-1.990920990199376917e+01
8.773604049979915942e+00
1.414806095888612703e+01
1.459499988499959500e+01
1.160155282038588354e+01
-2.554061306214504157e+01
-1.835287727466732477e+01
4.892536249913653990e+00
1.712615393178381851e+01
-9.361282061900517704e+00
-7.827896828376285754e+00
1.942204373172292264e+01
-1.193796565325482817e+01
4.101066308360337587e+00
4.832755134340139591e+00
-1.503767433858161695e+01
-8.560749789914446239e+00
-1.203237874069196778e+01
1.947851554249150041e+01
-1.248128961389199176e+01
-1.573683632340336658e+01
1.642020471016247285e+01
-3.779211796054557482e+00
-1.138506606501797691e+01
1.353505970337491959e+01
1.230521012899316702e+00
-4.182419667684627029e-01
1.473187141635914799e+01
6.681585834580367589e+00
9.669804259520468293e+00
3.225421345093806735e+00
-8.064392353449658657e+00
1.355707750563482961e+01
1.758131255033743656e+01
-2.769716177952584957e+01
1.477728261802050724e+01
-1.398856781655344506e+01
-1.430348104297929268e+01
-4.112763120348738255e+00
3.903072849983530546e+00
-1.376756951813185026e+01
1.792990600130436718e+01
-1.693675153425329682e+01
-1.509824033609535476e+01
-9.298925558048658502e-01
2.118920258073204366e+01
-1.176327645394400889e+01
2.724816617029804888e+01
1.235828854766429430e+01
3.007003874613687344e+00
1.111868086447194059e+01
-2.072365065121579519e+01
-6.098329776786091116e+00
4.026867730801583889e+00
8.267012173345790416e+00
1.349403407124708565e+01
9.633720140384667729e+00
-8.302664555879843533e+00
1.972640782141371574e+01
-1.129153576124331337e+01
4.741874067967174256e+00
1.766215972412933866e+01
-1.590520523421574239e+00
1.486608496540110735e+01
2.347711814743058056e+01
2.753660064574243904e+01
8.452504816388881181e+00
1.060929431115795296e+00
-3.024486833317006074e-01
-1.594005255481545547e+01
1.203710047080954126e+01
-9.210935334148881992e+00
-1.604518604588435693e+01
-1.275192279613336055e+01
-1.359667231549538968e+01
-5.824098891547322410e+00
1.563723845813779434e+01
9.211930680197816912e+00
-4.715737226234473667e+00
2.893959576417138635e+00
-1.311360188465427967e+01
-4.743337065306981515e+00
-1.162019537612086850e+01
1.158226928960787205e+01
2.868666338626260170e+01
1.348436514896040705e+01
-4.650990796884226341e+00
2.541633364903294279e+01
-1.935217747115020970e+01
-4.505272439408511076e+00
-6.773691456827691582e+00
3.997430981364331615e+00
9.553950386115026561e+00
2.742238986840270343e+00
2.272774794777531326e+01
-2.779655520961444637e+00
-7.007372070960716570e+00
8.348144668768505028e+00
-6.512842930035045441e+00
7.227762651221588897e+00
-1.604851908198752497e+01
-6.131925538031634204e+00
9.473816805818280784e+00
1.687152521605280953e+00
3.310079241361307822e+00
-1.828756715288662349e+00
1.153930139941061839e+01
-2.013404469943286657e+01
1.888771990137918522e-01
1.945532007138002228e+00
-9.082617822151654252e+00
1.443313017698700662e+01
-7.179876494220305716e+00
-1.644982286931160331e-01
-1.267833837068874558e+01
-1.552922569558610633e+00
-1.155239813824381301e+01
2.708410550565866259e+01
-2.886601267389139025e+00
1.182287873312904480e+01
-1.772346290176115957e+01
1.311424061596103030e+01
1.482414022078113902e+01
1.474239665484930129e+00
-9.574368728585369581e-01
-5.915550545998925713e+00
-1.376044833828586178e+01
1.167552804354152585e+01
-3.025781390208681643e+00
1.590965607250609537e+01
-1.069582857950823040e+01
-6.505900850400266222e+00
7.936463676911252207e+00
7.498491488485292678e+00
-2.676515028138606311e+00
-9.026358730578426304e+00
1.032520496273006927e+01
5.511796109150182588e+00
-2.344702505852785279e+01
-1.501328809547705667e+01
1.283691611449146563e+01
3.237903696451084556e+00
-1.682568857067558099e+00
-2.200228759457420580e+00
1.095556947747827792e+01
-4.469559858956969833e+00
1.619227335840628967e+01
2.232942703633366932e+01
2.715065054469444306e+01
-2.224656648521264657e+00
-1.410501154001611823e+01
-2.182237257300626254e+01
4.329871967308079661e+00
1.029025879713087477e+01
1.189508369710083002e+01
-3.740140922031248039e+00
1.683775561633915174e+01
6.230293164435515507e+00
-1.874088190665036180e+01
-3.105394686755172273e+00
1.466856077576672135e+00
-1.468725806695833391e+01
1.800849096440349939e+01
2.564861366352076999e+01
1.214035743800104683e+01
1.083217326032347927e+01
2.214169006428939213e+00
-1.475443553920127115e+01
-2.636103004191994614e+00
4.289761068058844273e+00
1.713614340199665520e+01
7.976179828371222413e+00
1.797648350164276820e+00
-1.099292837958799396e+01
5.068458814961914527e+00
1.431004880978820637e+01
1.927101432548226967e+00
-3.495360296286339263e+00
7.037041956999630088e-01
1.609286818773133376e+01
1.580978170473576228e+01
-1.864337964689870120e+01
-8.075918936142798543e-01
-9.745078781461156581e+00
-1.821482729405935430e+01
-1.651740301938774991e+01
-1.803094556924237679e+01
-1.681839271536598801e+01
-1.248096909290140033e+01
1.868489733676955922e+01
2.083866171829113512e+01
1.917008695070378366e+01
-4.078502542782729279e-01
1.021335218672148670e+01
-2.024243266678291420e+01
-7.552714511869169201e+00
-8.189996018773715747e+00
-1.890795393783634282e+01
-8.344987898904385304e+00
3.791651399062430983e+00
-1.384517331795348483e+01
9.598156099501373717e+00
-1.363884522880782413e+01
-1.317369220749613845e+01
2.099204234136062297e+01
-1.689988623890733166e+01
-1.470258607339472690e+01
-1.103472255917605338e+01
-1.247378520621586517e+01
-7.820031850779198379e+00
5.603545441593432486e+00
-1.506660083250435811e+01
2.411511514688811531e+00
5.464394739685296543e+00
1.473073000924601672e+01
1.073912345999556095e+00
1.910852698145971118e+01
-1.783177561786516918e+01
-1.718487311644566873e+01
9.418189960678311934e+00
5.815249098474559730e+00
-1.594117331803232673e+00
-1.026227243747829831e+01
-1.067068873856215561e+01
2.123132545110598812e+01
4.595425490297706972e+00
-1.233225462380025306e+01
-4.557952020349471667e+00
2.289085206396350713e-01
1.433303865805083177e+01
-2.026026997092898085e+01
2.290438102701280343e+00
-7.799998190785249363e+00
1.371669562540831322e+01
-1.312861925569271548e+01
-9.076299537147320962e-01
1.450422218113199335e+01
2.721876475755600211e-01
6.782809186730517581e+00
-2.431044094177067194e+01
-2.186294192815404358e+01
2.217960150897669536e+01
-1.751730114921123516e+00
-2.048423621065168376e+01
2.127693406016941680e+01
-2.104984647436668865e+01
-3.991314047421802513e+00
-2.164837664504737802e+01
1.012067861376065281e+01
-1.484377484601949959e+00
6.919815455420952333e-01
5.682449912431266625e+00
2.621276974284892702e+01
1.467754601574461759e+01
-9.005481712698813368e+00
1.038806944540993271e+01
1.224013321696288870e+01
-5.354891812809398743e+00
-1.822165945388180575e+01
-2.387616586376413608e+01
1.386034400846102699e+01
2.308779910679173497e+01
-2.089818980471712351e+01
8.803518985897049731e-01
-1.420507114133503102e+01
2.069832309129225223e+00
3.850090898483529145e+00
1.146010788725995155e+01
5.193158751435106524e+00
1.528934611973102164e+01
-5.219839585534028714e+00
1.131772111768710687e+01
9.779032698065996954e+00
5.686245958745971052e+00
-1.962658194539783452e+01
-2.075768178910572459e+01
-1.738657118450186800e+01
-1.515691492162158127e+01
-2.019642287758098576e+01
-1.626845107442832727e+01
-1.077669009019306401e+01
-1.556055507696226314e+01
-6.148432250807481125e+00
-1.115431097913941016e+01
-2.030436465549843916e+00
2.436372863743962114e+00
1.280334385010402798e+01
5.509716351579413640e+00
3.537470706160348755e+00
-8.241774988311988182e+00
-1.148033514110756670e+01
-2.699730099156738561e-01
1.954875347560955134e+01
3.715348571319495363e+00
-1.724540566219874194e+01
-1.272541226994660590e+01
9.286281721773207209e+00
-5.252853362398290926e+00
-9.920306462161466499e+00
6.459043645341040474e-01
-1.325716761814294387e+01
1.518128812094904845e+01
1.511380983584204785e+01
-1.609823166332990496e+00
2.479659833626151055e+01
-2.395289805897219537e+01
1.385075331294849121e+01
-1.191121678797163952e+01
-1.412830724098676427e+01
-2.111450902957749420e+01
1.216460135110494889e+01
1.445113162625246872e+01
-8.373614014239237235e+00
1.956592627329990819e+01
-1.375119956674778621e+01
1.810469790789493061e+01
-1.945967739904337179e+01
-7.442497199918697959e+00
1.569577024393518627e+01
2.861216474526489151e+01
1.514423583664209616e+01
-9.204574939269740241e+00
9.982774997436422382e+00
3.185369206908376327e+00
3.177579718258229491e+00
-1.665177982056697203e+00
2.613254697931145643e+01
6.247362029762221880e+00
1.781293492302371106e+01
-1.518320927968709277e+01
-4.606996666526061546e+00
-1.014963187396231348e+01
7.064666946046628482e+00
1.541567531107403966e+01
-4.175021095361358903e+00
4.442150344161291287e+00
2.274958152180829529e+00
-1.739971949397416040e+01
-2.478953515739494406e+00
2.465721740400606166e+01
-6.484056554766020497e+00
-1.979675209753346365e+01
1.521829264772153323e+01
6.745946778060535109e+00
-1.212897677954742193e+01
-1.343656106247514970e-01
-9.483634419592590348e-02
