-8.808502736318530424e+00
-1.802672814177942939e+01
-1.228667394637282584e+01
-5.066571580512576389e+00
-1.469878779213220099e+01
1.332359787922900551e+01
4.813895386259041231e+00
3.048453920171411369e+00
4.704404915682872002e+00
-1.006949403722700964e+01
3.368591273464645042e+00
-5.490794806778115600e+00
2.592301538414311324e+00
3.936807869096234924e-01
-1.180728286182485220e+01
1.372510077941367967e+01
1.262862549026244352e+01
1.435909238602889104e+01
4.542701304514999094e+00
1.338560251712648608e+01
-2.296087664946149687e+00
-5.645773602083988152e+00
1.305954256240116962e+01
-1.175808629869375466e+01
-5.593983936445514615e+00
1.062210451547425549e+00
9.706784748375504535e+00
2.156457341824345519e+01
-8.107653932725202850e+00
-3.646461061154688821e+00
1.207939710109027232e+00
1.092696269257902486e+01
-1.385931694392133551e+01
5.635255492463528526e+00
1.948490430345085400e+00
1.274202669095814144e-02
-1.273162450123919598e+01
1.164972057464726873e+01
-1.251813673962232087e-01
-1.503737334840064221e+00
1.366034736703188202e+01
-1.936759426792099958e+01
-6.018077364827416176e+00
-1.006962037098978513e+01
-1.380040192892205653e+01
-6.671193490457717701e+00
-2.650043873823200613e+00
2.105070825961647074e+00
6.678063643704426511e+00
3.661132413144450481e+00
2.482704839051706358e+00
3.468648712189036587e+00
-1.093369853321435414e+01
-1.294101077855820137e+01
5.408354903021226789e+00
-1.268626884130555155e+01
-4.066172838206430384e+00
1.794476543626281995e+01
1.378346861983088445e+01
-1.513296744677873740e+01
-1.182924871831474789e+01
-1.345948490070372472e+01
1.625353484750331035e+00
-1.192733722541759889e+01
-5.484422021624588695e+00
1.154899058374461163e+00
7.480791477295319680e+00
1.115255631239134715e+01
-1.689472387800619657e+01
-1.786329675340736500e+01
-1.426626061948176982e+01
-4.896136302151706587e+00
1.637834622632328774e+01
-1.124056371091858963e+01
-1.704343291005832839e+01
6.417409404439275988e+00
-4.207978383611305162e+00
1.594425544682781748e+00
1.168241103859951124e+01
-7.240828978470265298e+00
5.110534042247678599e-01
-9.288825463051097131e+00
-2.981522604510818297e+00
-7.252306013929860740e+00
-8.724863683262199743e+00
4.322354623063674239e+00
-1.454572454433685813e+01
-9.520098509927379382e+00
-3.478096606646261080e+00
-1.298524713278588649e+00
-8.397058530021716649e+00
-1.051644970204469587e+01
1.360531958470848224e+01
-1.863844249894683713e+01
1.880283232705843943e+01
-3.565604022656252425e+00
3.736928634629485657e+00
2.090662008140071748e+00
-1.519464494339719352e+01
-1.290579026567101550e+01
2.101227076425703189e+01
-1.473346830181038669e+01
4.796334351316083655e+00
1.305171578635830798e+01
-9.615106407728227111e+00
1.344540693165985346e+00
1.632622950058047451e+01
-5.644674447364341319e+00
-2.976439524682909621e+00
1.067890393546021244e+01
-1.090409299268280563e+01
-6.160533142162908149e+00
5.420737307862893317e+00
-1.245768018394386445e-01
-1.216176290452645148e+01
-7.063312305134914482e+00
-4.864880293264612021e+00
-1.040877233881113284e+01
-9.593778569329462158e+00
-1.095064504345937451e+01
7.813705083202222568e+00
2.168678746203909213e+00
9.867800191438988122e+00
1.409687207481646709e+01
-1.688329419130660369e+00
-2.049184928034144093e+01
2.864696433154385602e+00
4.633318026485369501e+00
1.376127104209388108e-01
1.727290128285538628e+01
1.580170599021795397e+01
1.604693638603453110e+01
-7.621241419670599981e+00
-9.832930766098787245e+00
1.185991122874763448e+01
-6.296397805125170777e+00
-1.164265267270943127e+01
-3.457274755695351587e+00
2.683084714933116288e+00
-2.172133804431123139e+00
-1.439295140861226407e+01
-1.060696762522930570e+01
-1.249432482747760176e+01
1.348779895267306017e+00
-8.900399540978298774e+00
7.930971690095262261e+00
-1.524225164997178794e+01
2.405382570270987230e+00
1.851674372651750389e+00
-1.728300803120861673e+01
9.015258038013904240e+00
-1.051554387840923255e+00
1.139448779794150113e+01
1.846008726017028323e+01
-1.446772340571807369e+01
-8.793224990241110817e+00
1.435287799664600072e+00
-5.077869638120944273e-01
7.362824531454059240e+00
-2.395221889301982543e+00
1.762657043849115723e+01
-1.470704845052141074e+01
-1.304217603750895904e+00
-2.526901581938950869e+00
-8.287902759600246583e+00
6.463822890142637334e+00
-8.082538199066387818e+00
2.514799283455865009e+00
2.252152081656181792e+01
2.114794164428167278e+01
-7.111357399513007493e+00
-3.808658166766413444e+00
-7.711374016255142294e+00
-1.944979372274460161e+00
-4.843395923201502029e+00
2.548721689313673266e+00
-1.315802287164791196e+01
-2.401592682373820509e+00
-6.180291709844670578e+00
-1.059742996052061770e+01
1.318485424623697355e+01
-2.752024245036210459e+00
-2.361909991098336548e+01
-1.406011782235295726e+01
1.620314169361866874e+01
-1.134163440078636143e+01
-1.276225355749837220e+01
1.044455576415178655e+01
-5.069220050907375708e+00
-5.419512971498715359e+00
3.526287015555773507e-01
1.275031861139741096e+01
-9.595777912102917639e+00
-9.966774451571136950e+00
9.529274433604840056e+00
1.547269016259448904e+01
-7.275482954179260275e+00
-5.354187517300843524e-01
1.645077039730777102e+01
3.761385965228619455e+00
-1.042334618729557150e+01
2.159454156905670175e+01
4.268717773063983145e+00
-1.101003395037857757e+01
-6.928988859993335581e+00
1.854712335152873237e+01
-2.333538524232352529e-01
9.296079388432730184e+00
-1.526392763886172688e+01
-1.100429132989107828e+01
-1.348203647496328372e+01
5.009525568967696074e+00
1.450230333393166404e+01
3.841567435124417784e+00
-1.233377103213939563e-02
-1.110539397226908420e-01
2.462838272483507751e+01
6.947901429549560248e+00
2.869266919641304980e+00
1.711987216994572236e+00
1.862880140604561063e+01
1.821392141956121691e+01
-3.272315787787785979e+00
-1.245795586368981134e+00
1.340783852601121851e+01
1.465780038673852204e+01
-4.779998288565064257e+00
-2.681301589911569749e+00
4.942307323502326710e+00
1.562566476991361952e+01
6.607351391259541629e-01
1.335620172274218476e+01
-1.500254525900100333e+01
-1.444307025943006195e+01
-1.373741093708098404e+01
-1.949772517532792548e+01
-9.751365188522413519e+00
8.552606231060480013e-01
-6.314805645524362632e+00
1.092035417842186718e+01
-1.251803498338954412e+01
-1.708702292343504681e+01
1.716548420879838943e+01
2.207477113861213525e+01
-1.273410726927378178e+01
1.927353965915279588e+01
1.272194109687281127e+01
-9.022765834688762254e+00
-2.431179837305153768e+01
-5.729571567748106276e+00
5.939298682817671704e+00
1.240633568938380193e+01
3.025101259442422474e+00
1.468748435354495285e+01
-8.468175223736963630e+00
-7.690775384831660233e+00
-1.063279798359644701e+01
6.055025758694405624e+00
5.890133554098184732e+00
8.925077900356761518e-01
7.786961092754616232e+00
9.530317169764195739e+00
3.945493246378148910e+00
2.445187743295505811e+01
-4.281085137859577117e+00
1.052365632922465721e+01
-6.964146706843759915e+00
-2.355316581156241540e+01
5.084596829311038846e-02
1.246516960261367046e+00
-1.985404850583113756e+01
6.362183005077994835e+00
5.499990321991006681e+00
1.441366987008329659e+00
-1.773268489478728682e+01
7.970322832151097714e+00
1.047878423497468248e+01
-2.616653694536719144e+00
-1.739957755043914744e+01
-9.145943623346067142e+00
-1.077534215918651128e+01
1.784839674106328999e+01
-5.615833879286412866e+00
2.042975912656993387e+01
-4.322401793977547868e+00
1.024988447558486371e+01
6.145826645948417877e+00
2.049954000794755871e+00
1.103437555683571247e+01
6.685691756488836290e-01
-5.405284835391466203e+00
-1.990710974198587380e+01
-8.026281434651433955e+00
1.952004132919740442e+01
-1.032900190965023768e+01
3.961987005942482654e+00
-1.925178534829393584e+01
-1.080471498988334034e+01
-1.085302360646434394e+01
1.082653989005709860e+00
1.303450528161484101e+01
-8.422758390563846120e+00
7.657735664512273388e+00
-8.296401608770580083e+00
2.903593861450410429e+00
-8.886804636888545161e+00
1.538995232311446415e+01
9.292622998316652172e+00
-8.812977966647274286e+00
1.094191357639552109e+01
1.834316918943601848e+01
1.295998995733661729e+01
1.697003744094643451e+01
9.108891412470320859e+00
2.333253326735828637e+00
3.829102392160322665e+00
-2.123617629817305286e+01
-6.216661791013653016e+00
4.884106324810936428e+00
2.015754915138392533e+01
-2.991971680877995254e+00
-2.812331907585960522e+00
7.772606343363378301e+00
-9.404396604423304495e+00
5.660780414123344428e+00
-2.257224883531176829e+01
1.871068345368939845e+01
6.523734610254869892e-01
1.685715649172605879e+01
2.047349014530084332e+01
7.469186528897019173e+00
-1.831400511387840169e+01
-1.288034259811695392e+00
2.461618098488315809e+00
-1.686450086343416643e+00
-1.488272227055361263e+01
1.094654597410364971e+01
2.318202870757080802e+01
-1.678796852279251794e+00
-1.939544907468373935e+01
2.628859074067115387e+00
5.592879889159917184e+00
-8.240501633520221247e+00
2.146987188997434970e+01
2.053792427655082520e+00
2.426138983877097388e+01
4.085812828152953102e+00
-6.399416558652575304e-01
-9.143951527539918800e+00
-3.968495517083745483e+00
-1.883133457567295110e+01
6.245312273885694765e-01
-2.526058038853525289e+01
-1.674895451192871576e+01
-2.880663014995530347e+00
2.813231721816720210e-01
1.006143965372369564e+01
-5.343597554119313031e+00
-1.028085500110566386e+01
-2.307620553501042338e+00
-8.613514668272582497e+00
1.118538194519742035e+01
3.688827312900365030e+00
-3.586103596498798396e+00
-1.552018219691104406e+01
-1.709879518710940971e+01
-2.801191025385342925e+00
6.540318402031815026e+00
1.053717501301698434e+01
-1.820731338491939511e+01
1.053995794206873882e+01
2.595481228544166186e+00
9.534436945606408642e+00
6.857835740730642726e+00
-6.233006835211984509e+00
-1.886053493773754397e+01
2.745453239664428224e+00
-5.809754106308798072e+00
-2.020534278863003408e+01
-1.719835930586206985e+00
1.641161196582814341e+01
-1.507428623105501586e+01
6.415881991343539426e+00
-1.640365984707263891e+01
8.749888145694242780e+00
9.089589537890368831e+00
1.276307283779643598e+01
-1.579027729535507696e+01
2.815581433551308521e-01
2.159366084088247817e-01
1.535704516838402611e+01
9.773705514203520295e+00
-2.452364210655360921e+00
1.250865003609234805e+00
1.694396574639169017e+01
3.160328168431973950e+00
-1.089566346809509767e+01
-6.199120256551683639e+00
-9.509248274063505590e+00
8.362843715196802918e+00
-1.020544393459284294e+01
7.642075202863999550e+00
8.422962305476040967e+00
4.922723893557240160e+00
4.244614054044426155e+00
-1.389920153944920500e+01
7.282734550757872682e+00
-8.414218834756717058e-01
-3.165190063119592168e+00
-1.090426974711245833e+01
-7.851690594216318431e+00
-8.721450802133652758e+00
-8.518309279294257408e+00
-5.729883385061938839e+00
-4.253618642756361368e+00
-1.888948936186885419e+00
-1.738620992808220223e+01
6.763641724595188975e+00
7.613698874145555351e+00
1.211770638796949129e+00
-9.363040414959396429e+00
2.787249696630667017e+00
1.828697567994437634e+01
-2.081138928951855149e+01
-1.939751808923902843e+01
-8.667887804014036135e+00
-1.525181149971992056e+00
5.027253175204542401e+00
-1.275835081358605194e+01
-8.420109134587217881e+00
-7.791851039080501806e+00
2.269689535918253398e+00
2.005715802956615335e+01
3.044264484215482014e+00
2.255714343070422956e-01
7.482669277195604707e+00
-1.925002303622156319e+01
9.727486612268734234e-01
1.212434335939760643e+01
1.688839953467153521e+01
5.386990337334786716e+00
-1.011880422091821785e+01
-3.156915195558166687e+00
8.451897460811913732e+00
-1.482871071390684570e+01
-2.892581908659845880e+00
1.227964410257781935e+01
-1.990091231318920961e+01
-1.705410606945481788e+01
1.604838586254225419e+01
1.650153803252371887e+01
-1.239955640716600271e+01
2.440691713588527989e+00
-1.825620099704791244e+01
-6.018030060889010713e+00
1.288125956046755505e+00
-1.375712599211570009e+01
9.721088395024750639e+00
4.062600959654247390e+00
1.275853815638222244e+01
-9.401735725352573070e+00
-6.455015387993057630e+00
8.637970438194244593e-01
-7.951450032704226345e+00
-1.883327021781174437e+01
6.097605306265457159e+00
-1.598270224429352382e+01
9.389795152023864944e+00
1.560159543590761189e+01
2.279762418166072280e+00
1.826675560424565958e+01
-1.524668576936002040e+01
1.251956659717642850e+01
-9.690772401892107979e+00
-1.109239331593503053e+01
-1.174411961910559299e+01
-1.641255576954513629e+00
-5.154825670208076360e+00
4.546275634056165416e+00
6.216958550651270343e+00
-1.424993115562636703e+01
1.140277537993186030e+01
-8.541862274146208023e+00
-1.407924618013884199e+01
3.789640443341362186e+00
3.618809705105270780e+00
-3.855844457478276865e-01
-2.023394255608425141e+01
8.216462353011877440e-01
4.040378740669524404e+00
5.565616244939931789e+00
-1.122685535905762677e+01
1.161809356525461112e+01
1.058354050914966393e+01
7.358307076072144071e+00
5.974106160709624191e+00
5.329938392914129963e+00
-1.425237941799303343e+01
-1.319670408642267034e+00
2.417182681189373739e-01
4.339394994368397818e+00
-1.237302026443568082e+01
4.173696334887836201e+00
-3.315140047512919352e+00
1.084852653552614754e+01
7.865836693599476348e+00
8.713903137879249527e+00
-1.023355410018361056e+00
-1.640268940802805275e+00
4.304858519778512971e+00
-1.018047391919728284e+01
-6.224785711290358847e+00
1.658066628548009902e+00
