2.660840533810564068e+00
-1.432934722004839756e+01
3.533121777445458633e+00
-2.252461355510831709e+00
-1.336658592256636879e+01
9.779262519708481705e+00
1.472215607076992683e+01
1.446768183017980647e+01
1.481990464696649923e+01
1.045470576073942937e+01
5.377333531924669785e+00
-1.189883556978085366e+01
3.000000000000000000e+01
-3.913057710580797988e+00
-2.240591222139011762e+01
1.991575302001594849e+01
-3.603116901150563933e+00
-7.875422300764551409e+00
-1.730680470040560692e+00
4.570774487029197530e+00
1.681410257875381120e+01
-1.051489747293620169e+01
7.206497447287325997e+00
-4.413681085427210604e+00
-2.097601447079546944e+01
-6.120238194339115978e+00
-5.521220074096518715e+00
-2.208764025314312818e+00
-1.916693843787435014e+00
-2.008576854188761729e+01
1.016979705813625401e+01
-2.685367905590091198e+00
-1.897673724966902498e+01
-1.382957145814226507e+01
2.592979640069171410e+01
-5.757151078599292759e+00
-2.289260035018100226e+01
-6.831815664862475046e+00
-4.144581310522269746e+00
-2.144818485127834862e+01
1.274870972276377046e+01
-7.091099475716571732e+00
-1.628192364943093651e+01
-2.242839258923457635e+01
1.251031060889540925e+01
-7.592583901879013553e+00
-1.373237554040812824e+00
-1.360184042321069597e+01
5.219423329389883293e+00
1.549426522036304732e+01
1.360929504695786108e+01
2.062471266988817575e+01
9.861379575812343035e+00
1.223058871942031800e+01
1.867144222834915013e+01
2.202737673217306735e+01
-1.953189291340392231e+01
-1.752479579792372633e+01
1.540378844289248406e+01
-2.443766946535728835e+01
-1.596029029749919381e+01
1.399058416303168428e+01
5.124026184626508496e+00
2.352140058710436676e+01
2.241205606396220418e+01
-1.981551700346089007e+01
2.773763951565555885e+00
-9.715510089133616134e+00
1.669554250305959897e+01
-9.914937413494502749e+00
4.411786413860951939e+00
1.508518097459231910e+01
1.009305625810883811e+01
-2.372153335278992614e+01
2.182101253031795807e+01
6.949755554192961426e+00
2.732950679297017160e+01
2.605743406142444485e-01
-1.250378291621014171e+01
-8.458279161867647389e+00
-4.048112830812581109e+00
-1.431544110826631666e+01
-2.029954510690127378e+01
-2.081232561410967108e+01
-2.382121116579643427e+01
2.328604755627172551e+01
-1.562862749536293450e+01
-2.788500946696590432e+00
-1.538138988769431137e+01
-1.536907195520089964e+01
9.827178582306935084e+00
1.742024017364445143e+01
-6.703122874674601661e+00
-4.855265951984613082e-01
8.784886341046515668e+00
-1.014661652916419143e+01
1.176456774267332150e+01
1.935837048731083598e+01
-4.220843026922636909e+00
1.577108246982856343e+01
1.149769471262401765e+01
6.261921819525966271e+00
1.632069137314908147e+01
-8.412968612325421702e+00
9.924794782974643681e+00
2.264347629630652392e+01
-1.555651450920046308e+01
-1.797984935161306908e+01
-1.686091858978733171e+01
9.892242746771181316e+00
-4.045884026108875986e+00
-1.968333845235170898e+01
1.790110635847987197e+01
1.207138716215201413e+01
-1.044390034404610645e+01
1.416480079237833678e+01
-5.035621095403350012e+00
6.039275515402273697e+00
2.033473832599923981e+00
1.115739267732921292e+01
1.026005671133403752e+01
1.662424966250313219e+01
-1.753943451279475241e+01
-1.039771053868437889e+01
2.195543621099267284e+01
-8.127570138041129155e+00
-2.562818170261655482e+01
3.465163713502676046e+00
5.784303225914143809e+00
-1.374203894096783429e+01
-6.530657477584576043e-01
-7.045481589649508436e+00
1.387274546925893759e+01
-2.474961060993301487e+00
9.365589027901179975e-01
6.210226245382088450e+00
2.480356609692627501e+00
2.642226078358575592e+00
1.874905069809589975e+01
-2.002437838624542366e+01
-1.026841638069232232e+00
-4.742770321047562021e+00
-2.161697233618151515e+01
-2.653589759231070744e+01
-5.789718313003287875e+00
1.335907478697509276e+01
7.148252307921808324e+00
3.222919408979635136e+00
8.702354369484773144e+00
-1.497673377157635599e+00
6.631112621734878587e+00
1.368426208629240648e+01
-3.206893293865160643e+00
3.779967834818044992e+00
-1.619366802723428478e+01
-1.340522706421406696e+00
2.368462163820322530e+01
1.856071158758007300e+01
2.128052484456824089e+01
1.631741005782195941e+00
1.344580988316289449e+01
-1.468547637165966790e+01
8.297343166709900686e-01
-1.201592112073663543e+01
-1.743322015398972979e+01
5.229303337578748767e+00
-9.415942916414177688e+00
-1.632047625254901391e+01
4.692565937647991348e+00
-4.715503390534657058e+00
4.144502238366357005e+00
-2.186336019285690213e+00
-3.000289676154004326e-01
1.554858216793169845e+01
-1.780670389564645717e+01
-2.711646248594602326e+01
1.654905000288104588e+01
1.334008009129899364e+00
6.103032185860946868e+00
-4.688548724763098363e+00
-5.117601948845759807e+00
-1.593006303986705063e+00
6.333022119882052436e+00
-4.698825516190694884e+00
-1.290051566150996365e+01
-5.185745002341000998e+00
1.160027575549374745e+01
1.144420574146374037e+01
-3.029111531560765513e+00
-2.486349507009202853e+01
6.036064511894778661e-02
-1.609725480247080043e+01
6.391898047649590353e+00
1.785575527060083090e+01
-5.592982157820454603e+00
-9.749158807130022808e-01
-1.982096750035130839e+01
-3.456440830838392486e+00
6.747580881122580365e+00
9.852915024442438607e+00
5.335391744293112026e-01
-4.003530975215880972e+00
-9.577259527990609200e+00
-2.711753304437198153e+01
1.289666416733197707e+01
1.791459316826932735e+01
1.933870025004041082e+01
1.278966864959371463e+01
1.111329032682299101e+00
4.731063107125741851e+00
2.394933322143909749e+01
2.003651230570694253e+01
-1.654523080667818391e+01
-3.564568071185121312e-01
-7.477721428266288939e+00
-2.759305596591117293e+01
1.783409601515806742e+00
-2.213372027253363683e+00
-1.388237903640850490e+01
6.402295323215923872e+00
1.641999403275294611e+01
1.735647901045616948e+00
2.877679463873337795e+01
2.094127227146501014e+00
2.479974122447480056e+01
1.260099874289598887e+01
-1.033964276019111139e+01
6.142075952274375084e+00
-8.032064479949646341e+00
-6.278998590081787512e+00
6.817907517512225013e-01
1.892836891703559132e+01
1.533540847630845860e+00
1.251573509415918295e+01
1.216647979017537295e+00
3.525520805730891993e+00
-1.821400873640192941e+01
1.992552627678533383e+01
-3.500558269943276457e+00
-1.076154595761291688e+00
-6.179343393357186187e-01
-7.980681866150590054e+00
-1.442965599500479357e+01
8.855307738393939587e+00
-2.627268010446917401e+01
1.668368384329784959e+00
-1.771250446878522311e+01
-1.301452744397340666e+01
-9.286654122592885585e+00
-8.560911576848759807e+00
-1.978317868201635576e-01
7.705718761273857353e+00
-5.114796151782908140e+00
1.165622357637283812e+01
-1.529327484918242419e+01
-2.402875526772213277e+01
-1.456802633745501829e+01
-1.792384180737755983e+01
1.385229299869934749e+01
5.343842250894617507e+00
2.102082570000208506e+01
1.789107383275267438e+01
1.137916015464937658e+01
-8.749207470910249640e+00
1.104876808207227867e+01
3.296226795075526184e+00
8.817842830023430167e+00
5.077519324518434019e+00
1.729645395607359859e+00
-1.432052615577487131e+01
1.508606503858503345e+01
-1.953413123771842663e+01
2.610890446612144444e+01
-2.030094038137838197e+01
-1.075078633626922198e+01
1.561835455582054522e+01
1.193884564407489535e+01
2.394812113345475524e+01
1.923482967242905062e+01
1.855880131079613449e+01
-2.380230617703350759e+00
-1.471829381270723047e+00
-1.981724527272361058e+01
9.306438473321634319e+00
-1.941794709606064728e+01
1.340530548688793999e+01
-1.202944388048890190e+01
-1.839883763893346114e+01
-5.978022041291406907e+00
4.544222950243579362e+00
5.850696649513480452e-01
-1.230549973556403032e+01
1.440260595644851094e+00
7.313408206341996731e+00
1.201249581142545964e+01
8.549142484249422580e+00
1.539868296458840291e+01
1.138139626603683041e+01
2.680782865913826640e+00
-3.228170735057176444e+00
1.051236898513480611e+01
-2.204414196557456052e+01
1.202800187403482823e+01
-9.038234466326763084e+00
-1.295370195882334841e+01
2.207150243027020764e+01
-1.221026657223429979e+01
1.590370972793289184e+01
9.721692976910880191e+00
-2.709461919494615501e+01
3.083230793622860233e+00
9.567497902958102429e+00
5.353965659929073695e+00
1.279238089009214008e+01
-3.546140988465339206e+00
-2.159392430828251364e+01
-4.500297630421481898e+00
-1.850696599466754577e+00
2.147966983132795349e+01
-5.471283229936624082e+00
6.609359319143983669e+00
2.266507366692577818e+01
-1.249344342664770124e+00
4.647351900365251254e+00
4.157530143026910707e+00
-6.220626056357950517e+00
-2.323822921133327668e+00
3.366354531625127322e+00
2.483553817368687078e+00
-1.831237031364217671e+00
1.507876175161698029e+00
-2.101579159076010228e-01
-1.279435482053415640e+01
-5.945603407406558460e+00
-2.308923457698353943e+01
-8.916721590971619094e+00
5.302018436069658947e+00
-3.598407126980024628e+00
2.591156158268738352e+00
-3.816963812008431489e-01
9.848413241148918473e+00
6.305313096542796814e+00
7.662957490773365521e-01
-8.180244915705571884e+00
-2.248509876308447275e+01
-7.041341182938438692e-01
1.756063754606199012e+01
-5.577260608653606511e+00
-1.011020361523308964e+01
1.884984419333967764e+00
-1.569310302339291674e+01
-1.331691574657705246e+01
-9.074469056269425238e+00
-2.111755783700708378e-01
-5.747397024476843086e+00
3.475613329936876994e+00
-3.437728944147195875e-01
1.840365428090038336e+01
2.718985576498376844e+01
7.655911406992814250e+00
-1.910971988159636226e+01
-2.234719484828190161e+01
-8.069649958981091942e+00
-1.575619035898453291e+01
4.851930677382078727e+00
8.905891780333298868e+00
-1.797607196522132966e+01
4.319860640367011229e+00
-2.626144120529893655e+00
1.209941984548262894e+01
-1.342568933788374963e+01
1.213281730346317033e+01
-9.267025847554322127e+00
-2.902148649487248377e+01
-4.135053289458731740e+00
-1.659796182022431665e+01
-2.204442970396106816e+01
-2.031909499438486577e+01
-1.297955217572453179e+01
-2.399485272633276978e+01
1.843127759448108804e+01
4.789754952512694786e-01
1.098026459478867878e+01
-1.642492854662456736e+01
-1.890147935930957601e+01
-7.356254012575789147e+00
-1.939629125894057893e+01
-1.414543952923786208e+00
1.959779778678193196e+00
-7.021613370608452698e+00
-3.786626097011950520e+00
-6.277399057771553714e+00
1.109440196276099044e+01
-1.999336240684651500e+01
1.309228247613474139e+01
7.670524365040705561e+00
-2.811954522998838968e+00
2.017849144782697124e+01
6.469183508780808722e+00
-1.224174556721961338e+01
-1.385368843288418006e+01
-9.343903767064350774e+00
-4.081978390546755264e+00
1.194366787117506590e+01
-1.643877446704295409e+01
-1.287377597153402320e+01
-8.834461604535658097e+00
1.174459835432551102e+01
-2.668903539156618976e+01
3.030122974464930508e+00
1.395601262315140900e+01
2.837550271423140202e+00
1.935063375239143824e+01
-1.568662191015432583e+01
-4.308833502759018330e+00
1.318455988120422262e+01
3.487385707048034078e-01
-1.543399455988406999e+00
1.890080673108234066e+01
-1.051714666387616148e+01
-2.600332153411809344e+00
1.139376030224099878e+01
-6.033313129098811345e+00
6.705945042190236904e+00
1.390683491181034981e+01
-9.501625105917117509e+00
-5.697278317760449795e+00
5.770468972349284797e+00
8.313129235096788250e+00
-8.724785580246464889e+00
1.155537202062652824e+01
-4.726329665528513857e+00
1.192113351096359963e+01
2.020588065839744729e+01
-1.272129007108727450e+00
9.007983213295787550e+00
1.058064472281285617e+01
7.700664071348164441e+00
1.063866768656093598e+01
-8.091266582564372811e+00
6.334866058843807934e+00
8.012112846286015611e+00
4.622120209527253110e+00
1.972402256194882852e-02
4.065610860871387899e+00
-9.288039067934096948e+00
-2.354732704817087097e+01
4.271220827202149906e+00
-3.283959496729380589e-01
-8.497399307745904906e+00
-3.960172713973193481e-01
2.155870841621887024e+01
1.561969298130768635e+01
6.921273966534705835e+00
-1.722362630399959116e+01
-1.596680458386407686e+01
-2.481038910544263842e+01
1.253333998038345953e+01
6.732221551055239672e-01
-2.408411646349400570e+01
1.341060424214859381e+01
2.526639365056553288e+00
-1.918461408048806049e+00
2.104613191529096383e+01
4.379011607754669910e+00
-2.112496475535074580e+01
8.692630106518279831e+00
2.806119182192011152e+01
7.093124724036620421e+00
-7.931987932123451657e+00
-3.908872842882342269e+00
-3.029875836873447525e+00
1.693874607986799674e+01
-1.058053867863588593e+01
-1.161947694579493273e+01
1.055525182691183517e+01
-1.852671038189988195e+01
-7.136446837738876781e+00
-1.023046982304015984e+01
-1.680964804183348349e+01
1.122515870048648168e+00
-7.551350812788715672e+00
-2.545516365981900009e+00
-2.664765098114045472e+01
-1.835745961149047645e+01
9.933989193529356498e+00
-1.093291920709133791e+01
-7.250852194650683202e-01
1.896696529715177348e+01
-2.134311995360024383e+01
-1.462969245486521785e+01
-7.466592757809959124e+00
9.117193644688839527e+00
-2.287317702835916577e+01
1.063414699409166531e+01
-6.065606906796748632e+00
1.920606444279719227e+01
-1.742611094136272953e+01
2.577719630714763355e+01
1.469308080509324554e+01
-1.245543739816878315e+01
-1.017010636089301556e+01
2.972546059126401019e+00
1.911665756501385260e+00
-2.348449860786215027e+01
5.246092421099099568e+00
1.581511962645577540e+01
1.541171577912905377e-01
-1.804667148448316993e+01
-2.795549813555636476e+01
-1.598190964656013513e+01
-1.187626423742872106e+01
1.508980689489880689e+01
