1.105696020349991215e+01
4.506578327270290174e+00
1.433761133251955755e+01
9.640277004507453285e+00
8.900290660303191714e+00
-4.915181662979186683e+00
-1.660881350993614447e+01
-1.017413821355151171e+01
1.364701368287407490e+01
2.161603486863766932e+01
5.762227492274206497e+00
-4.860569903056163099e+00
5.509582286734712397e+00
-1.640703253951454599e+01
3.983374771596032815e+00
-9.343677839953691944e+00
-1.162178636608770788e+01
6.545311323242174240e+00
7.421452992483160926e+00
-1.536756458457823271e+00
1.189927850417510768e+01
2.022778548985150593e+01
-1.494107524490948968e+01
1.256066383945464793e+01
-6.697440056036526812e+00
-5.138725333596241285e-01
-1.121268107227044553e+01
-3.602537545450857692e+00
2.136742393081335933e+01
3.041707257654245211e+00
1.175646542339430312e+01
8.609104882951328364e+00
1.011356718463927962e+01
-6.966194258881206025e+00
-1.050502132344253425e+01
-4.126724776224328650e-01
1.645456548666100360e+01
-1.632806768780689310e+01
-1.025245675340384111e+01
-5.007586611436877888e+00
-8.274479565773901868e+00
2.201267010972006943e+01
9.348154708923239298e+00
1.409538180085247205e+01
1.437939140825925932e+01
-1.015932552766465236e+01
1.500816143558299132e+01
4.845472190612611030e+00
4.359799252494262589e+00
6.471568244413326454e+00
5.557012683936690678e-02
9.898397629930258290e+00
2.374037112604334965e+01
1.947955192094422472e+01
7.517256149892119765e-01
5.374650424370507551e+00
7.947757034750203786e+00
-1.441372796910537168e+01
-1.093987216297293941e+01
5.881136632656108532e+00
-2.252987458074883875e+00
1.181514529977540207e+01
8.089314721815483722e+00
2.252978048782829035e+00
1.514017238561287115e+01
-3.862656804104780406e-01
-1.013843283583628363e+01
3.619579829560429118e+00
3.236394597973713871e+00
9.828054899682015844e+00
2.168160435822969134e+01
-1.537813607193200482e+00
2.146952357483527862e+00
1.455475309255692906e+00
1.445539818544906296e+01
2.010307697450038233e+00
7.836211630702834441e+00
-1.151515243117063036e+01
-5.359892414243109471e+00
2.386651855560469215e+01
1.067439385134781560e+01
-4.685247392497799979e-01
4.695473396571948399e+00
-1.686374804143589756e+00
5.697025947374129373e+00
-1.470190607506381753e+01
8.655064788675836951e+00
-2.408450557269851799e+00
-1.122716295494297967e+01
1.631399251012596352e+01
-3.313126076522717511e+00
1.536279936172915939e+01
-2.735687123283256028e+00
9.842158474987208194e+00
-1.096899162322967669e+01
5.249728005108082129e+00
-2.278787784279465711e-01
6.872771830820759931e+00
3.483284680963173230e+00
1.258123585277682821e+01
-1.885726086357084341e+01
1.526434410226609373e+01
-1.658129766295046181e+01
-4.480521695102169133e+00
-6.678420465933506023e+00
9.840095764012588120e+00
-1.618692552128175777e+01
1.065204984780207553e+01
-9.526272422894880521e+00
-2.251595380073614194e+01
1.847047042984426923e+01
1.207256218705368411e+01
6.800473899107153386e-01
-1.205774414204341838e+00
-2.874351669633135486e+00
-1.296662769813170968e+01
3.637767785534165910e+00
3.666299738594723578e+00
4.747709632466566632e+00
2.066012853088714962e+01
2.298317258307946531e+00
1.310413465582892911e+01
-1.279637309089538277e+01
-2.136562338924484550e+00
4.468651854402864387e+00
5.135523013640906242e+00
4.930302293967137928e+00
-1.423003068051667164e+01
-1.200296698733936651e+01
-1.904125179913246768e+01
-1.462846911422470697e+01
-1.925801534307186813e+00
2.085924797054946112e+01
1.033482058475896537e+01
-1.183018115275961435e+01
2.031341094022089777e+01
1.021725796528783548e+01
7.872392967406881326e+00
-5.636981746021696438e+00
7.517398373283988633e+00
1.339174145310168740e+01
2.149047838085678563e+00
1.938298260481147395e+00
-7.495095940055172434e+00
5.765324207099624232e+00
-7.536323695624453478e+00
1.117952366000769615e+01
2.901603940716150021e+00
-5.298266173043213456e+00
2.355058706249253930e+01
-1.122059944558185052e+01
-9.561503680384237924e+00
-2.460931074367014304e+01
-7.975405399720585820e+00
-5.321483532293669327e-02
1.019862012629182857e+00
1.375359357452134645e+01
-5.085603083363096744e+00
7.711150001317456315e+00
2.026757607468213962e+01
-9.070700457528293015e+00
1.744986889363332949e+01
-2.631357674002916980e+00
1.412603015684074848e+01
2.433555256596108052e+00
3.951573014731977196e+00
-1.287991037967848484e+01
1.121291819038169990e+01
-1.554212366756028274e+01
-1.040875634328799038e+00
4.891991981558973634e+00
-6.132719714283460632e+00
-5.781035618428148837e+00
5.145142470758862885e+00
1.273403624714450899e+01
-1.207790926241610663e+00
1.486403558358739474e+01
7.258815307241924586e+00
5.241643289112069226e+00
2.540318208626389662e+01
-1.705193132028221470e+01
-1.188030092940784144e+01
1.818510110883144648e+01
-6.728354607952621080e+00
-1.007439872677207049e+01
6.989860407458785119e+00
6.166277318544139519e+00
-2.760280497331557115e+00
-1.225699418102770721e+01
1.110326929222755155e+01
-4.027551960978321688e+00
-2.070374741848903000e+01
7.372240831736803557e+00
9.974739082608614638e+00
7.193595643359167013e+00
-4.345717261171451185e+00
1.322950819843024561e+01
-1.154346776301423461e+00
2.572350669660529832e+00
2.781420743849459143e+00
-2.744421407364029619e+00
-2.060564627325526033e+00
-1.357046482729231940e+01
7.435261620375747782e+00
1.497700634645165252e+01
-1.874506933551116816e+01
-8.320696780985212371e+00
5.027862801273919047e-01
-9.624922582589015008e-01
1.500499475034202135e+01
5.721075345917945754e+00
7.881158869273782841e+00
-2.088527994136003940e+01
9.765387590936278173e+00
3.854305703177693943e+00
5.632839587555878325e+00
-1.215738873550522925e+01
-1.973961990993836579e+01
-7.277055370315224536e+00
1.082554261337695323e+01
-1.449220965274708561e+01
-2.148916143878018303e+01
1.788253091233279690e+00
3.235506282215936835e+00
-2.013126480026880216e+00
-1.518620961271737357e+01
1.685913110951486260e+01
1.420525608591059807e+00
3.260054261777973750e+00
-1.791321080347099581e+00
1.732331366289094632e+01
1.694372726704454379e+00
2.129256887207208138e+01
2.087121566832394137e+00
5.479083457477116781e+00
1.580824025871842053e+01
1.151436545706650350e+01
-1.302315529650670101e+00
-1.060472096535257691e+01
-2.484189657366735560e+01
3.936155792472845860e+00
2.399577659507336591e+01
1.254151757780284981e+00
-1.375664504264518229e+01
1.360031296241977827e+01
-1.209100553719762772e+01
-9.032411985078795169e+00
-6.819438429578276839e+00
1.334485422365964524e+01
-3.858386847175264478e+00
5.130275658891413570e+00
-1.191806171994831942e+01
-5.237614719252377427e+00
-1.004567956986047506e+00
1.069308022956399640e+01
4.484700702303001663e+00
1.501967331583209386e+01
2.620897338837018253e-01
-1.155743077201861979e+00
1.033602606916144850e+01
7.757359827963234977e+00
-1.698127179796866670e+00
-2.089594610995768775e+01
-1.285991320410741068e+01
1.936657763751124861e+00
2.711071647262727424e+00
1.225080750808567842e+01
1.713826843600956806e+01
6.968687041217300759e+00
-3.413721929008879385e+00
1.954289234068892256e+01
-4.345970309870899939e+00
8.597227268130282596e+00
-1.086455090846632743e+01
1.703529711704854321e+01
2.248834700480941251e+00
-8.991711748405926130e+00
7.513781133657367661e+00
3.914658133029163878e+00
1.502288654314252625e+00
-1.105768873678308495e+01
-1.256581318114485413e+01
6.331441419377284774e+00
-5.897625618057208641e+00
1.633491833706716534e+01
-1.524832892104626225e+01
-1.650358114469682391e+01
9.814285175517674986e+00
1.123388834320341090e+01
1.346031305051413796e+01
-3.452363524179762777e+00
1.522805540679131298e+01
1.157322261569601096e+01
-4.447193089729264415e+00
1.457091395496119901e+01
-9.045556180064505014e+00
8.793169570922316325e+00
6.915157768771415192e+00
5.602062585115554327e+00
-2.109623739697159550e+00
-2.423710012602495567e+01
1.387276631498971113e+01
1.194933654051932592e+01
8.134962242513850583e+00
-1.118117836829696543e+01
-6.399451523329172886e+00
-4.631021364022817721e+00
-1.385787565600008975e+01
3.482756556090293998e-02
-6.434227649362892265e+00
-8.846378969202348230e+00
-1.893395056944860499e+01
-1.759738273871051106e+01
-5.660073709046393731e-01
7.251716328196799566e+00
9.126538872546511527e+00
1.449686048730814036e+01
-3.299535776098018403e+00
9.560379585836031424e+00
-1.300298103985007714e+01
6.523783551003944581e+00
-3.578657334148829250e-01
-4.073459522322327331e+00
1.586813414797206434e+01
-1.527123590161761690e+01
1.569743100513294820e+01
-1.411401559231005365e+01
-1.964843826098647028e+01
6.767960317061174180e+00
-6.644183302169917482e+00
3.692954309869264762e+00
2.229546878672984178e+01
-7.117543507479897613e+00
-2.108501255549381881e+01
-1.926488089511636304e+00
1.042094946306934844e+01
1.102579191283545867e+01
-2.106859026161082582e+01
-3.126805681873499054e+00
1.233234355370065316e+01
1.456148924147270662e+01
1.001488682343683223e+01
-8.126836696041245034e+00
-1.896001056385463457e+01
8.868918217157741424e+00
-1.340634633145929300e+01
-4.789168587444883940e+00
-1.220515656230958612e+01
2.019386251796957765e+01
-4.476948217655845497e+00
6.940614463944434931e+00
1.554938817301845688e+00
1.483843596882285709e+01
-6.232177546574746430e-02
-1.514979574421558794e+01
-4.096241718333960335e+00
8.723838013041600448e-01
1.505186780761573573e+01
4.876388344327345692e+00
1.892861213678730081e+01
-1.008393803113271048e+01
-1.770851047975384773e+01
-3.656614863397035009e+00
2.012782565156271630e+00
1.941775828828735939e+01
5.123118247435279216e+00
-1.034876202264884881e+01
1.477311596750735134e+01
-2.443088064515512770e+01
1.524414560515517536e+01
-2.857251027848199953e-01
7.614778654847143002e-02
-8.583044590582339595e+00
-7.636168881964707111e+00
1.328518324324408439e+01
1.458349556963259630e+01
1.346835708425415845e+01
-7.728349655977801547e+00
1.487903691782763360e+01
5.875260665165662033e+00
-1.372087292431178440e+00
1.112507028153802935e+01
6.017210305001540860e+00
4.298555090853135141e+00
-7.552221565930498315e+00
6.931685760993460121e+00
-1.227504049510004336e+01
2.130956047620981053e+01
1.042522494374691178e+01
-1.617214028168167417e+01
-1.471967963781089850e+00
-3.477531485871470096e+00
3.583830038543261765e+00
-9.277130617028987558e+00
-7.161807777056861113e+00
9.952348488604201293e+00
8.523010372215281905e+00
1.941801164810826208e+00
-1.746799947986573898e+00
-1.676701305792228425e+00
-6.415510991169096400e+00
-4.113593846435190216e+00
6.851758179158331075e+00
6.871485503914144033e+00
-2.601859033200906168e+00
-6.536845104055217348e+00
-1.240942293721979439e+01
-7.640011561872945833e-01
-5.817193707181331774e+00
-2.740428415294310582e+00
1.444618457662107858e+01
-1.340979544204237683e+01
9.073614382889495289e+00
-8.956278112097066924e-01
8.841437738100957233e+00
6.625881358990781678e+00
2.277267019082535171e+01
-1.627302290400820084e+01
5.242874260187299740e+00
1.017624736656676276e+01
2.969152788978107083e+00
4.630733113810805435e+00
-4.471216109434443808e-01
9.572961734182328541e+00
1.120622613287068248e+01
-5.324050530607383536e+00
8.489378873052551455e+00
1.152772032049723805e+01
4.900023199050288270e+00
-6.519482056110291524e+00
-6.955057193330340226e+00
-8.216188584291671759e+00
-7.850369481985627118e+00
-4.529729698029839824e+00
-1.610296329383293923e+01
1.534676086494484082e+01
1.599833989811946111e+01
8.162655031647993553e+00
-8.161722032527759296e+00
-8.694221668213426568e+00
-1.110483417048146038e+01
-1.322627371673974039e+00
4.340215175874206466e+00
-7.994506127728040923e+00
9.457299499253409181e+00
-9.230742488358796294e+00
-9.571194024263952826e+00
7.874780114112965634e+00
2.005501844852921778e+01
-2.167676973297911758e+01
-2.471482817974435520e+01
8.152617905191725356e+00
-5.439899157745273328e+00
1.725073087020719953e+01
1.394195410592955398e+01
-5.984443793499483633e+00
5.873250884225868163e+00
-5.601087671714072513e+00
1.291184987261809880e+01
-1.155264928273866687e+01
2.706655082362644293e+00
-7.585169342745668786e+00
-3.960478887579448326e+00
-7.671383889690439162e+00
-9.413555542405056542e-01
4.480285177355575854e+00
1.302821805891575480e+01
-8.110740372934149178e+00
-1.976354707865809246e+00
-2.561576866113082218e+00
2.161990498701079844e+00
8.996346649966326936e+00
6.377592408757287501e+00
-7.450016441359146313e-01
-1.070439621150381271e+01
-1.195248603227021533e+00
1.728476743867634013e+01
2.084915752981859782e+01
-5.458841484415870582e-01
3.055044328433893952e+00
1.413766357491627446e+01
-1.371710088437350805e+01
1.018583281580254862e+01
1.129452840208317355e+01
-2.945490269845340237e+00
6.506182364741952995e+00
7.782757449385258042e-02
1.678464183582533309e+01
1.327100343117317038e+01
7.019762288073842171e+00
1.156406955146531601e+01
9.992600997354806225e+00
5.110971839903498903e+00
-1.089668584947120777e+01
4.308178672312990898e+00
-2.370097613220740485e+01
-4.395503682067428031e+00
1.460380803183844023e+01
7.203200125591365577e+00
-6.693750593943065041e+00
3.329366004540005974e+00
-6.328481922379793900e-01
-1.586748518228618110e+01
-1.166221401932257962e+01
-1.617680038535795006e+01
1.085416376655929582e+01
-1.593088699654342477e+01
-2.306619265624096471e+00
1.375158861549598299e+01
-1.372981938630609022e+00
1.032605561979557507e+01
-6.711874178592267981e+00
3.648341789316560835e+00
