-6.338022686057055211e+00
1.659303275923902277e+01
1.680402966406697374e+01
2.717957872773219208e+00
-1.657905339194286398e+00
-1.020240415938077660e+01
-2.034286033572671215e+01
9.168544498786857844e+00
-5.083826781351881152e+00
-3.409670858057229026e+00
1.298571069137857137e+01
1.343416224585169516e+01
-1.060380148875794504e+01
7.839111551476150908e+00
3.810062884217934709e+00
-1.514523268696196645e+01
7.103452898894332179e+00
-5.190556173726683653e+00
-4.393217294973876363e+00
-1.891161254955290616e+01
8.722977780007504123e+00
1.825208781214515597e+01
-8.769571746365002696e+00
5.901948796131186725e+00
1.772692676032811931e+01
7.932626491431044258e+00
1.212491081935656467e+00
-1.296242215937697395e+01
1.129445721800767188e+01
-1.293496147004326247e+00
-6.081461380248285309e-01
7.847369127868674354e+00
5.628661358689448946e+00
5.507078430423767657e+00
-7.643472752490971800e-01
2.217272051847508152e+01
6.373177784991611361e+00
1.066214530462271881e+00
1.815149764625456896e+01
-4.515015438645217927e+00
-1.372722567931646154e+00
2.889479534624697976e+00
-6.833847905620469732e+00
2.579649100102628267e+00
1.237771267711342205e+01
-4.710816712837214482e+00
-3.518989411072798390e+00
1.112812676602098350e+01
-1.036958977722229847e+01
7.231319796642523556e+00
-1.096321283778563327e+01
-9.491263995950042442e+00
2.315260696521868056e-01
9.737946976985547565e-01
-8.413303849689480529e+00
6.864884440210296646e+00
-3.148119350607480271e+00
-5.305854803447175527e+00
1.630164393483958918e+00
1.001708547167583419e+01
2.369174388339331472e+00
8.181559486477105736e+00
6.244480708090087262e+00
2.299858531550917462e+00
-4.727703229009843966e+00
1.354429205722630059e+01
-1.049211947914599463e+01
-1.240719921831665218e+01
-3.118200152924853086e+00
2.520793488039176111e+01
1.480546290218293137e+01
-3.331640952755442697e+00
-4.951730876240564072e+00
5.532401974772241715e+00
5.640564681265502145e+00
-1.256958325732664861e+00
-1.284875728112444548e+01
-2.076054104553402624e+01
-5.444056586712108015e+00
4.060976788808936533e+00
1.623099616897216180e+01
4.113328086536768069e+00
1.806990932098992886e+01
1.367213272887858011e+01
1.070736272813697809e+01
-3.405766512200454343e+00
-4.750916590598531997e+00
1.637980399027414080e+01
3.698031402640033605e+00
4.306822159435249375e+00
5.838819359082279448e+00
6.810276567133122683e+00
9.252654485635851245e+00
6.291961899801080449e+00
-1.412332226563381532e+01
-1.532466727993374533e+01
-1.852320770226732805e+01
1.226947330982582685e+00
5.824635141897132939e+00
1.387415170334094228e-02
-1.875002715531318387e+01
1.358597139691548250e+01
-3.922444904866829063e+00
-1.182686392141518894e+01
-1.980459089058587807e+00
-9.060451659811882053e+00
-2.216886835413234280e-01
1.901594318139253659e+01
1.830221092465307464e+01
-4.789929928336558618e+00
-4.771488760006455720e+00
2.886162087211531002e+00
-2.097682877743584839e+01
-8.507373885524597057e+00
1.917141501609631149e+00
-8.558517611608632336e+00
1.577057390138685378e+01
8.112661392524394444e+00
2.274929128373700138e+01
4.919365332441920202e+00
3.762183437032639688e+00
-1.350014833592540597e+01
-1.424530534372276591e+01
-4.943938060493685782e+00
1.190011320954237561e+01
6.130347945451184444e-01
1.630250523049953415e+01
-1.146405306934464363e+01
-1.110624111566927397e+01
-5.083209939775148456e+00
-1.797077152240529330e+01
-7.278306861426752761e+00
1.071554990163608778e+00
1.451624855009541903e+01
-8.327213595674162860e+00
2.167969828421107081e+00
7.372011540866239443e+00
1.619540138459863954e+01
-1.441673084177279129e+01
4.215281509584301034e+00
1.088902112030676506e+01
8.387027480688701075e+00
8.168593513603298106e+00
6.858076978410352353e-01
4.766640160120857672e+00
8.498031114081946669e+00
-6.409619337578934761e+00
-9.110579221902465719e+00
4.200456083016518960e+00
8.246162117542660042e+00
1.693457270639640910e+00
-1.524569267315372123e+01
-1.096644772254402156e+01
-6.113195957063943808e+00
9.431830096853332179e+00
1.585568775204995973e+01
-4.803384446560023946e-01
-7.841956114624654361e+00
3.786713406160487239e+00
1.410029816722168050e+01
-7.779267604803564495e+00
5.403502524633729820e-01
2.143703258411932211e+01
2.061307484203257445e+01
2.076654731346020810e+01
-1.068048647145884544e+01
5.661888755258686956e+00
-2.770213804750191855e+00
-1.666209893787226903e+01
-1.086711503986351346e+01
6.334910548797438423e+00
-1.873317017119804717e+01
-1.380122848732202812e+00
1.088037542296517302e+01
1.435142314968746291e+01
-6.758237373285464145e+00
-4.726529930990789552e+00
4.721316364290970569e+00
7.269110702975112304e+00
7.944344848242444357e+00
-1.275969531176741611e+01
-9.615953879893464062e+00
1.511197603946487078e+01
4.173794374424787179e+00
1.298957344455274665e+00
-4.856054620024227830e+00
-9.642145741080021537e-01
-4.834213657988744473e+00
-2.253843562705565517e+00
-1.623103972771964720e+00
9.821086807022432197e+00
-5.269929501178957310e+00
4.557826614365765749e+00
9.028166565496469786e+00
5.519936343220621211e+00
-5.891332120146660856e+00
2.110220531245352049e+01
8.960978275986313690e+00
-1.023310201380339990e+01
5.952498755302002564e+00
-1.262538510549003945e+01
-7.792557232205666651e+00
2.303431637559256728e+00
6.600980533608407086e+00
-4.585529235061510889e+00
-1.122194408957929213e+01
-8.244172775021446853e+00
-8.768589228949217329e+00
8.136843599684191020e+00
1.266370325780261652e+00
-1.870499591259388694e+00
4.168470294541151588e+00
-9.535322816861889095e+00
5.708355494927289442e+00
1.757740371333574103e+01
1.381557443378870431e+01
-1.682000141838752683e+01
-1.268020961007987069e+01
-1.414880997900226944e+01
-6.695681522964704868e+00
-2.155054848986915772e+01
-5.492914154535633031e+00
-5.381384721931073756e+00
-5.691128941799437513e+00
-3.117177540729315410e+00
-2.290715468955495382e+01
1.024339495555648227e+01
1.903049535182906027e+01
-9.018196289333673121e+00
6.726401888636281967e+00
4.944127787556325870e+00
-3.426748112443327443e-01
1.551888853134438051e+01
4.041220220217411452e+00
1.970234536764831290e+00
3.651990282584037573e+00
1.978829669085288856e+01
-8.646032249766737010e+00
9.683657587567559233e+00
-8.409773225672822150e+00
1.460004537403029445e+01
1.173247170189318211e+01
1.651900222764965065e+00
-5.800599419779942423e+00
9.400508059442969966e+00
-8.554115289684844470e+00
-1.090575362558335826e+01
1.958122852350397380e+01
9.566678048777561116e+00
1.549088798292793712e+01
1.467289133730542972e+01
6.983181438594570523e+00
-1.569794201180394566e+01
-6.722860089432622033e+00
3.484691018228048165e+00
1.969799804224020079e+01
1.449249031946969524e+00
8.591572193443511196e+00
-3.976073094683712839e+00
4.833080254449676261e+00
9.914320922254518109e-01
-7.116463530489642864e+00
-6.529099317913775735e+00
-1.374229512495363537e+01
-1.809919053852960502e+01
-1.062718598817479432e+00
-1.010622446254982520e+01
5.759038675795650875e+00
-6.355056104951309237e+00
7.584158661542055313e+00
1.284781677812384260e+01
-8.129794291250394878e+00
-1.147746450539563057e+01
-6.633273585237589032e+00
1.385877156230930751e+01
-1.099336106613001718e+01
-1.026905823622418268e+01
-4.741648573426470392e+00
2.668792371587812795e+00
-8.979575983137802808e+00
-6.835452956580105877e-01
-2.383230945769260245e+01
2.804299403765540433e+00
-4.941063065362026663e+00
1.650018272083769943e+00
-5.654162297785795488e+00
-1.284740078109238226e+01
1.785205684886976485e+01
-4.597415419737568953e+00
-3.931334652028652954e+00
-7.176700772638543668e+00
2.289468204069410717e+01
-1.307459863682770163e+01
-3.424132722332938528e+00
7.796677142079069256e+00
-1.367156223198762177e+00
9.091647200267004791e+00
-6.363233626726696457e+00
1.677267868227011149e+01
8.695718089621685465e+00
-6.550026348184648128e+00
1.218097421922760049e+01
-1.467316612386653674e+00
2.512625100427023739e+01
-1.681708768671099108e+01
-7.463949439249326190e+00
9.365848026394871795e+00
-1.411080190155924008e+01
5.493895172838506369e+00
-4.274239389621218521e+00
1.497587594583077220e+00
-3.543925282707338198e+00
-3.661784498572203006e+00
-8.234867533921072180e+00
1.749704225092256138e+01
-6.050605887693087936e-01
8.094847688751897863e+00
1.929456191217020944e+00
-7.907377098973967122e+00
-6.167658380477089253e+00
1.138038042984560150e+01
2.715593456127372463e+00
-1.157006779686131637e+00
1.025863715614278959e+01
-1.109736765469031639e+01
2.171888336534830444e+01
-1.510777432545310717e+00
9.005603852655070796e-01
-6.291316734020636403e+00
1.284764795192153031e+00
-6.341141568189417654e+00
1.728726708975651860e+01
-2.872914116808132690e+00
-6.770410100823347932e+00
1.860262167297459968e+01
8.914041321319359668e+00
-9.531083808645323785e+00
-1.371778065840213046e+01
1.478162850743385093e+01
7.087182150028553451e+00
-5.389422007300996853e+00
4.062316912870301167e+00
1.706945519617624996e+01
-1.403929578468943440e+01
1.148876823056257734e+01
-3.825735496324167428e+00
2.789331951641436547e+00
-1.376685406235318965e+01
-8.594806794955971441e-01
8.649054354862357741e+00
1.382880547614526989e+01
-1.452806427280762769e+01
1.038705610210195118e+01
-4.062374701743557637e+00
4.009633180013054243e+00
1.797807985252186569e+01
1.159023382311197992e+01
1.015783197409533045e+01
3.451946107446637768e+00
8.208582610670859481e+00
4.768269608895536749e-02
-4.347132392705130854e+00
8.537079606135009158e+00
-9.186071122765273600e+00
-2.960732155511024644e+00
1.691759732275245653e+01
1.218334372148279954e+01
-4.623263485499663261e+00
-1.138306119866375354e+01
-3.902405553049341336e+00
1.481060917807489830e+01
-1.839459492791053918e+01
-7.625638715734122997e+00
-8.516088693471530746e-01
-1.128787235045187742e+01
2.101718125405010085e+01
7.211393339007926784e+00
4.988228958473428065e+00
2.275678404491689832e+01
1.441383069315210719e+01
-1.801607082755610634e+01
8.598691760697271036e+00
2.206244247786358414e+00
-8.697936298819151091e-01
-1.282181302514873167e+01
-1.295733101724839642e+01
-6.444618003918325400e+00
1.794439597753654425e+01
-2.838390992635275722e+00
-6.503763767782150040e+00
2.071684146459112696e+00
3.570678401148519754e+00
-1.433217990396188135e+01
-5.888780623940178316e+00
-1.569120344024853075e+01
-1.140809061829909865e+01
5.607262996910165498e+00
-3.584272485903085226e+00
1.126892928266843796e+01
1.686372045173508383e+01
2.446513652848828713e+00
-1.785021610596407982e+01
-9.478910972726147577e+00
-4.491367210422868794e+00
-6.458272553323379128e+00
2.812508440227382778e+00
-1.474101209736456575e+01
1.193265846995331714e+01
7.694377597209438591e+00
-1.171942364102007161e+01
9.766297071409667296e+00
2.414228102522798736e+00
2.801463972735547259e+00
-5.451601324968365248e+00
2.285747640712251894e+00
-9.829583558610160310e+00
1.187034176938793451e+01
-8.278911150020597631e+00
-4.792289147248247616e-01
1.886089195059522439e+00
-8.301363261414799410e+00
-1.471331136783697247e+01
-5.842370356714500446e+00
1.951353157728431142e+01
1.880360719516822599e+00
-1.062934979647468126e+01
2.186333338983595809e+01
7.893091221864132478e+00
3.596662824833472882e+00
4.995550266059652245e+00
-1.406270120052217720e+01
1.119460191026114160e+00
-1.291544434053222190e+01
-1.593020615609450630e+00
9.322798936514871571e+00
-2.473276567419027572e+00
-5.158945381307660227e-01
9.381676242172943603e+00
5.582640697571186195e+00
-1.871860800521033497e+01
-9.942247344679643106e+00
2.856562789449377249e-01
-8.087893497421063671e-01
-1.026449012468511413e+01
-1.147584567144380330e+01
9.576421041714596072e+00
-8.016693310800974359e+00
-3.862721165377308807e+00
1.108374538225527317e+01
-1.869953884299222580e+01
-3.971049203286007412e+00
-5.778830925858748913e-01
-8.226938686569575054e+00
1.215978936611352168e+01
-6.709665005765117485e-01
9.971377149149788011e+00
1.203332334298222861e+01
-2.461783794175041962e+01
2.487763368475640391e+00
2.558005371254225224e+00
-5.229661895281900286e+00
-1.919865826023428923e+00
9.691968608414370578e+00
4.976713217139888457e+00
1.269915048335477792e+01
4.259321337649453199e+00
6.707149024516866120e+00
-2.901070274829073981e+00
-7.798552446118627302e+00
9.172831993595806921e+00
-2.587316407701013787e+00
-3.357074883236126794e+00
-1.014646697491649974e+01
4.639272616598731247e+00
7.566072582835644766e+00
3.139307531016164887e+00
1.301400914374919182e+01
3.986571382101416816e+00
1.626414551246043061e+00
4.194224736606535942e+00
-8.127567385876304229e-01
3.032475989161873997e+00
1.292011852074381295e+00
1.139474250184183290e+01
8.081585894974445239e+00
9.093251870939056403e+00
1.595478087488142194e+01
1.326339637793351756e+01
4.516928313334290124e+00
5.144268093471751513e+00
4.717642447471007472e+00
2.298894933333946256e+01
-5.861893810764993162e+00
2.472128267116545430e+00
-2.306420418185272325e+00
-9.225610347100364095e+00
-2.317815761389942963e+01
1.572583575151942625e+01
4.572145262794457210e+00
1.136832777041544063e+01
-2.947882216099831254e+00
1.496099269739295323e+01
-4.827724007665207040e+00
5.245833163636589802e+00
-5.136555647822085291e+00
9.791782286308794880e+00
-1.943532583697067651e+01
-8.787388220929948091e+00
1.929023154566792897e+01
6.399708175175845781e+00
1.299080504569125338e+01
1.864510124198098140e+00
-1.938100532802322817e+01
