-1.142050662033240727e+01
-2.071208097838324136e+01
-6.728481781845776055e+00
3.859589680938590561e+00
-9.053338974455900967e+00
9.494589335466820046e+00
2.050989225908317337e+00
-3.879104466248364247e-01
1.575050692305644873e+01
3.582745540559827191e+00
7.296198124365659510e+00
-1.076271751963300716e+01
1.493562679763883239e+00
-1.813475282640500552e+01
-1.084803665992505373e+01
1.616197843701426962e+01
-4.290406627003928719e+00
1.985330937968860354e+01
6.384595683109274944e+00
2.564012136749341408e+01
2.366729565673487912e+00
3.058356362990444666e+00
-1.816161360967488037e+00
-1.452528942567435521e+01
-9.179697171996451743e+00
9.657768210910091966e+00
1.838927061508786664e+01
2.004963717907208576e+01
-2.460170207265399256e+00
1.269124987521438186e+01
9.379928019987758603e+00
9.542588732086024095e+00
2.069452721984148980e+00
-6.071900395059582678e+00
-1.480579522898576528e+00
-1.411913582545704315e+00
-5.679715669610835960e+00
-8.814027903112638285e+00
-1.010348525741797587e+01
-6.307012240034623574e+00
1.524446826432756552e+01
-7.588389325215445069e+00
1.094009340988024093e+01
1.097882722883614548e+00
-2.121243851987462037e+01
-1.833695621722047520e+01
-4.746034392607114683e+00
1.566769341074660815e+01
2.438088696225414509e+01
1.277200999630854739e+01
1.470373383705985049e+01
1.715488472796636898e+01
-1.695409442462008087e+00
5.234378929234338784e+00
6.025726073735235389e+00
-1.268938418379493172e+01
1.188728919431517994e+01
1.295686167940521472e+01
1.330242737348489612e+01
-8.872441130013786648e+00
-3.014467013946763529e+00
-3.268574832724908674e-01
-1.064626866047381526e+01
-6.747160340592149197e+00
-3.964909195795442542e+00
4.008256620775043189e+00
1.745746508524003815e+00
9.888647272763016360e+00
-9.260613903388954071e+00
-1.459836484550730340e+01
-1.508485860045711568e+01
-1.553971785547758167e+01
1.452035667227271887e+01
-1.117086117933310874e+01
-1.322264376382386430e+01
-4.737083988253058209e+00
2.782925847321486401e+00
-3.559468242575675845e+00
-2.595732884806189134e+00
4.236036318880579188e+00
-3.698294984035136679e+00
-1.089096635050878348e+01
-1.277753912609984965e+01
-1.455527908349573352e+00
-5.935333554708520865e+00
-1.833705533355434625e+00
-7.726113987003305539e+00
-2.404984680496856697e+01
-8.478281419097850602e+00
8.180457116276677709e+00
-1.050211818950928588e+01
2.852064480100786170e+00
7.226650662210843734e+00
-1.407312848040089115e+01
2.562436029212673816e+01
2.699467452609248141e+00
2.915730879464405234e+00
4.353954622094654781e+00
-4.638016836675895149e+00
1.460396972678452698e-01
2.051037612637347252e+01
1.256853190625896843e+00
3.649281232332384661e+00
2.201339740997234884e+01
-2.110288910423843944e+01
7.929357124304544868e+00
1.250838267997324493e+01
-1.049477905074987305e+01
-1.007776162405911791e+01
-7.822925575818814536e+00
3.857477833570399639e+00
-8.769311412777618386e+00
1.304292425308502601e+01
-1.298008349437455777e+01
-7.582406802694428904e+00
-1.521919385021380933e+01
-1.484262411977758944e+01
-1.798882144924383653e+01
-1.503771263188739660e+01
-3.076425484557475443e+00
1.804473544951787289e+01
1.152161170828993875e+01
6.883584401965073596e+00
2.483289995570007846e+01
-2.730569126433277205e+00
-1.282450723352734201e+01
1.631198380690307204e+00
1.287437973714715156e+01
-1.605359313489527651e+01
9.198725153310981284e+00
2.095099828545892251e+01
2.745412230449868218e+01
2.051613005537888057e+00
-4.587665605628675536e+00
2.132307550227420023e+01
-5.786699408518408916e+00
4.756561781886006202e-01
-1.126979729139057795e+01
1.294123864360930298e+01
-5.681410819922707134e+00
-1.065235140178362627e+01
4.668748016621940167e+00
-1.381718205679900535e+01
-2.371294284828838528e+00
-1.521047275813898736e+01
-2.424297674217754661e-01
-3.969444763531942755e+00
1.845984833362773259e+01
-1.581108805152386054e+00
-1.844485272507366602e+00
2.810136447034373930e+00
6.327510003017231099e+00
-2.465166645165709269e+00
1.599391072761984134e+01
-4.777934148663405267e+00
-3.298345453855336729e+00
8.539774169505328416e+00
-1.465967893144804535e+01
8.704002530025448436e+00
6.109356055794314955e-01
2.016655797535513273e+01
1.270451737312590978e+00
-7.814125044563237310e+00
-4.099842255342629471e-01
-1.660371920830984394e+01
-8.969564583065299246e-01
-1.422075043488104207e+01
1.264092200182396653e+00
1.340190121086229169e+01
2.070099203513599662e+01
-6.693817668458560632e+00
1.631004610162765545e+00
3.118628860614144571e+00
7.152499625417128470e+00
-8.742108656395298993e+00
6.917878876281839950e+00
-8.817909199783311891e+00
-5.273792725782790569e+00
9.095339460747005944e+00
1.293263756481408677e-01
4.812551994469906447e+00
-1.481918991239433758e+01
-1.347226350222308966e+01
-1.769466519233703394e+01
7.188219453215708654e+00
1.785596385487536963e+00
3.046784490688864366e+00
-4.963152759935521630e+00
-2.069052065532160256e+01
5.187523652112361106e+00
-1.964674525588900877e+00
6.690388486563172421e-01
-1.863364173620766451e+01
-1.983060455968163893e+01
2.166745917303612146e+01
2.379463685440734366e+01
-2.088204184820259712e+00
-7.276499810628926923e-01
2.536298339974612048e+01
-1.019720546296284169e+01
-6.754585877460630883e+00
2.580993968669142902e+01
-5.405806859829240807e-01
2.448461982221452615e-01
1.139111111075309424e+01
1.007754698966601836e+01
-2.947009699156538431e+00
9.707237779563904212e+00
-6.292972777539521445e+00
3.320350354355895206e+00
-1.849014683908805168e+01
-1.228991145527210449e+00
1.182126556867223854e+01
-1.831415966845693077e+00
-9.501004210149808671e+00
-8.863770092572771375e-01
2.329345322014206943e+01
1.002208699199078978e+01
-1.734514498611265054e+00
1.761059724829977569e+01
8.932727521377103130e+00
-3.162861950578594872e-01
-1.124840357006479152e+01
-4.932055943244002094e+00
1.141782261050409630e+01
1.785398865954049086e+01
1.203018590822522782e+01
-1.522293756280429200e+01
2.273991362077545375e-01
2.044606670389835301e+01
-1.325708155262880439e+00
6.660113078588523194e+00
-3.627388997633353540e+00
-1.763308538832869843e+01
-1.214608359275690930e+01
-1.758798232297426267e+00
-9.554710789792444814e+00
1.380805172329269936e+01
-9.964817884325402275e+00
2.094612778453736723e+00
-8.466695784488720733e+00
1.787439611722874133e-02
1.706028714808648061e+01
1.995109641923065169e+01
-6.122539266426322513e+00
1.262934953736264987e+01
1.729244325953466443e+01
-1.497035442683502460e+01
-2.125999660751091724e+01
-2.184050841719964353e+01
-4.017081890307139247e-03
-9.948420397071835453e-01
-6.959756165291782537e+00
2.300954944925756251e+00
7.913079880063257576e+00
-6.890325552147523069e+00
5.178749177499895495e+00
4.051098214776267525e-01
1.302789236669951123e+01
1.833968185091664793e+01
3.244890385982294845e+00
1.703172282854695396e+01
-2.830585055805389771e+00
1.983671120407308308e+01
-2.346445934707620751e+00
7.622670162970266006e+00
1.149136270485728062e+01
-1.986009173150658924e+01
-1.024723156627347009e+01
-1.167738590786045449e+01
-1.372203327193704681e+01
1.062426678510002631e+01
8.257522021082721153e+00
8.543746513184885316e+00
-7.501291807977768400e+00
2.160711061231580032e+01
2.120259526120235449e+01
-1.050340345687623511e+01
-2.225454181462557557e+01
-1.447549421837662109e+01
-1.854583478530659590e+01
1.320206113165190231e+01
1.067931202336889385e+01
1.154790366581146088e+01
3.348526498642954152e+00
-1.017065456004219470e+01
9.830097527655574652e+00
8.005228569221650048e+00
2.012934619992710594e+01
1.948744087690236171e+01
-8.402085127938150322e+00
-1.416967333490736181e+01
-1.623408942255693432e+00
2.420327078399039777e+01
-5.604132195991589072e+00
-8.777135573771225552e+00
-1.761269239188654012e+01
-1.675120424338118852e+01
-7.471183737452054885e+00
6.930106342434214639e+00
4.572610880802137956e+00
3.197664207699752126e+00
2.013046797156741263e+01
-6.702060899634211921e+00
4.894411762861551551e+00
-1.205010117427890748e+01
1.511136903623154382e+01
-7.234351110211566294e+00
-2.093542455328019969e+00
7.979094192267098151e+00
2.121877089371632508e+01
1.193447887836870791e+01
-2.970378194374116987e+00
-2.950059266263799884e+00
-3.691241201563226326e+00
1.817760145871535116e+01
-6.218805383726778047e+00
7.909773322191419709e+00
1.197101742168572969e+01
2.127911893875177896e+01
5.061062738272283923e+00
-2.951176439455799994e+00
-1.083952640963773106e+01
-1.259297188677209789e+01
1.355549813481636789e+01
-1.555706764450175150e+01
1.815395627023051617e+01
-6.171976811584663380e+00
2.069020921781314115e+01
9.273623559054989585e+00
1.533695513321222137e+01
-1.570840559038397011e+01
-1.562995469880193511e+01
-1.036020290321786419e+01
-2.978580606606726633e-01
-2.366661555716068221e+01
1.243422973478340054e+01
1.451431792066508564e+01
-9.592396228887917431e+00
-2.122643763290938423e+01
7.989698780598523342e+00
1.814451596513412568e+01
-1.679017248314708510e+01
1.602424433893766320e+01
9.981877607723340873e+00
1.574442004437769782e+01
-1.325047210243912588e+01
3.526551955791020987e+00
-2.879831964154870860e+00
6.280119574511267899e+00
-1.630917697496716556e+01
1.399733125082820351e+01
-1.713644119833265833e+01
-1.539159455542226240e+01
-2.528554196962918610e+00
-9.266328005720790628e+00
1.425965268216984327e-01
-9.125096790102926292e+00
-1.236848881829662616e+01
4.504392625406119066e+00
-1.391015543272243349e+01
2.501901450977847219e+00
1.425019950855090656e+01
1.126296569389789681e+01
-8.904173686672269383e+00
-1.985864198979781392e+01
-2.447230524796907503e+00
1.294108049679165617e+01
6.779443195280322243e+00
-1.197398539407078033e+01
7.645397356194990834e+00
1.069296478658375804e+01
1.167106244213828603e+01
9.355600047203168401e+00
2.296802589810120310e+00
-1.360644389098112939e+01
1.211652440097473971e+01
-5.578592344664059510e-01
-1.905423753927694719e+01
5.459803347117038186e+00
1.582178920352660612e+01
-6.604390486262616378e+00
-3.897253302496107352e+00
-1.580086724749055627e+01
1.756609336028732571e+01
1.261621797543598689e+01
1.242486082418778892e-01
-1.939679176132418803e+00
1.542040812747345768e+01
-2.600126042430474627e+00
1.727486197507429466e+01
2.033134081856313458e+01
1.310757434233305219e+01
-9.103322717556739718e+00
2.596864244683683154e+01
1.312639724235321381e+00
3.497848086290801461e+00
-1.752036749287089634e+01
-1.542853776931419674e+00
8.743875703554287782e+00
-2.141828296894728112e+01
2.516807417518563739e+00
2.890626288032727587e+00
2.187342278167868415e+01
-2.578048777420853810e+00
-1.660010709265073459e+01
9.229747187194547564e+00
-1.649921481352393116e+01
-8.873637268209265017e+00
-1.457117617307172530e+01
-1.071841795361879690e+01
-1.018669807705888886e+01
5.614613926551328404e+00
8.620476287336458654e+00
1.535172995858630429e+00
-6.503105922715960219e+00
-1.342818967023154642e+01
-1.059541537934214261e+01
-2.202967783101911436e+00
-6.997559488132939265e+00
-2.990466921336690120e+00
3.976560748955684232e-01
1.517266681790472660e+01
-1.838715107053258890e+01
-7.416427823352648829e+00
-1.068187307525627716e+01
-3.655675000537144115e+00
1.124540794914477715e+01
3.172118266168517664e-01
-2.035595986183590966e+01
-9.824465765411922291e+00
5.209820728907565979e+00
2.554143770900635246e+01
-1.308838563282998280e+01
-1.690078739155417509e+01
1.789450689718474763e+01
-1.819842802924353720e+01
-4.390278401966703825e+00
5.457027243885747225e+00
1.219665482210680807e+01
9.373585489150720207e+00
-8.527336229931435696e+00
1.163617340132668687e+01
1.039799142387621345e+01
-4.318271343099340243e+00
-2.257179928737848229e+00
1.643767055968844915e+01
-1.540083327525367984e+01
1.342797193491424679e+00
1.105662576453593715e+01
7.493368742273943894e+00
-1.933274133278113993e+01
-1.323324736581408345e+01
-1.129270259748312810e+01
-5.171422370053985418e+00
1.040165080461537173e+01
-1.547410835373604066e+01
7.667906660771052429e+00
-1.931136623532680119e+00
1.157039212292706765e+01
5.741579030132967887e+00
-1.841878529789937602e+01
3.244588662277713809e+00
-1.287003327573229683e+01
-2.022400788530044480e+01
1.919186232472712561e+01
-9.401132865735544186e+00
1.768209681102433706e+00
5.287575661766254598e+00
1.357988005726384984e+01
1.376499622076752161e+01
2.634542634445494969e+00
1.295112659397535992e+01
-1.871926315983315092e+01
-2.123011095281306737e+01
-5.168772020370042242e+00
2.458344868353172785e+00
-1.162957216811403072e+00
5.401308917814645838e+00
-9.509041527265580385e-01
5.042742935486892009e+00
-5.102650406918495918e+00
6.625320578246167713e+00
-6.712700192278163058e+00
-1.027931574117671332e+01
-2.515480712464004398e+00
-1.974789253135583067e+00
-4.370486638279082570e+00
8.102075925943935886e+00
3.325410532971588395e+00
1.515767539377597473e+01
-4.758362013787515110e+00
5.607861910524199800e+00
-2.502092955690276455e+00
1.312704874681013933e+01
-6.719803709693117355e-01
2.249703887831422833e+00
1.734538451614376697e+00
2.464562935241296771e+00
-8.784237215983413449e+00
2.075844798452457241e+01
-2.530124466700990382e+01
-1.634137394136120847e+01
7.358397627485047110e-01
2.602831728255090127e+00
1.218933552302096501e+01
-2.713094680625719235e+00
1.610538135811130189e+01
2.894470752906840971e+00
-3.471918137335634924e+00
-3.168731349720353307e+00
-1.544070258547941954e+01
-9.947998584962896018e-01
