1.372553666717026744e+01
-1.757888106701008013e+01
-1.211928365880717706e+01
2.563621395335464115e+01
-2.342158622654775613e+01
-1.805865268454974171e+01
-1.030642595323250177e+01
1.256638692124322887e+01
1.936131889590741650e+01
1.215775863690970482e+01
-6.823860724773251007e+00
-2.349166255094445788e+01
1.234323853874284538e+01
-1.907831801407702699e+00
-2.411625786778541070e+01
1.767438948224932460e+01
-5.400359904828651025e+00
-7.554208672592782392e+00
-2.104484803104230295e+01
-7.712187871297814468e+00
-3.622960916823451782e+00
9.509944003513538746e+00
-1.580385314130973562e+01
2.051311542862356418e+01
-1.207865717728006061e+01
-2.119244041848367388e+01
-1.620492393646603801e+00
-5.689148257743621429e+00
2.174891420912825879e+01
-6.211082844499422606e+00
-1.392044262995027637e+01
4.019625718546002702e-01
-1.684849102060592685e+01
-2.103950467031965132e+01
5.776296187585117536e+00
6.242602335551261206e+00
-5.613042017645319959e-01
-2.675845952672485595e+00
6.537337464742229542e+00
2.674549725130233924e+00
-8.979328356295951608e+00
6.804310407641622760e-03
-7.480896646780699655e+00
-1.738274890760614255e+01
9.833813801994139681e+00
-1.757873185877964062e+01
1.307538598275013442e+01
-8.033173383918555288e+00
-6.259091661744136559e+00
1.680663041300849869e+01
1.656343828495170101e+01
5.090900139401519198e+00
1.189812441298652601e+01
4.791850250884586160e+00
-1.565136366448415117e+01
-5.738641843076251803e+00
-1.848479838670982289e+01
-1.798518491510337469e+01
9.967421926107029151e+00
-2.046867258606806317e+01
-2.319609619467710360e+01
1.487225873424312539e+01
1.902106965069407352e+00
1.018205220126597510e+01
1.729317397142147428e+01
-2.019493379160528690e+01
2.259233993687767850e+01
-1.006431871210032725e+01
-2.664152185167747433e+00
-1.547834724455761091e-01
5.097403071462956348e+00
2.178047608758408415e+01
-3.395430229587685034e+00
2.655968350766919173e+00
5.522098222515978705e-01
2.557251768888662724e+01
6.554119794645522745e+00
-8.541041095278206541e+00
-2.259918207964634718e+00
5.971559247088585209e+00
-5.119467386276937759e+00
-2.952750081212273159e+01
-9.082311175702741934e-01
4.477998539328162053e+00
-2.460133792727555857e+01
-2.621133027642727598e+00
-6.319940997821408502e+00
1.077526201088137014e+01
-2.744019264127400248e+01
-1.419768075501982985e+01
-2.068501806684559696e+01
1.603854846236719567e+01
-7.690598027396873704e+00
-2.263714077442369188e+01
7.369501888222572461e+00
-2.337428173369026752e+00
1.692106147946751094e+01
2.978207106493510992e+01
-2.279752854351491109e+01
1.700213496357881127e+01
-4.181492904020913670e-01
4.692147847566893404e+00
-7.130749772855111246e+00
1.132000993875031725e+01
1.137256949792823235e+01
2.221138799137316511e+01
7.562539164221512067e+00
-7.311696475417303276e+00
-3.958404646737168520e+00
1.479692977028150835e+00
8.165961750309797651e+00
5.347805765357236396e-01
-9.013328944644023011e+00
-9.710253023590400545e+00
-2.770463368073524535e+01
-3.664276115119619703e+00
-1.374948894130643140e+01
-1.819129939687132236e+01
1.682919193501685129e+01
-7.430455055924085173e+00
-2.884171776911330198e+00
-5.417693263693053041e-01
-4.018940480873141041e-01
-1.407055538682818963e+01
1.746576148129157957e+01
-5.085768110980698253e+00
-3.388160372571771717e+00
-1.397720247355035283e+01
1.113869098390026124e+00
7.561974920627982044e+00
5.138191580294311223e+00
6.341698968518315382e+00
-2.977751829261077177e+00
2.540734221463948472e+01
-1.324333179811906192e+01
1.590272731811997886e+01
-2.037509364670643919e+01
2.534985527344004907e+01
-7.971305964926184373e+00
-1.849396253174267457e+01
-2.083926636303939262e+01
-3.567163443923455191e+00
5.747089526975777574e+00
-2.405606120650497814e+01
2.103765779005262004e+01
2.300387741803713482e+01
1.050290336453302587e+01
1.285416114807827626e+01
2.848693855540389563e+01
1.147623652089147583e+01
-1.921918411697359375e+01
-1.218671017613663210e+01
-2.042967351044602253e-01
-1.515916843528232150e+01
-5.170906728136515085e+00
1.605428777270325469e+01
1.042708739582500499e+01
1.524539263424841096e+01
1.879794304196813215e+01
1.040603417807211883e+01
1.834470210925111644e+01
-1.152906831953489331e+01
3.271506732476758827e+00
-1.335677370282837728e+00
9.401659299782473056e+00
-1.018365502367772990e+01
-2.063054983630380690e+01
-7.551924701236920612e-01
1.273222076501573241e+01
7.694359170756115418e-01
2.907224723740938543e+01
-1.473424731278236166e+01
2.277175733294662052e+00
7.947576138890937614e+00
1.252438101653490321e+01
-7.150542184252458355e+00
-8.110694429211193324e+00
3.000000000000000000e+01
-8.220887131778518153e+00
-1.824718147319625672e+00
1.314608546400624789e+01
-1.874109150180226280e+01
-4.199739544989746776e-01
5.516762309859494451e+00
1.596820395543998217e+01
9.676522935429694883e+00
3.597993861972845764e+00
-1.144039107536308109e+00
1.890750671071796063e+00
-1.192082253959793192e+01
2.612670809656088977e+01
7.131809924124645761e-01
-1.340296638595933132e+01
1.163843359668819488e+01
-2.822986337428570636e+00
1.626950568099053385e+01
-8.278868695508034392e+00
-2.489076706134941119e+01
1.463251327310435812e+01
-1.321045886963382543e+00
-2.074450457137187698e+01
6.513833067996024795e+00
-2.727258919944773652e+01
-6.347858667185445114e+00
1.016597622529530298e+01
-4.457565513106157340e+00
-1.808565610052002981e+01
2.869718004358198726e+01
1.249616611950109757e+00
-1.822886629135110326e+01
6.582887809974913296e+00
7.715844067963224973e+00
-1.498251915186046901e+01
2.522090613002411175e+01
-8.238124647517640398e+00
-1.210201689737274577e+01
7.860408180135607381e+00
-1.225486825681790393e+01
1.169915141385434509e+00
1.755706622460771626e+01
6.773824697835252096e+00
5.868405879158487437e+00
1.417445385446750805e+01
-2.421695865791795299e+01
1.645756596796111637e+01
-7.589284907038390315e+00
1.102848672945845721e+01
6.038557508831324583e+00
-1.819163993398807477e+01
6.798211795943771563e+00
1.595711571202856049e+01
1.962109599190645781e+01
1.859452749547215689e+01
1.968262956132497976e+01
2.070059875061060950e+01
9.078756974623765075e-01
1.480478442742204237e+01
3.689937343991324781e+00
-2.043459311562575209e+01
-1.635146081778002625e+01
-1.984944509676228819e+01
-1.502134736010653171e+00
-1.763913090422146723e+00
-1.730143736505041829e+00
-8.216313650796678303e-01
-1.712068993430324326e+01
-2.246486466114301095e+01
-5.252920144564260596e+00
-4.730684064520218612e-01
8.326974740425313826e+00
2.311829652824562231e+01
-3.682867801216300307e+00
-8.406246209840084305e+00
1.482565796432117367e+01
-2.128828975271170521e+01
-1.520194018273968339e+01
7.385874185468573216e+00
-1.854614300994011344e+01
2.499893879696205090e+01
8.494200090214071963e+00
1.115211803848286820e+01
-9.496984889373909056e+00
5.235053953063157905e+00
-3.532175610790272202e+00
9.082047532871875717e+00
-1.542517021155060419e+01
-7.445849711846747709e+00
6.232534678052985555e+00
-6.010923985548224380e-01
-1.824125954818569895e+01
1.152515858470975729e+01
8.044177355444404043e+00
1.070434052528455027e+01
-1.035353865298724685e+01
1.458094168796448997e+01
1.270484187900128603e+01
-4.127128026270899142e+00
1.444366645459997756e+01
1.599697336525949254e-01
1.396233399274128573e+01
2.001871792932604421e+00
-4.874551901985011426e+00
7.492602442693971909e-01
1.931413965032820101e+01
-1.232572776129815395e+01
3.095317599830750055e+00
-5.886739601196378402e+00
5.256134234517951143e+00
1.141278287235407873e+01
1.127396245430229982e+01
1.826902735911516373e+01
-8.117845666916089442e+00
-1.352047103461663369e+01
2.148458448132601006e+00
-1.308762472761533857e+01
2.526297487866199276e+01
-8.127588242933494911e+00
-9.846578233895499466e+00
2.207969729135704995e+01
2.135160131783840853e+01
-1.174392351248783939e+00
-1.700577077715283991e+01
5.550079032914119637e+00
-3.100623855916929017e+00
-2.093731813870703817e+01
-7.144266827187266244e+00
-2.208553516649285342e+00
-4.026910578680201525e+00
1.934574023166555889e+01
-1.352271985631563211e+01
4.106062813909701958e+00
-5.698010549810316405e+00
3.314589781662050427e+00
2.088934988788419389e+01
2.137750236532858139e+01
-2.352829407714366994e+00
4.477646417039700566e+00
-1.168934848232035861e+01
-2.809787036206721211e+00
1.241394473601101822e+01
2.450474938945807679e+01
-9.602278398871796128e+00
1.978141919875891830e+00
-8.830151273684919033e+00
-7.622203302322951401e+00
5.951736868826117188e+00
-1.184848034944810280e+01
-1.420672439658286557e+01
5.567436037687528483e+00
9.347565658201126837e+00
2.490688289147126255e+01
1.430758622690575521e+01
3.272691911633756945e+00
-1.618492032622942389e+01
-1.062374746154740635e+01
3.659420162530487630e+00
7.812491218247672009e+00
5.740597607058710139e+00
-1.420657067020080255e+01
-1.552478015742774886e+01
-8.031738642958817564e+00
1.929782044349794035e+01
7.138275275216457771e+00
-1.577866877286295022e+01
-1.301633694563140153e+01
-9.896326310780274582e-01
3.508309467273541316e+00
-2.533372715442929746e-01
-5.086901359897083807e+00
1.158498470258130908e+00
-2.107666648995056136e+01
-5.687498592702191047e+00
-9.284968919979618818e+00
3.132846488986650968e+00
1.447284528492247091e+00
1.840608261947591018e+01
-1.027839290101077552e+00
1.148831897775438193e+01
1.027991835377534358e+00
-2.928867801159608319e+00
-1.647245098023194743e+01
-1.679637271202184934e+01
-1.122216749830723259e+01
-5.236828681241362915e+00
-8.034565917065119578e+00
1.548977516220538320e+01
-1.647858900227069512e+01
-4.129741358992770728e+00
-6.854080059976315198e+00
-7.288030521018036723e+00
1.131854564921069084e+01
-1.829066629655961762e+01
-2.889559700722126223e+01
-1.775957185121674087e+01
-1.472480838995261543e+01
-1.203119147022582069e+01
-4.497899147458017666e+00
-1.842911053981850955e+00
6.317792952364882808e+00
8.804975847847188675e+00
1.460761160224429034e+01
2.161045927039484127e+01
-5.037625534707501629e-02
-9.236912865781714999e+00
-1.706205493728933220e+01
9.895088240640596666e+00
-2.599982832877604011e+00
-1.977313237975693028e+00
-1.758543057664179798e+01
6.224581520620382946e+00
2.174163587314593826e+01
1.051021977522150763e+01
6.273847585132870108e+00
-4.115425643951709844e+00
3.039329291217384821e+00
1.644112040296325006e+01
-2.191780880004333198e+01
-2.974035162856097259e+00
6.194887181075301896e+00
4.084505528155446541e+00
-1.530246257327814874e+01
-8.076796786124234018e-01
5.052376926612467400e+00
6.775238550586117015e+00
1.027525817230207394e+01
-2.069795035952238393e+01
-2.767056093041885489e+01
1.772109658006948507e+01
1.899764752566632353e+00
-1.543589898071296318e+01
2.619285916695262983e+01
-1.260253693826734533e+01
9.380666004658444024e+00
-6.304173272338605472e+00
2.627335874032701923e+01
-1.193844034047276992e+01
-5.987875384645462873e+00
8.446426621354696351e+00
1.790867419830715335e+01
1.352600215685537677e+00
1.288847349395459929e+01
1.900466093997992090e+01
-8.684871493772241990e+00
-2.594863636791622241e-01
-6.240168475037553009e+00
-1.991769416327933584e+01
-2.176400124916412437e+00
2.521868292958028235e+01
-1.504591317112170046e+01
1.036607280924046393e+01
3.869658140308033012e+00
1.960264391006441542e+01
-2.192811513982658056e+00
5.318600368308530335e-01
4.611581577591671532e+00
1.010172149009013509e+01
1.606121220928297788e+00
-9.062828536043667782e+00
-7.150650294876999880e+00
4.108526316376149623e+00
-2.476277334162587707e+01
-2.475213471077561422e+01
-1.922070058810256654e+01
-2.819939815866835531e+01
-5.401966125449515488e+00
-2.294290579985982959e+01
-1.713121129760121519e+01
2.869670991792112602e+00
6.054313672400382984e+00
-1.186469908362517600e+01
-7.814256365176202479e+00
3.971200875463722468e+00
1.508461862152570632e+01
2.116379023491882094e+01
2.273844930968415667e+00
-3.872693842309139711e+00
-1.745786245195190034e+01
6.108749482191825564e+00
2.602903862371753974e+00
1.725659279408450431e+00
1.409435255747407467e+00
-2.084921612920970091e+01
2.267636723296438817e+01
1.943896440062093944e+00
4.297465046102381336e+00
1.067528744460584988e+00
-1.772091736521383609e+01
1.548431615005119255e+01
-5.278760764576226450e+00
6.600659919899136696e+00
1.137026012515212869e+01
-7.348676862069854820e+00
1.265256188890230504e+00
-2.310731837898789820e+01
-1.166095841762520280e+01
-1.736279083684330260e+01
-5.999518512614123722e-01
1.289119565245320587e+01
-2.790584230013572409e+01
1.569238022672914212e+01
4.900339008639434724e+00
1.506457924089167477e+01
-2.283332605470211263e+01
-8.973553697621419190e-01
7.849294984970313749e+00
2.884325800818895402e+01
2.155077883693390106e+01
5.520783288551278645e+00
1.927821301506899232e+00
-1.615271452018962606e+01
-1.197961976462005751e+01
-7.641485327372585346e+00
2.242934188672510487e+01
-8.000178920760816936e+00
2.863808529357694965e+01
-7.825391738870045799e+00
-1.221593645695872254e+00
-5.203976632694782722e+00
3.578705785776669757e+00
2.039707740331516561e+01
6.196056423496536070e+00
6.045383534010184690e+00
-4.263082501125680324e+00
-1.267926793652652862e+01
-4.703261290646853610e+00
1.899579751948227369e+01
-9.060927324629098223e+00
-5.164421588371169491e+00
7.723039105206638055e+00
-4.178701550247215124e+00
-2.369920351284677906e+01
1.146102908219329919e+01
1.171335127957362943e+00
