-1.641960696393777752e+01
1.899873518700690767e+00
1.363959043135410809e+01
-1.836328773333480768e+00
-8.867766873275037653e+00
6.733940711835693094e-01
6.458139645229579173e-01
1.944538197269054081e+01
2.757530489648814864e+00
-1.843779496077257107e+00
1.629485677836719049e+01
6.527556343652612725e+00
2.798766086394046226e+00
-3.359686004286643879e-02
-9.809433929183771994e+00
5.262603510280214891e+00
-3.452528115407922371e-01
-6.485557272455007904e+00
-4.689052267362146864e+00
-6.858546654376560525e-01
1.504905784565665527e+01
2.751522583818925227e+00
-2.877979336915295505e+00
-1.192745332577894857e+01
5.774400789699015490e+00
1.432460182618216749e+01
1.346223332108654347e+01
-9.067081847241297510e+00
-3.717321885468660270e+00
-1.262080782058848882e+00
7.300188198401592388e+00
7.200879152533445904e-02
1.390469063301594588e+00
-5.175691276146704212e+00
1.846959720120836579e+01
1.501040048336577826e+01
-1.412172474052593607e+01
-8.397306686222748340e+00
1.130353211484984399e+01
-1.881871198329204020e+01
1.603518923105438887e+01
-7.945407646763204212e+00
-7.580869824031548632e+00
-9.594231792428747241e+00
7.633811736662075020e-01
-1.053506437326917222e+01
-1.761872659184272294e+01
1.159926917569700322e+01
7.462245785244064677e+00
1.771193533923651842e+01
6.399435655582898619e+00
8.853667757050864395e+00
-3.982270898071831766e+00
9.223750412951751798e+00
6.721694404325717187e+00
1.594429572494318137e+01
-4.314331538266319654e+00
-6.109265990701885585e+00
1.762402305057128871e+01
-2.995539176850048335e+00
3.288154552009665110e+00
1.603928758414447486e+01
-6.665407707388013137e+00
1.675545061131758473e+01
-2.018270931028837367e+00
5.983583432843559535e+00
-8.824363134225027494e+00
-1.808082902394865243e+01
1.033271211380430543e+01
1.163827796033512385e+01
-4.511856247802299436e-01
-5.480540291852697976e+00
1.048900726883164936e+00
-1.205132575533791695e+01
1.072467756821296092e+01
-1.059008058696216281e+01
4.514060501260630076e+00
-1.453766235177634769e+01
-1.972344402827516774e+01
-8.683645846433556414e+00
2.920762481384386433e+00
-2.784511186573038088e+00
-7.324845157326286937e+00
4.234355541734892370e+00
-3.469341355377927982e+00
1.627626613884845597e+01
-1.446669621156369523e+01
2.562429405428900964e-02
4.939311771206895685e-01
-5.978434770391373831e+00
1.389623508684976372e+01
1.498872634066639620e+01
3.384889345938120186e+00
4.347945651897866526e+00
6.132824737493592693e+00
-1.849297108591279226e+01
-1.241659323185146846e+01
6.465887860638268592e+00
1.110551971165418905e+01
8.809386114197785389e+00
3.789679990877075966e+00
1.781208943376153542e+01
1.762845803910899178e+01
-5.914037027777208522e+00
-3.852494443314920858e+00
1.802257034338190067e+00
-2.034742102835483735e+00
-3.999298279571622317e+00
6.779661703268160977e+00
1.407169943266922019e+00
-8.620990690988563188e+00
-2.013291293004989058e+01
-3.553084980566119100e-01
-9.023012809300968939e+00
3.733776778137809060e+00
2.007691422382322344e+00
2.183521449901384415e+00
4.011697776403458704e+00
1.106666535482689540e+01
4.787520790702458839e+00
1.823836595656471360e+01
-2.311629733484370064e+00
-1.717053545598746922e+01
3.051336910426499571e+00
1.803943386800067827e+01
-2.779975564222134210e+00
-4.172693268461916460e+00
1.014286072403245953e+01
-1.279979416781923618e+01
-7.054263831867309875e+00
-2.320472469559408779e+00
6.154449488447752969e-01
4.020984735562912249e+00
4.857787592930016274e+00
1.166196024395839714e+01
-9.699207985956707745e+00
1.373412073159090596e+01
8.486527479058594281e-01
1.199296717101677956e+01
-1.374018291234281364e+01
5.498365685368149514e+00
1.564320427186979856e+01
-1.039690226824875907e+01
-1.042943682154002616e+01
-1.224344043184618513e+01
1.148026882835991103e+01
-2.338312097738441508e+00
3.646014843106193837e+00
5.737089298609127752e+00
1.086944951726401598e+00
1.139112015670309574e+01
8.383072556976138401e+00
-6.801871451556632309e+00
3.969992348428576179e+00
6.042653401026100823e+00
1.441948275118575395e+01
1.003727101681591449e+01
-6.738906598801431613e+00
1.089774402475428872e+01
1.832459436422652743e+00
8.296157400876289501e+00
-6.148697479016671963e+00
1.582185149662520018e+01
4.274737261174095693e+00
-2.488240120913953746e+00
-1.310736870417356670e+01
4.569554099021424065e+00
-2.042764637181931420e+01
-9.622358418524711965e+00
-1.041204815883805068e+01
5.707163233503393940e-01
-8.372438820090682299e+00
1.015462919084151849e+01
2.262282581424837957e+01
-1.154079449962089043e+01
-1.718697456737558227e+01
-1.974078878042391239e-01
-6.543083618175156602e+00
2.051587098700410650e+01
-3.612905668346460430e+00
-1.158765886406503398e+01
-9.987017474489427116e+00
1.225387102346307699e+01
-2.000517226551004057e-01
-8.509468664678507821e+00
-3.744117455562506080e+00
1.372400618128612848e+01
-7.280674728144134633e+00
-1.013711613193577676e+01
-1.382623995272806283e+01
5.889322071662796532e+00
-1.048836848893731499e+01
-3.244299287775117335e+00
1.875499393846361329e+00
8.739610323329280561e+00
3.059618311861107998e+00
3.558477273576663436e+00
1.029253191039020976e+01
2.734116354608389088e-01
-1.347463567980963006e+00
-4.561477681097223069e+00
-3.362283324536107898e+00
5.275734526463544682e+00
-6.201809410031970060e+00
7.375420013906889949e+00
8.226654883343925917e+00
9.992917598490571152e+00
-3.346299472985087675e+00
1.447647776696519628e+01
8.067160673496665879e+00
2.751982916670080215e+00
5.361354270958415213e+00
-4.160826937911444645e+00
-9.238960707217387380e+00
2.338533756866326030e+00
-6.784235594749326026e+00
-6.214207116338172909e+00
4.674156007920238665e+00
-2.070283127983089599e+01
1.891581912334604709e+00
-7.589571232162324321e+00
-4.767654870917269250e+00
2.513502228137468819e+00
-5.686008966759928285e+00
1.110722197601170080e+01
1.773717806673499098e+00
4.325223119106588854e+00
8.670131213336951248e+00
-1.608738809341527087e+01
8.240647997358834687e+00
-9.995383116744093854e+00
3.244442780660548920e+00
6.876409350577411317e+00
2.946463581315519775e+00
-4.141944401103970108e+00
8.131095275489400365e+00
-3.438371653418325735e+00
1.562738338802707716e+01
1.273936862237159318e+01
3.577270722964890126e+00
1.550795047319287789e+01
3.344744529797580412e+00
-6.120973484972118683e+00
9.782523624006195462e+00
-1.193750896881213208e+01
-1.024051197520847722e-01
-6.676032258290117483e+00
9.104573717376560182e+00
-5.460066294767027983e+00
-3.987464652407808785e+00
2.376993043665450500e+00
9.400123562131028621e+00
-2.111842978570182083e+01
-9.342970820753645711e+00
2.950842474238868363e+00
2.510340343208639524e+00
-6.164897277088808636e+00
-4.683000141477133837e+00
8.610181572861833388e+00
1.471276968927884354e+01
4.351678632004414737e+00
1.433887829878273834e+01
8.269974281412920902e+00
-1.054215310665299299e+01
-1.125713532133492834e+01
3.194764204030455801e-01
4.208055165191204594e+00
-2.873480444709436199e+00
-1.779520643007343494e+01
-7.746966383668176803e+00
9.987879578328914931e+00
-1.367547094480135428e+01
1.435779999778603155e+00
-4.068769799485053795e+00
-2.027205398974487593e-01
8.581926621807767219e+00
1.442928031317398307e+01
-3.414071243193767202e+00
5.811821579151043693e+00
-5.316266444930228374e+00
-3.089552077160973909e+00
-1.608539926930128772e+01
-6.928285073077340428e-01
-3.115073509623226045e+00
-1.306990569323990314e+01
-3.744372908839881831e+00
-4.111521584916431493e+00
3.301859115782569631e+00
-7.876086553173795579e+00
4.881205238701390670e+00
-9.857983141629070190e+00
7.623272821639631047e+00
-1.202151155201435628e+01
9.974061668774069744e+00
1.008885950698556400e+01
-4.228859081962436761e+00
1.273605707530254705e+01
-7.983549515432336818e+00
1.193860160901569145e+01
9.259406033310263240e+00
1.036805707439349789e+01
1.342692920221253416e-01
9.002887934882046750e+00
1.326443112851391959e+01
-1.129460823647339396e+01
8.233285454957488980e+00
5.821400995505683795e+00
-6.654042820474792563e+00
1.287934172103953046e+01
-1.586996019833159011e+01
1.275389853223479975e+01
1.609688543297886554e+01
-4.272534197023002633e+00
-1.154474013602791516e+01
1.350063529701085230e+00
-6.848273849660099444e+00
5.092876325033479645e+00
1.566068980289044532e+01
6.817145963669190678e+00
5.591352929460242649e-01
1.325612966390983871e+01
1.770846730423435389e+01
-1.434878469423929914e+01
-2.040812693311870873e-01
1.045766805339341943e+01
8.711262132608254660e+00
9.493895485561175462e+00
1.182594814469875644e+01
-4.297461061011823347e+00
-4.264753708993225700e+00
-3.472846052237933634e+00
-3.285862222925359788e-01
-1.871586399152256419e+01
-4.633037737021489022e+00
6.645768370401185621e+00
-1.350446190826317050e+01
-1.120729346121072822e+01
-7.032089912393573172e+00
1.244325158901930450e+01
-2.955276436649906913e+00
-2.162372661802297813e+00
9.608915984921516440e+00
1.220553057139917996e+01
-5.809986898945556533e+00
-1.306843701065929508e-01
2.251395631862678215e-01
1.797587222484381186e+00
-4.880919634697516329e+00
-1.487054312970806258e+01
1.999811056609983240e+01
1.773636913660443071e+00
-1.042619913401042453e+01
-6.182819128840932876e-02
-4.998539569095694191e+00
9.549091166510208950e+00
1.059363264012345951e+01
2.816578767631398250e+00
5.677074388886317990e+00
1.382117790506249122e+01
6.153883109702320553e+00
-8.326891017701811393e+00
-1.014011538376420773e+01
1.615590350958169807e+01
-6.592331248389420750e+00
-7.047118913904906634e+00
1.132934916395065983e+01
9.117507367492606818e+00
-4.271752771277139260e+00
2.448458977159617689e+00
-1.512168253477245372e+00
2.592574631655622852e+00
2.980720791195139441e-01
-1.817202051217492453e-01
-8.373035644646737552e+00
-1.274210819795380090e+01
3.938098657593215535e+00
-6.685885953674510773e+00
1.016530124276975755e+00
1.284455115201851072e+00
-7.205983978374383980e-01
-5.170874085020923161e+00
3.424341510678353018e+00
-2.984762735338250650e+00
-1.362260382448379659e+01
-7.774904061332918559e+00
-1.836810456839844363e+01
-1.895109948153152857e+01
1.230196951580421683e+01
7.326665282047869709e+00
-3.297360612459648621e+00
6.183935010248227115e-01
1.004708578880402570e+01
3.278968730466857551e+00
-1.983973890594742784e+01
7.212810775651874451e+00
-1.572719916416444441e+01
1.214418276370118122e+01
-1.855745117530293697e+00
2.023023732118313944e+01
9.681051972422203278e+00
-1.053564333723272028e+01
-2.294338701194052987e+01
-2.008085462333144022e+01
1.268519456405318380e+01
-2.122955360616775877e+01
-1.963696507537541436e+00
-4.620861284770889199e+00
2.844177992074840233e+00
-1.112749430072975088e+01
-9.198441825733745247e+00
1.286196297863789084e+00
1.216525223518735288e+01
1.833418941593744478e+01
-1.759208691570464111e+00
-5.641337259625817779e+00
-7.464654091298093874e+00
-1.049374789055828927e+00
-1.333406227003013456e+01
-2.165677203875940648e+00
-1.820942143508577971e+01
-8.703355970877474590e+00
-1.396036961020796241e+01
-8.147314421512263038e+00
1.580159788283891942e+01
1.205248919168307253e+01
-1.199082058869413814e+01
9.572314258128741926e+00
5.577945788750866996e+00
1.714128373804617667e+01
-9.142220296538191349e+00
-4.530477814595663233e+00
3.183337594876320509e+00
7.616308041410768226e+00
5.663678567294603283e-01
2.972998229386632829e+00
1.625946365106109681e+00
-5.597333440703625485e+00
5.125510807191481888e+00
1.367982204594162710e+01
-1.939241255038960077e+01
9.415127601955774139e+00
9.915510787222814315e+00
1.428138882303356638e+01
2.365618713828808950e+00
-6.068309395147334584e+00
1.254763484827453368e+01
-8.456076023761418980e+00
-4.760467246519699103e+00
9.959913013757464739e+00
-9.360763258890500538e+00
7.210815486955979736e+00
-1.981947409791757764e-01
-9.616390137182172282e+00
5.230055847473202846e+00
-2.041012272446333142e+01
1.151669068336592261e+01
-8.371677095962834159e+00
-1.292193211426275923e+01
-1.049006212426456131e+01
-5.010405900402375323e+00
1.324744167437378906e+01
-3.100520794859320972e+00
9.025435022007130215e+00
1.715478536730010006e+01
1.111567172521639435e+01
-4.313649086489839135e-01
9.637900634223022678e+00
1.215801327639915996e+01
-7.729892442595939883e+00
1.397462706408681754e+01
-9.618315014171564314e+00
3.766531816201052152e+00
-1.383644151094721053e+00
-7.059478095813634724e+00
-1.440734397734786398e+00
1.696271994119620530e+01
-7.094484507016105113e+00
-1.310565805636966275e+01
8.543501355176204015e-01
-1.611781043103409417e+01
4.898949198266571159e+00
-7.996009221395908639e+00
8.322594360217244969e+00
-8.367046213714836256e+00
-1.460035432122236365e+01
1.360280448915087703e+00
3.342206921869767200e+00
1.139755309382384496e+01
1.336384815941331539e+01
-1.068819089305629788e+01
-1.594532612173896524e+00
1.553289336860514425e+01
-1.009773639363589481e+01
-1.358604527565529452e+01
3.158111840172530549e+00
-9.456569503966711920e-01
-8.514329161064367213e+00
7.082186169954333366e+00
1.805787464207561044e+01
1.322794238060686922e+01
8.679492872553353777e-01
-5.239486075392299824e+00
-8.699235204052918391e+00
1.834173923587511723e+01
-1.399124845363295933e+01
7.064631312137642283e+00
-5.322511627811127966e+00
8.539003303077301155e+00
3.722011077815849944e-01
-1.595247387425764174e+01
3.790160980502840005e+00
-1.147775326800177709e+01
-1.307491504674806038e+01
