5.127523141485973213e+00
2.975348699647724970e+00
1.344068831470362113e+01
-1.260518924543123376e+01
5.982117931443724501e+00
1.763554298954405652e+01
-1.069882804541357046e+01
-1.288357903323753106e+01
4.408375926588824711e+00
5.200915447982062290e+00
1.193987554957070785e+01
4.897416173316912591e+00
9.298992308889623359e+00
-4.119494495227911557e+00
4.858044227477122945e+00
-1.216402340261144488e+01
1.246150535420085248e+01
1.741440609443317555e+01
2.303127833574075822e+01
-4.297506163871176454e-01
1.589708893933815403e+01
1.031966766889526355e+01
1.250459791579466895e+01
9.476802606818210961e-01
-6.922722487760097465e+00
1.644815463978321901e+00
-1.788144931519721581e+01
1.492934552857467168e+01
7.990017416057568767e+00
-1.518294801771311242e+01
1.872973589713565445e+01
2.201615405525600266e+01
-6.225547556283121509e+00
1.502311664011642733e+01
-9.122633505776732932e+00
-2.548039966168712311e+00
3.844557337785616369e+00
6.264931859277879767e+00
-8.338995444967750359e+00
-8.695300036522183973e+00
3.501246536729105685e+00
4.259400209508562796e+00
-7.311020168874048153e+00
6.969504791615321437e+00
1.543902629556770023e+01
-2.699579418369566497e-01
1.487311022457155474e+01
-2.811945351230392021e+00
-2.849748609137947142e+00
-3.009786530351490796e+00
-1.733807482572529324e+01
3.552059104367280895e+00
1.233464908178022057e+01
-4.376318283459710301e-01
1.560032431219345028e+01
5.069426771768362983e+00
-1.478104198464638586e+00
4.066229362425474392e+00
-7.566242255937268624e+00
-2.354370206837540280e+00
-1.178639381192456526e+01
-1.161654859299694209e+01
2.572100081666636129e+01
-1.247950915831274443e+01
1.089294377542635317e+01
5.186125396994718528e+00
-1.500145108929476656e+01
1.833410783469680183e+01
-1.195819661454527250e+01
-3.275627737533774564e+00
2.025002066311122206e+01
-4.139011782322306487e+00
2.085863372071109012e+01
-1.167661685332416610e+01
7.736347142316184033e+00
6.979850804542429898e+00
1.727358586972385979e+00
-6.605267890503387918e+00
1.461579947621574149e+01
1.326064904198550920e+01
2.292564147626065818e+01
7.080525838055962140e+00
1.237845958227311627e+01
-1.925118425346767026e+01
8.126940362306463328e+00
-6.794678865019115221e+00
-4.908101538907530426e+00
-1.457971486561891794e+00
-2.024637343374696030e+00
1.822837231294690952e+01
3.555219461617184606e+00
-4.503632956848939273e+00
1.619626423784293934e+01
7.468481442787044955e+00
-1.155210547204384497e+01
-2.479986145379829310e+00
-4.222283088971824583e+00
-2.996391605248867052e+00
-5.882784787522627568e+00
-1.110880517919192911e+01
-9.553539132761137864e+00
-6.219691452552666533e+00
-1.311957925210698761e+01
-1.349040174150762184e+01
-9.768285215254696396e+00
4.874108917205290936e-01
-1.383408042524439097e+01
1.777136008587266502e+01
-9.010984702426071635e+00
-5.156609081381620996e+00
-1.543605360734815690e+00
1.217677882555532420e+01
4.272610248315757531e+00
1.806869703092498725e+01
-5.356760531249449286e+00
-1.208649110230951251e+01
1.875059592494528005e+01
1.597816861931072907e+01
-2.471829376980874571e+00
1.972113554766648491e+01
2.234650719065164992e+00
1.381985494813342541e+01
-1.134347001354740314e+01
2.148843453121280334e+00
1.247331207643860296e+00
-1.468389072767923587e+01
8.789665816947291432e+00
-1.823233781335338222e+01
-9.297080232009982126e-01
-1.280953475687255860e+01
-1.803543516264196356e+01
-6.957276106844428654e+00
1.869952800594941067e+01
-1.095712021289082472e+01
-1.112479390761801312e+01
1.716672195586772887e+01
4.996078464110070172e+00
4.620781905460994210e+00
-9.929642749082297826e+00
1.944560659281352599e+01
1.589573999739004506e+01
-1.921516544804337201e+01
-1.167850375115814288e+01
2.088949653377575544e+00
-3.729809923689785478e+00
-6.114114026808181279e+00
-1.139323543017246010e+01
-1.686703029273086685e+01
-1.614715229268833951e+01
-5.188960993152811341e-01
8.060746668990802277e+00
-1.425168499253957322e+01
-1.394099477122482256e+01
1.333170584649062107e+01
-2.070384522796201310e+01
-1.891210328502150873e+01
1.241388005594138377e+01
1.452857468625524007e+00
9.378472230652789676e+00
2.009106935153847928e+01
-1.003685337607612382e+01
1.551502003817883946e+00
1.021244177383586305e+00
1.603513147629138302e+01
-1.335438639885580869e+00
2.407351216336912358e+01
-9.309919004659438002e+00
1.719963696803506537e+01
-2.672041433266969079e+00
1.354448463842694395e+01
-1.302129858807771612e+01
-1.079017079040978189e+01
-2.673839238910725413e+01
-4.447113944858390511e+00
9.925688459561463617e+00
-5.290631907231496456e+00
1.406019417610660582e+01
-3.597131686268731698e+00
-7.101218155986618541e+00
1.855881088956872560e+01
-1.449898227537365614e+01
2.048271472029249196e+00
-2.676384094510453338e-02
-2.041375729592147792e+01
-3.572217457880277891e+00
-1.799279470240488976e+01
-1.691506796147120184e+01
2.204239653524292919e+01
-7.417217252902851499e+00
3.305173224736662974e+00
-1.656866814771429830e+01
-1.141760908685138887e+01
2.093555694873080597e+01
1.425591353798984784e+01
6.162137574080809088e+00
-1.192403053457024242e+01
1.030444708360934669e+01
1.089075973642660244e+01
3.263363000661136937e-01
2.377710755631505180e+01
-5.261178076202131848e+00
4.846990903738614520e+00
1.108180891289563874e+00
-9.998571891783299748e+00
-5.479789531296937355e+00
3.313699491753965276e-01
2.801436776900672498e+00
-5.795998315554019342e+00
-2.244630622853343738e+01
9.260162215858727563e+00
3.630753031474803549e+00
2.119114459137381345e+01
-1.196694616164842273e+01
9.976628707190371870e+00
1.905743214303663535e+01
1.121702722515251338e+01
-2.005099776637120357e+00
-2.112757098126901667e+01
-7.181332233636375406e+00
-7.488437270371587573e+00
1.361849411815136079e+00
-1.533313679891772807e+00
5.426056254091896847e+00
2.037595555321739482e+01
4.740417001215753601e+00
-9.043490199658023698e+00
-3.300161684211566637e+00
1.141110743876120637e+01
2.124336108398320278e+01
5.764313039755109003e-02
1.982763508327214197e+01
1.241090445707926193e+01
-8.785949787797697752e-01
-1.282671163818177007e+01
-1.469865779437338027e+01
-9.698250816964566923e+00
-8.698045998707897297e-01
-1.344296878019628849e+01
-6.144190148233381166e+00
-1.088799834467556948e+01
2.860939691330266044e+00
4.428046326939877986e+00
1.367781293488304328e+01
1.108445677057183332e+00
-1.978597139368858393e-01
1.279239830624080554e+01
2.739352336832183710e-01
-9.496398848838907725e+00
-3.152908640344012525e+00
1.231701051064156616e+00
6.533187610756009178e+00
9.232837627750129172e+00
7.842496851386904666e+00
1.637143321481303815e+01
1.147005700569003750e+00
4.551674612657215846e+00
-8.570275685146093281e+00
1.785462617947145247e+01
-1.542295036368448180e+01
-5.421369503183541383e+00
1.964837858964100548e+01
4.823926002276913039e+00
-2.172140387258491145e+01
4.518864219305690710e+00
-6.011093096721488394e+00
2.358308688474772197e+01
-1.289886132099454130e+00
1.056648597778547582e+00
2.114083845816166729e+01
1.663490436383077054e+01
4.063987951759273187e+00
-1.360405110992317290e+01
1.228020207742508063e+01
-2.025356900317378717e+01
-8.028562788864174848e+00
-9.020034232393907558e+00
-1.233754683741157976e+01
1.329701242743765732e+01
5.785073899474397763e-01
-3.915845237915192456e+00
-1.795573109540082868e+01
1.464735492840770092e+00
-1.528377615349068286e+01
7.346982321355433498e+00
1.604221246044649263e+01
6.819311716412322255e+00
-2.260171654540708630e+01
4.689176944337688724e+00
8.448304929476314840e+00
-4.334474972902793155e+00
-1.586292516321708845e+01
4.222224907414961592e+00
1.108212351907702242e+01
3.613140790987017681e+00
1.771810529494015185e+01
-9.036623284206157791e+00
3.596996628844159716e+00
1.474270996577952531e+01
-1.407661399653686196e+01
-1.964088784100053431e+01
-1.471334631559410688e+01
7.660783601555522182e+00
9.630065552252183636e+00
4.967814636309398679e+00
-7.978481784118333309e+00
-5.802834122289780794e+00
4.767133382876465930e+00
7.973118050281833291e+00
-2.188952305181240376e+01
4.421179405892445402e+00
-3.424418061685202019e+00
-1.229297829562277755e+01
6.658253510684531307e+00
9.362674870028484975e+00
7.419017525065086716e+00
-7.637422857528477493e-01
-1.320421849452518259e+01
-1.815393800799590451e+01
1.523085518365611790e+01
-1.237792949960321565e+01
-1.230179113727505325e+01
6.357677871598056640e+00
1.774406915993306910e+01
2.505713420658412360e+01
-2.181543649486384950e+01
-4.841694849178939108e+00
7.648532895565551826e-03
-1.324181613354813791e+01
1.615898527934674433e+01
1.225910341424187067e+01
-9.952647353389988183e+00
9.044962326359843985e+00
-6.765450300006676798e-01
-8.615515794315729892e+00
-3.116989391447791746e+00
9.769147851885826128e+00
1.943602458272055600e+01
-8.322855000476209852e+00
1.064843736365706661e+01
1.339718594122210504e+01
2.348518404888179134e+01
-2.811532431824012690e+00
-1.244365131350727438e+01
6.554148375940158644e-01
9.949550383814283805e+00
7.933073264033097871e+00
1.503486898328980459e+01
-2.391421915521994990e+01
1.709797276411246258e+01
-2.005126548694344990e+01
2.098600345833077085e+00
-1.069163860657333842e+01
-2.201144342239327756e+00
-1.613220638253458361e+01
-2.630376122500485181e+01
-4.416460577411502442e+00
2.003597219414946551e+01
1.921632068297368789e+01
5.502063113847491138e+00
2.207422138852575699e+01
-1.047949838311880910e+01
-3.540311793537213703e+00
-8.478162250566889213e+00
-1.520121863419420016e+01
1.467025585522486608e+01
-8.787281249865642963e+00
-1.155861511564633304e+01
2.279288086548172032e+01
-2.110578087912492151e+01
7.673355762428613502e+00
3.000820952910387973e+00
4.735570525212942528e+00
5.871657932094812793e+00
-4.026424080459953814e+00
1.255598579869007381e+01
5.842961455911542146e+00
1.118847962288744213e+01
-2.335788057026346110e+01
4.959587390964514952e-01
-8.129790515515558980e+00
5.910754825886812114e+00
-1.485132987776473001e+01
2.620055190731703476e+01
-4.809054709195635269e+00
-8.042800669931857271e+00
6.617537996172963233e+00
2.642751246105007112e+00
6.386251948497836395e+00
9.419750231189595979e+00
-2.528796662253485295e+01
-4.296324258529296003e+00
-1.482090108088572400e+01
-1.452088740266249189e+01
-3.408225942759987248e+00
-6.731603773492647491e+00
1.111836812313678990e+01
6.256009341310360128e-01
1.445221372618662770e+01
-1.974501749628967318e+01
8.343108575765256774e-03
7.024704369013790028e-02
3.290700427924555527e+00
1.846511901939385325e+01
-5.243781623068340281e+00
-1.927334861219652140e+00
-8.641034609444137260e+00
-2.090219548522075144e+00
7.360652067663075115e+00
-1.024240038097312677e+01
-4.525205902720728091e-01
7.017868031073810187e+00
-1.764480226461526513e+01
-9.299025064500842319e+00
-1.988155549928857724e+01
-1.063344648937055581e+01
2.105231901994959998e+01
1.959534361818787573e+01
-5.863742771471347481e+00
1.728600572681371261e+01
2.183349145174159389e+01
-1.683205385883005789e+01
2.752564695004835471e+00
1.986915105876514076e+01
-2.441249857821382818e+00
-5.063743254823133810e+00
-3.905090304988295458e+00
1.443327925780022269e+01
2.398709833817264325e+00
-6.581288535108733129e+00
-1.047535370413119438e+01
-1.469205234508470070e+01
-2.430598754244235593e+01
9.147547048835420469e-01
1.522297165468901881e+01
-8.159415875653699857e+00
1.365376367456576645e+01
8.492575674289597032e+00
2.454817065191075187e+01
9.878058894595930894e+00
8.254428686100467871e-01
-2.547068694497863106e+00
2.993411515096454423e+00
-3.922783327729426617e-01
7.179276900511716519e+00
-5.183981134751270758e+00
-5.547252069328077795e+00
-4.087962959631049387e+00
-9.255212360956473816e+00
-5.347227190230860572e+00
-1.021108885164238700e+01
-1.043699470442850696e+01
1.100625834499432187e+01
4.331095920482766815e+00
-5.347491800421572350e+00
1.085392137176243921e+01
-1.735093321067889605e+01
5.283444378890571613e+00
-6.755969884762613731e-01
2.697935226427888722e+01
-1.073039708997375996e+01
-1.743344806646063461e+01
7.463831445779050000e+00
-1.941092263339904633e+01
-9.626102720519188694e+00
-1.543570431678074684e+01
-6.078386350067717103e+00
1.106684609564030097e+01
-4.407371892926228441e-01
2.326301374142278888e+01
-1.800006653434565251e+01
1.505861899772474999e+01
-1.357880452459025378e+01
2.025750318624929491e+01
1.124134813289810353e+01
-9.334124224123033997e+00
-6.506685436419999746e+00
1.756238852502382031e+01
1.469108222755342297e+01
1.478674862434598225e+01
5.707663570756999150e+00
-1.236803032777181244e+01
-3.492099604210224584e+00
4.435656859418209308e+00
-5.324250582084115280e+00
6.120369358833883666e+00
5.443625590078823961e+00
-1.107354868855113494e+01
-9.683518196360807906e+00
1.490999373493722402e+01
1.920544687236694870e+01
1.539388225186330317e+01
3.017273672416543207e+00
1.207552340392174983e+01
6.026954294879750762e+00
-7.280740840182730267e+00
-2.056055173249345103e+01
3.777195311679037104e+00
-5.485506404198474684e+00
8.234165270080616494e+00
-8.205149221175823016e+00
-1.402209407274971831e+01
-1.482746535082952732e+00
3.508903820165279797e+00
-1.659908025371910867e+01
-8.556865804055142632e+00
8.767348416276860235e+00
1.705497450555352401e+00
-1.927349816453145337e+01
7.897684106393327852e+00
7.024705696553070311e+00
1.038089675273386092e+01
-1.306992939728277392e+01
1.050297227079234119e+01
