2.789415325827208392e+01
-1.176976736792218148e+01
-1.298246834565297902e+01
2.237843720098562983e+01
5.256115561765845712e+00
-1.250717333747785176e+01
-8.744281835545592685e+00
-2.008553265564495049e+01
1.828553646280121114e+01
2.498086902487381877e+01
-1.816866294631314815e+01
-2.479807015288206173e+01
7.627842520475198285e+00
-1.823852521061066767e+01
-2.431029827438635493e-01
3.489797160673056453e+00
-1.864197156665080257e+01
6.651263547722678027e+00
-1.849122016916698641e+00
5.119053615108803967e+00
-1.073818724498147503e+01
1.014111372227715435e+01
-1.762084119100089907e+01
2.481109658883369207e+01
-1.950318591540632696e+01
-2.202584756377511965e+01
-1.513363512307266667e+01
3.691724923438393091e+00
2.334441691426847143e+01
7.885806927975735903e+00
-5.146236542837364425e+00
-8.574002816953836259e-01
2.386642109952440194e+00
-1.623052815020298567e+01
-1.986618624922074261e+01
-1.742699127313156282e+01
2.257172585141361054e+01
-1.167030653869047896e+01
-2.067644596643282284e+01
1.577183579644238876e+01
-2.324188383309439132e+01
2.349502308260793626e+01
1.762506316157629271e+01
1.174751798017501159e+01
4.964479752481345542e+00
-6.306002930127451833e+00
2.880479558205796309e+01
-9.573888820338325445e+00
1.945333556155201649e+00
-3.536947480258323395e+00
1.071769585278890702e+01
6.778280477880720412e+00
2.470143811991142968e+01
1.174721409885700751e+01
-1.186830808613706267e+01
-1.534952450261118528e+01
6.890464290407479098e+00
-1.248453856235529713e+01
-1.815170730735104598e+01
-2.603659352784561065e+00
-1.011115096495935006e+01
3.267015015915866627e+00
2.482189582321034038e+00
-5.858879048283125002e+00
1.909495743701948811e+01
-1.807045558084296033e+01
1.432221119197916437e+01
1.408843644026082131e+01
-2.616861397781153897e+00
-9.498118880758351423e+00
9.121162554222301821e+00
1.177032362256298370e+01
-3.751344817926220543e+00
1.312219305427106519e+01
-1.137623137558769315e+00
1.726925725898612995e+01
9.519455403869415022e+00
7.479292974799811589e+00
7.856050032110260872e+00
2.562476446219596937e+01
-7.458906076288755571e+00
-1.275855269534438463e+01
-9.412047092638822221e-01
-2.167954462817483829e+00
-7.051084327971015142e+00
-2.458256799275794435e+01
2.012280086244216903e+01
-5.499188917851519420e+00
-2.126744001268746231e+01
8.335285308974718532e+00
-2.560635993780847386e+01
6.238868261387601422e+00
-1.545429916779302815e+01
-8.163366042384918586e+00
-1.979434799004813783e+00
2.542044123711796288e+01
2.368650417812915521e+01
1.194106401163258369e+01
-1.445154932878013732e+01
1.330989072311191279e+01
-9.318833086380813313e+00
-1.959517042543581056e+00
-2.634466023634723442e+01
1.478619470856648377e+01
3.047362399796639920e+00
1.852690084288254013e+01
-4.824738281513077709e+00
-2.360828214621722765e+00
-1.970628968885381482e+01
-1.837433706468020134e+01
2.900165930943538228e+01
2.231253676618509729e+01
4.551988199733244755e+00
-8.107532480348957904e-01
-1.483280443644733282e+01
-9.256854082602941958e+00
-1.562615967776937076e+01
-1.550105711965303534e+01
-7.217689463577141140e+00
3.994052138147807796e+00
-1.454506326963135088e+01
1.467815539119885671e+01
1.150711544550189558e+01
-6.243230577977890050e+00
-9.570542830940411250e+00
8.486278820289633984e+00
-1.288875098019751420e+00
-1.547049976196710475e+01
2.880588983118322233e+00
-2.192789940608101062e+00
3.910644709295794996e+00
6.838552020875233950e+00
8.374536378644847900e+00
1.219849294718937927e+01
-1.687620326149495043e+01
2.526008226266709045e+01
-1.322856651701858510e+01
7.319260804650454588e+00
-8.815388881285322498e+00
3.891053230650449279e+00
-9.181967067092685397e+00
-8.722794788163533042e+00
1.214332841626253412e+01
-7.417074556841065203e+00
2.092090795956574567e+01
-9.365155740251157823e+00
2.097608260259137580e+01
1.384649756300279222e+01
3.767118815855418745e+00
2.149522568420427149e+01
-2.903802852244010779e+01
-9.722068413334472581e+00
-8.753751650758538005e+00
-1.647980467196467202e+01
-3.938935026415094853e+00
-5.217947660425824807e+00
4.608205627680952432e+00
7.207471629970726212e+00
8.763325172522158368e-01
9.377517374140893480e+00
-1.339505073772972565e+00
1.629537024326960903e+01
-2.252836391308046160e+01
-3.210718466134448335e+00
-3.950316772436757162e-01
6.932337733337973873e+00
-2.266745396041315885e+01
2.249919314266437453e+01
5.917273410164710867e+00
9.128454023352347235e+00
1.532327700247293478e+01
6.124397706548421638e+00
-3.807008692312685127e+00
-1.310673031477839601e+01
1.676702656026518667e+01
1.524635192021296604e+01
7.191404833684472919e+00
2.141092725153536946e+01
-1.463569616942312912e+01
1.681065469630753739e+01
8.007912065164539683e+00
-7.505696211840355403e+00
-1.410910061626893253e-01
-4.941184907388915803e-01
4.803020912313215263e+00
2.011878579419848023e+01
1.214487983751599387e+00
-2.501658382198968411e+00
-6.098166005130352119e-01
1.734537493453939305e+01
2.199580530863315175e+00
-4.274947785287903201e+00
-4.894810631758581110e+00
2.296898561914822778e+00
-3.716556267891110821e+00
6.823321485074991699e+00
-4.325645646554441726e+00
-2.461800326960017671e+01
1.255842513984433140e+01
-7.089260897181073773e+00
-5.322452520225837702e-01
6.437752259750205042e+00
-2.714629014714030220e+01
1.061295444889798745e+01
1.502633884694628108e+01
-2.077047151875417086e+01
-2.040856839886757967e+01
1.865811863764348288e+01
-8.722672056228720550e+00
-2.522586398437137944e+00
3.057103381321375934e+00
-2.822728877477402420e+00
-1.257990620188775566e+01
1.999077509818037157e+01
-1.391219799991264594e+01
-1.622063385309001404e+00
5.123806870141635272e+00
-1.421247720834079686e+01
1.789995335348240246e+01
2.025294597959747733e+01
3.111709047584433563e+00
-1.106448961235084738e+01
3.546718369213543554e+00
-5.566991899210986361e+00
-4.878826196501588441e+00
-5.803436127213096540e+00
1.399315085718598084e+01
-1.503938142269652189e+01
6.460145923538249235e+00
-6.673303069099770113e+00
2.145531940230905832e+01
2.375472321726292080e+00
1.463366753823549971e+01
7.373760178685522249e+00
1.841312589568285318e+01
9.428170311345851928e+00
1.119852442980948126e+01
-4.680502496422857206e+00
-2.932511163254350706e+01
-2.458310884926390827e+01
-2.266743391226081172e+01
1.300145497212049861e+01
2.233168329074757708e+00
-1.785683502321534633e+01
1.831186047784846238e+01
-1.676854574626570127e+01
-5.300279353159655926e+00
-2.033769949881907024e+01
1.240318644778324142e+01
-4.662470776012494156e+00
3.668204426031302035e+00
-2.510773280871141111e+01
1.217334783824404809e+01
9.299945133917027817e+00
-1.015232103731953828e+00
-1.184397848888161420e+01
2.381628577261403024e+01
-1.064548712074216397e+01
7.625254450425892117e+00
1.595757503682172285e+00
1.004261235149581211e+00
-1.444100035682727601e+01
-1.517073934763183196e+01
8.238561014354175427e-01
2.194583669921487967e+01
-9.500800509049831533e+00
9.688848996977448280e+00
1.604151179591602272e+01
1.553764222387555805e+01
-1.159576834219005903e+01
6.534181454959004043e+00
1.809040847136399321e+01
1.090568102672195039e+01
-7.029366600208710736e-01
1.777534816608647361e+01
7.540006368893429567e+00
-1.247465606333021526e+01
1.111979655646524634e+01
-4.201330093396208554e+00
1.357841715528622473e+01
-2.414491093626605078e+00
8.997046211382802028e+00
1.126514240160797442e+01
4.256537096170816881e+00
1.606401363054304454e+01
-1.063695633057363565e+01
-1.294122092438108496e+00
1.155701610715937022e+00
2.117870599400355047e+01
1.622502166938715362e+01
1.802318293919342551e+01
-5.570519210074955652e+00
1.652783114883077786e+01
-9.521074264256981223e+00
-8.390954598173543388e+00
6.614291343805014378e+00
-1.111990707065671913e+01
5.590788029108068713e+00
8.790907943785271073e-01
1.556638927522843829e+00
-2.368771240262990574e+01
3.404619871526577413e-01
4.339217284403318331e+00
-1.527126478245378927e+01
6.395469300034370974e-01
-1.178884370182194630e+01
-1.311008663183435630e+01
-6.712072432322081283e+00
7.909651743148913283e-01
3.485663770719312993e+00
-1.481316723343207542e+01
-2.638082767622082514e+01
-1.224320306695378946e+01
1.586410911748531305e+01
4.306492127117799384e+00
1.507154683169670761e+01
1.124694548690403906e+01
-1.434376919417181639e+01
8.433081658199625963e-01
-1.883519875256318699e-01
3.740200571504608718e+00
-2.150825128552874332e+01
2.900270721933480900e+00
-8.852385950619456878e-01
-1.342908215194096400e+01
1.891234198964752977e+00
-2.265565723633481809e+01
-2.910044080625585750e+01
1.037372612246345227e+01
-2.684440287958594240e+00
2.129165322147945005e+01
1.535928149864901116e+01
1.016093795851623582e+01
-1.661056870145002762e+01
-1.616840402076909911e+01
1.387518010168241034e+01
2.009301973816776865e+01
-2.741136712000532327e+00
-2.711388298291514332e+01
-1.101359663246164189e-01
7.274152989789527624e+00
8.700259830695472374e+00
-1.822886790207930829e+01
-1.183515025935575338e+01
-2.481946235456028660e+00
-1.246938578046803769e+01
-1.133283378182124324e+01
5.338632917600918404e+00
2.350907273559698751e+01
-1.637535719568548842e+01
-9.114498273583443222e+00
1.747313078845047585e+01
5.995894756361636269e+00
1.027802413593266806e+01
-1.442228642254537263e+01
-1.155808380154181236e+01
-1.201375160690054855e+01
2.623208059286255889e+00
-1.067318520064942433e+01
1.655149994050162832e+00
-5.722037451637525862e+00
-1.050720517669710574e+01
-1.960333374563200692e+01
1.424696333828306649e+01
1.623291252706413701e+01
-4.052249259218740463e+00
-2.322822109279279701e+01
1.094087891777769528e+01
-1.543261418042589916e+01
1.036500278961341337e+01
-3.745547872441630233e+00
-9.296445767479433187e-01
-1.582807391107581907e+01
-3.683713863047653803e+00
1.752834356831716178e+01
-4.262001768885749442e+00
1.126291755088719526e+01
-2.851823094530807623e+00
5.159825817616834343e+00
7.113766083838356735e+00
1.358071842777535920e+01
1.581241405829936753e+01
-1.357041741593320694e+00
1.249489182279714328e+01
2.062249852359997249e+00
2.824529068398955900e+01
5.172461493913075969e+00
1.188195087936598782e-01
-3.471633086722306416e+00
1.759588676755861059e-01
7.745427593396847499e+00
-2.732809896845481035e+00
1.305783599966022734e+01
9.016248047474924476e+00
-1.896951590743938709e+00
2.814642780535763933e+01
-1.175445440013803022e+01
-2.520537757858598127e+00
-1.400420931482373632e+01
-1.304625659104146962e+01
-4.901615491423484627e+00
2.025261136161230269e+01
2.226023168356149284e+01
2.921124205181854450e+00
2.140751316360586287e+01
-1.100351655406097606e+01
-1.050432586698661197e+01
-4.613548772566556266e+00
4.574902814434530285e+00
2.700140669939990801e+00
1.459825010639265486e+01
-2.268494158524955395e+01
-1.433300462126627650e+00
7.233774562084413162e+00
2.438053110460812434e+01
4.224541482843598317e+00
8.106836597246548592e+00
3.064178029689770710e+00
7.263023603377135373e+00
1.675415680922122874e+01
2.211941866986821026e+01
2.640372213609440166e+01
4.121188185519848446e-01
-1.191345196548201457e+01
-1.769589939562290937e+00
2.199869977548999600e+00
-1.317179569474441791e+01
1.197435506160090313e+01
-1.415908658199347414e+01
5.209720918799284561e+00
7.287782432083560025e+00
4.353554744399104948e+00
-7.999351268903399870e+00
-9.684616701709444442e+00
-1.735438901511805909e+01
1.399627618789157424e+01
1.559984700674285563e+01
-1.119600267930035287e+01
-2.567798497972434291e+01
1.673812129735002685e+01
-2.146037094011231261e+01
-1.971035817455678796e+01
-1.323179859320716645e+01
-1.681666794367369988e+01
1.677855568263073849e+01
-2.829533796533346290e+01
-2.139670209166588677e+00
1.491700849287573760e+01
9.925943037816843173e+00
-5.450547439844779518e+00
-2.572127596882051392e+01
3.999690963120393405e+00
8.579168682678485425e+00
1.512100407993790441e+01
2.672319079112349272e+01
-1.333735165553540725e+01
-7.076918145080242084e-01
1.687340778120088913e+01
1.183738382547644363e+01
-2.158814273876103584e+00
-4.463243661965385911e-01
-1.465573666211095016e+01
-1.710606712959794606e-01
-2.025189472733988083e+01
-9.733755623610942820e+00
6.849395564273699222e+00
-8.878460964779833375e+00
-1.084078921206096169e+01
-1.377848331888898770e+00
-7.964669898210836152e+00
1.118547021926404739e+01
8.005935514508252027e+00
5.469676018906980630e+00
-9.369706205115580389e+00
-1.383405800152781495e+01
-2.062385819194695102e+01
1.164570475721050258e+01
2.809799634625791498e+01
-1.550818891471636007e+01
1.831249723843375676e+01
1.488151682350239469e+01
-8.478999733925043358e-01
-6.880906364893785820e+00
1.412453862714964004e+01
6.744163768777191592e+00
9.709421238954853095e+00
2.681754155886373781e+00
5.750355370282271394e+00
-4.000294934995078933e+00
2.230191189928419249e+00
2.508657419841199498e+00
-1.556782837316404766e+01
1.937942956707389186e+01
-4.158537523326071295e+00
1.524490472563804389e+01
-1.379847491162623996e+01
9.441101979810802902e+00
2.073895046417796095e+00
-1.120888525673950653e+01
-1.198014847489728751e+01
1.150701162471245453e+01
-7.702043075810536266e-01
-9.360941816874483123e+00
-2.663326403666201969e+01
7.623301965218587384e-02
5.448527334888865425e+00
-7.309729672952094859e+00
-6.689834391664390978e-01
6.077052594067893665e+00
5.995427409565706967e+00
-9.851769752457244067e+00
9.623340957681989494e+00
1.766362742554878906e+01
