-1.182691206160636455e+01
-4.811229591322423005e+00
3.946095024122016071e+00
7.312022267584438850e+00
2.197969509996994475e+00
-9.143429037379888769e-01
-7.551568123382214281e+00
-3.100320945565620434e+00
9.727647913009022318e+00
6.283620290467510472e+00
9.153033444022248943e+00
-1.650673204507231873e+00
-1.002065320756652511e+01
-1.860703594245766368e+01
1.612481204125202794e+00
1.810944755635603087e+00
-1.045163006198250244e+01
1.466651904257747674e+01
4.641788523878197736e+00
1.688210018449532868e+01
2.960314027287466843e+00
1.286598165566935847e+01
-1.330091696721862604e+01
-9.368236081244894820e+00
2.800422708130199112e+00
1.596475489585396446e+01
1.828511582049965511e+01
7.159246998786727545e+00
3.305435978279881226e+00
2.217265839740918665e+01
8.622729330937673353e+00
6.170804862904326171e+00
1.803051885858800318e+01
-5.468387493971832214e+00
-8.239323935226995133e+00
5.074910410021601592e+00
7.155628797463805313e+00
-1.621147934153519188e+01
-6.365707979777262437e+00
-3.514275088606680697e+00
7.470757328732545943e+00
4.939646652096918444e+00
1.904201470988443390e+01
1.376148883621497987e+01
-1.732158087945384040e+01
-1.601679297308557892e+01
-6.554926965965645280e+00
2.387234433679359569e+01
2.175536254548075021e+01
1.064530512745170654e+01
9.761580308357657998e+00
1.112170067420204589e+01
1.320697429521327848e+00
1.180442911534043304e+01
-1.463492795680284786e+00
-9.349291893994983838e+00
2.126823538143854364e+01
7.579034970900075052e+00
4.278704930071640433e+00
8.155971120400529628e+00
1.004743114288307027e+01
6.792869668245451464e+00
-1.437229960149639751e+01
-4.814197971784487606e+00
-8.944492329215801618e+00
1.308775885665951932e+01
-7.216688698438858296e+00
3.325677978700923632e+00
-3.809107754408355362e+00
2.679924016317713154e+00
-7.320958467774644873e+00
-2.099178608638598575e+01
3.136124787088576227e+00
7.208965942666978322e-02
-8.245124406210937451e+00
-1.386576994422646081e+01
-3.495929476200043240e+00
-9.921670991393121142e+00
-9.944330521091746533e+00
1.114202480398621020e+01
-1.510233072858255809e-01
-1.114903783761064915e+00
-5.037971816258334457e+00
1.105432503931411503e+01
7.604120709570182157e+00
-9.735277025462764300e+00
2.312263037212957784e+00
-1.859994364099300768e+01
-1.503841464014236351e+00
1.505866096376985297e+01
-5.974479229544122916e+00
7.278553723742085424e+00
3.881040214071632022e+00
-1.777690231429723156e+00
1.322366217889298667e+01
3.507272151925029391e+00
-7.449435376350990623e+00
-1.930420545202704119e+00
8.575167654141807816e+00
4.222702633039041586e+00
4.540754936422771948e+00
1.306519912909237746e+01
-1.600638830912913591e+00
1.618044809399137307e+01
-2.216031291084514621e+01
-1.658241472058072929e-01
7.707771310317482971e+00
-5.507328190434606086e-01
-1.134558353918293960e+00
-1.906361357754742158e+01
1.021389540714548616e+01
-2.678308526308104121e+00
3.567313426531697473e+00
-2.007754444175003528e+01
3.705000602686389755e+00
-1.793632308307751089e+01
-9.089532453250633637e+00
-1.310896056887973415e+01
-7.464621512491049771e+00
2.040690225888894815e+00
1.586272765838381105e+01
4.880218846269286814e+00
2.122024207485701197e+00
2.261325937237090500e+01
-4.740599078016991541e+00
3.146853325506207000e-01
9.437930984652425082e+00
1.074442480085950535e+01
-2.343869114377466900e+01
1.442141686122742072e+00
1.077954936564037070e+01
2.190992797569707307e+01
4.172933483154224632e+00
3.418763402008870855e+00
1.727193552991577263e+01
-5.784198073487267777e+00
1.087171996940072916e+01
-9.774779574695781292e+00
7.370129231079353360e+00
2.556329544070514714e-01
4.695051277418151869e-01
1.659679016980634003e+01
-2.254281202226984249e+00
3.610041864768383846e+00
-1.182990594933468032e+01
-7.158357089149689045e+00
1.241450458047086869e+00
1.709350274369788991e+01
-5.254496111739356934e+00
1.012111552321636054e+01
-1.784169404231612077e+00
3.122617347642353991e+00
-1.172700303624183249e+01
5.873443235517498806e+00
1.043026824408652686e+01
5.648400537675314581e+00
3.108176124327542311e+00
-2.427571194999699600e+01
6.726020953879476849e-01
3.908395773898774905e+00
7.266032324942784726e+00
1.455251157930991468e+01
-3.123365739255064000e+00
8.393723214975892688e+00
-6.353173963021646387e+00
-9.287822555264913404e+00
-6.341388121700664016e+00
1.569570572699507949e+00
-4.459383740764302217e+00
8.758516267239784270e+00
-4.519048338666440401e+00
1.388216145391378831e+00
9.269887165766249382e+00
9.253368480326628287e+00
-1.613244580559051400e+00
1.090164262943676476e+01
-6.786461201112146568e+00
-6.184365487794458716e+00
1.655606629670692342e+01
9.092027394331324786e+00
-5.413995793805412404e+00
-1.676632484996828509e+01
1.574425992668505359e+00
-9.818127206065092594e+00
1.283210490758150968e-01
8.865557509105272516e+00
9.564481205810231756e+00
-1.688947587773911962e+01
-2.136781504717435709e+01
1.476703623556192468e+01
-1.352543914635290889e+00
-4.990481756511133682e+00
-1.607654863805124279e+01
-2.010253792772039816e+01
2.245569772164900257e+01
1.649274101202560416e+01
1.185383415676064800e+01
4.221232750469170014e+00
1.463630390016263760e+01
-1.578229900137515607e+01
-3.093468158482671981e+00
1.519703134499340536e+01
1.484492003189487264e+00
1.518771314695479191e+01
1.353347674580891891e+01
-5.661572064019345873e+00
-7.917736518829215697e+00
-1.273133426746596797e+00
4.961459837278276552e+00
1.137136438174609054e+01
-1.953436812517860233e+01
-8.970489680223497686e+00
7.521761680664781125e+00
-5.597638605760540287e+00
-5.262009550309272754e+00
8.619887493415760105e+00
6.933295166182539049e+00
6.652835768619347334e+00
-4.817554171329156532e+00
1.570719035650036233e+01
-1.064260882256656870e+01
-1.397102947536275153e+01
-1.987762617432922951e+01
-5.946247700359993615e+00
-1.993465518927187929e+00
4.566816746617064382e+00
2.131651411910740279e+01
-1.351972247300727048e+01
-3.166108437310725776e+00
1.713160130435659312e+01
-3.095243014035560236e+00
-6.384821624558838948e+00
7.389031876866049231e+00
-1.444341218119368442e+01
-6.731300628250298956e+00
1.072698665831264719e+01
2.354397664713154370e+00
1.005338998985715904e+01
-2.568502623147807640e+00
-4.451799579428634246e+00
3.385709266318819743e+00
1.531048716156816170e+01
1.240536910131427106e+01
6.876090321274752171e+00
8.324694257531170649e+00
1.288379705701586886e+00
1.506501477320340854e+01
-3.465555704753413124e+00
-5.643098106732839625e+00
-1.737053986358890967e+01
-1.949035605430129436e+00
-8.586772964092819649e+00
-1.314503910579072965e+01
-1.253415151173233255e+01
2.038473220416430820e+01
7.683917301250062337e+00
1.575334285148770164e+01
3.276782507819426371e+00
6.692330433714339222e+00
2.113556972678603785e+01
-6.645532062670177709e+00
9.586697716460456320e+00
-9.222854145601520059e+00
6.465668664571069257e+00
-7.723692222572488220e+00
1.834156625849974631e+00
1.427098982005696115e+01
-9.033832295654605105e+00
-1.528320732673842031e+01
-9.080839961672079852e+00
-4.597255591089353999e+00
1.019824619355866702e+01
-3.252938983580452970e+00
1.324315208947275124e+01
7.063155243612904144e+00
1.412570424534683156e+01
1.460628658194102769e+01
-1.869132207197163353e+01
-1.873578875890548545e+01
-1.863183872329867796e+01
-1.446509933262766268e+01
-1.246164534445810546e+00
2.147116694365808343e+01
-4.093144675523053166e+00
1.116883200969431300e+01
-2.322090933733182538e+01
8.284129037058193035e+00
1.602659716447534066e+01
1.564545696175145650e+01
2.010237554701565443e+01
-9.564423384973423481e+00
4.618636468509109250e+00
-1.672477481939331767e-01
1.402725735436149535e+01
-1.504247833719389860e-01
-1.670422162910077191e+01
-8.977306493931735076e+00
-1.704618452097201597e+01
6.776675999566066366e-01
9.685043969652454621e+00
-5.661696831445588884e+00
1.773424820939167290e+01
1.559019424406641008e+01
5.821232191613042062e+00
4.107907827503602505e+00
-1.424372635917908170e+01
1.333598110679506732e+01
-2.136165533175971731e+01
1.986065867615330660e+00
7.715778140258812812e+00
1.352898783710838160e+01
4.445524928925486563e+00
-1.672710924732525584e+01
-1.615250111491332419e+01
-2.578281589838034904e+00
2.352592612905014136e+01
9.109036949338914724e+00
1.605926632819842581e+01
4.456449578287063673e+00
1.172621971013823838e+01
8.208448421289858743e+00
-4.859882979024181537e+00
-1.885157930404663063e+01
-7.686281712076812767e+00
1.050630392719588002e+01
2.342137625715245974e+00
1.107879077597067408e+01
-6.304452886570043546e+00
1.074134438551758564e+01
-2.354734908342589250e+00
9.938100059738502523e+00
-4.241976273846688628e+00
-1.641528776457177230e+01
-1.278402103567072956e+01
1.130262374089499389e+01
-1.559748503330638059e+01
2.788286105786909275e+00
-2.661742848780228599e-01
-6.120797487009280502e+00
-1.053826052413911896e+01
4.096306578557232569e+00
1.652560931467247229e+01
-1.039366996465139792e+01
4.826214923195948359e+00
1.875405322984182988e+01
2.491323383597098484e+00
-2.197570192540446854e+01
3.065895662952804912e+00
3.582308211140563969e+00
1.282024570082936066e+01
7.886127312683299806e-01
1.588620283864848659e+01
7.653543680904064672e-01
-8.519635743356381852e+00
2.109944844609188408e+00
-8.348301692665092588e+00
-3.707082069406855140e+00
-1.022888547380922475e+01
-1.299667654291403807e+01
6.782684418217662881e+00
-5.619056055712945863e+00
7.629533631230032142e-01
1.996966281438227497e+01
1.735205910872351609e+01
-2.722585809323131656e+00
-1.105275177484074689e+01
7.598734278728208835e+00
8.538887585675006164e+00
5.217305291517213561e-01
-6.096505596320604070e+00
8.086491525665046254e+00
5.119404310334736863e+00
9.906239149348024853e+00
1.397426988841401396e+01
4.989452880659698053e+00
5.212481211629089728e+00
1.881597203500423632e+01
9.496278468227231429e+00
-2.000817557741207509e+00
1.577279503162448293e+01
-1.362862213982896975e+00
2.595372310857740672e+00
-1.138872079109238911e+01
-4.697413758225344793e+00
1.749264732239650755e+01
6.087065927630483486e+00
-5.719640730863815747e+00
1.255734882235172734e+01
1.813158466160128768e+01
-2.998559963322186661e+00
1.067564540498894843e+01
2.015511112130948845e+01
1.124183933769131016e+01
-8.881799382967496825e+00
1.367575789530356190e+01
-6.955478669311538908e+00
1.488807482055936049e+01
-2.233749213801413802e+01
6.320307374281256330e+00
1.185351269575163258e+01
-1.454167915885738971e+01
-4.930382304672882299e+00
-4.919178298380430192e+00
1.915958239547107667e+01
-5.117359110013175894e+00
-5.705756134511755562e+00
6.634701922041294608e+00
-2.002658321443130163e+01
-1.046541168046896786e+00
-1.303696190076899342e+01
-1.051257679613429019e+01
-4.678522646346586100e+00
8.666125068651503227e+00
1.685923445446705671e+01
4.162807228647899649e+00
-1.178332709916298882e+01
-2.438372948776144966e+00
-1.926218332076036788e+01
-1.350184166845227196e+01
-7.716501215558519533e+00
1.651926129553409339e-01
-9.259669384513831147e+00
6.091409651896398714e+00
-4.795405100814637223e+00
1.832674164924071647e+00
-6.526239002872660677e+00
3.176977316924528338e+00
9.041619966945006581e+00
9.310370444885663233e+00
-1.639118837711620102e+01
-1.258487452936886797e+01
5.481478352448661440e+00
1.230570809752479988e+01
-2.259658781558085394e+01
-1.750400591447164089e+01
1.275180450235446017e+01
-1.245974835182494189e+01
-5.137026944619723423e+00
-1.396413284811018229e+00
7.958080482200102779e-02
6.151402285196084563e+00
-3.343590598754506260e+00
1.640979707971402490e+01
6.428169064663592280e+00
8.533476761262939192e-01
5.768777842446141335e+00
1.598151610148685364e+01
-7.684898715618253107e+00
1.503237377809215758e+01
1.235054265376021476e+00
-1.157061402332278277e+00
-2.052358660158198589e+01
-2.407024676156875387e+01
-1.696247218016228686e+00
-1.204712373193217445e-02
1.857197854640014612e+01
-5.724055620188330806e-01
-6.553204099882407263e+00
-5.788336642511556107e+00
1.156615755792500266e+01
9.386283944109322874e+00
-1.751655860307354118e+01
5.321509727082947450e+00
-1.279970828675110539e+01
-9.409669996139971460e+00
2.452633577028613843e+01
-1.061170657524783678e-01
-1.124024654326214190e+01
-7.546167614188579620e+00
1.910535802220414325e+01
3.402294754993526738e+00
1.356409379173518914e+01
5.471939053320724611e-01
-1.152915292476844300e+01
-1.265897178566020287e+01
1.778279621930693111e+00
1.029687795308829124e+01
2.465311589628164768e+00
7.739761398265834202e+00
-2.244826944646455047e+00
1.459678839300596564e+01
-1.202484537414249743e+01
1.581807184518359577e+01
9.326904997776360062e+00
-9.837869553787424337e+00
-7.424135086050107191e+00
3.024324568865701224e+00
1.112238010506056440e+01
5.861636079965357737e+00
7.452532920460114951e+00
1.902677735648850188e+01
9.558270650484978148e+00
-6.411827205133310059e+00
-4.078011619703080015e+00
6.271289849717710752e+00
-4.217139076498767736e+00
-1.075254680504101046e+01
1.930142427275636408e+01
-6.497178919136317177e-01
-1.171024065832473582e+01
2.377886656372876928e+01
-1.687733931143311139e+01
-2.377461655950085984e+01
5.897794595143096785e+00
2.876328766702442863e-01
9.259220345941741925e+00
-1.631789214030828106e+01
1.877036377787732846e+01
1.218513591372339278e+01
3.434250817248738485e-01
1.073994616276364411e+01
-1.211693747642410912e+01
-1.103507518206185267e+01
