8.932901230411900428e+00
-1.198703314012323773e+00
1.099126803352967841e+01
1.107195771111091886e+01
-1.335491885999221040e+01
-6.171160755000855147e+00
-2.595125684634991359e+01
5.649132300109357629e+00
1.455619521562429952e+01
1.090718323838495252e+01
1.157177593997055709e+01
-5.697470264109377069e+00
9.504648048116941084e+00
-7.594895833829511389e-01
-1.191565964905582931e+01
-4.002586086205770499e+00
7.957916104306185900e+00
3.858568523864818189e+00
-1.310630368628686426e+00
-1.562307221592696926e+01
1.427356013986607053e+01
2.441476722234190078e+01
-8.040240928050184976e+00
1.770052593662937568e+01
-3.536501293721858730e+00
-8.397569079796369351e+00
-1.199481817279177420e+01
-1.269904542597238617e+00
2.718637402881929432e+01
-1.503663267837102957e+01
3.655076542641758408e+00
1.983898239085807802e+01
-1.233444775306423224e+01
-2.126784698754846659e+00
-1.966200142961660902e+00
1.538764335242486680e+01
5.441274273360100722e+00
1.709510825626843200e+00
8.801525238853422195e+00
-7.785548061278710463e+00
-3.844755986566141814e+00
4.779439118318066448e+00
-1.372100565512700854e+01
-5.917482083147994842e+00
2.426836348739881544e+01
-1.614511209129301506e+01
1.675473071682721837e+01
-4.162778387333538888e-01
-1.095898324092450338e+01
1.494193596307063387e+01
-5.583643265943191381e+00
1.913110649430720400e+00
1.740425420081216146e+01
4.917982784117434392e+00
-4.386553691597317339e+00
4.096260602155389563e+00
-1.528705644120602791e+01
-1.334888496042703565e+01
3.405068667418213124e+00
-1.041801922186460416e+01
-2.270124624657123746e+01
8.261602730111846427e+00
2.185900594699062793e+01
8.271484443928400765e-01
1.723168512516760131e+01
-2.821295806932983652e+00
-9.991075195187590907e-01
-2.051422677464369571e+00
-1.100651155993204355e+01
1.215401755538918849e+01
2.584290867512859791e+01
9.945817993132365586e+00
9.373586016664830822e+00
-3.808261376308156088e+00
9.661352715695571192e+00
2.118932731243619827e+01
-6.240503357711304488e-01
-2.290917966869762878e+01
4.000551578303841893e+00
1.580339356336926926e+01
2.122507147467561595e+01
-1.378979221033516822e+01
1.709280424966983247e+01
-2.350256145440152267e+00
-5.836384939121249005e+00
-7.940304193603591187e+00
-1.082063525040992857e+01
1.493147175784746850e+01
-1.892660816338212015e+01
5.200930421064612119e+00
-8.278793067287477214e+00
1.325241891367692659e+01
1.076126390321239512e+01
-6.800790584343133105e+00
-1.008009259581997696e+01
-1.235989672881675716e+01
-1.784336049824286619e+00
1.998537111721481097e+01
-1.592846500831411838e+01
5.302682586230368145e+00
-1.714213661536715350e+01
8.019234992328264866e+00
-1.554353996455658660e+01
-7.869825225490252762e+00
-5.247871807926998144e-01
1.143494396902173094e+01
-4.814003712560161574e+00
1.725602724369959162e+01
9.274195411694350355e-01
-5.962039273837586251e+00
2.350966853077693486e+00
9.388190282608221082e+00
-1.451981617679494185e+01
1.453948685843258204e-01
-2.179147235699019447e+01
-1.591583998932611088e+01
1.171096810070176275e+01
2.690012374470960310e+00
2.290440116906894730e+01
1.186676483370288793e+01
2.882413286562531596e+00
2.201388711467195947e+00
-1.701149342783423890e+01
-1.057613863883661764e+01
2.053344267818172852e+01
-1.321457878959303756e+01
1.236643698254815149e+01
-2.802060911556944234e+01
-7.253425532344120796e+00
-7.185706447657501883e+00
-1.875856612905853638e+01
-3.920937881994561280e+00
1.221763337312636821e+01
1.869114488901285398e+01
-2.073460029313394415e+01
2.397667519129301184e+01
-5.591526505475361120e+00
2.965945158898055922e+01
-1.939941418069924239e+01
2.030041732545349475e+00
2.863481444335306492e+00
-9.886630071215371629e+00
-1.642549790804963550e-01
-1.581661913561192279e+01
1.399666866635462270e+01
1.675259015382643213e+01
-3.597292632953241309e+00
-6.830419229970864592e+00
1.121618584723953660e+01
1.304164642738284385e+01
-6.749714645922068712e+00
-2.612946656390124289e+01
-1.686733183380703593e+01
-4.712136975178214726e+00
-1.218535048837643231e+01
7.740891089986298823e+00
1.656873775028275730e+01
6.550227417446500056e+00
2.243698804845124783e+01
2.930612437285694227e+01
2.105866184635388549e+00
-6.284842099493996415e+00
1.521381235635880103e+01
2.182180085680250414e+01
1.657746276678836495e+01
2.825897536771634577e+00
-1.797002384445782042e+01
8.904725513619418109e+00
-2.962912812683619279e+00
3.440976070275169718e+00
1.493746578077152520e+01
-2.830510780599227161e+01
-1.682833570227881737e+01
9.950415382209556014e+00
2.288177521677352644e+01
-1.310105522740254713e+01
1.783500247304004915e+00
2.078169147276068429e+01
-5.090903157297319126e+00
1.636244160770154821e+01
-8.827843486914538573e+00
-1.802900044465565088e+01
9.095349665621661472e+00
-8.198804348670545750e+00
8.573458188175628436e+00
-7.958050863974559519e+00
-8.382078556140651671e+00
1.088614082464548005e+01
-6.231946641885990346e+00
-7.176876461539112739e+00
1.238430934202644806e+01
-1.146371782046725585e+01
7.169169429116919900e+00
2.281637253407282628e+01
6.232997749046809588e+00
3.546930662711424986e-01
1.330774875925301615e+01
-4.552255709996426702e+00
5.281464471121921633e+00
1.824601421632245746e+01
-2.520154425316746583e+01
3.635381461671997272e+00
-1.717498839901046637e+01
-7.630138743759687259e+00
2.035040950784519964e+00
-9.088603794497640109e+00
-1.491212777938228129e+01
1.120992045476816656e+01
-9.190655932331544875e+00
-4.612613684760926702e+00
6.153978943210240971e+00
2.249879021808931867e+01
-2.453185021418735801e+01
2.715134460328507515e+01
1.680008850851408653e+01
6.469014552061288725e+00
-5.524219795242494513e+00
-2.999999999999999645e+01
-1.314733627211350253e+01
4.270391578731526749e+00
-6.912643556385049237e+00
-1.063981250732865647e+00
1.065439987851673465e+01
-6.369441648987567817e+00
1.361388335734432076e+01
-2.401437633307908825e+01
1.202196870904467119e+01
2.251050792415702517e+01
-3.919497349989214285e+00
9.033502296719404967e+00
2.722836158311699251e+01
2.212785414849356158e+01
2.187282375143953317e+01
7.201837784224530026e+00
5.334640224976027412e+00
-2.874157151934848997e+00
2.051018258578844922e+01
-1.017959323794543991e+01
-1.292373343137260377e+01
-2.399333813663663761e+01
-3.030905335480266416e+00
9.430113647665947951e+00
8.819655374317072472e+00
-3.333912704173037866e+00
4.170313852985046310e+00
-8.189980866370763835e+00
-2.179800595521146889e+01
5.698142433449184807e-01
2.669431777878116918e+00
1.431327740123821002e+01
2.869872383611618716e+01
7.482060711741759462e+00
-1.049552119625735003e+01
1.716074755433022858e+01
-1.141178726814570865e+01
3.397656744391227335e+00
4.439518883620223733e-01
3.577231059173286098e+00
5.384074837279300141e+00
6.313529355594603487e+00
2.212051862695194870e+01
-6.221041629240847470e+00
-1.495956417151967877e+01
-7.675533639808943320e+00
-8.112693268557695347e+00
4.864131187003160051e+00
-1.061658287380450361e+01
8.418442617091969282e+00
9.566855069569641046e+00
1.949609818981169695e+00
1.883990912789872851e+01
-8.796130073545647576e+00
1.004089135689464030e+01
-2.498046975123533642e+01
1.275286591033216155e+01
-2.365848665896475467e+00
-1.601240070802167992e+01
1.640330110165461974e+01
2.143212547949381985e+00
1.770618519822818371e+00
-1.194655595342323551e+01
-1.649736183208275264e+01
-7.927599687927635586e+00
1.541673337149865119e+01
3.131610746788176414e+00
2.744189985695612677e+00
-2.703450393519393202e+01
1.712636817373076070e+01
1.139509342895756561e+01
3.831018102793080971e+00
-2.706530423479939884e+00
1.043882085055724929e+01
-9.187868067057483046e+00
2.766302157521032257e+00
8.167189801457759302e+00
9.971696726465594907e+00
2.543357370246980054e+00
-6.992493991862538394e-01
1.566813828894079563e+01
6.771486861501934129e+00
-1.460972528423008043e+01
5.571462658911308097e-01
1.079238314499144735e+01
1.575208535000338372e+01
-2.999999999999998934e+01
-1.284594458534026273e+01
7.073329417880970027e+00
-6.051807470380467180e+00
2.309702338576698821e+00
-9.748606504775409576e+00
1.974568844386084265e+00
-1.386337598655252989e+01
3.830561827260495988e+00
1.564811708245809996e+01
2.959477735283073940e+01
-2.261313698243647252e+00
-6.450511745102929240e-01
-1.846545089324804678e+01
4.975664429736447403e+00
-3.293476595026202602e+00
1.590544501640596309e+01
3.855440951533850580e-02
1.161292538853003009e+01
1.678614326906407683e+01
-2.584889721284785224e+01
1.350717324688504561e+01
-8.830002731358270296e+00
-1.850149834259995174e+01
1.165820337905402226e+01
1.505784257503770363e+01
7.280012485498936314e+00
2.603315502003994908e+01
-1.271188225468979027e+00
-2.192715181268287949e+01
8.653701721458268992e-01
1.330172367670771649e+01
1.335543469754240675e+01
-1.009605103564206630e+01
5.764493913045576790e+00
2.159869696476938827e+00
7.929542886915911026e+00
1.484788827691062352e+01
5.915952969496338198e+00
-1.896172970886325970e+01
4.364259809877168550e+00
2.274835935950775934e+00
1.382304943356648863e+01
-2.446073371716332190e+01
7.483431701657778490e+00
-7.033519413920814145e+00
-5.561673506451914051e+00
-1.934558981332551753e+01
-1.940912718213535726e+00
-1.138239709167209668e+01
-1.468192668488250519e+01
1.980184799057641953e+01
1.925692294225933665e+01
2.722114870259066777e+01
7.102611355793833070e+00
1.845470627326830737e+01
-1.951407276856488338e+01
-1.762939888814609191e+01
-7.952550681520673237e+00
-1.899274367867316471e+01
2.998555187366534369e+00
1.453516420740999138e+01
-1.258167315295166233e+01
1.053465759727467344e+01
-2.589406870231532665e+01
-1.608553737971792685e+00
1.809961926259974518e+01
-1.926368683395923398e+01
-2.039860155164560851e+01
-1.614826062575082943e+01
-7.986107458413012949e+00
7.579700582996544256e+00
8.641438418282767486e+00
-1.460354203878498680e+01
1.742882559049607494e+01
8.666643861242214086e+00
4.245590606076341089e+00
1.016206496991415520e+01
1.885729757293888298e+01
-1.091073706109599328e+01
-2.469589898645518389e+01
3.738096066924867955e+00
-5.052780098351366433e+00
1.414529855789221813e+01
-6.346846336829372603e+00
-1.712236554061305327e+01
1.349009882716894282e+01
-1.020462272863973396e-01
-1.269043888635459894e+01
-9.932340164752829992e+00
-1.045930718503502987e+01
1.227624726870911331e+01
-1.068146262867932705e+01
5.505035504946476976e+00
-1.896760840218298938e+00
1.252867980731671338e+01
-1.036201250139949437e+01
-9.396798039008398717e+00
1.002877045301296022e+01
-5.967792872603183696e-04
1.010300528067858750e+00
-1.924597681669914095e+01
-2.919552204447304433e+01
2.361608237310914404e+01
-2.408558792850328700e+00
-1.814605664016414011e+01
2.868543426968366816e+01
-1.932408852369371743e+01
3.206626057070948832e+00
-2.075336684195718462e+01
1.233580737827501395e+01
3.829494876209729171e-01
1.616117026853326877e+01
-4.103463881465422958e+00
2.388243347242339354e+01
1.598464961997703426e+01
-7.307662062695193583e+00
6.499392603534360546e+00
3.945894112818713495e+00
9.745342634341341181e+00
-5.696665468728770776e+00
-2.320556124970030254e+01
2.086308310148569234e+01
2.428401691811246366e+01
-1.176944819627981076e+01
1.785630552047319242e+00
-1.547852489287603106e+01
-2.286353089313571729e+00
-7.440412751354696042e+00
9.463520577980787607e+00
2.032994069904304979e+00
1.581427390068889594e+01
6.662044915286536195e+00
1.590172532590726462e+01
5.229020457631001761e+00
-7.981884918325874878e+00
-2.405534936201972585e+01
-1.459446611081055067e+01
-1.290672294933230191e+01
-2.030796080437020379e+01
-1.345453642961911456e+01
-1.417623781513246328e+01
-1.961493998354233170e+01
-6.485896016177903789e+00
7.954311105406468130e+00
-2.646595563734792123e+01
-1.509567458939609708e+01
9.938240144778454521e+00
8.015212147126014486e+00
1.847437192288876417e+01
7.886144086003156417e+00
-8.470429166232310791e+00
-2.474246127944841334e+00
-1.036288539911282314e+01
2.125497774583546828e+01
-5.259615861032148842e+00
-1.268355513744142371e+01
-1.116924279457131419e+01
8.249080495441297955e+00
-1.968121003889649501e+00
-2.483962254279887816e-01
-6.626198393096132122e-01
-2.563868618987257264e-01
9.252373445279715725e+00
7.378248832134133295e+00
-1.761819778146524129e+00
1.636844200972483776e+01
-1.546378099280197560e+01
9.408613899345269260e+00
-6.596855992406212010e+00
-1.107733098842535924e+01
-1.389649649560224987e+01
1.878511079331659062e+01
2.108903730417193856e+01
-8.401571676373585262e+00
1.620286103710911618e+01
-4.479532225782719479e+00
8.663906559662471807e+00
-1.118355070525525718e+01
1.836171396808943257e+00
1.286789494291939207e+01
2.888739125511543193e+01
1.625179601510416916e+01
5.712703683720313563e+00
1.521891520963457367e+01
4.258255185689804989e+00
5.192146235905639173e+00
1.035990672758402553e+01
2.024452511139438116e+01
-1.377225719588683006e+00
1.421675114553104891e+01
-2.529041105773216458e+01
-1.143746872325011310e+01
2.185549682091533441e+00
1.183806587991387715e+01
1.510753712848139685e+01
-6.310259993909014042e+00
1.062910146973030123e+01
-4.526276746182151811e+00
-1.658826162098804247e+01
-1.320790405566098258e+01
2.535909243806861468e+01
-1.659678247459500966e+01
-2.073797897726780093e+01
2.170692220146071350e+01
4.303120553740370724e+00
-1.829567645200381065e+00
-9.724369884841692624e-01
-3.164824507830083178e+00
