9.591564272937176838e+00
-1.072296217988387212e+01
-5.646730637695295485e+00
1.673317964116741052e+01
-7.281203156520550834e+00
-7.520936146182627624e+00
-1.907313683392485615e+01
-7.167625419770644157e+00
1.572858698084776563e+01
1.131983746317811068e+01
-8.342060111014895085e-01
-1.395496944952399332e+01
-3.608897719701147366e-01
-1.108697252096703068e+01
-5.954561656305429551e+00
1.901458082272171168e+00
-2.029443632305184764e+00
1.351890950081811127e+01
-5.281362677642391645e-01
2.071711577506455626e+00
-2.544717899667148231e+00
1.892683348845798719e+01
-1.255182872857434617e+01
1.409947070156177062e+01
-6.573231307561844261e+00
-8.641093199516227230e+00
-2.069048311758958647e+00
9.637357424637343684e+00
2.135720955541285804e+01
5.021515389328364165e+00
-1.854290102602984547e+00
1.374339891055814178e+01
-1.771343621270034419e+00
-5.708824570706024559e+00
-1.531701921660827637e+01
2.982754355153872439e+00
1.386215596544268891e+01
-2.628616949566850991e+00
-4.221900727519592778e+00
6.797949167919547619e+00
-8.229926481627661161e+00
7.576712753108431286e+00
6.755814520561131076e+00
5.477208873038385661e+00
1.424343759446557556e+00
-1.545251507856644224e+01
1.740555603339023349e+01
4.980360852435978813e+00
1.791779844116184961e+00
6.905003764424485269e+00
3.639832010044536048e+00
3.011189709703444350e+00
1.253793862864857545e+01
2.890993997879874655e+00
-1.108552461883935081e+01
-1.646916515086022770e+01
2.699408564391056586e+00
-5.066045407276291712e-01
-2.522911143702593506e+00
-4.854441219764964899e+00
-1.362416210546256679e+01
3.052380235323042257e-01
6.116807429854731026e+00
-1.141607174729652030e+01
7.225996111268052857e+00
-2.139187866569457697e+00
7.628374133010687785e+00
1.024181875269898256e+01
-1.630584993925916137e+01
-1.499264370127370682e+00
7.365696449118566136e+00
7.978905943394067890e-01
5.889628041637422484e+00
5.644917122451602154e+00
-9.078293792844533527e+00
1.541180909831531665e+01
-4.509989375170377457e+00
-9.593589132522009066e+00
8.793081134009604227e+00
1.949070806865795191e+01
6.512310877003777421e+00
-1.390034516602768377e+01
9.223355828332991280e+00
3.870729040854172354e+00
-3.281185530023517316e+00
-1.952240467343639807e+01
2.000913462985749902e+00
-1.739814638228985189e+00
-1.704081088411149381e+01
1.070550156074980919e+01
-2.214482082663663221e+01
3.951051863239570139e+00
4.684705741572003035e+00
-1.492643577263065424e+01
3.195655945008361698e+00
6.459483099537990825e+00
6.901752607796645123e+00
1.190744408814814648e+01
-1.664325592715119484e+01
2.315222837480241935e+00
-5.482019174612823065e+00
2.279160169535998648e-04
-2.009355138692369280e+01
1.389036588864858146e+01
-8.718060864280445799e+00
9.465308359464415844e+00
7.855001116548180562e+00
7.723227060422111379e+00
-4.964393255917634917e+00
-1.290721908812850316e+01
1.294467092744169179e+01
1.453054890964098433e+01
-6.835298695871937724e+00
-9.106586642999893400e+00
-1.851770192007156624e+01
-2.067003223666844747e+01
-5.293110276631097122e+00
-1.490593293495750693e+01
3.168811901979054824e+00
-2.398806482028703613e-02
-6.732766118065640626e-01
4.545966551037089687e+00
5.162672290478852233e+00
4.242793272808370375e+00
-6.078050592392614249e-02
-7.562241340412057866e+00
1.356170077455055178e+01
-1.587473900773393076e+01
-8.854517753083218423e+00
6.230033750615490362e+00
2.222708450995362739e+00
1.399614275167558475e+01
3.283744563770817138e+00
1.349165848688764413e+01
-8.721558640078253433e+00
1.657856374138321343e+01
-1.142236896058078344e+01
1.385001700138029435e+01
-1.409137765517454355e+01
4.366783895891074962e+00
-9.008336657351883048e+00
-6.201692374834415489e+00
5.652999859936961968e+00
-4.565855486169198230e+00
1.176433517628385061e+01
3.628655838125126820e+00
1.364514826816908055e+00
8.126417625864291949e+00
6.544723980522988427e+00
1.215975315939000012e+01
-1.516777205642387649e+01
-1.880002561015764684e+01
-8.832305302157369198e+00
-3.369057685785442402e+00
-5.589621883529055424e+00
1.785138181639972288e+00
5.534365600501118365e+00
-3.275615673379942194e+00
9.378229575338650648e+00
1.680243766553192586e+01
6.799732421740564803e+00
4.575817515133863367e+00
-3.371798226544814980e+00
1.177924767068248713e+01
7.608168832405532100e+00
1.368254415120034650e+00
-2.053417190821295435e+01
1.736620657764631659e+01
7.654822693281538193e+00
1.525622859986771118e+01
1.092856779778885823e+01
-1.148176073810888198e+01
-8.450436663234295764e+00
-2.045838480650719049e+00
1.959730335905607745e+01
9.492241993390706511e+00
-7.232572825548309936e+00
1.762412826460526105e+01
-8.084740327309916097e+00
1.297691342765925526e+01
5.048890711060870728e+00
-1.713108558398321435e+01
-5.163293017624294379e+00
-8.945604404805138188e+00
1.557024834209027375e+01
5.161198420176688728e+00
-7.211609758236253498e+00
7.330160853403810961e-02
-8.830664931262077744e+00
1.005706329621229145e+01
8.657470638460722512e+00
3.746871102232489648e-01
-8.955108245474555417e+00
-6.888323104238764927e-01
1.081140604387621806e+01
1.392542515430713479e+01
8.143881804380946221e+00
-1.246807840617251983e+01
1.607881688257023001e+01
-1.946470146675771673e-01
-1.732464141173689498e+01
1.648560590729779562e+01
-1.664006015449499643e+01
6.669599605900998540e+00
5.785596344861644980e+00
-1.179558293761897403e+01
-2.264576186652880807e+01
1.478389552944783247e+01
-1.113916286062942262e+01
-6.837696601544344333e+00
-1.035954549375045985e+01
3.915501811120606135e+00
-6.266165908376446936e+00
2.180885752372314812e+01
1.206419435859093170e+00
9.294531403389484581e+00
9.911837443700463268e+00
-1.493952892397846277e+01
4.559762719922325402e+00
1.444428467127613658e+01
-1.276002261385549730e+00
-1.917889207178852473e+00
-5.315044240815584686e+00
-9.822232917401063190e+00
3.720140344110099306e+00
-1.012439503322118384e+01
1.771496449457686850e+01
-1.371780761316269803e+00
1.596222056924258226e+00
1.275373404317816295e+01
2.071695181223659432e+01
1.071001062509175483e+01
1.335098732991076531e+01
-3.209666022579845901e+00
5.155003134973895840e+00
-2.069118577982706597e+00
1.615844861828062307e+01
-7.581890777113251545e+00
-2.085377905433314538e+01
-1.856473673203615959e+01
-1.533753414994603403e+01
8.803920301870093112e+00
1.642445690056289465e+01
-1.609162753951668634e+00
1.273449770203154685e+01
-5.511326575502000225e+00
-1.592952362299971725e+00
-8.960634649449172429e+00
-1.348717238785461348e+00
9.572840491735838953e-01
1.746825525700122483e+01
-6.803030620911076909e+00
-1.635976550806500285e+00
1.141678070778702647e+01
-1.698157746327293438e+00
1.654176027437728180e-01
1.397138509494235592e+01
2.347542773125475435e+00
8.265560485097822152e+00
8.409404220126376117e+00
6.864566347113033373e+00
-7.924928002434278085e+00
-1.517085321641492790e+01
8.399222238881229430e+00
1.888746403643146721e-01
-1.857807656964673981e-01
-2.368689514931503481e+00
-7.525676402137975174e-01
5.800192672891299139e+00
-4.122036814892751977e+00
4.714083950985994420e-01
1.335930100852029767e+01
4.477156152398997335e+00
-3.372511988314506937e+00
1.221205064553245023e+01
5.739601008935501625e+00
-7.734471751228550573e+00
1.680926633977470885e+00
-1.553132349610847562e+01
-4.410411740001087821e+00
-1.224120601776720818e+01
1.953401198876491662e+00
9.178387493956471133e+00
1.373938499073927488e+01
1.203079031787698483e+01
-8.084970421789467565e+00
-5.577065569809899870e+00
1.709608716120490612e+01
2.305940503216496040e+01
1.318674897247865374e+01
3.569860663250985056e+00
-1.207757041225644201e+00
-1.955519013368629544e+00
5.859947613153714485e+00
-7.506901184747476918e+00
4.694027826104274936e+00
-1.626144880171698404e+01
-9.609730084674538375e+00
5.275918504258449104e+00
9.256341698800902407e+00
-1.495044047747215643e+01
5.245117737907555977e+00
1.031903729776632872e+01
1.163982263069474499e+00
-9.591128077929486295e+00
-2.229204910113245575e+01
8.843454118820616827e+00
-1.147044962991872907e+01
-1.300318606136162458e+00
7.628006081472136657e+00
4.180827689099416489e+00
-1.349887371991911778e+01
-2.538729605247798560e+00
1.099547524244194108e+01
1.734303684797099265e+01
1.670454380136617800e+01
8.678604618323220166e-01
-1.221408929300278245e+01
-2.344470009122865406e-01
1.069527986603597469e+01
1.025714270105588355e+01
-1.676874492393545069e+01
4.419276193051935309e+00
-3.562276667239245853e-01
-1.336529285489887897e+01
1.637135884193963165e+00
-4.325329922018067208e+00
-2.265064474508433179e+01
1.708652542939835683e+01
1.286719860854762487e+01
1.853393755672557575e+01
1.136925333129898519e+01
2.300501610527383889e+00
-1.828725188059408069e+01
5.792809458202441419e-01
4.691490991816309020e+00
1.724195080171248406e+01
3.750349254690505063e+00
-1.227759632818380453e+01
-9.711983103808393025e+00
4.807769626277369923e+00
1.609476806559388962e+01
-9.224244265199288861e+00
-4.065684232493413930e+00
9.982328531921126569e+00
4.781456743667007458e+00
-6.371860603939595080e+00
-6.345060086859934501e+00
1.189209639668916907e+01
-7.742662069190760832e+00
-1.047657856182176417e+01
5.258103737840428948e+00
-5.506264035190337580e+00
-7.994048690229437426e+00
-1.063463439501989072e+01
3.061006132832289950e+00
5.779271520920730154e+00
5.075373962997794308e+00
-1.397779859898695065e+01
7.145256737477538422e+00
-1.190593040096922195e+01
-4.166931881806348770e+00
-4.125575427136819684e+00
3.754820207390388020e+00
-2.641550745151306501e-01
-4.212349974142409081e+00
-1.088333345703376409e+01
1.141117267528036194e+01
-1.332898623143705308e+01
-7.784040884763744117e+00
1.595393091749478742e+01
-1.114886758622118634e+01
-1.006979521530493571e+01
2.361907385604602894e+00
1.961765774712379340e+00
-8.307029183669634165e-01
1.815152710931852909e+01
-2.231552640552308731e+00
5.876438605757670075e+00
1.625769456960256321e+01
9.365298379157110276e+00
8.288216325302059317e+00
4.100266808330950141e+00
-3.445487976683690334e+00
1.979884297708238705e-01
1.976115147888579315e+01
6.939921619597711810e+00
3.960594497642212275e+00
-1.840500001973584432e+00
-5.428936967354747622e+00
1.956698859468978213e+01
9.678716618246738790e+00
-2.249192197289104911e-01
1.796924866108685848e+00
1.085418226589801804e+00
1.534128920352561920e+01
-1.067978252731468913e+01
-1.123994150803311953e+01
-8.617650664833817586e+00
9.170601220980238111e+00
-1.157691487257630669e+01
7.299021321585549060e+00
1.586473559407802014e+01
5.388135238284732509e+00
1.380831385660749078e+01
-1.751687829666998653e+01
-1.320140910461525152e+01
2.093561154733237117e+00
5.922726766553473965e+00
-1.572603793258632621e+01
1.207003043641356754e+01
-2.290137422467104500e+01
-3.396197029884714169e+00
-6.492311333964408959e-01
1.808166663361740234e+01
-6.113744615247227898e+00
2.835377460402668248e+00
-1.744179330613153667e+00
9.516936761053010230e+00
1.427322259219008771e+01
4.469406928881568319e+00
1.097354694525404994e+01
9.779631811801806407e+00
-1.014680230627489976e+01
-1.293653173174744708e+01
-1.325769682423946705e+01
5.009027104346742476e+00
2.005716680542614228e+01
-1.589767922679172152e+01
-8.505831790033724360e-01
-1.158832236358452406e+01
6.068861515063304068e+00
3.802034381307919375e-01
-8.998221916886169680e+00
-9.267865532109734517e+00
1.660104961921054922e+01
-2.877789811728913349e+00
-1.411444739283531646e+00
-7.361804469136828288e+00
1.104708315206838165e+01
-1.926149537529028066e+01
-2.244925295762029194e+01
-1.070887426118924779e+01
-1.372188128829109033e+01
-5.356038990378227282e+00
-1.672881648829522305e+01
2.570537668737195247e+00
-6.065801367974469116e+00
5.975994295168256087e+00
-6.897971614453147993e+00
-1.186571551917445078e+01
-8.025574120658443888e+00
-4.417885156185867856e-01
7.839794226925839382e+00
1.592087966976929181e+01
-3.995957706465276260e-01
-2.071383296273900498e+00
1.507692963444039691e+00
1.350331672920327719e+01
9.829879588275744595e+00
-9.253685523432800153e+00
-1.962238547982457959e+01
7.903166554434982061e+00
-1.911627787069674866e+01
-1.292014862426320576e+01
1.545296099172844606e+01
-1.279513817421940658e+01
-4.865437094436387611e+00
3.594293100024046339e+00
4.201549162942342264e+00
2.016636546661504070e+01
-5.156580808687177608e+00
6.468549985424743909e+00
-1.244171028413735414e+01
-1.528116495886823500e+01
-2.157604240748123559e+01
1.861167756390429417e+01
2.166245176303224440e+01
-6.767881880674817552e+00
2.099771078902651311e+01
3.040718615079839537e+00
7.514878742019618585e+00
-8.167730686717522559e+00
1.002405696440403915e+01
1.197916474353106508e+01
1.602816077905819725e+01
1.336553220777701512e+01
1.455993051618822420e+00
2.293047624823799424e+00
9.029812425927062236e+00
1.175122914696066800e+01
-2.117835238289519140e+00
1.851803309179251045e+01
4.781615198325688709e+00
1.643357497794433186e+01
-1.440855511689706780e+01
-6.651688705661541690e+00
5.272365178373092931e+00
-5.620270073766878483e+00
-2.311969802510564165e+00
1.265954584471591460e+01
-1.016458480614041093e+00
-1.112745048425335170e+01
-1.870295357079584164e+01
3.132418858883639246e+00
1.841465480228840335e+01
-1.559419385545032277e+01
-5.265003782113826247e+00
1.894417216193386366e+01
1.170658986596835405e+01
-4.135338261266575444e+00
2.329136571684941259e+00
-6.751256628647084312e-02
