8.893751810225722920e-01
-1.237475441368640006e+01
4.669064613614388293e+00
5.577595082443700392e-01
3.445483924391936625e-01
1.284496846511854073e+01
-6.791919916376098598e+00
-1.082931323950622371e+01
1.795070004503740790e+01
1.366013541899778261e+01
9.798185911613636279e+00
-8.788989873928549912e+00
9.244984298839312942e+00
-2.034212597450378723e+01
-4.081330236961889568e+00
3.600492101351363772e+00
-2.879853412718730965e+00
2.264081405325637775e+01
1.706062605118287934e+01
1.742938590388438058e+01
1.177602850971062765e+01
1.145729882655492560e+01
-2.965727763619590007e-01
-4.044862106945025459e+00
-1.426982133040486111e+01
4.697146809022520131e+00
-1.371114094287140261e+00
1.900792108741345032e+01
8.925603502667037503e+00
2.065485948883996059e+00
1.834679823300783141e+01
1.745467026784204023e+01
1.118123409241707833e+00
-1.152265303715402922e+00
-8.446094852586369939e+00
-5.457777461661528662e+00
3.422653836790644277e+00
-9.200281808568266939e+00
-1.639489356573201917e+01
-9.035399423583832856e+00
7.674719898727495604e+00
5.335078720913202233e+00
7.760121403192115963e+00
8.247239520068760044e+00
-2.014437610955670976e+00
-1.474424179191095519e+01
1.019713015190898631e+01
8.096325969262132105e+00
1.664171642461872125e+01
8.229513120681104965e+00
3.399251594230229045e+00
1.746678761360979593e+01
1.385628843508531816e+01
1.059762893545563145e+01
1.194427393606452625e+01
-4.219374813551983294e+00
9.547779576297031667e+00
4.269682296465916238e+00
5.327820321027019190e-01
-6.206182955983912564e+00
-8.742108243559517433e+00
-1.507340106540066671e+00
7.089692631007281420e+00
-8.534055088997817506e+00
9.504723409078621899e+00
1.901939824415435965e+00
-7.429344124839378338e+00
1.695223434279680674e+01
-8.897190112532367579e+00
-1.033109995504778666e+01
6.065088523484099881e+00
-1.070656619636841000e+01
1.945963806320590095e+01
-1.229980673224786969e+01
4.401011542066157745e-01
1.663574260315662912e+00
7.843306367314298200e+00
-6.469960868826017730e+00
3.373962979257939310e+00
1.698723673433845249e+01
9.314070712574221034e+00
-4.913908724219275825e+00
-3.455723024176471370e+00
-1.215924269951128167e+01
-1.126420248383332989e-01
-9.041222614944061320e+00
-2.971577734205641974e+00
-1.837437511740771612e+01
-1.152840244795552493e+01
1.813955998642941836e+01
-7.168456166758065962e+00
5.147638957999284059e+00
8.724435952550784634e+00
-2.711347746571199480e+00
8.472275685041161353e+00
4.764516324461219199e+00
3.054314434287014990e+00
4.502420078809066695e+00
-5.303155019754953514e+00
5.945404761698007690e-01
3.809569993036333813e+00
2.060104107009266272e+00
-9.305560247620029202e+00
7.502432776162606842e+00
-1.893529042436534127e+01
1.080211178979797637e+01
-4.820756566431235512e+00
2.358858080029243354e+00
-1.672759798379306773e+01
-1.483837061640352140e+01
9.642975560913498612e+00
4.076531786769855614e+00
1.321219139741386073e+01
8.734912383059771912e-01
-8.871091126889275813e+00
-1.805118041346528202e+01
-2.020747080438979992e+00
-3.890261959464286434e+00
-1.143368161765312152e+01
1.403050963313287980e+01
1.220709446011793631e+01
2.027386467061767661e+01
-3.815108107457234610e+00
1.543496396470298748e+01
-6.391521612279866815e-01
-1.237490738073185526e+01
3.900290074698183673e+00
-4.182617100631247808e+00
-1.294594690460844788e+01
-6.712761445766108892e+00
1.859578041923203529e+00
1.385283480413956880e+01
1.743413910584243354e+01
-5.333701812797556840e+00
4.430197716889992421e+00
1.189944360342003193e+01
5.007039347086461589e+00
-3.720206393129316780e+00
3.535642683252397944e+00
6.809651705702691515e+00
3.719152593044690036e+00
-6.117731608418992550e+00
-1.403041511396373053e+01
-4.226397710587324497e+00
-8.970654779455426109e+00
-6.506756983037575992e+00
-1.773055662819377432e+00
6.508860619034948058e+00
-1.011974982644727561e+01
6.738642552129448404e+00
3.390869845995645449e-01
-3.847687120277299755e+00
-1.549345775457910790e+01
1.304349222647047668e+01
-1.361404889562568243e+01
-1.199065388760113748e+01
1.639836849552043674e+01
-8.502470249520150958e+00
1.228542107264956229e+01
1.504195934670514134e+01
5.856543858557493820e+00
7.788656193778123793e+00
-8.475864438068338558e+00
8.935950115089369206e+00
-1.281831887333434850e+01
1.300272011971064501e+01
-1.891625000416499347e+01
1.283821828957249522e+01
3.645102847086150177e+00
1.955072188018120016e+01
-8.234898019043598083e+00
-3.518202759244285716e+00
-1.177731311427416472e+01
3.010282619795930259e+00
1.841072459101468439e+00
1.990227848569933400e+00
7.378419872130372426e+00
-2.126544166649171785e+00
3.238194573664387121e+00
1.674809496475221238e+01
-7.953843097989953037e+00
-1.149411393271261517e+01
-3.273660578551996991e+00
-2.274120320807355711e+01
-1.235042619344774550e+00
-3.207219818437863523e+00
-2.803377222604162000e+00
6.391951890886147680e+00
-2.009187754045041174e+01
8.647308472600236939e+00
-1.103146207046509630e+01
-1.198929682070192371e+01
-5.354131444422449704e-02
-2.812426002729409902e+00
1.755376773799281409e+01
8.568572425694476635e+00
4.806432415065472696e+00
2.047100034220669329e+00
1.825887982171170165e+01
4.493655722376153960e+00
-5.829597188727550616e+00
1.806974996408064271e+01
-6.024082847309099265e+00
-2.731198561676201564e+00
1.129245657003882286e+01
7.489610013154219814e-01
-2.609562715477672157e+00
5.453491268004214021e+00
-1.514023793929900208e+01
1.142606138793098580e+01
-6.644053607479641244e+00
1.127415482279906200e+01
-5.209379376285173890e+00
6.582342081819540169e+00
1.194992164679781865e+00
3.931764306036797052e+00
1.110804641478047472e+01
-9.150933152205176668e+00
-4.982977849117872893e+00
1.291023676163055001e+01
3.903401514336955813e+00
-8.262199199873439426e+00
-2.325919351640145294e+00
7.663773344305582214e+00
9.167163772809580280e+00
4.390825592933936150e+00
1.085264287446774745e+01
-6.355378357563694180e+00
1.164329943999962325e+01
1.063277765571630340e+01
1.409283049493408413e+01
1.065418960874501408e+01
3.675622376646913381e+00
-1.552547723781841249e+01
-1.151940073809154441e+01
3.638471607023632259e-01
-4.619362326598476898e+00
3.537136404948384438e+00
-1.463739314413104609e+01
-1.214331733059252372e+01
-4.866587288227432140e+00
9.369701124649793655e+00
1.625620944375215515e+01
8.078352995677292370e+00
-2.175597838893850167e-01
9.501948604946733212e+00
8.093129951549009604e+00
-1.899954806674761798e+01
-1.053009508296050001e+01
-1.640840497203074122e+01
2.980500281764285830e+00
-2.247300067359134346e+00
-6.079072088643826532e-01
9.521372122344736511e+00
8.362201067997744985e+00
-3.932891167557890810e+00
4.955900121046781237e+00
6.309626816327117638e+00
1.832229767499978124e+00
1.214272088266400118e+01
1.379380214645034641e+01
1.280623516028681763e+01
-1.808092923835858556e+01
1.082571318812025396e+01
-2.466749286368568050e-01
1.585481594847702524e+01
1.262420661731201221e+01
-5.528795182393892560e+00
6.737938752376251728e+00
-2.713548311196444018e+00
-4.750066809166639814e-01
-8.112986931626053888e-02
1.587176906431708545e+01
-7.300624110858176863e+00
-3.373726687275489411e+00
1.198841810488024606e+01
5.501943079367663358e+00
3.629608616960609879e+00
-1.178782557144809928e+01
-8.016522351723491369e+00
-2.315731791154061270e+01
7.218613562835713537e+00
1.584654834582870819e+00
9.020518029510732561e+00
1.468111579129433153e+01
-8.008813112764798348e+00
-8.630809021067083364e+00
7.830812403945941469e+00
2.096568345386003784e+01
1.589195411184386586e+01
-1.190363602550587530e+01
-4.512486539836803701e+00
1.013792475180611063e+01
1.502926044396383531e+01
8.749883104845871173e+00
-1.201088699730403420e+01
-6.943051226704241685e+00
-2.035356974401736352e-02
-1.060599341984967481e+01
-6.222140355549118595e+00
-1.198963310077017042e+01
8.272236411959205782e+00
2.138927155426620175e+01
-2.678873730933968744e+00
-2.809683035641690196e+00
-1.099037743136358714e+01
7.757904798115461631e+00
-4.001644081744963444e+00
-1.119051933533016907e+01
4.343954842426200003e+00
7.694343127484927436e+00
-4.991178365380317672e+00
-5.055503965296416879e+00
3.825299171043752722e+00
1.479151197056470579e+00
1.395142061673371359e+01
-5.062083545979096044e+00
-4.943503131392322558e+00
1.894645561806445500e+01
3.421005784050414888e+00
-1.037760049672083795e+00
5.409343093190273066e-01
-1.743000931207419058e-01
7.863092303132447114e+00
-5.683005670201850990e+00
-8.634314294449001892e+00
5.435195694148809764e+00
-1.744987588167150250e+01
2.318243646965159854e+01
8.266737306450323786e+00
7.708111350072648804e+00
7.688648992551243566e-01
-1.210865220934379849e+01
-1.747933620221119355e+01
-5.552209301225055071e+00
-7.313183970470923612e+00
2.186570241110545965e+01
-9.529842300998296878e-01
-4.796414217216877773e+00
-3.462903688111918399e+00
2.149442939901936001e+01
1.334249446355048718e+01
-2.114514505016497736e+01
4.330560896291501649e+00
1.156645217956604199e+01
8.263213977004660649e+00
-3.446011234139312762e+00
-1.101461529446534371e+01
1.350377104960304564e+01
-7.978080433459599163e+00
-8.815802387134258566e+00
6.328705306197953462e+00
-7.323311785078857383e+00
-1.563428485986875671e+01
-1.952051575227555702e+01
-1.148274443673672707e+01
7.367343019170355944e+00
7.588216750809024802e+00
-3.343269398732378050e+00
1.847166545206480492e+01
-1.733791587942754830e+01
-6.789075299944144604e+00
1.874610112348690905e+00
2.065501481665286576e+00
8.963874113246021125e+00
-1.599274785476366745e+01
-1.285717783825420568e+01
2.413589136270458368e+01
-1.302818551125904278e+01
2.685203791332710921e+00
3.569950265542907175e+00
1.115677248682401057e+01
6.818190002307993325e+00
4.117273947552178015e-01
1.344716454646410853e+01
-3.545080457304035093e+00
1.597330195948958220e+01
-1.453378886825917427e+01
-8.957210800183826649e+00
-2.960913822319639621e-01
1.473971952464908242e+01
-7.062673547879100511e+00
1.119770847425434113e+01
-1.012299209979174819e+01
5.577123093255117681e+00
1.521257635998554036e+01
-2.826735183835783261e+00
7.121889993948570918e+00
1.759106654296763139e+01
-1.785381311632660228e+01
7.935929859503445982e+00
3.968142023133879093e+00
5.355420481960429413e+00
-9.958673927924241553e+00
1.247580701697894767e+01
1.159480526264545830e+01
4.444606565558920863e+00
-2.754763326764837927e+00
-1.174944425249523761e+01
1.967912767356541082e+00
-1.611507696466732042e+01
3.946190932556184805e+00
1.392541501477847277e+01
1.446252864849060416e+01
-2.433954232727234768e+00
-1.719441125685727201e+01
1.503159628119895785e+00
-8.401228382755686397e+00
-1.349742900752702113e+01
-8.453937083476223080e+00
1.331648689524822515e+00
-1.956490565179280239e+01
2.796491904466364531e+00
-3.277715334664200952e+00
-2.377795546316328057e-01
9.288531232546645811e+00
7.419545040593085616e+00
-1.386832376203642880e+01
8.823575547075328984e+00
8.879308462789332168e+00
-6.529119442471252199e+00
5.918441550172438781e+00
1.827954758731397789e+01
-1.129151154772548793e+01
-2.537467062216578029e+00
-9.005485018365519068e+00
3.962627257830369842e+00
1.156177070342820912e+01
-1.471361745010099753e+00
-2.002108514235503378e+01
-1.267428677004370030e+01
-1.055461062868032940e+01
1.476067483204244724e+01
-2.517449781854132596e+00
-2.133162010100750550e+01
2.331311380176259718e+01
-7.925894762313951958e-01
9.738824962196105162e+00
3.561397465832378373e+00
7.135340502293018972e+00
1.385405525629408885e+00
-4.693773950571003439e+00
8.370463146565633394e+00
7.369239096207493844e+00
5.288144800721354954e-01
-9.300732906987676074e+00
5.051586436616041453e+00
-9.542021494442153084e+00
4.683889297039357302e+00
-3.674809052835833256e+00
-9.181332309382710832e+00
-3.258518676904738953e+00
-6.506263283461567681e+00
-3.835373583921089846e+00
6.987264371144192410e+00
-5.395507724077784673e+00
-7.111524465438467502e+00
6.125543296024190454e+00
1.528424017326332063e+01
-2.845142849144686181e+00
-2.120921560820946183e+00
-1.078820113501079447e+01
-9.171902420999611394e+00
-1.540030218200645606e+01
-2.105850009483674512e+01
9.759686776615403403e+00
3.023373817297930088e+00
-1.272352116183849802e+00
1.372379152106595512e+01
-2.053766587491317352e+00
1.620918441795099341e+01
-4.767273395914131129e-01
2.084411296080507725e+01
-7.846560308576467691e+00
-2.246123842322274200e+01
-7.049116697498142514e+00
1.364929445095409477e+01
1.333180590728797910e+01
8.655553324370821144e+00
2.532030220494604578e+00
3.357053933933940471e+00
-1.022185697349182831e+01
9.275580723433300534e+00
-4.011107780673544454e+00
-5.965523981702254730e+00
2.588853092941349132e+00
-8.179933089658362633e+00
-2.255462821419374819e+00
1.608185097161280908e+01
1.180653602135593161e+01
1.923305981778236173e+01
-1.369287524210804463e+00
1.198031204330894184e+01
-3.880218321349858002e+00
7.332511789675415059e+00
-1.736814994318548955e+01
5.013597990875069854e+00
1.655859978628786422e+00
7.521416229176011825e+00
-1.268824189451687801e+01
8.072168578637267444e+00
-1.839120627062602154e+01
-1.376381005163050375e+01
-1.230837047002319906e+01
-8.012679939859843614e+00
1.424451617949591054e+01
-4.093450577078023400e+00
1.641582533580592695e+00
7.513396578945545912e+00
-9.177356093900179701e-01
4.087170388082377315e+00
-1.781288846370578582e+01
8.536128587404647305e+00
