3.007620169714293468e-01
-1.867945480495167132e+01
-2.938848802119586878e+00
5.836558104635351185e+00
8.387762207657161184e-01
9.491199311021425444e+00
1.710113709329643683e+00
-1.079729169167912772e+01
2.075785973648442706e+01
1.649260842254076920e+01
3.335398200477378339e+00
-1.538002863074662230e+01
8.755970526197678794e+00
-2.635075911321973408e+01
-6.001040966226348417e+00
1.214704081720397255e+01
-1.326360346699712522e+01
2.053081762531152776e+01
1.199601409932806462e+01
2.655289966685596426e+01
5.365187117087295121e+00
5.251264472154844043e+00
-5.475389472088945553e+00
-7.002088911902180968e+00
-1.802377160619819918e+01
4.426802152398614965e+00
6.243641334040312074e+00
1.801143467040360235e+01
4.450549840384638856e+00
1.184020637703397227e+01
1.497072422941501202e+01
8.048376008836790163e+00
6.008539034346156882e+00
-1.020192288831766092e+01
-6.712936220482305316e+00
-1.162164768765833855e+01
2.504802712980726653e+00
-1.683073859371210546e+01
-2.192269385728418030e+01
-6.075248070453930893e+00
7.400508394044983618e+00
6.371997896724273858e+00
1.687855381963588997e+01
8.756464993271933395e+00
-1.274308347009230147e+01
-1.619987582523796021e+01
5.993166068983981631e+00
9.580478558009538403e+00
2.540285101187276950e+01
9.148686660949955751e+00
1.499234597819082637e+01
2.260400064258558928e+01
1.222403477491625523e+01
1.511789665755502199e+01
9.725258288954357511e+00
-8.098430345465612135e+00
1.564818940285736915e+01
3.689072663476771652e+00
2.018148828902312175e+00
-6.331854124619702873e+00
-3.075521894466113793e+00
2.837070538935861919e+00
-6.076719518826603661e+00
-4.406768716197031921e+00
7.513154506842774083e+00
-2.512385236436440294e+00
-1.451210904823408754e+00
1.490434002594918184e+01
-2.479678609112475840e+00
-1.586326695175189805e+01
-4.937459769339170634e+00
-1.172312532954719799e+01
1.397137614523589377e+01
-1.009378097962715515e+01
-2.928659914790085139e+00
-3.413918029525927267e+00
1.259842514011528181e+01
4.059121736191606544e-01
-3.149800151105573320e+00
1.483770446556903977e+01
-3.601151197897646483e+00
-8.348234918670584648e+00
-1.502631258619004306e+01
-8.525487518368400686e+00
-4.556178270430951471e+00
-7.864012545670270526e+00
1.992974037895500317e+00
-2.681554178024634183e+01
-1.293971200963592594e+01
1.413084367253459561e+01
-1.054632288215924518e+01
7.731889264213975821e+00
-5.297672989265294063e-01
-5.512969466505705185e+00
1.796385158237905699e+01
1.190891859137879294e+01
9.349726529899136551e+00
5.179625512052844272e+00
-2.173292114018295251e+00
7.146725473174228682e+00
1.211724534588110913e+01
4.093914626156475833e+00
-4.543311915761762521e+00
1.765152895951253242e+01
-1.871268954152449737e+01
1.465136347532156691e+01
-1.335510540377413236e+00
-9.797883360034326472e+00
-2.107348920448533391e+01
-1.693704177437485470e+01
1.547120099464572007e+01
-1.010884946795247430e+00
2.005820728765303329e+01
-5.713022136941297902e+00
-6.228608595587573404e+00
-1.417597153239776198e+01
-1.501069678869148483e+01
-1.322901146078149992e+01
-1.910714011037258331e+01
8.513084135539429553e+00
1.309669013412706562e+01
2.236252047771137086e+01
3.361133239241716808e+00
1.945528913141853877e+01
-5.273536083430087729e+00
-5.894041747010970056e+00
-3.611336292738752007e+00
7.155426443752773480e+00
-1.382955289366389806e+01
-3.271525421527297084e+00
1.416337976381883834e+01
2.134011885655982610e+01
1.380043622074169463e+01
-5.074643289833041138e+00
1.303455860176078573e+01
5.872163961012383027e+00
4.660354846493412140e+00
-1.232893621134553186e+01
1.348789818125457174e+01
-9.704640473556551683e-01
-3.255798570158258798e+00
1.491535716110433896e+00
-1.304151730739628334e+01
-5.530921854283988637e+00
-1.108679511734030854e+01
-9.697724296789498766e+00
6.448361802595215408e+00
1.860879291678921277e+01
-7.674945228523831986e+00
8.485135570917449854e+00
-4.209689804212523256e+00
6.987311155032038812e+00
-1.161447329682680518e+01
1.024052125137549751e+01
-7.224477144724968269e+00
-9.544288136566652980e+00
1.425917341162801222e+01
-1.082225731753660369e+01
8.234847723877450676e+00
5.368862204301215968e+00
1.168149323831563891e+01
1.170626992360397622e+01
-1.696014441026891362e+01
-1.389402591003662479e+00
-2.071380819625230174e+01
6.817888393778950729e+00
-1.912887159976357410e+01
8.253558774501925654e+00
6.862152453409215980e+00
1.862264656470942725e+01
-6.324379493951827413e+00
6.975316118587940650e+00
-2.528024873858960575e-01
3.338394113596727664e+00
-6.427916381890817377e+00
7.224030954740904065e+00
5.438140462647595541e+00
-3.481702609390151082e+00
7.370264915979824139e+00
1.161807650588279728e+01
-1.967983839538412383e+00
-1.236711618830795345e+01
-5.171987297364438518e+00
-1.872406758389749371e+01
-2.872286496812918699e+00
7.265113311611003155e+00
6.740702715911638165e+00
-3.223466931168445626e+00
-2.136713065796065081e+01
1.138214749513989688e+01
-9.698892228027613527e+00
-9.934688633867516216e+00
-1.029948280232635938e+01
-1.291536853620752012e+01
1.743753216737490419e+01
1.617259404052727945e+01
-2.928760664349400855e+00
-3.761464782918093164e+00
2.346138391675391688e+01
-8.469201599007721626e+00
6.612713448477904876e-01
2.011117525720520405e+01
-7.979382348733231822e+00
1.790955225155251185e+00
1.902241070764074493e+01
1.566085157058225263e+00
-1.851693958076570112e+00
9.578624285549523165e+00
-8.303222004603014739e+00
1.213260598676033908e+01
-8.975302744796636034e+00
1.524659232280676235e+00
9.723944452459036825e-01
8.540884657568525995e-02
-1.229070884651208573e+01
-3.376316153447557866e+00
1.636138116527058628e+01
2.106567973772222047e+00
3.584486254372265535e-01
2.128178284368063089e+01
7.060827818172668913e+00
-1.117943862054355364e+01
-5.058236056515315937e+00
2.260870988160704087e+00
7.689667029971509749e+00
1.479982125424633210e+01
1.339797204792782281e+01
-1.905214954773401814e+01
6.783937254139011941e+00
1.000528808373235279e+01
5.843464713026214952e+00
4.766111448658520544e+00
2.182840782148559811e+00
-1.402526176967016092e+01
-7.395741743279614866e+00
6.939475058236240557e+00
-1.010473566303446447e+01
1.346525544135683816e+01
-1.641462587829799347e+01
-8.490645657974148719e+00
-8.854594938259474191e+00
9.204578351319270269e+00
1.179341955184425217e+01
8.870893376962463606e+00
-8.641437173178694309e-01
6.505102178103093991e+00
1.295056209669865410e+01
-2.332453769492166984e+01
-1.154448138022419812e+01
-2.573239502806869439e+01
-5.167260760848964907e+00
-1.080902586440834412e+01
-9.158514137209792239e-01
2.906675485559695460e+00
1.175469434387397172e+01
-1.055758965653186365e+01
1.152572888141161656e+01
-2.854433824070618186e+00
9.323288832149501104e+00
1.696290373066609902e+01
5.890236677620748651e+00
1.535533029455667275e+01
-1.146815482466812597e+01
1.250072915098019166e+01
7.264861754092784452e+00
8.258340209895393969e+00
2.094289211349077107e+01
-6.772046965281333541e+00
-6.858002477474123282e-01
-1.323974320722131282e+01
-4.246288257318880710e+00
7.877026702960037596e+00
1.584366886349857850e+01
3.176664768489310120e+00
-2.302834080473044054e+00
2.144270148446571511e+01
1.517378416594792157e+01
-1.628649421538362674e+00
-1.438596147267793413e+01
-5.979981949632978910e+00
-1.956133292733768059e+01
1.271369297042362945e+01
1.009189387628921253e+01
5.616337106266641399e+00
1.166824401583229331e+01
-1.411580090267251286e+01
3.362700143905719585e+00
2.898208229808723502e+00
2.221437786541868320e+01
2.333647156800402911e+01
-5.887815987986286359e+00
-1.090492189040776339e+01
1.240930216358405147e+01
1.616533430546262906e+01
2.181785817973441510e+00
-1.258344784632554436e+01
-1.050569872332856036e+01
-4.380265032834149252e+00
-1.060259993406529588e+01
-1.313870608809626361e+00
-7.882810999053610601e+00
5.839317289791779331e+00
2.206736748504760470e+01
-1.112498290329006778e+01
5.532066781711023395e+00
-8.099860787496972137e+00
3.668804373587917667e+00
-6.873596864496512637e+00
-4.589606701378784237e+00
3.953128159592267821e+00
9.078099273787493928e+00
-4.575856327842977578e-01
-1.144785360534804042e+01
-1.829230064250744192e-01
-7.757829071450107250e+00
1.856114420660702535e+01
6.016523710366392663e-01
3.994483286940280209e+00
1.829502975159699929e+01
9.405394583688902799e+00
1.244417145231551558e+00
-2.476703066760812533e+00
-1.030150569492948875e+01
-3.775817769642003441e+00
6.495736785402463909e+00
-1.175077368210692086e+01
5.933353960146163786e+00
-1.540926306599690143e+01
2.110108147057614758e+01
1.102560214815209605e+00
1.457984454760940451e+01
-6.630762270495040411e+00
-1.480073394612508508e+01
-1.606641331939900397e+01
-9.360835100196808867e+00
-1.531861413150914153e+01
1.902488107826825825e+01
3.419186325463911658e+00
-1.452184021792433555e+01
-1.012185556432070754e+01
1.727246707801619863e+01
1.617627966766674774e+01
-2.480074227500777795e+01
7.143741421629478339e+00
7.646712425632067323e+00
4.762316858689061405e+00
-1.383261498752439422e+01
1.629824326496276399e+00
1.033104745568328298e+01
-1.649882430067947325e+00
-1.257591789919673531e+01
1.777309005549516030e+01
-7.431692905060941712e+00
-9.185134582392556979e+00
-1.247171434320918237e+01
-1.824652706406717328e+01
-4.872500359160305550e+00
-2.717533949855958753e+00
-7.021125053000400129e+00
1.100542969305409002e+01
-1.521017912522381721e+01
-6.288950638415606420e+00
5.021710935226366246e+00
1.372249342077934386e+01
7.067273832187737526e+00
-1.936986358740599101e+01
-1.246210958662730661e+01
2.023319821069584634e+01
-4.039441711179769356e+00
3.008482252407006285e+00
-2.419091122902496949e+00
1.736447095015940079e+01
8.255513852986098300e+00
3.127910880297370966e+00
1.539874831102633124e+01
-9.917554556184843051e+00
1.325701732893672613e+01
-7.152671591385693972e+00
-1.551990900582852895e+01
9.453472156252473724e-02
1.781264743703034270e+01
-3.000817630705693517e+00
-4.267410186919242676e-01
-7.996396077026343363e+00
1.466579291920773187e+01
1.802173419168298807e+01
-4.830461783022521161e+00
3.554331303125344732e+00
1.976064627920394656e+01
-8.867110049488402979e+00
9.083507037140300611e+00
1.035495723542939572e+01
1.808691140165340983e+01
-9.670479932278315260e+00
2.152103229488524505e+01
1.083366739667430778e+01
6.666206066376162198e+00
-9.458758269171880784e+00
-7.033929216321990197e+00
-2.784475222450232934e+00
-1.963072609043689098e+01
7.000252279598697669e+00
9.600624764647811560e+00
2.180775837291651698e+01
-1.633058648286962011e+00
-1.581396573558241414e+01
7.426746664587767555e+00
-1.875254794850650342e+01
-1.386375813119186162e+01
-5.776980864770521862e+00
-4.935276525482748866e+00
-1.521070799915833405e+01
8.293372925898353287e+00
8.575825799940091088e+00
3.736997267112130316e+00
4.405986193737540191e+00
-1.082286802650166635e+00
-1.433308671574699744e+01
6.239307117190051599e-01
-4.946476015500032020e-01
2.727083232354644338e+00
8.495205799605940911e+00
1.327809411174928300e+01
-1.583987095401535861e+01
1.508187178516294580e+00
-4.935549816633685083e+00
-7.460515623361636983e+00
9.894238846956270095e+00
3.000179175578601587e+00
-2.152224406683274083e+01
-4.739348669004471049e+00
-2.710327373835578868e+00
1.974202920323268273e+01
-1.134734263359106521e+01
-2.624800375389280660e+01
2.249258785882536671e+01
-3.190444855743230335e+00
-2.068992791895080785e+00
-2.968631696644511209e+00
1.130064514261326281e+01
6.351757190423718669e+00
-5.198056072101053360e+00
1.283003135434357489e+01
9.007503828887969632e+00
8.314016144605758996e+00
-9.961131755281193989e+00
1.030894694338503825e+01
-4.484312102499334429e+00
7.907103875449820407e+00
3.938210150575052637e+00
-7.094774303707847452e+00
-8.707297269761287595e+00
-9.959365003178483278e+00
-4.253485392822135225e+00
4.252794897796277951e+00
-3.073817609694557973e-01
-1.236170695399500730e+01
1.291092195266011800e+01
4.605755086562830058e+00
-2.831800088676530436e-01
8.677204225661007797e+00
-1.563299942226077732e+01
-5.597649890278397322e+00
-1.556280611044839013e+01
-2.062007219053413820e+01
1.419461285251841787e+01
-6.116595361341730097e-01
-2.793196833895599696e+00
6.102567951874824814e+00
3.875042362350455960e+00
1.114735215056611395e+01
9.582718188521333502e+00
1.756094686358446921e+01
-1.483218023998335688e+01
-2.437478133195093832e+01
-4.229650371944696730e+00
5.726789084959321485e+00
8.669526016038261673e+00
4.240691165032650645e+00
-2.306257015252882070e+00
1.251693939770125752e+01
-1.450539794274477856e+01
1.182876715111121513e+01
-3.467574185645677431e+00
-1.387589203154828965e+01
-3.805968961660173733e+00
-9.985570070016784427e+00
9.664695389121789049e-01
1.186917519279670330e+01
4.601767754543828914e+00
1.600316161955316829e+01
-7.253419032629963681e+00
8.113947202322009389e+00
-9.611188650878904838e+00
1.146732334728509528e+01
-9.935072769667183223e+00
9.684114188080549468e+00
3.215985719218878103e+00
4.290792980562819992e+00
-1.634292071678262914e+01
1.783012630620671501e+01
-2.584634329229409389e+01
-1.895050582219881008e+01
-7.589748195669841380e+00
-5.706235883748039583e+00
9.611430053212316693e+00
-2.033300714657144681e+00
1.485698309544800111e+01
7.421841845429142381e-01
-6.676231558778585651e+00
-6.977990621852079300e-01
-1.681049490882111286e+01
1.014344568045956407e+01
