-1.803316794203301043e+00
-2.087553065512877026e+01
-1.083532607891552146e+01
1.508120480034791910e+01
-2.452871854813445651e+01
-7.246478298748407099e+00
4.337942570079611926e+00
1.975587217446951627e+01
1.609333877243023636e+01
4.381409533473991758e+00
-4.724090555822826332e-01
-1.801843051873401436e+01
1.270545777649760311e+01
-2.840098394652464719e+00
-2.661427282614862122e+01
2.543444636842993134e+01
-5.073148183087408114e+00
-6.802442330116377889e+00
-1.775902219479331734e+01
4.420387407188385964e+00
4.232283668589822412e-01
-2.258861130758926805e+00
-7.402452047136375057e+00
8.393481352119707140e-01
-1.080575628035116509e+01
-7.998049921353690195e+00
1.186112870607468039e+01
-2.035430517506487291e+00
4.124606364962637883e+00
-3.053788238536224497e+00
-7.338865913675153507e+00
-3.815345508948290387e+00
-1.467532020727366593e+01
-1.974716258702833827e+01
1.759055500444914344e+01
5.567391667911138597e+00
-1.528981645127330324e+01
-5.144676578644467924e+00
6.152731715304163629e+00
-7.030990584605490312e+00
7.177956661032531827e+00
-1.150414339413446996e+01
-7.627836751585913788e+00
-2.194404016359516163e+01
-3.343587270743466178e+00
-1.725947354273897361e+01
-4.279776154927237286e+00
-1.558894217705283580e+00
5.958304282825430676e+00
2.023115329529592543e+01
2.188678227142531796e+01
1.211698230615212424e+01
2.517148107360895892e-01
5.049355301099694771e+00
-4.191250322616561164e+00
-8.993566112461692796e-02
-1.457556594284863749e+01
-9.863052065581506156e+00
2.122105178978027595e+01
-2.203443564480154393e+01
-1.475570318452105134e+01
1.502117003818520402e+01
-8.868050242243800341e+00
1.536897614248156430e+01
8.517252909321314291e+00
-1.504684833631350216e+01
1.740089703985424308e+01
-1.362962471589824176e+01
3.819362401782576910e+00
-5.879878620348648610e+00
-9.173783024498398220e+00
1.177185695437169244e+01
5.733016169593518896e-01
-8.441437599978151241e+00
-3.839145128476957325e-01
1.097716174752540041e+01
1.036895560774954816e+01
-5.171978648420626712e+00
-1.108356963460191835e+01
-7.303729758433210151e+00
-1.117558536359401700e+01
-2.557008000195150998e+01
-1.436924852872921576e+01
1.850932555655486311e+00
-2.545958337579268260e+01
1.202653762098335477e+01
-1.399223269360628663e+01
-6.437488861764926185e-01
-1.906353480914105347e+01
-1.813960695837813475e+01
-9.319640497814592806e+00
1.509189950272093483e+01
-5.751609173286240662e+00
-1.988370678846971984e+01
1.987649937532055588e+01
-7.875334020678206315e+00
1.168359129766687943e+01
2.368032418401958950e+01
-1.274146662754201031e+01
1.498562364382797796e+01
1.550748214336348951e+01
6.257372502157579675e+00
1.118333863026960984e+01
1.302295675004194209e+01
5.472675929370417691e+00
1.884909169785864691e+01
9.868107132338202803e+00
-1.844684294677661995e+01
-4.106056467447693592e+00
7.472480183179875723e+00
-9.830920471591468868e-01
-1.664733140833683933e+01
2.083267444144595970e+00
-1.140375119859321984e+01
-1.825402432729793745e+01
2.755913470864449266e+00
-1.737449400173850123e+01
-1.710924013140821387e+01
7.637966799843042054e+00
-9.712933522003400100e+00
9.186729913743839404e+00
1.129261239350036305e+00
-1.370577708250323212e+00
-2.793486255337551682e+00
1.747850983494558363e+01
-7.653489032935549830e+00
-1.166032029577320372e+01
5.475536983922701495e+00
-2.434357352043999612e+00
8.726956137851821893e+00
1.507547329183510953e+01
1.168514406453346766e+01
-5.005100258301801830e+00
1.344018480961583606e+01
6.133001712874289524e+00
-9.479590682675436142e-01
-1.119809484443625891e+01
9.487638138710124736e+00
9.690998483993219281e+00
-2.572501311220184661e+01
-2.015706885182821395e+01
4.684031301693288185e+00
-6.647339047929090583e+00
-2.218818712112865654e+01
2.952372865107371069e+00
2.188668604521400596e+01
5.824137167295702966e+00
1.688024899960707614e+01
2.362130221388072471e+01
6.862632359943674487e-01
-5.056534986567687184e+00
5.001411313204300768e+00
5.095062547186088864e+00
-2.992808608352184763e+00
-3.176710085870105615e+00
1.443638631017405771e+01
1.116336087317822034e+01
8.617892119565901510e+00
1.753870869803866128e+01
-1.446795979275890431e+00
2.553265284605268448e+01
-1.554934270527143703e+01
3.678133148829331844e+00
-9.243665062672395294e+00
-4.654051700208761133e+00
-1.311561405636805944e+01
-1.265458057422710425e+01
-1.446320547226868491e+01
1.429521940220381993e+01
6.168011368931907157e-01
1.730051467875942706e+01
-6.922521622084587989e+00
1.074514341581997456e+01
1.517972846751879956e+01
-7.130672085779419689e+00
-1.143559385949835772e+01
-9.095332994462406617e+00
1.365143150416636786e+01
4.093634948662391082e+00
-1.226255441497983512e+01
1.173224392542302041e+01
-1.532399648212176579e+01
-3.966871033738790686e+00
2.228766367499396495e+00
9.080299784320580159e+00
5.787994895163471654e+00
1.070134172713819964e+01
-4.354382266514175370e+00
-3.686627999787756238e+00
-1.779147241868353291e+01
1.979379815493021511e+01
1.096742713074441156e+00
-1.782124089018794422e+01
9.085560642791357111e-01
2.330086117568946236e+00
1.988880273438049784e+01
-1.455209165855043629e+01
-1.494274910196159389e+01
1.685316006344327633e+01
-6.661782312990521149e+00
-1.309574252962225671e+01
8.994273084462520274e+00
-1.422855820345445110e+01
-1.156698852289156676e+01
1.165750460014869105e+01
1.085737382823227648e+01
-2.810922021002262738e+00
2.277655835553078845e+01
6.827696251949483042e+00
-1.170381773537326353e+01
3.113356310928786286e+00
4.497164675866116568e+00
-3.278223647619942227e+00
7.735580844158576497e+00
-1.335921033284850523e+01
-1.907737653502254815e+01
1.347142043873545703e+01
4.807338647212226590e+00
-4.843466969690002344e+00
1.617910809120282067e+01
1.199015425539986524e+01
7.827870833655090621e+00
1.128123874318878705e+01
-2.064705494832172050e+01
2.099823709847694886e+01
9.536486391697998499e+00
4.948662288700063527e+00
1.670738165868002056e-02
-2.069890765657144271e+01
1.041121000856468726e+01
-9.225878364620996308e-01
1.593979040395078783e+01
6.865056833773230949e+00
1.198383789091386120e+01
9.337931422305381091e+00
9.506252068997476101e-01
-2.062015166055576998e+00
1.741405743044634136e+01
-9.151279051054718394e+00
-5.829490668440442391e-01
-1.205186964711603892e+01
-8.417241306908994858e+00
-3.958114891128321489e+00
1.204589595174851269e+01
-1.453176682443724665e+01
-5.480020450502674834e+00
-1.184675649078571169e+01
-5.302041617885539182e+00
-1.237350225144599847e+01
-3.931125543659721444e+00
1.133227969369843890e+01
2.534164648404264142e+00
-1.304349607162268754e+01
7.198839176196209166e+00
-1.579746080114424700e+01
-1.813472094623295661e+01
-1.059342546902939830e+00
-1.954689858128284641e+01
2.669679462028824446e+01
1.343095686997587990e+01
8.113521770290944346e+00
6.590911937123635767e+00
1.573165895576738649e+01
1.239455926370801819e+00
5.586066240885614320e+00
-1.085142003906166508e+01
-3.272338777627794570e-01
-5.578796573892486066e+00
-1.234881951245267118e+01
-2.155580954004660299e+01
3.453588751021797520e+00
3.335156649324495959e+00
1.117142166166050998e+01
-3.186529485539139728e+00
1.112990163792670018e+00
2.057122651256084822e+01
1.430882309701494393e+01
6.343084442656930833e+00
-1.198338603057802487e+00
7.777324049157627428e+00
4.332216007704587923e-01
-2.987730138855937412e-01
-1.725713448919599102e-01
1.603498178326664458e+01
-2.062051114230955307e+01
3.564030293576749386e+00
3.556223731361868090e+00
-1.720309641036067205e+00
4.989287580479157214e+00
1.209976126567836019e+01
9.859647478481633698e+00
-1.445592771633576312e+01
-1.521233484268568859e+01
1.257062332282585260e+01
-1.056057658215421924e+01
1.697331493789244661e+01
-5.753955556258315340e+00
-1.372257615798243791e+01
1.520949856749900420e+01
1.967688766898805142e+01
1.385061103263793569e+01
-1.898469057355682210e+01
9.475084355990460949e+00
-5.899648767393347981e+00
-1.229707579872193790e+01
2.351411456373419639e+00
1.415719320246665802e+00
-2.111423623541881511e-01
1.992883180410410660e+01
-1.516204774456519999e+01
1.470152357468050752e+01
1.273099276903961652e+01
4.178919142050553148e+00
1.020538405096232992e+01
7.547556208843801073e+00
-4.974919599234969070e+00
-1.924882628063784296e-02
2.724401814476792083e+00
3.708582698427385083e+00
1.730911614783049401e+01
2.095867830216399597e+01
2.103331752020238810e+00
-7.899253357649079987e+00
-1.593566947798676736e+01
1.048185975410861204e+01
-3.383090169264573177e+00
3.115784222804130366e+00
4.556728009348667285e-01
4.259569812270562750e+00
5.819678719637082054e+00
1.941437092464543213e+01
-3.215561102933726545e+00
-8.218771699438846667e+00
-8.391221212040207433e+00
-9.552432829159773320e+00
-1.415661177939277771e+01
7.831515839223079922e-01
1.139461867595628775e+01
-8.880020024140890200e+00
-2.112611355599233320e+01
-8.044076588707710584e+00
1.828240455781130436e+01
6.306380126156639676e+00
-3.601392031997725951e+00
-1.420815431154802688e+01
5.372931685880416808e+00
1.241448953531183008e+00
5.712140530092632673e+00
-1.737481370609045328e+01
1.214667106960499154e+01
-2.236690179802378253e+01
-3.178454720475620832e+00
-1.552852240729791156e+01
-7.060947784771656188e-01
9.160928430280101509e+00
1.284294980504903805e+01
-4.035326812247447492e+00
2.790866631683442733e+00
4.761436260820445909e+00
-5.583660711601716287e+00
-1.585241598871814084e+01
-1.210795043430744755e+01
1.596145806632424780e+00
-2.736680738516628963e+00
-1.467667706902516755e+01
8.391162439642940285e+00
-8.188976331082827187e+00
-6.148874260046870432e+00
7.437134765076109488e+00
-9.817852740756983110e+00
5.365094226904751906e+00
-5.190716508111933081e+00
-1.477664481353693660e+01
-1.416948185863126142e+01
-1.700709432296361712e+01
-1.859228295551407228e+01
-1.129459213923267669e+01
5.399796642888787801e-02
-8.345112178536215453e+00
6.196835281191255262e-01
1.568130779494799754e+01
1.167651899117535663e+01
-5.376268567553115219e+00
-1.705174216771400353e+01
-7.957636037914976868e+00
6.326791267083073933e-01
-8.225633493867093193e+00
-5.406808608928692195e+00
-7.695572671836337975e+00
8.797742139154166807e+00
1.779910112970794955e+01
1.611785470343129845e+01
1.286828122733284374e+01
-1.163239900705493213e+01
1.703758740573792352e+01
3.963304825710721957e+00
-1.168118485097236814e+01
-5.257546915185820069e+00
1.331235422608854435e+01
4.259296007194770084e+00
-1.934001854365909878e+01
-6.798904099991183614e+00
-6.740419746205848384e+00
1.544413668428834541e+01
-2.680591503948541288e+00
-1.724169069260018006e+01
-1.325540782070122958e+01
7.767732399778680019e+00
-7.390515280593103142e+00
-1.360286724568795691e+01
1.114795964125780614e+01
-4.156013820841515383e-01
1.562180023112306060e+01
-1.493109780343360171e+00
1.323032878486515074e+01
-1.252829546283722451e+01
-1.633893903677927284e+01
3.285309381138063145e+00
9.478608184590974872e+00
-1.433640625204487051e+01
6.513103187334813526e+00
9.294588871593731483e+00
-7.586540975690969191e+00
-2.020612053402949471e+00
-1.146557066021419047e+00
-1.759112996057787370e+01
-6.330436808843625585e+00
1.733878744647328318e+01
-2.558420678319713204e+00
-6.651481729879868965e-01
5.690974171262176640e+00
1.874147492477582233e+01
1.240165195518515873e+01
-1.132236197624258978e-01
3.283219550559252298e+00
7.534690937089393969e+00
-8.112931581084261268e+00
-9.925025073120757213e+00
3.111421398325283860e+00
1.416639824912870438e+00
-4.853081403540354444e+00
-1.275353207114532950e+01
-4.293533264123247761e+00
-1.222059893055692825e+01
-5.792597106442322286e+00
-1.029496537326780370e+01
-9.944970770859775655e+00
-2.777328159396390106e+00
2.434943459183962489e+00
-9.606941128836794519e-01
6.727035579646823749e+00
-1.831972046318050218e+00
7.098012854686039930e+00
8.894798717377312869e+00
-1.421765400002570523e+01
3.908154067669855181e+00
-2.493309877570208855e+01
7.474603784152861863e+00
-9.237516101642238908e+00
1.800214939265774916e+00
1.145932867942352118e+01
-1.703301092162171315e+01
2.002744202428504394e+01
1.003142891597397579e+01
3.305919764245942361e+00
8.613606232600048429e-01
-1.364062074671739211e+01
2.107102727547476206e+01
-5.374475635796805761e+00
1.275806709552607288e+01
4.061780567064566583e+00
-2.850660370818420830e+00
3.156120558249618568e+00
-2.486333051055958521e+01
-1.188682342895867450e+01
-3.581129816364960305e+00
-1.312365698418249238e+01
-5.111522328957462946e+00
-1.955373006701989880e+01
-8.139739996555448442e-01
4.781299165533923201e+00
7.284111752960399144e+00
-1.316985375777275280e+01
-1.256490607519009117e+01
-6.794917885935561230e+00
1.613269631359563760e+01
1.185104387347837473e+01
2.255720269610847595e+00
5.322552398567104603e+00
-2.128868164385899320e+01
-1.209366807116297693e+01
-7.100516358595811539e+00
1.114722154202876681e+01
-1.275159878306988048e+01
2.402518626981153460e+01
2.846739230208783056e+00
3.230552734983426433e+00
-7.611361151254222079e+00
1.003151966642802506e+01
1.884821694855213536e+01
8.509237877417923812e+00
-7.133435546973817765e+00
-5.393790849969835932e+00
3.214348870685519444e+00
-5.655506609357928482e+00
1.317021793386630435e+01
1.362083256328361358e-01
7.782490741612448915e+00
-3.831921985467936054e+00
-1.498411502514573357e+01
-2.205114248702867030e+01
6.146166927202223462e-01
-1.469311748628108205e+00
