-8.300584097992903310e+00
-1.979387732112460085e+01
-1.050125975057149574e+01
1.457016628039878015e+01
-1.924163883801752561e+01
-3.264669266026388073e+00
-1.255379448843720525e+01
5.558650462373655898e+00
1.580777032540090943e+01
1.867365987040514597e-01
5.971304733394795505e+00
-1.255896602826859265e+01
-5.121219188550696799e+00
-1.012080590426838711e+01
-1.526052350277833192e+01
1.396748322173898060e+01
2.122820391241042159e+00
1.648731860239994518e+01
-4.734683770256925328e+00
1.230494008915243853e+01
-3.156308326562321298e+00
1.367943582083243825e+01
-9.263641078558134012e+00
-2.188574873799506548e+00
-1.813002512172850800e+00
2.276029145456533342e+00
1.863994032726935046e+01
1.577705433774034560e+01
9.454870915596494285e+00
1.106967920147021545e+01
-2.680028769080962547e+00
1.408769294235491998e+01
-3.391986152332787441e+00
-6.337952613543365032e+00
-5.605029162535455356e+00
1.109041200560204032e+01
-2.106686363563525788e-02
-1.246196605127998680e+00
3.077502060915932702e+00
1.143703072004282006e+00
7.596467412054515478e+00
-9.454731521701692287e+00
5.185723358454467302e+00
-3.260838034777535199e+00
-1.587666545126470474e+01
-2.315581555009282511e+01
4.582299696414864343e-01
1.647397231500072934e+01
1.239342965712398836e+01
1.619761625473330469e+01
1.179113387951469605e+01
6.672877589796939901e+00
-2.847563593795676695e+00
-1.922997397952062926e+00
-9.555067819952991925e+00
-2.083984379831665734e+01
3.657955836959864371e+00
1.107856797138857985e+01
1.530480047774862129e+01
-1.047952625501305235e+01
-1.118460635183656748e+01
5.494330240948670507e-01
-6.310997849070243859e+00
-1.058092690082100162e+01
-5.517679291847201739e+00
4.553696400206611372e+00
1.018431326603083420e+01
4.984946096505829871e+00
-1.985149913247968811e+01
-5.587736731986641558e+00
-1.055883836018301736e+01
-8.771876165316960794e+00
9.815043493140500175e+00
-1.766531457522301451e+00
-2.032177729325818660e+01
7.830545746467677759e+00
-9.046123338120853674e+00
-1.289818265085219551e+01
2.845452717792902320e+00
6.886170338380175338e+00
1.366768235914467056e+00
-1.923185894687187414e+01
1.095725730938688969e+00
9.645223070729109338e+00
-8.090558378065061618e+00
-8.995466290411918919e+00
-1.055613327243672472e+01
-9.714016734325845448e+00
-1.407189777907546357e+01
4.751616035950938510e+00
-2.118087142132482370e+01
2.825141427244048487e+00
1.145195903164096052e+01
-2.517741344523142288e+01
2.168825017736475047e+01
-2.444488146246477811e+00
1.487742450889850687e+00
1.219518442891917687e+01
-1.586794425376367812e+01
-1.239637401135023964e+00
1.275516614978093344e+01
6.465570514666083568e-01
-4.819208338624285659e+00
2.476509741626286143e+01
-1.716375662303076410e+01
6.563309479109619815e+00
2.332129231263029823e+01
-1.588040364000420368e+00
1.169702644531774638e+00
-5.732449305698345654e+00
2.296253853916660148e+00
-1.753642135445236505e+00
-5.160487568475776499e+00
-2.085820270802936705e+01
-1.864859340082462325e+01
-2.224673396897464173e+01
-1.243477681758110265e+01
-2.459994459797405497e+01
3.574903083451239638e-01
-1.163955499521387438e+01
1.285265969544030895e+01
-8.563264477971124222e-01
9.062825304277360772e+00
1.822414824554856239e+01
2.774672482250274186e+00
-1.609049216070929234e+01
1.369039474813722990e+01
1.754025474066409629e-01
-1.668484324679038622e+01
1.902342771550947020e+01
1.783548311599206926e+01
2.854600538477924943e+01
-6.754028869413506442e+00
1.059167116826186827e+01
1.095749472845864858e+01
-7.152844083820149024e-01
-1.145485913309997272e+01
6.654528350300779493e+00
-3.483367624369787308e+00
-6.344545875586216965e+00
-1.878998497228989351e+01
2.661767435151091377e+00
-2.484378049989025783e+00
-4.083895213978514960e+00
-1.307618091241298686e+00
1.213672990546675834e+01
-7.635089996149545755e+00
1.655767027626989574e+01
1.163676788359674674e+01
9.640024730739327197e-01
-5.072368468670813257e+00
-1.026155014157098222e+01
-2.956404844851796554e-01
7.926247534308849652e+00
-2.556348032832516992e+00
7.915939506859515973e+00
4.011229237519224000e+00
-1.222350856452004209e+01
1.229077370790497525e+01
8.206966985526165104e+00
2.298872871656768524e+01
-5.019364688586072987e+00
2.272977438731629718e+00
8.432319869068557239e+00
1.432159303024281627e+00
-8.667814735866070208e+00
-1.779571293775099861e+01
5.087414903586640946e+00
1.668679614325282046e+01
2.054099199860804958e+01
6.981574502316711062e+00
-1.234045019671918908e+01
7.442150092003672057e-01
7.281421679470163610e+00
7.564429846455936968e+00
8.677480209004187373e+00
-2.170960359937101458e+01
1.023161715417005979e+01
1.485510143317185339e+00
-8.060693100994313909e-01
1.174904850580741567e+01
-2.321310966796464825e+01
-1.528885055591012510e+01
-1.223794731357639520e+01
2.271861633924321922e+01
1.959259212250721305e+00
-4.137499454282401956e+00
-5.951971952470184846e+00
-1.582017100803925835e+01
3.273747698008293128e+00
1.424444649435435650e+01
8.645362668917861981e+00
-2.400674515272769227e+01
-1.538366732001767900e+01
2.141828036997556950e+01
2.893622837673286341e+01
4.963386278772709659e+00
-8.237189654214045476e+00
2.565433516335264841e+01
-8.167517647509047407e+00
-2.245596384747790353e+01
2.807073868214165202e+01
-7.687124807460275377e+00
3.924737615245433631e+00
5.212655755172427519e+00
2.800143248001489837e+00
-1.913979911853705929e+01
1.684556296012241461e+01
-6.615024792585757041e+00
-1.098780504375807610e+01
-2.325579364208774535e+01
-6.277255016834217827e-01
8.991620201023536652e+00
1.336645300691472471e+01
-2.935116401173100797e+00
6.506343134163749653e+00
2.327500515449329299e+01
1.046717030140740690e+00
-1.860255057243804799e-01
1.750410117230024554e+01
4.050005579840942005e+00
6.597729208198813922e+00
-1.351072619265651298e+01
-1.807734924668281451e+01
1.207544714864881286e+01
3.522033065580451705e+00
1.877890861796159072e+01
-5.007934760312210187e+00
-7.442124586068000980e+00
2.782528689239941855e+01
7.605185633891871078e+00
1.255368007108332051e+01
5.273994070777874299e+00
-1.122998201417269470e+01
-3.762703681046339454e+00
-7.456882857733173608e+00
8.438181808998301392e+00
3.489603169313213016e+00
-1.443437982379176709e+01
-4.325088616184707746e+00
-1.466884394009173320e+01
-4.994779293858080393e-01
2.243708820182388308e+01
1.707725023775520157e+01
1.654211706862138698e+00
4.673697168244920874e+00
8.591796042325064775e+00
-5.877345590051618274e+00
-1.839627822554450276e+01
-6.482424551708795946e+00
1.754839149693832212e+01
1.876898666962905082e+00
-1.179129410508741316e+01
7.588198870950613184e+00
-1.189025135296599700e+00
-9.596400790904766609e-01
8.408302770453367714e+00
1.911775940904284710e+00
1.787599162082672422e+01
1.778365617151899158e+01
3.874052424344128553e+00
3.686570061134965215e+00
-3.456082169846524721e+00
1.954594422240410267e+01
-8.413432366545904983e+00
4.774608305711645073e-01
-3.489355581419680163e+00
-1.972134691305103615e+01
-1.086903821393640968e+01
-9.921271940948024337e+00
-1.215344586746384437e+01
1.711996335043621542e+01
9.394876729299888041e-01
6.316895193848971246e+00
2.897751127662253623e+00
1.626818991951464000e+01
1.060366094807316983e+01
-1.110382207898950568e+01
-2.733346148050252467e+01
-1.602996184660873524e+01
-1.568119764041901298e+01
6.181453215342585850e+00
1.337370221855005781e+01
1.995686679670441066e+01
1.344645122225738731e+00
-8.460496045576118007e+00
6.443005021267367738e+00
2.045657110067733697e+01
2.397118007597919842e+01
1.706891181924166290e+01
-2.032262735221660677e+00
-9.853423631300689323e+00
-1.529987621285850352e+01
2.226801540488187925e+01
-1.509533139812870495e+01
3.660833788706540304e+00
-2.511142305157381571e+01
-2.649657446519706738e+01
5.874981135396133425e+00
1.951777978125564772e+01
2.401120159009501265e+00
2.154329355932432577e+00
1.572547808307176354e+01
1.812997354679922068e+00
-6.562676714012326329e+00
-2.429105603945039249e+01
2.229518512793895013e+01
-1.352940869095245446e+01
3.534424496202767330e+00
1.017770425265438661e+01
2.362880181888818498e+01
6.959306713893191443e+00
2.408859450267563318e+00
3.804982275939060798e+00
1.470459236144461812e+01
1.991072607237143188e+01
-5.738417607815279098e+00
-1.725310652173099868e-01
-1.875761306697256714e-01
2.826860400163186426e+01
1.593872266609414368e+01
-1.355869610002293868e+01
-4.651888615270959093e+00
-1.505662996329288461e+01
3.930170607006552075e+00
-7.440291946990633676e+00
1.476862209850505536e+01
-1.120951723717873705e+01
2.052501797171481002e+01
1.910252793984750497e+01
2.288224529127083429e+01
-5.804277675442961026e+00
-7.547525206252043262e+00
-1.443187386491782931e+01
7.610096381404943600e+00
-1.550716243294707297e+01
1.137897306872208247e+01
1.814595203844595517e+01
-1.011302459623087913e+01
-2.733170505090708957e+01
-2.122776532700871854e+00
2.364413493295869273e+01
-6.201991785666489676e+00
9.907086721270104590e+00
1.253862122553465497e+01
1.850592780565578011e+01
-1.129004023314613292e+01
-2.496548984753559353e-01
-5.302003305627039254e+00
6.485403592012900731e+00
-1.895535511213719815e+01
7.194776022358986722e+00
-1.953692306002857748e+01
-1.681332104380636139e+01
1.394756048192490994e+00
6.826766070451775192e+00
6.836665558940204335e+00
-5.836136401658958306e+00
-1.937015897649932938e+01
1.170801167447393709e+00
-1.482639428109822255e+01
3.468560901642000260e+00
1.212523603567532859e+01
6.522356039262781735e+00
-1.848792584499800995e+01
-1.036990454245303894e+01
-5.658565923783314133e-01
6.615191185140552932e+00
2.975177758787374671e+00
-2.370643685801358913e+01
2.350229083644705241e+01
-9.530675848474459144e+00
-1.140363373273814318e+00
9.704413724474449054e+00
-1.008867089253793381e+01
-1.023251741607063181e+01
1.663380635805543761e+01
4.935221197595083709e+00
-6.724184919060089527e+00
1.964233696531894680e+01
1.238314588715926590e+01
2.703973650654489802e+00
-3.674830132348606782e+00
-1.692241338233324655e+01
9.719092714248539266e+00
1.470067274536872759e+01
7.044223783511057491e+00
-1.599024525824475518e+00
1.645895541982429933e+00
1.434526899212762885e+00
2.998954180334131792e+01
2.658360405474545729e+01
3.723737768992201325e+00
-4.030499640188907051e+00
1.738159216528290330e+01
3.207097159475019055e+00
-8.595748818248186041e+00
-2.397555441183137503e+01
5.738840419088084843e-01
2.063068865530911467e+01
-2.134757585352278042e+01
9.058150962447406584e-01
5.073237999654821806e+00
1.589372356750656934e+01
7.099009919637722987e+00
-2.158605034896303465e+01
-5.547165088574129044e+00
-3.954408069079278221e+00
4.045686521904372057e+00
-2.647846349084157680e+01
2.600592535994437071e-01
-1.600585448226581775e+01
6.903044406697986801e-01
4.669774200993700219e+00
1.387683421831169994e+01
-1.859636120283248317e+01
-1.527441314802430483e+01
-3.718692420080614625e+00
3.086847374608751693e+00
-7.357308835997429242e-01
-1.335501752215250804e+00
1.509484492524421739e+00
1.311751401051159860e+01
-1.639286753026696175e+01
-1.863836630965106167e+01
-2.067532286382102669e+01
4.586068809605201579e+00
2.243319732180451354e+01
-1.232697125316364151e+01
-8.682558493097943142e+00
-1.613800174981171409e+01
1.586578337615010525e+01
1.692533059451531585e+01
-1.517920952028007875e+01
-6.509775592376147557e+00
1.658360143079290339e+01
-2.300171479852556899e+01
-6.647261020200303960e+00
3.559110122636980122e+00
1.292694228622523411e+01
-7.710236713247276441e+00
-2.352357136349578326e+01
-3.014087904972676313e+00
-5.846736754172276562e+00
-1.591402159529670612e+01
-7.018166459311959926e+00
1.305626535688097789e+01
-1.948218312349557380e+01
1.616308669109514540e+00
4.857612533359628060e+00
6.806983112874512187e+00
-2.367564241791906099e+01
-9.505644946695916531e+00
-2.995858122868693130e+00
-1.841252725079129959e-01
1.483433018973674677e+01
-1.281882841229403880e+01
-1.882656675026090909e-01
1.308704968493490384e+00
2.213170857528338331e+01
-3.935043024820867430e+00
-2.688067578707800820e+01
1.728065011993124500e+01
-1.582184189544624964e+01
-1.629499393588238121e+01
2.463629961989268224e+01
-2.124720315623488887e+01
2.322353153526904634e+00
1.796759803118405330e+00
1.963018511741255878e+01
2.178883581523114543e+01
-6.808841141366002603e+00
5.616994390367082701e+00
-2.321429204993364692e+01
-1.861238575185319633e+01
-1.787367634895811719e+01
1.054059316213047737e+01
6.377316904042508838e+00
-3.832046689202414314e+00
1.502310807306603380e+01
4.907025302971170788e-01
1.056052940475058222e+01
-7.496532512347826582e+00
1.598205911852499383e+00
5.508094468162376245e+00
1.258795765554432222e+01
1.714442312669058310e+01
-3.006902983655603379e+00
2.646941289826528987e+00
4.259266550097642323e+00
1.330389944816047887e+01
-1.032804147799314620e+00
1.352739135292660677e+01
5.864640638588213051e+00
2.149609768855533787e+01
-2.810364904973933875e+00
-1.067821781089045174e+01
4.467239336704992070e+00
-3.385621278628732966e+00
2.553081285828085356e+00
2.262332564724136574e+01
-1.207230561596556484e+01
-1.503412418305243037e+01
-4.889022493647587453e+00
9.116299166621899985e+00
2.196807301725957728e+01
-1.436212622859975951e+01
6.466266421171518175e+00
1.683263030115185188e+01
7.488417661858342456e+00
-7.795204853974077253e+00
-3.855384312735601782e+00
-1.089501715373756241e+01
