3.500216815398182746e-02
2.651921614172704444e+00
4.383955025771726355e-01
1.892335235359450252e+00
1.131610027220065540e+00
-1.671471345413664267e-01
-9.805300993195231740e-01
2.583255000909968402e+00
4.405079943580410884e+00
5.437830900481987584e+00
7.627306112911224290e+00
5.942284409313627336e-01
1.153036912285271498e+00
-1.394369940551694498e+00
4.078314692373375294e+00
4.599464174880097289e+00
3.924132324463956323e+00
-1.136816132589535400e+00
7.104768173817610943e+00
2.572830092366729104e-01
7.385569508843552455e+00
7.701015424771600948e+00
2.143055008386994587e+00
1.659373793673406539e+00
5.357452515542176386e+00
5.527649557876801012e+00
1.538891642516876601e+00
4.444477257475492493e+00
5.194506680210446703e+00
4.976856075891712194e+00
-1.310643909031311338e+00
7.095504690988310159e-01
-1.931740876135479290e+00
5.366781516302374655e-01
4.973074257537730247e+00
5.562591889290969149e+00
-1.464026715866158401e+00
6.589713394455563034e+00
3.348920354878162087e-01
7.103129932420955583e+00
6.542712077163299611e-01
6.014352015636784898e+00
3.024580483318057844e+00
-9.629954255239239203e-01
2.320158496838781836e+00
5.337117968178047178e+00
3.123007658233834860e+00
5.900423643248789318e+00
3.152604041417161440e+00
-2.415298006515447682e+00
7.144482306860554743e+00
7.283549472426585680e+00
-2.312685425614235069e+00
5.134447977809637464e-01
-1.118848035589017798e+00
5.985086019045169792e+00
2.959747436767952600e+00
3.937989053916030713e+00
3.611572850466007623e+00
6.839071288693613582e+00
1.037755713914579658e+00
-2.724031446244485011e+00
2.619302028505112290e+00
6.791758731579861319e+00
-1.739843610328369650e+00
5.947605211080222887e+00
5.240161706296637689e+00
-1.176954169242109938e+00
3.477351526824660866e+00
-2.767374957929856993e+00
-2.503336692085294857e+00
7.952054023253813497e+00
8.100715099066070124e+00
8.452750375416492545e+00
2.230864616176166493e+00
-8.903032122591154618e-01
1.037191762533582029e+00
2.935216843577614476e+00
-1.719306951274109707e+00
-2.935520531780568376e+00
5.704309328417284775e+00
1.746426784821123235e+00
7.966082829635462659e+00
2.994169751976414773e+00
2.127438969176340677e+00
4.458045982523083595e+00
2.694589305039060356e+00
1.132391980970320233e+00
-2.588177877411915073e+00
2.960149931630226661e+00
6.915297008164491999e+00
-2.067646278386077174e+00
-3.396119362049381252e-01
1.191402975688262700e+00
2.214826701602478742e+00
1.885303230430646515e+00
4.753413833874551742e+00
3.301201536846255280e+00
1.183571602355472763e+00
-2.918076411228435862e+00
1.787754342346219438e+00
2.427331262059652772e+00
3.535755028864949523e+00
2.525215758033736435e-01
2.524811082642977489e+00
6.693000369071134159e+00
2.056459700017742698e+00
1.766913497986450032e+00
2.940857735666524420e+00
3.249810286421014993e+00
4.800805551484153000e+00
-5.568026469030620262e-01
-1.498427700954420683e+00
-2.148182375242837061e+00
-1.824718666214776075e+00
2.411922295686639295e+00
-5.826048296922206049e-01
4.199116046867528595e+00
4.521194045258488003e+00
5.946924218094661541e+00
-1.884016143894971851e+00
6.339766469142878336e+00
5.383620439924895251e+00
-2.578361599495227807e+00
6.759426675987134203e+00
-1.521218829514876969e+00
-6.532134049495290640e-01
1.527538237627084960e+00
1.015053575097327077e+00
1.581962452207791969e+00
4.875696343143891553e+00
1.566657524068844509e+00
-1.359051606169300985e+00
2.445628375276915456e+00
7.894415281427340503e-01
-8.048599283926849424e-01
3.754499395341523993e-01
-7.651912800593914099e-01
-2.553357407529771805e+00
-1.489000319775217296e+00
4.912583541604668369e+00
1.820792208492344244e+00
1.099424793676146095e+00
3.008721234791011057e+00
-3.410672561026233396e+00
5.303297929441534109e+00
3.210781772711886362e+00
4.684383109058709138e+00
7.360637542853725179e+00
-2.871320881795496049e-01
3.440028460946194855e+00
7.770879334082536616e-02
2.711852650668049591e-01
5.594266850158190252e+00
5.240330425131487502e+00
6.443542045684136355e+00
5.283083904256226759e+00
-2.522590731908555206e+00
5.272600088680521324e+00
7.502833597811653377e+00
3.648389987333759521e+00
6.657934745760599071e+00
4.995978130781075777e+00
3.426629756336010857e+00
4.378354946782962998e-01
6.783974072230092744e+00
6.682356046301229924e-01
6.691143718225328385e+00
3.609460037341790439e+00
-4.688074663126498010e-01
-2.081615492413411150e+00
7.569993888593231190e+00
5.882441202685626536e+00
6.878673586034077303e+00
-2.339006360344047408e+00
5.231229755008714122e+00
2.125388391216178618e+00
1.426345071098142014e+00
8.307779003037719434e+00
-2.796320611216295049e+00
6.330646370799129841e+00
2.975314076294301557e+00
5.439408877263472775e+00
2.512463398672243109e+00
-1.025052364802940374e+00
2.275813912673491757e+00
2.291748916892821342e+00
1.962001475981197451e+00
-4.933215820893099846e-02
8.300172099549138593e+00
4.191462997079620223e+00
9.332136696628943184e-01
4.744117486621357571e-01
-2.781763114746702126e+00
3.126872387981034507e+00
1.177922698378858435e+00
2.970637487625594098e+00
4.463843141273079240e+00
1.103155794727086914e+00
4.841686627710977575e+00
1.989346254262234659e+00
3.232342307672194437e+00
2.755706058830203808e+00
5.827377077223362178e+00
1.533049174905902312e+00
-1.143897201160672950e-01
-2.468008130226652774e+00
1.299228311174050354e+00
1.114468521847680194e-01
4.410291478719381431e-01
1.691307118107429730e+00
5.359218009599517885e+00
4.832581434245250662e+00
6.040010847659294413e+00
8.344669647313585514e+00
-2.160869580679587898e+00
6.597278113564442492e+00
7.606465972805565912e+00
3.486404954694444669e+00
-2.304345590168934255e+00
4.383699527621335079e+00
-3.316053373822314132e+00
3.264964753472956005e+00
6.015020126786073007e+00
2.643420553864796574e+00
5.161717761586171349e+00
-2.267611818851898331e+00
3.971090417616093049e+00
7.326571261608789243e+00
-2.382131680342193025e+00
-8.687317628892676780e-01
-9.125787394845179534e-01
5.230033723984096383e+00
-1.485028218807901368e+00
6.007704202873501487e+00
6.245136027954441005e+00
8.004889722629901172e+00
-1.098427941040344358e+00
-1.882573307018497566e+00
2.271259892734898145e-01
5.949880452472612546e+00
5.801244686845675957e+00
-1.130368003742364014e+00
-2.561615306777159429e+00
-2.273489047126186158e+00
-1.559167320999332418e+00
5.615707383318788715e+00
6.178191203788083286e+00
4.256543612793400655e+00
4.299884080406048525e+00
-2.753975706208446894e-01
-7.274075073462880070e-01
5.833437532870433984e+00
1.621623453445182328e+00
-6.089474825942211567e-01
1.994059239787016047e+00
3.536704134966544899e+00
4.434030984820752863e+00
7.697542839931402980e+00
4.038141390601815317e+00
6.925608014152146552e+00
1.810339755371317416e+00
-1.540067398997527981e+00
5.197175726441280119e+00
3.334151241826974754e+00
-5.072660574532248390e-01
3.520078357728559482e+00
-1.627108315370261238e+00
3.925116029743712431e+00
5.228340347785323416e+00
3.525079803453069260e+00
3.997156279422423353e+00
3.178780026584025364e+00
-3.403631590366984039e+00
2.350090145302903721e+00
-2.988709045139049891e+00
1.228862628079959052e+00
2.898633506182331843e+00
4.385482782666196400e+00
6.866982649447287201e+00
-5.598864613272258595e-01
1.195363787713743520e-01
2.591564090346961002e+00
-2.496723120249634498e+00
1.156235987483542615e-01
7.307316389546636870e+00
2.920716611607389268e+00
7.188876703465910012e+00
3.079037669681508049e+00
-3.683424483410284722e-01
4.749767597687226228e+00
1.672121889405761230e+00
1.168584556461385482e+00
-1.857934588926774211e+00
6.190307939371608725e+00
7.652531556641424260e-01
7.181664600725184755e+00
3.721802790563174312e+00
1.843308139006833990e+00
4.620756680743786760e+00
-3.004384164942516477e+00
4.008775251548824414e+00
1.284291855283703931e+00
2.122383983082231751e+00
5.101938620614633990e+00
4.650081488701371057e+00
2.004873569398564648e+00
4.910351534744460622e+00
1.986398759522663759e+00
-1.497292517464034134e+00
-1.466619180715232673e+00
1.578157166256243471e+00
4.750186229292928886e+00
8.988827905472991375e-01
2.890313776986375593e+00
4.392842827714321885e+00
2.056124759026567439e+00
3.010611779942840016e+00
3.897576030395777380e+00
2.694668887580435879e+00
1.908944111444812464e-01
3.529638128747164316e+00
1.074529460874355635e+00
4.094312639080959215e+00
-7.536660500702110355e-01
7.945614428211806413e+00
1.774450612069301769e+00
5.861270930114228506e+00
4.402255262700807137e-01
8.081110417970068127e+00
4.473836262828996269e-01
1.532765470906944927e-01
-2.569116817381387641e+00
6.822092904075347519e-01
2.452291977266856549e+00
-3.461189062897773727e+00
4.175625116394137137e+00
5.111231366099216800e+00
7.598026099669555222e+00
-6.544955100117322289e-01
-9.812331643514164981e-01
5.499095037842636202e+00
7.873561067654264889e+00
6.221993831988129386e+00
-2.592769155037467410e+00
1.994307179196102453e+00
2.621686654256201621e+00
6.154190976301494587e-01
-1.097074661676708640e+00
-1.726382019255261469e-01
7.746603924339776626e-01
-2.980544277289149946e-01
2.644516171521284598e+00
-2.046642491956571330e+00
-3.259397306092983726e-01
2.626041138066625535e+00
4.356129127055869077e+00
5.565832679640738689e+00
1.149464225589733601e-01
6.071980231851377141e+00
5.039132568433879911e+00
3.180529029858311318e+00
6.809142832643800602e+00
2.443718006482511917e+00
5.073846777588300938e+00
2.343012775125838942e+00
2.873267634650833457e-02
2.978804555686713762e+00
4.699411998314328542e+00
5.229537365026212470e+00
-1.684628234695058957e+00
-8.354049478383807070e-02
5.753328399770101242e-01
1.385638035375428068e+00
2.382836528129372411e+00
3.300191948570235567e+00
-1.279706259836274285e+00
5.086081336406971687e+00
7.156872520686405892e-01
3.614971993226378189e+00
6.014185408686927303e-01
3.860741812022766339e+00
3.927798684853947009e+00
3.629596698623601014e+00
7.142608208166413064e+00
-2.944371108520697611e+00
-2.806824225958755470e+00
1.855915075259599867e+00
2.860913358167104903e+00
1.737026192279360615e-01
7.091769142168896423e+00
4.737472711995550867e+00
9.998880015915494468e-01
-1.800146075848108485e+00
3.555463450818859172e+00
-2.679784317923063153e+00
7.403294058223698570e+00
2.689179494175840013e+00
4.164273497615575081e+00
-3.660712270181987193e-01
7.924515947099052937e+00
2.455066362640492272e-01
-6.432585688409009350e-01
-2.957292941483501636e+00
6.526973415557565161e+00
6.294690216805467031e+00
3.348990648019539051e+00
6.754736716299373001e+00
7.583511836160813147e+00
7.216541541270654392e+00
7.361731868866803197e+00
-2.889658134986412108e+00
5.934758657111963487e+00
-9.264535533668425415e-01
-6.472920665261225892e-01
1.667084922029976823e+00
7.025866562069067456e+00
2.574121514419696055e-01
1.757628364574008728e-01
7.118565323554472357e+00
3.667245158261351889e+00
-8.244075891084179375e-01
9.717943177962276025e-01
5.110595246356654187e+00
5.147659856426120228e+00
-2.793031229334349330e+00
-3.002486801193368304e+00
3.995754395168063411e+00
2.404549490804276601e+00
9.333472464500598420e-01
2.945189744819590949e+00
-4.550944081576755451e-01
-1.670834331761406055e+00
-3.633037462952657393e-01
-3.218513308936411743e+00
4.213649023482771483e+00
-2.310453401347954294e+00
-2.443922328379710240e+00
1.390463165979470617e+00
4.150217109623865142e+00
2.263655292847206901e+00
4.620952700850509132e+00
-1.452785968676330697e+00
3.372771377097324219e+00
9.811273241179243598e-01
4.386766752101376454e+00
5.275473750647149629e+00
1.113550080382097462e-01
7.816011886984565393e+00
4.899299517565486539e+00
4.572449032606229480e+00
6.180108832683810505e-01
5.238562400000281727e+00
5.583601452715816649e+00
-4.982661232568261767e-01
1.948264683854778134e+00
3.822156724976741415e+00
5.709652491885861991e+00
3.423012530279297749e+00
1.911234017975385058e+00
2.294656112515633950e+00
5.218686648968075659e+00
5.120721905746369984e+00
-1.063974459912209181e+00
3.804802640335086750e+00
3.936629880509432411e-01
5.984976662755224552e+00
8.184144714401679011e+00
6.040614584141119181e+00
-2.113781029491838215e+00
7.657140922020246876e+00
-2.626813629832538854e+00
-2.820659775487505794e+00
7.053393050154149080e+00
-4.921122624347598062e-01
-6.710409181508696363e-01
3.029926324981548902e+00
1.134689202067667324e+00
6.580482952943537356e+00
3.593786552071495777e+00
7.604785617854625812e-01
5.744984468332544836e+00
1.663817007375744339e+00
5.050262644999229167e+00
3.011568291071188952e+00
4.509677726351723592e+00
7.640796331921997364e-01
-4.648532795721287414e-01
8.249041134594861546e+00
-7.158082582510827407e-01
-1.761301610853740485e-01
5.713682428660789014e-01
4.744181818343223611e+00
2.062046344389134589e-01
3.055034691890728737e+00
2.868572435571485002e+00
-7.470049771154396723e-01
6.159436996761577632e+00
6.460274780600123279e+00
6.600187781200613557e+00
6.252159493769465115e+00
5.812678857729064674e+00
6.510962978406356072e+00
-1.239976669624472727e+00
4.457491327036654738e+00
4.322855791927919356e+00
4.765784707668574427e+00
5.799117378943124734e+00
4.145137465281333533e+00
6.115969592451619974e+00
2.424865419638139841e+00
8.743010861396207645e-01
3.904712624334385040e+00
-2.860107549072167910e+00
3.372336828703559775e+00
4.513206342377852565e+00
-2.905789250564308812e+00
2.840810926594615538e+00
3.941253271249598455e-01
-2.475513261450252855e+00
-4.496057683417609141e-01
-1.287576578960006657e+00
1.719640995059723565e-01
1.834936426346068572e+00
5.691589731606770286e+00
4.792314217220749129e+00
3.066998320174656456e+00
1.157754171440682711e+00
3.800960284524302679e+00
2.773610551664614121e+00
-1.555789072742636669e+00
3.387289679261632713e+00
7.350289340140736982e+00
6.139780918582713909e+00
8.555738803523334823e+00
5.695519323020350910e+00
-6.322023528447981988e-01
-9.600501382910131554e-03
6.143393237667366336e+00
-2.339875885048087412e+00
5.758563615065408925e+00
6.425191018803953824e+00
-3.296862677493106908e+00
8.579495319483758209e+00
4.063706525546315618e-01
4.137123565739926789e+00
-2.172135164847138089e+00
2.411654218843100494e+00
6.974745764696148598e-01
4.242548753563312403e+00
4.395778251019393679e+00
-6.528038988377184992e-01
2.834280797860653678e+00
4.385611163078106500e+00
5.807785492139434069e+00
3.348643884696720363e+00
5.143616520773139911e+00
-3.459820110080549238e+00
3.102982483005375158e+00
4.943750133956930526e+00
4.178741059385101764e+00
3.389044765835627970e+00
5.711487308466839607e+00
7.091372414299193849e+00
7.093259058879848311e+00
5.813174372588555627e+00
-1.067094678405619668e+00
3.115807908256183367e+00
3.882850341204184375e+00
3.807246251256499292e+00
-2.467354175834062691e+00
-1.336561639889267461e+00
8.348494922334506185e-01
-1.497581574665641124e+00
3.505095138347122941e-01
-2.196206999115525971e+00
6.856090064381648475e+00
3.196714105975070552e+00
3.379399489885587471e+00
5.440380779071691819e-01
-2.770590373404358431e+00
1.736181901984357623e+00
-2.564941089653065109e+00
1.754313602137348660e+00
-2.552476058848167639e-01
-1.988936005501820592e+00
5.192816743211313479e+00
3.034451952963218346e+00
1.961672503419988445e+00
3.668230098417751606e+00
1.110744907703367090e+00
2.153194305070540437e+00
4.404736604016228796e+00
3.644861777861869712e+00
1.447225627976716389e+00
4.867887906164758860e+00
6.958375677105955504e+00
-1.642368670871478642e+00
3.063857012676415081e+00
7.561055155394633687e+00
1.668358895730602143e+00
-4.690274728809127325e-01
7.262462509850422521e-01
2.656111163358881200e+00
-2.438378746040579248e+00
4.319575205433164200e+00
1.714874676992983460e+00
5.866701499947225784e+00
5.842443412365314614e-01
3.094638310767164668e+00
3.003371374038323438e+00
-2.517875807583278558e-01
1.168141413130136641e+00
2.120482673617509306e+00
1.045850860846403663e+00
1.171143369002374257e+00
3.219571245996606379e-01
1.300112235435730845e+00
2.160189074801724729e+00
2.856888686793370269e+00
5.161397865918369021e-01
4.690215638753155503e+00
3.582264274546220761e+00
-9.811088049371843312e-01
6.185959555952397437e+00
2.810595973885288146e-01
5.713647633677361171e-01
-1.857846770488675858e-01
3.906080161320184985e+00
-2.417909443715613449e-01
-2.044556985066736221e+00
2.657930100988345146e+00
-1.587822785046768992e+00
4.888635767365514084e+00
2.854911543048636702e+00
7.044522644774696474e+00
-1.610254464326303925e+00
7.661821252916121594e+00
1.408696919261298142e+00
-8.319067433847076032e-01
7.503082994075557011e+00
2.687850524233285299e+00
-1.344369488690251746e+00
-3.004767179705748692e+00
2.811037673524230840e+00
-1.508642465634460361e+00
-4.686112891193081609e-01
4.013861578287807319e+00
-1.355440322910365758e+00
-4.769289636480467109e-01
1.722263025187537266e+00
1.888284900765443197e+00
4.936043469318263988e+00
2.635754041561850336e+00
4.905424985957836270e+00
7.655874715630618610e+00
6.036742923369853742e+00
-3.002498475292795455e+00
3.994513831626322897e-01
-2.150867779314880046e+00
3.100090475657209410e+00
8.059746561676446319e+00
6.575820364705760923e+00
1.974703300977598275e-02
5.123702351461123072e+00
-1.703915022981075111e-01
-1.520766062336767366e+00
-9.541562145418813756e-01
-5.964413671890600455e-02
5.215300843983369461e+00
3.367056023473972814e+00
4.099274344611311349e+00
1.222646250056151018e+00
8.711526703795851034e-01
4.907089436138196703e-01
3.143618137497895759e+00
4.636604034174959921e+00
4.176308779784102754e+00
-3.272321408446745572e+00
2.121593985492413736e+00
1.924940116031905291e+00
-1.434754423467135442e+00
2.802293115269877788e+00
-2.182204281899016607e+00
3.048174720307086361e+00
5.356207371111169735e+00
6.812786444344085979e+00
-2.095393138317318105e+00
2.491826153882630734e+00
-1.855449969400909005e+00
6.529226316903441685e+00
3.600778508082305152e+00
5.557722593288431767e+00
-1.714546823081349203e+00
3.610400899141806619e+00
-4.273394096312816970e-01
-3.184659506495429504e+00
-1.639435639130681466e+00
-1.333840838489818381e+00
2.156435174775445773e+00
-4.901926390737294525e-01
7.591430487882282918e+00
3.555658949641308908e+00
-1.089657979651659669e+00
4.844924002681883834e+00
4.444127542292930499e+00
5.377349083977307487e+00
7.323914740013945490e+00
1.841851505237725561e+00
-5.999187451905756419e-01
-6.375847298020911325e-01
8.324748245390422241e+00
-2.536060169679689391e+00
1.323111006810917978e+00
-2.073168420987398175e+00
-2.391847885464271073e-01
6.329171025357428704e+00
3.580474925271612818e+00
4.741931288722271987e+00
-7.827253016015163212e-01
1.527607395844835736e+00
2.164987135097344861e-01
4.950696380924405560e+00
-1.846387269857452829e+00
5.340309935412015818e+00
2.151169904419969470e+00
5.584870395813494426e+00
2.760612713108820948e+00
3.109496538890006434e+00
3.682905534277727710e+00
7.885582197582646558e+00
-3.396765633228708836e+00
2.362792174908061149e+00
5.138264326176685159e+00
5.725917183776878971e+00
-2.148983908516768349e+00
4.393286866637126309e+00
6.924078990499161534e+00
3.303523247460033119e+00
5.550460014122904795e+00
-2.649798568625659545e+00
4.080233590450394132e+00
2.814205082987462525e+00
-6.042983850616359121e-01
1.271076569330121586e+00
5.195321166637217658e+00
2.597072829954417017e+00
-2.503696870316008738e+00
6.949075448158211543e+00
-2.419021120332280006e+00
6.084438716866863217e+00
5.952648079286865013e+00
1.963527971235910385e+00
4.717730611937442475e+00
6.423087048685811595e-01
-9.490625368625860148e-02
4.282182011103914832e+00
2.142579393826129497e+00
-2.709510045500717723e+00
7.917586313106152573e+00
7.540182830678231696e+00
3.926232902924432722e+00
3.605703627322943916e+00
7.962662025229132468e-01
1.465954610466338792e+00
2.444094323873574837e+00
6.989165604152807632e+00
-3.316628446205527325e+00
2.831961808042814610e+00
7.462945730124861399e-01
5.209036072944982720e+00
7.740334772664816398e-01
-2.559098044299657371e+00
-1.851831606995989254e+00
7.018125737755449123e+00
3.200359845702671180e+00
-8.747585836269475834e-01
-2.935191942724632685e+00
-2.791453097186417764e+00
3.534714533461137620e+00
2.546769004390675661e+00
-2.584998749926106676e+00
1.591897321028631573e+00
7.616474717365422364e-01
-1.586432020535544662e+00
3.090666089439594089e+00
4.931222828079770082e+00
3.126687070863965801e+00
2.905111905253677129e+00
7.216170983891691648e+00
2.757026297126754955e+00
3.034878735650220705e+00
2.458093022143209794e+00
3.364983955894810919e+00
7.020452550745009290e+00
-1.497241872911296401e+00
7.296315006153585969e+00
-4.546714045830544393e-01
5.935081258594495424e+00
7.760843694564050210e-01
2.889184012706546234e+00
6.503970211286272729e+00
6.182613034793289941e+00
-7.183924016943246116e-01
7.672570202548678608e-01
2.155400422370843394e+00
2.716517254950491456e+00
5.012698658664582751e+00
1.593627904299425246e+00
-2.006875296648584772e+00
5.019897644139682313e+00
6.470420303517322225e+00
6.302105055796502597e+00
1.995169439234348197e+00
3.678134277120719275e+00
3.707961158867936646e+00
1.464596806668607698e-01
7.568806928187360228e+00
7.222208025505928219e+00
-6.716932952199226037e-01
-5.047334936776195491e-01
5.184969287978768548e+00
-7.678016363744797346e-01
7.470845084716554396e+00
9.455467060477857899e-01
-9.203028530731032220e-01
-1.989749818283694793e+00
6.573496191561595481e+00
-1.405609336576141288e-02
4.389886224114306401e+00
1.635942373874285316e+00
2.269616684613924740e+00
4.368198807559684482e-01
7.384961502297676006e+00
4.769114483438348984e+00
2.435515678476094514e+00
5.072808909636403740e+00
7.322976925394268477e+00
4.045839277331479522e+00
2.416004191922723088e+00
-5.887486510357549108e-01
4.665409555214802495e+00
2.943598020549559990e+00
9.232131908460852188e-01
4.593017773325621889e+00
6.168668070197854902e+00
1.592318405429023365e+00
5.354476398962978223e+00
6.979415756136791771e+00
-2.448124713539848063e+00
6.048609736822434968e+00
7.079717590362603730e+00
5.950995726707112965e+00
7.281558071070005411e+00
1.503748325799497465e+00
6.402962837533149099e+00
1.499477137595642162e+00
-1.325734871402026727e-01
6.832205033349209700e+00
2.957764095451143049e-02
2.744507137008535658e+00
-3.452257331619588587e+00
-2.485163224086152756e+00
1.961157008025454118e+00
4.212873236538262844e+00
7.215657256408913867e-01
6.011957985408686866e+00
3.162023163664162695e-01
-1.721289233850131772e+00
-1.223104816970242759e+00
5.603811971884487875e+00
6.393072727611437855e+00
3.097097349697929047e+00
2.710479473834086050e+00
5.983277898956991692e+00
6.538580005796909234e+00
2.895658007206690421e+00
3.156706699842342090e+00
6.181123574202718629e+00
7.047902255371647939e+00
-2.537565661215362312e+00
6.827057587970132957e+00
-2.691024741219192773e+00
2.504179954961228916e+00
2.077179977336731653e+00
5.675797671826048330e+00
1.828605865432167299e+00
4.857065829606106888e+00
-2.858769398410485607e+00
2.661744743573405181e+00
3.704719714299105959e+00
4.198194511846313759e+00
-1.116648405582152837e+00
-2.331718688386086313e-02
1.258445468608614171e+00
5.544841330698982773e+00
1.124298109524223932e+00
5.357097364170254394e+00
7.334604013421763824e-02
2.951409173815942921e+00
-4.686381366986038799e-01
2.505200325222309843e+00
6.394313962411519725e+00
1.023753659594444976e+00
2.928995456399811737e+00
-8.999859059230876923e-01
3.894056136538567969e+00
-1.529726444544259323e-01
-4.267024892812445458e-01
2.606104658774045291e+00
5.027326139547231065e+00
1.102928891732839034e+00
1.695933062193729413e+00
4.145368642731563469e+00
4.091363474133745015e+00
9.353727488370662257e-01
7.258151525033456508e+00
3.872619554315635426e+00
6.147938627145126844e+00
1.367263501378469748e+00
4.476575981092183909e+00
2.402543047192781778e+00
-5.395774364513492571e-01
3.024679768216165243e-01
3.202367861986328279e+00
7.269992527758351031e-01
-2.547853946414784243e+00
2.122748258908165653e+00
-2.321045133485868828e+00
6.015924210447504805e+00
4.180018468991375968e+00
3.137612498093853119e+00
-7.489892067943895171e-01
-3.480333282334964196e-01
1.768417777629868404e+00
7.938110693751232461e-01
-8.265937598070101089e-01
6.185642441736167285e+00
6.531383613065173677e-01
6.339389679691139534e+00
3.524204990798919468e+00
-1.451636542828697252e+00
3.521406341847733046e+00
-1.141910637275249218e+00
8.521355243121551126e+00
4.188583132820458133e+00
-1.181526813577798762e+00
2.501430773647547845e+00
-2.910021838835002317e+00
8.041643753682432560e-01
2.302805210745115794e+00
-5.162284087691544343e-01
6.111742151816329738e+00
5.885187307205436369e+00
-1.681082028080903790e+00
6.525917477084707485e+00
-1.395202314931963006e+00
3.588344527727489464e-01
4.782807478875879426e+00
4.791537550887753127e+00
6.322793885369796030e+00
6.336871062185325698e+00
-9.768568759733815554e-01
5.603369386245113049e+00
4.874755612943360461e+00
1.144929281660943765e+00
4.253710492033334845e+00
-1.528367534942507433e-01
1.303874565670605001e+00
2.010761006548586138e+00
2.106133404534667797e+00
2.491739975555706366e+00
4.001055102354749593e+00
1.981074181107693732e-01
1.496197728520535009e+00
2.853240853821116474e+00
-8.082844797510331247e-01
1.744569350663985219e+00
4.347942372803579758e+00
8.493180788808194492e-01
2.221506917280631654e+00
2.662601938302754156e+00
-4.853077602889044329e-01
-1.398354273305004725e-01
-4.939543317898467123e-01
2.548613614521626936e+00
7.602552968095999120e-02
7.158418732176764721e+00
2.643775064139351372e+00
3.572679361444590640e+00
6.420608267078955933e+00
-1.729100816010517683e+00
9.931758490155235819e-01
2.601385714651157421e+00
5.897169606771425876e+00
3.806114859945571638e+00
7.343896115959569926e+00
-1.480600288289808830e+00
-2.688868628316714471e+00
-3.519273909220776986e-01
2.411355051669977101e+00
5.325368421895843696e+00
3.539594379569830807e+00
2.106470088747709468e-01
3.170207285401492214e+00
3.519539384901733570e+00
7.517145922611540243e+00
-5.866604510690427432e-01
6.837242197565416291e-01
2.395290510444423759e+00
4.796756075107776240e+00
5.029849619191438137e+00
5.504208880815577132e+00
5.539417971581910294e-01
-1.161741355143709686e+00
6.788918452175254359e-01
-1.908800858163338887e+00
-5.904496988913203737e-01
5.683707679085099329e+00
2.485945375395814949e-02
5.858958957963626091e+00
5.586037708226212928e+00
-4.738992109763060512e-01
-1.631388428894202214e+00
-1.114278449757392320e+00
-3.443207099886574696e+00
-4.731759559149208982e-01
4.637360325236096870e+00
-4.589439995455535382e-01
1.175016386685287628e+00
7.444878326101108001e+00
-1.643028829215408937e+00
7.403330016002461988e+00
5.742363120737275395e+00
5.469657123750625516e+00
3.038974440696822654e+00
-8.126330662041798547e-01
5.506685439247982927e+00
1.371692972094781915e+00
6.809359678303829710e+00
-1.420561800051460821e+00
5.294399736710184712e+00
9.048316144399581873e-01
3.195802881343270840e+00
-1.255946269337615995e+00
2.692199894465715282e+00
2.944351888111931714e+00
5.496170826476809879e+00
-3.356522957922190464e+00
1.314272266714173298e+00
5.784327534188108189e+00
4.792723207787666695e+00
-6.809391835796763104e-02
4.964377846554238971e+00
1.957760973319265574e+00
4.283072840992424801e+00
-7.265383371819416070e-01
-5.869041876825864534e-01
-1.584715545721163910e+00
3.351556321411578665e+00
4.206174846542195311e+00
-1.539484530168734544e+00
4.773388466679618247e+00
5.593347037847303582e+00
-2.971003116977450453e+00
3.106442561300102767e+00
-3.243289010249413629e+00
4.392385064516085791e+00
9.592253001811910096e-01
7.509375561350964290e+00
4.276829026196594441e+00
7.339476718932866461e+00
2.904700668539884845e+00
-2.588415914804087947e+00
-1.767883905773269149e+00
-1.166490919983133256e+00
-1.391705175946196249e-01
4.352473856740566305e-01
3.653046604241216855e+00
-1.958490449657838806e+00
5.288432335477789792e+00
-2.529045905681691409e+00
3.395886849541259522e+00
-1.918875361978958693e+00
-5.324355276009296034e-02
6.966020552597374405e+00
1.118528254323845950e+00
5.708616033528562284e+00
4.926356705846949069e+00
5.144479006444644398e+00
4.828256281352656387e+00
-5.625311478247985164e-01
2.847839271525146820e+00
3.653737909125513994e+00
-8.059594878349596314e-01
2.179948327922253348e+00
3.320064552616592835e+00
1.637832941723669222e-01
8.070997598538218298e+00
6.923334557605526740e+00
4.055680296130844908e+00
-1.725263144620944988e+00
-6.509500291873884237e-01
7.148112148929854470e+00
-1.877838773934688454e+00
5.832561780399121432e-01
-1.655340610531510936e+00
3.737292323985387910e+00
2.495894276129189571e+00
6.926502394841657306e+00
-5.321690039601074673e-01
7.875110684428081598e+00
3.555259804496834874e+00
5.267198560834035703e+00
8.020258991762064582e+00
2.722176859332917864e+00
2.606967982009339657e+00
3.489455864632503790e+00
7.840233355961519379e+00
-3.444381236439038929e+00
-2.685753733589687720e+00
7.802108358796417065e+00
6.153728484297685597e+00
-3.025614961909344203e-01
2.228350327128994834e+00
2.835823119940030779e-01
1.767515543667816935e+00
-1.095598142074179382e+00
2.061245175943327013e+00
6.805702277287497992e+00
7.161395696346190221e+00
7.992548723423267276e-01
5.583142357260731714e+00
2.432459874595831906e+00
5.814255617567713585e+00
4.192139748993444215e+00
-3.498400321592148643e+00
3.249703866406884245e+00
-9.084811695717132096e-01
2.894611819944296727e+00
1.833517742514514381e-01
7.982250895692274639e+00
-1.861626044445610972e+00
3.323523473548588569e+00
3.235597326338366386e+00
4.481397634629795235e+00
7.350830802796169294e+00
3.769166188027872622e-01
1.527461672341041243e+00
2.739214689033021344e+00
-1.009011504495178180e+00
6.057538522013159010e+00
4.197904669756871598e+00
2.404853507814043390e+00
4.639760852066181940e+00
1.178273961389281865e+00
-6.512369634149566267e-01
-1.708328754739412148e-01
2.097731167632027827e+00
4.975001415545710515e+00
6.494610589525471767e+00
5.035824394900341616e+00
8.805772995751786070e-01
5.955790390219453556e+00
3.943203792771281968e+00
6.002643104060229717e+00
7.301368229451249192e+00
4.389267464039427580e+00
5.613010842253729038e+00
5.563008468494091474e+00
6.965173472403202837e+00
-5.835308254342397305e-02
4.210437692417603017e+00
1.879856765947115704e+00
-3.113701682596112796e+00
6.465715918469879142e+00
-2.596511277273400697e+00
-9.081096115059716922e-01
-2.550685909669880402e+00
-2.807733079557921840e+00
6.837626194257325096e+00
-1.727254473561227854e+00
6.447189794392059525e+00
4.740050349738334390e+00
5.230877572845631818e+00
6.509369206943974362e+00
5.631790305562262233e+00
4.992600088536283565e+00
-2.786971264327394948e+00
5.353550192372983574e+00
-5.309638389486988075e-01
-2.859770322243104346e+00
-2.267059332009592421e+00
3.711070188986870022e+00
1.132150014838231300e-01
-5.769284965075964777e-01
4.175550838790195840e+00
-8.523491356404075958e-01
-1.970954092815811354e+00
8.028620907583173150e+00
4.897879676441874608e+00
5.619478788086682997e+00
-1.155547975672457817e+00
-2.716154204734165134e+00
3.751514163962944792e+00
-2.606280966406083088e+00
3.715825711777346996e+00
5.263387420882303047e+00
-2.419391445396329221e+00
6.132812497211961755e+00
3.079279917685212808e+00
8.944241163752941759e-01
5.403226215445821268e+00
2.366358354520338381e+00
5.220144667390380633e-01
3.298993740108459249e+00
1.051308634220617932e+00
1.393304529010226389e-01
4.960812860028500637e-01
5.141506298988026913e+00
-3.476321858398625508e-01
-2.862196466381768722e+00
2.406917382341020151e+00
4.722220526445413569e+00
5.353153218679608472e+00
-3.051092857492325283e+00
3.484205573135172429e+00
-1.436213358702862042e+00
5.517527782372939171e+00
4.949395165596104817e+00
7.914153383987958534e-01
-2.086019565746674687e+00
1.085568335834477871e+00
-1.948301927261486099e+00
7.939324854006732934e+00
-2.091877910007188923e+00
3.781854199259585769e+00
-1.007410179159298202e+00
5.061493736398357868e+00
-1.845022343340890103e+00
-1.465628318047790923e+00
-2.754955374579515226e+00
3.202176590663697198e+00
-2.208336224503743672e+00
-1.811293099566270826e+00
-2.305067086484758665e+00
8.350338830977037219e+00
4.507445753155767676e+00
4.050770769427343154e-01
2.248763052981727739e+00
4.557586984304732525e+00
6.976487778151323482e+00
7.301188813077967410e+00
-7.161043147263281838e-01
-2.568701591455102573e-02
2.693069617043843067e+00
1.238250847248083986e+00
8.479103275545631035e+00
2.043711827896861344e+00
6.622399304887755633e+00
4.735506592088817968e+00
-1.673530320436368513e+00
-2.123973312671400659e+00
4.730867097225718965e+00
5.235909989183648250e+00
7.340923932403921270e+00
5.189113147755071154e+00
8.235202898894932844e+00
7.431415015652360623e+00
3.988054510444266398e+00
1.767028983693164967e+00
5.492613833041472660e+00
8.016335301103639566e+00
-3.096037881159555027e+00
3.223716567416403223e+00
1.492299458409384272e+00
6.532267935226315103e+00
-2.156581870065828355e+00
2.220029607583080988e+00
-7.260639068455159162e-01
-2.200698825068524656e+00
9.090226904077995940e-01
-1.713619386853254767e+00
-1.376547455450491952e+00
1.200814844247729773e+00
1.630403177483756849e-01
-2.089879574684102348e+00
6.262561403246170499e+00
4.380255457012790288e+00
1.346904682818497179e+00
4.922494757405623034e+00
6.836153876424923226e+00
3.915779667221990223e-01
5.037640941519955007e+00
1.612312902594603692e+00
-1.688082048428811266e+00
6.000691449256589038e+00
7.363187789714958242e+00
7.131460329345971516e+00
3.304996819466971658e+00
7.881569322998126736e+00
1.994300424413281370e+00
3.602376545707882016e+00
5.988937536955564411e+00
6.556072764181450907e-01
-9.577650072158778727e-01
-2.279311011940791332e+00
-1.025192881773544507e+00
-7.959287609701437560e-01
-8.067953655725688122e-01
3.924236390375805072e+00
1.250736179176978879e-01
-1.201703548891797091e+00
5.852441422688873018e+00
-1.077546104882540767e+00
1.184786321630410200e+00
4.939334449445766495e+00
5.253064271084610937e+00
6.985933282309513714e+00
7.018112044388555404e+00
-7.776136088042546746e-01
7.023393725215647976e+00
3.547244968544944754e-01
-1.013528962347463036e+00
3.488760028787385892e+00
3.090752865198327370e+00
7.865519668146534471e-01
-2.281985865030219163e+00
-1.936691837277668249e+00
5.134614249334914504e+00
7.450622978992328171e+00
6.597227319725382344e+00
4.303968843221866791e+00
1.599546047414259320e+00
2.807482547729515332e+00
4.926244542135002291e+00
7.838819848259872103e+00
-2.363681482492109964e+00
1.030100014600776603e+00
1.337616763763784355e+00
-1.745426080831975479e+00
3.770620406164880478e+00
4.915795050004794220e+00
3.631850081215088011e+00
6.356900472144360492e+00
2.722781036933205279e+00
4.355627465310444535e+00
6.884083622826462801e+00
4.085184352242903216e+00
3.159434772600334895e+00
4.587028019393182277e+00
7.925063652080199361e+00
5.775643698988670138e+00
-2.091574149710806019e+00
2.458357506628370714e+00
-1.048562762640941060e-01
-2.581586737884120186e+00
1.381788256292413308e+00
3.648717917754012774e+00
2.674767887927233190e+00
5.392872035383220464e-01
1.730761820877895651e+00
1.616813265618393558e+00
3.506306956779322803e+00
-2.193219547138956393e+00
-3.720490004740293344e-01
2.748325536078656484e+00
4.079946962008294875e+00
-1.799802903020993217e+00
7.988006892205561371e-01
4.254454291815369160e+00
-1.920213872498290897e+00
-1.826183603084974294e-02
-2.757519213755395437e+00
6.165864435457791615e+00
1.631651443228376408e+00
5.008340130663984979e+00
4.081353229767010760e+00
3.270594879495128282e+00
1.692916475327827186e+00
7.069145198751009218e+00
6.353221103384985469e+00
4.036203969154957605e+00
8.107047304229793028e-01
2.937683486118327636e+00
-1.748762400041436127e+00
4.064033599443265032e+00
2.844899459054572866e+00
1.839088543318561086e+00
7.185717974835325705e+00
8.816965533586680337e-01
5.040386371084611739e+00
3.999820361913888789e+00
-1.019741207370667535e+00
-2.418411360723430104e+00
-2.515042028617550773e+00
3.819711556645962958e+00
-5.076691238433106435e-01
7.485611163756450637e+00
5.994317283319951173e+00
4.151499167480613650e+00
2.979967710017474403e+00
4.798794396094821835e+00
3.229201512307309230e+00
3.846996910462232577e+00
-1.058312774609389884e+00
1.250588917085244667e+00
-4.970401998400300059e-01
-2.529016077801292006e+00
4.858423659797614036e+00
-1.864916084750120717e+00
7.182124962075091545e+00
3.678480668108328189e-01
6.732140742137119105e+00
7.961417737796168126e-01
-2.793137207271883415e+00
4.334823293768572228e+00
5.323605071639089914e+00
-2.608329484701696899e-01
4.985226097131599587e+00
2.435457201879606792e+00
4.371041303016523827e+00
6.103334566243235670e+00
1.588230029499060336e+00
1.556881373896436216e+00
2.529015403446628341e-01
-1.220449313591696949e+00
4.647605038463384020e+00
4.078310437893588158e+00
4.344716933496524547e+00
-2.169055697944592076e+00
7.905349950820212968e-01
5.796790598124857752e+00
-5.309560528172561078e-01
1.833961589289865302e-01
-1.716020015914332841e+00
2.132635796056301380e+00
-5.048914304839602352e-01
4.223958783115683957e+00
4.742700943767076183e+00
3.749768875749245112e+00
7.687048387259592275e+00
4.720430659126426676e-01
1.528623578970206509e+00
-1.445472033879618756e+00
-7.497086702001887204e-01
3.461546568944852353e+00
4.431980804891477277e+00
4.678334315411330380e+00
-1.848134124043076199e+00
1.497984281535177153e+00
5.207409697075171096e+00
3.334231760187599036e+00
-2.299437163229196557e-01
6.124888373472137104e+00
1.680853444939350183e+00
5.070231964519912538e+00
3.066695193547765541e+00
-3.404901282082217318e+00
3.744857518026314835e+00
6.998456372775248013e-01
1.590053107888079964e+00
4.208781760507404712e+00
4.901774701536510292e+00
-3.668716553488531318e-01
7.980626722417964558e+00
-6.418681011172511219e-01
3.153878411336341614e+00
1.253872557434565493e-02
-1.100440224104991760e+00
-6.940533900847052351e-01
2.685260588013205663e+00
6.179366798754999834e+00
4.532278264742268803e-01
4.516785893959642806e-01
-1.015821877063956435e+00
3.341129873187913546e-01
4.887710692067933849e+00
5.347373166972007041e+00
4.880895373907277346e+00
-2.851649330361913037e+00
3.654325052243368788e+00
8.121318207338307005e+00
2.762232418264963130e+00
4.968113102739284415e+00
-7.833265818991543838e-01
5.793093252453189734e+00
-1.289766632964227444e+00
6.074507700209991867e+00
-6.742239486825987171e-01
-1.275569123868809385e-01
6.877199255047013793e+00
2.722375788314978173e+00
4.786697503751568661e+00
7.435868665738357919e+00
-2.309471676323025413e+00
2.277092357466703909e+00
4.440532161278868628e+00
5.994097917252940277e+00
1.714100835990197247e+00
7.705024345107915451e+00
2.609506332583169552e+00
6.863701220292837135e+00
3.782492479609297575e+00
7.072858582777023173e+00
3.522093869511884634e+00
-2.879149691895875218e+00
3.956195124099707527e+00
-1.266276395290249379e+00
4.913054275919730429e-01
-8.897377581498648880e-01
5.598090966427545112e+00
1.495886016981906153e+00
4.067032203075712005e+00
-3.274713829804791310e+00
4.159972006447022252e+00
3.080102722606714138e+00
1.251857626212174779e+00
1.266596783977252727e+00
3.038740062577533152e+00
6.004063946958739351e+00
3.258682942942817462e+00
-3.256405134352942099e+00
7.700913736282611666e+00
1.444181796676774709e+00
5.114833411652956130e+00
4.674126345037416641e+00
6.205976583977061978e-01
7.738298427286181891e+00
2.613062940194891937e+00
3.482445681371469703e+00
1.516694055383192463e+00
-1.292180644561455427e+00
3.459824256583752700e+00
7.043917595598919945e+00
1.950082293163150737e+00
4.439177922997012971e+00
7.594137636015519277e+00
-7.911233331976248451e-01
-4.057037190081382860e-01
7.098186233720619853e+00
5.223858732818726480e+00
5.457883775622992317e+00
-2.891222892347299123e+00
2.720071444595314247e+00
7.097510980180278040e+00
-3.350512991041925570e+00
7.120355797350237381e+00
6.565352435563312383e+00
2.266233652282545918e+00
1.410891644222330044e+00
-2.671528376827697393e+00
5.488209283852452103e-01
2.339491360274392306e+00
1.899210831283966172e+00
-8.267311493054503302e-01
2.278214791515535076e+00
2.572080791873661454e+00
-2.139304674306822029e+00
3.669056005944872467e+00
1.006107389943202257e+00
1.097826735480703420e+00
8.406313309811308088e+00
1.083502720508722206e-01
5.936130265983011967e+00
3.825231941412720715e+00
-2.339854399430185694e-01
-2.626444374760558809e+00
-2.456814158964717887e+00
4.109033644856358691e+00
4.695689602053976230e+00
7.350087106731550080e+00
2.073053917659813727e+00
3.730174193253962045e+00
5.823027909472372698e+00
-1.863476176822321584e+00
8.415219283390273475e+00
5.366076618577316992e+00
-4.823721732300141340e-01
3.398923977438006006e+00
7.323519619858652518e+00
5.846345361959304654e+00
4.932739663383390649e+00
5.283409409966516534e+00
7.748559842013062138e+00
-2.888822829919129198e+00
-2.154158464053423927e-01
1.793966111787494988e+00
7.091050788901410940e+00
2.883205708238063103e+00
6.587234828461248526e+00
-8.909861894646304847e-01
8.242153064236811488e+00
2.691356973925275398e+00
6.749407834396411232e+00
4.824192845410653518e+00
5.195517651210712629e+00
3.968895661967252408e+00
5.760735362170860796e+00
3.968866866235995161e+00
-1.482859913636661808e+00
1.879540923798431962e+00
-2.312242402873506464e+00
7.515374983293439115e-01
5.881272363036833539e-01
1.939986443126261229e+00
9.973326141645015852e-01
6.951739124826698202e+00
5.326019172537359125e+00
1.587114983802844215e+00
3.977347336438739944e+00
7.365255294618044957e+00
3.298734767334220663e+00
7.641759652886584320e+00
4.447616572878745345e-01
6.328587656143788820e+00
2.643548499433728161e+00
2.914225193394374358e+00
2.750006857501677615e+00
-8.524122112192493717e-01
1.442325066060127448e+00
-2.490036738114806969e+00
3.889914972287868977e+00
6.676985036392627748e+00
-1.964432182023779561e+00
4.759847590023829511e+00
1.463219891800962458e+00
2.212993772050762864e+00
1.411283439650828697e+00
4.398741215545346250e+00
1.290273660780819398e+00
7.827441394690394461e+00
5.456476649140270752e+00
6.693043608927434107e+00
-2.191609909563609904e-01
2.899225552949923568e+00
4.401036964267408536e+00
3.521156723923363430e+00
9.274707043391945405e-01
-6.487832205404888697e-01
3.924118174976687357e+00
5.234794984349857572e+00
2.249416983213269994e+00
-2.264541272681932949e+00
2.640872869588726246e-01
5.057150250972819450e+00
-1.095208848300490700e+00
4.733116295542618701e+00
4.360599816250186223e+00
4.449248875254124158e+00
8.312517349775133013e+00
-1.776882245641850933e+00
3.736287630696210726e+00
-1.434071098458513660e-01
-3.201894136281187908e+00
3.916656328076513205e-01
-2.277341134035762771e+00
2.908860181889175500e+00
-4.548662232926075077e-01
1.635661654440508705e+00
2.424806880068275383e+00
5.539276596978952583e+00
-1.574240902646568685e-01
4.654105256053922446e+00
3.913337625880162207e-01
6.699245294678403795e+00
2.682722558121448664e+00
4.051831074917968678e-01
3.579241030851045835e-01
1.675753726005757116e+00
5.171124554785233585e-02
4.376956787823354844e+00
5.877209174492371346e+00
-1.316420445197636901e+00
-4.921355257249153681e-01
6.996421192661113508e+00
4.671423271928585308e+00
4.107912839713906195e+00
3.412348356859181919e+00
6.781226412998314856e+00
3.862268036457033205e+00
-1.159398736693711296e+00
-3.020290551999937012e+00
-1.565927907541724728e+00
-3.412719478071153834e+00
-4.502387024001057725e-01
-2.789120105254418114e+00
-1.531069020776786083e+00
7.224949400192919313e-01
4.251710341212577404e+00
-1.647494001844941103e+00
2.701012066259994349e+00
-1.584145825809759156e+00
3.585988110577496002e-01
6.850721933265125685e+00
6.454669980532141693e-01
-2.561570975519508853e+00
7.740814524886577175e+00
2.960585161852027802e+00
5.740591997341271124e+00
6.527449159283598590e+00
-3.498833236965714022e+00
6.127129266455174417e+00
-7.688118327107629213e-01
4.586703787709801361e+00
4.812873497990324267e+00
3.436733226064029978e+00
5.017257447459446240e+00
-2.990112520387189221e-02
-3.056707152798549210e+00
3.380176972108479561e-01
6.313843788150174774e+00
6.617739544725347756e+00
2.380456935599670310e+00
-7.696054719297418245e-02
-1.816546057445285189e+00
3.543451294946748931e+00
3.656576808654399713e+00
4.176547114294001162e+00
8.945493198900500431e-02
1.133486747798126970e-01
6.030802850800277781e+00
5.642089964246368439e-01
6.155506718789197862e+00
4.329544671637943765e-01
1.024268146420595826e+00
-7.265101918735394904e-01
5.484569288845591473e+00
1.544060145124753980e+00
3.986168873446194638e+00
4.751481877976297952e+00
5.215239608970472673e+00
3.157993373903234868e+00
6.596753095081405505e+00
-1.461952016688262468e+00
6.240680553457430335e+00
2.601259898483977651e+00
2.850055592582911856e-02
5.345727679616787853e+00
5.632373262801905867e+00
5.966707359577512193e-01
4.610649508207481873e+00
-3.048637426023956820e-01
6.736186989357531019e-01
1.449422524477901320e-01
4.629977440671179778e+00
-1.573226513105586033e+00
8.179928765219202091e-01
4.688457570571669564e+00
5.980177361965646199e+00
-3.744843578491172664e-01
-2.550621813686693606e+00
4.348641343856369801e-01
3.563956585092968865e+00
-1.939445223579889799e-01
5.212141209606730996e+00
1.992044235973275512e+00
3.698372608364072889e+00
-6.310983943026018395e-01
7.999265727932002079e+00
3.954871687961890814e+00
1.231653338346117010e+00
-1.571868443102888424e+00
5.913211986729987046e-01
4.634443269393880627e+00
7.194742024669674052e+00
7.746470584163128947e+00
7.885650850689611246e+00
-2.509869859865367481e+00
6.581027523761170173e+00
2.161413610950511099e+00
-1.527819193482731208e+00
3.335377542093427294e-01
3.925851901265000166e+00
-7.811681261966727519e-01
2.152561497577219818e+00
1.491953388186324503e-01
2.846628305768656553e+00
-6.711111181286719685e-01
2.512588555621430686e+00
8.254505730707794697e+00
7.126528409177756984e+00
-2.247671209242823043e+00
-2.541152885913389614e+00
7.228984978226876024e+00
2.523583949781702529e-01
7.906620974367815080e-01
-1.412271157204964211e+00
2.991481531038835406e+00
3.956304467620665122e+00
5.880031780912425177e+00
5.423665498978463617e+00
1.405430421769641391e+00
-1.714724940107377638e+00
5.858021604124038717e+00
-2.215339811250065516e+00
-2.477771798064694053e-01
5.368778272018714048e+00
6.595968029496091845e+00
1.835471956588627052e+00
6.313752445929221579e+00
-6.913102934631067953e-01
1.875035688820783086e+00
2.854314101834598105e+00
3.966612407209506586e-01
3.976502363130707707e+00
6.015490499843863859e+00
9.076714513373467241e-01
4.367560476726961127e+00
5.480053427829814083e+00
1.153685605446702844e+00
3.981093468515776834e+00
2.744390581510513627e+00
-1.341662836146703786e+00
-1.624900614653914221e+00
-2.727251993320613188e+00
1.683740605062821416e+00
-1.231732057786280699e+00
4.061808818943168475e+00
3.253545607490648806e+00
4.857716469066922116e+00
3.785689274414762551e+00
1.217752544797042091e+00
-6.686252518871693695e-02
7.453271995302625186e+00
4.296347820041921395e+00
5.320954308554922463e+00
3.785622612186125835e-01
6.228741258170465755e+00
-2.233169486625090627e-01
1.228650433809092668e+00
1.500655265170943942e+00
7.945622895451666778e+00
1.085077159564456828e+00
4.215487096155285940e-01
-6.448919853615837638e-01
1.684221756478778254e+00
4.290534947923957176e+00
-7.106076064494359912e-02
5.861512629732894553e+00
7.827329985839060811e+00
5.031929779248155654e+00
1.729998346815266430e+00
-2.554807548775371195e+00
4.862595965014731902e+00
-1.334527181698588194e-01
6.076706776040673219e+00
3.756648832381959124e+00
4.581590180043345839e+00
4.689096232849944812e+00
1.926885147196213843e+00
-7.954968738747680845e-03
4.008874085175976987e+00
1.751822129708261677e+00
4.003991146112417354e+00
-9.626682652018008213e-01
3.932857382946183478e+00
2.084479050705621006e-01
7.372357638597415885e+00
3.323230673148666270e+00
1.322075136709337961e+00
-5.884211338139921921e-01
-1.346542265890022350e+00
-1.914186419950827833e+00
-1.381532433675264571e+00
6.969680580566800288e+00
-1.786722480870345020e+00
6.971642080017668164e+00
5.194897602355293742e+00
6.296316840899240930e+00
5.297662797204788276e+00
3.143819530155784747e+00
2.175191352147002988e+00
4.041911436531947288e+00
-1.626678352812368278e+00
3.112994692784722517e+00
3.283872336660822455e+00
-1.331076436072002878e-01
1.732658036332493268e+00
4.155153934469474564e+00
3.113230896135972259e+00
2.225957965779269188e+00
4.481362432225406423e+00
1.004674352349065103e+00
5.515114963645508794e-01
3.261436576366621765e+00
-5.895143361254806535e-01
1.268518787098876111e+00
4.983037260289405523e+00
-1.261347423596513195e+00
6.184007814998189190e+00
5.903470943767898049e+00
3.805938250364162556e+00
6.137634862216525988e+00
8.576078071309634510e+00
4.027062331964268438e-01
3.947598361786683441e+00
6.038460008553801828e+00
2.643195113912701011e+00
4.020502200276194316e+00
2.855095216804383718e+00
5.956622143771681976e+00
5.987411469599638991e+00
3.499138439215311536e+00
-1.070649950329308986e+00
1.108800767258370179e+00
-1.872995248739829144e+00
5.575888548876051232e+00
-9.586440048780868750e-01
6.302302016359249137e+00
-5.428719041986518334e-01
-1.792119267245375624e-01
-3.027402469429882448e+00
-1.763899870711775897e+00
2.620904041290256892e+00
6.012943096175105140e+00
4.935670517371784527e+00
6.507740954512348353e+00
7.141624729906181912e+00
-4.204811260477923085e-01
-8.417080362779794100e-01
5.218506181682538880e+00
2.992602344281836579e+00
5.453858791046480192e+00
5.053082983690913466e+00
6.620668728972166406e+00
5.243463282553239679e+00
2.707077683823872150e+00
1.651594097115402171e+00
5.087819712667851491e+00
6.609626783430167407e+00
5.667039277346155757e+00
5.380603979049817909e+00
1.116671657748743662e+00
-1.851801072055470065e+00
3.379102915996114120e+00
-6.434010768641673650e-02
2.839591620055153420e+00
5.835221180266630725e+00
2.567758554903819324e+00
1.150974144596535353e+00
6.346088763494728724e+00
3.804725060847742313e+00
6.181117299696465395e+00
2.341057255436568951e+00
1.891020354213353905e+00
-6.441105736200443133e-01
2.776822579458603002e+00
-4.222615448611435340e-01
7.963455766126656954e+00
1.581442614271865388e+00
7.079412947358882491e+00
2.533166803677593393e-01
3.756118242275466201e+00
6.271765225628310958e+00
-1.580615008425266588e+00
-1.762278986378495116e+00
4.741693196326332682e+00
7.804723713564598597e+00
7.539192094128210897e-02
5.689933909224725639e+00
-3.105269826252788246e+00
4.170153459148746578e+00
-4.645057083071773008e-01
5.732452784012293634e+00
8.473563698829449820e+00
1.394558230997142267e+00
1.807388419970781257e-01
5.597042853597319123e+00
6.446359478852716762e+00
7.296648487521796511e+00
6.561099085939293474e+00
8.235981564074597472e+00
4.097984927719309667e+00
2.123939147471222810e+00
8.256985801715998718e+00
4.094731493203305206e+00
-8.618529815352342638e-01
2.934647818538884678e-01
5.354611830808089223e+00
7.721356823617940179e+00
1.737139031287793678e+00
-1.377125948737969896e+00
1.283927242323028572e+00
3.852094244991143057e+00
-9.875163460503024737e-01
6.204511739273291582e+00
-2.299597871400380189e+00
1.353547414440214425e+00
-4.730337485283389043e-01
2.849043086315475648e+00
-1.499000437874631775e+00
1.603621312212648142e+00
4.522990221886134421e+00
2.397648792025771414e+00
