8.564000000000000000e+03
6.268000000000000000e+03
3.200000000000000000e+02
6.519000000000000000e+03
3.192000000000000000e+03
5.569000000000000000e+03
5.075000000000000000e+03
3.042000000000000000e+03
1.162000000000000000e+04
4.645000000000000000e+03
1.262000000000000000e+03
1.985000000000000000e+03
2.710000000000000000e+02
1.797000000000000000e+03
2.610000000000000000e+03
3.440000000000000000e+03
1.112100000000000000e+04
5.517000000000000000e+03
2.822000000000000000e+03
1.342000000000000000e+03
1.112000000000000000e+03
1.198600000000000000e+04
1.129400000000000000e+04
1.136100000000000000e+04
1.190100000000000000e+04
1.195100000000000000e+04
6.490000000000000000e+02
1.163900000000000000e+04
2.407000000000000000e+03
1.207600000000000000e+04
1.165500000000000000e+04
0.000000000000000000e+00
1.135800000000000000e+04
1.165800000000000000e+04
1.171000000000000000e+04
3.393000000000000000e+03
1.074000000000000000e+03
2.191000000000000000e+03
1.359000000000000000e+03
6.901000000000000000e+03
2.004000000000000000e+03
6.728000000000000000e+03
2.440000000000000000e+03
5.052000000000000000e+03
1.187700000000000000e+04
6.090000000000000000e+03
1.189600000000000000e+04
4.943000000000000000e+03
5.096000000000000000e+03
2.127000000000000000e+03
0.000000000000000000e+00
5.218000000000000000e+03
1.441000000000000000e+03
1.477000000000000000e+03
1.371000000000000000e+03
2.260000000000000000e+03
6.518000000000000000e+03
3.678000000000000000e+03
1.197000000000000000e+03
1.190900000000000000e+04
1.194100000000000000e+04
3.336000000000000000e+03
3.430000000000000000e+02
6.800000000000000000e+02
1.906000000000000000e+03
6.280000000000000000e+02
1.088000000000000000e+03
8.270000000000000000e+02
7.371000000000000000e+03
6.372000000000000000e+03
4.431000000000000000e+03
4.963000000000000000e+03
4.036000000000000000e+03
9.030000000000000000e+02
6.981000000000000000e+03
1.660000000000000000e+03
2.150000000000000000e+03
1.113000000000000000e+04
7.725000000000000000e+03
1.136100000000000000e+04
1.155900000000000000e+04
2.997000000000000000e+03
3.350000000000000000e+02
4.358000000000000000e+03
4.353000000000000000e+03
7.360000000000000000e+02
4.535000000000000000e+03
1.176800000000000000e+04
2.480000000000000000e+02
1.240600000000000000e+04
8.475000000000000000e+03
4.016000000000000000e+03
8.381000000000000000e+03
4.712000000000000000e+03
2.181000000000000000e+03
3.419000000000000000e+03
3.040000000000000000e+02
1.245100000000000000e+04
4.556000000000000000e+03
3.932000000000000000e+03
