-4.469270251859276399e-01
-5.728230179565132474e-01
-2.001805871519646285e+00
2.180542665696955318e+00
-4.566384631398312521e-01
-2.310638151144063901e+00
-4.810159614053368671e-01
-5.187426316024232875e-01
-6.851676871770333577e-01
8.692377406990843269e-01
-1.245293850126600876e+00
6.736244776788637978e-01
1.659303667802205950e+00
-3.314239821350177806e-01
-1.240409422868139266e+00
-2.553781684022373710e-01
1.620346587421050977e+00
1.134767465219891136e+00
1.121463891971590243e-01
1.558808721420335885e+00
-3.123093110137187267e-02
3.726965825158572443e-01
-7.977015276802283950e-01
-1.084900718011365228e+00
-1.894147097307009808e+00
-1.264297653785281028e+00
-1.329796141572430646e+00
-7.849299091404517981e-01
-2.235138790431803635e+00
1.530664838754345780e+00
1.633208474371565799e+00
-1.618197802541335939e+00
-1.225238677959048950e+00
9.608702628083225505e-01
5.344556519377441361e-01
7.201129675810236108e-01
3.474138709744787334e-01
1.081191065258479078e+00
1.409078653185595442e+00
-1.451807060933739457e+00
7.260798277362576769e-01
-1.581282796526274126e+00
1.535117751740711078e+00
3.384425191468443117e-01
8.877135503645412484e-01
1.617908167321812307e+00
2.601684727608600589e+00
1.181462731685584799e+00
-1.764797108232461831e+00
-3.553880916752110153e-01
2.231370765910156706e-01
-1.388650596105835078e+00
-1.903614664363804110e-01
-1.293441683751796134e+00
3.528180388241555221e-01
-1.462266290241878153e+00
-7.035141577446735184e-01
-2.467830836172335118e+00
-1.938999306961204816e+00
1.303827702904749586e+00
1.343618488231003383e+00
1.163000302484878290e+00
6.183034912626439450e-01
-1.061194878493656457e+00
9.689224802917077994e-01
1.586708808919659930e+00
1.111514721687233198e+00
-3.746176376141114872e-01
-3.875291986091786711e-01
8.274921783585682533e-01
-1.528970823400904067e+00
7.942256577732464962e-01
-5.197599433719499729e-01
3.683337913128887919e-01
7.852554868292127566e-01
-1.566242406410143229e+00
2.180752475817521407e+00
-1.944303347392476233e+00
-1.067637333508053565e+00
-4.774664981551968168e-02
-2.026092674257911064e+00
-3.144661492270373060e-02
-3.700848037734809637e-01
2.588022716405776080e+00
1.543060513114458132e-01
2.051389792673628421e+00
-2.437728725170591915e+00
-8.814628025624839935e-01
1.406255676302929913e-01
-1.211542624903789722e+00
1.741846048298114624e+00
-1.646062393738063623e+00
-5.629245878433906114e-01
-2.035100524331274752e+00
1.817106648180974560e+00
-1.823432161137131580e+00
-2.812946673703438094e-01
6.179029099554211868e-01
6.495101973080785740e-03
-1.166130456638354573e+00
9.015175233082217687e-01
1.930564035220427854e-02
1.333010836126691245e+00
1.367679127566488795e+00
1.996572558951270615e+00
1.964912162173826360e-01
-2.258946450412300688e+00
2.663443829645899541e-01
9.544248074115717628e-01
6.872089675956498667e-01
-2.261384533299432675e+00
-5.855122286408755983e-01
1.027579358768701212e+00
1.328112935138133111e+00
6.877589149881782049e-01
2.284496589169185299e+00
-2.126568626637635795e+00
7.384994328567584532e-01
1.303329992985975849e+00
1.069848870667204466e+00
1.915807058660696782e-01
-1.168148458084128816e+00
-2.161460793115637546e+00
-1.568633442318065896e+00
-1.517390533138076592e-01
-1.078124664835445223e+00
-2.038163728394983387e+00
-2.088065801357659179e+00
1.127382312792448715e-01
-2.549372268924201990e+00
1.282179547106806261e+00
2.079965736497308093e+00
3.466269612534578215e-02
2.539558543975548588e+00
-1.992843365571093983e+00
-2.053101681212808671e+00
2.152634448722672289e+00
-8.456372367453912631e-01
-1.529062047146853676e+00
-1.125633198611751595e+00
1.532904993697725260e+00
-1.248367829814775121e+00
2.386376852201411936e+00
-5.688824250714352715e-01
-7.852221297704584657e-01
6.734444003458968098e-01
-2.497838950135168545e+00
1.295905405383187770e+00
-2.473848574214931872e-01
8.685423954106390454e-01
-1.149361409512267951e+00
-7.515506335313038022e-02
3.555711660128189067e-01
-6.390832916767159588e-01
-2.075898106701780321e+00
-4.256093369364775114e-01
1.500177505835065261e-02
2.464212231481353044e-01
-3.631132780206982602e-01
5.025557030182703500e-03
1.427444745357108857e+00
-8.497354329481527913e-01
6.860993959891086291e-01
2.051958204301884692e+00
-3.599410410366097324e-01
1.019281408337825212e+00
4.515344005482475609e-01
-1.581804332030768201e+00
-2.427062703988273284e+00
-1.301583427427027928e+00
-2.819945276927491307e-01
-9.356184673385623540e-01
-1.319465688518385527e+00
1.158138362615391159e+00
-2.085183785213118313e-02
-1.440634700653914635e+00
9.163129781115237904e-01
-2.130005772817395560e+00
7.899016813928732006e-01
-1.038416464081852730e+00
-2.434820964618777950e-01
1.083213603479120657e+00
1.436063405531674775e+00
9.561149419898882229e-01
8.250060499145561721e-02
4.910090337518173698e-01
-1.661096231001718770e+00
-7.390298134291306553e-02
3.722684722361089271e-01
-5.853506659547669244e-02
2.161538947542737787e+00
2.091762812629220036e+00
6.876525803988897678e-02
8.404012010235302199e-01
1.912617700971388501e-01
1.671093498848327030e+00
-3.637151863562362308e-01
-1.613272708361461749e+00
2.303741677551897737e+00
8.154540824608380589e-01
1.156689269896218342e+00
-1.368775118984075334e+00
1.817044035276786040e+00
7.382501417926325971e-01
2.376979906402832299e+00
-1.574586567838466067e+00
-1.333105646945156320e+00
5.774167725984540311e-01
1.283226725674194491e+00
2.387436878988726363e+00
1.993284608217727794e+00
1.231831150444351763e+00
-1.802735163067151092e+00
1.207190372997215988e+00
-8.335010260847308672e-02
-1.118608508190273465e+00
-1.676404935945892127e+00
-5.005225074527892559e-01
1.357143471238000387e+00
9.619415965377697830e-01
2.526636513307787268e-01
4.687253190971816252e-01
-2.284267010460204084e+00
1.394924719946484259e-01
-5.359746345443996418e-01
1.244094484093838382e+00
1.004436742080430101e+00
1.179641702649746549e+00
9.201381353121362849e-01
-7.977011190835394672e-01
-1.196312819457525656e+00
-2.112594283342274615e+00
1.981185867124032995e+00
-1.600199652752098967e+00
-1.196980074431817087e-01
-1.829712064925375081e+00
-3.315686216526714247e-02
-1.744720281860900890e+00
-8.419642703711183174e-02
-9.104080154093354693e-01
8.696732845324071093e-01
-4.892385658233173729e-01
1.186999996330690088e+00
-8.170995140885661812e-01
-4.498553759462584622e-01
-1.609702816880813625e+00
4.480256037042256168e-01
6.288718716997765412e-01
2.260753235444226128e+00
2.423776103943366955e+00
8.684186556694575287e-01
-6.361613682989144536e-01
2.435322167357112377e-01
1.600303000484046834e+00
-1.836915430096751400e+00
-1.592361815175324935e+00
1.340892481432441663e+00
-2.222811215650253303e-01
1.375914656032195538e-01
2.537784352931931053e+00
-4.587011305997066302e-01
-4.398567547970264613e-01
-1.938733959042228783e+00
1.692215587061799198e+00
1.372635244015429912e+00
1.934945926589923815e+00
-2.171418064209358789e+00
-1.346647879876716747e+00
3.256437209612350614e-01
1.136716192735631736e-01
-1.441105907010971521e+00
4.459185408863417521e-01
1.092938441539660133e+00
-6.226933175308237978e-01
9.298340150826955863e-01
-2.454627511238420823e-01
-2.254463347061673950e+00
-7.676954143121275109e-01
1.899356263568293457e+00
9.618422301405962216e-01
-7.613551067623074431e-01
4.717265198436226825e-01
-2.207023353486661232e+00
-1.482696807894363644e-01
1.130799130366194838e+00
1.099676534673204031e-01
1.932179782625223829e+00
-8.696190435573338817e-01
-2.422749240972625895e+00
3.866970487640761789e-01
2.035774410107173971e+00
2.149172809579377841e+00
-5.228032136209304070e-01
1.195132147657080424e+00
-1.261975865612081638e+00
-1.388529214597360451e-01
8.766675620606481090e-01
1.703120107973285613e+00
6.889538978740450403e-01
-1.312028682343684860e+00
-2.572821868307961779e-02
-2.039651830514339181e+00
6.444977120348163169e-01
2.000824385052695220e+00
1.401683587490021310e-01
5.777441316069564792e-01
-1.436014577573510032e+00
7.619342179199328768e-02
2.119357138991679435e+00
8.783688223001764328e-01
1.071483917464365554e+00
-7.606370388045480269e-01
-1.698246438357911003e+00
2.335563939285570711e+00
1.759451501429230902e+00
-8.560600325249030362e-01
5.708785877989264179e-01
3.219412772142220547e-01
-8.532047525123420684e-01
-2.576078682355571026e+00
5.736222976455707112e-04
-2.101910237595481235e-01
1.144056239733027169e+00
4.362170557839437635e-01
-2.669767959648803313e-01
8.715339831594270947e-02
1.534165700266222565e+00
9.267024439029079019e-01
-5.366061438962423935e-01
1.082932987414785941e+00
3.831075415419684660e-01
-2.065604181336282430e+00
-9.404356724500528841e-01
2.081743768699140240e+00
3.389161762734431704e-01
-3.824143411258349445e-01
-2.062663755113422148e+00
4.092025549755433644e-01
5.063059893179655546e-01
1.528755587753512835e+00
9.361445799844219096e-01
-1.728985307002373073e+00
9.360370047502541979e-02
1.331177608951218616e+00
-6.840821026339325428e-01
-2.567992152882341284e+00
2.553767918222096256e-01
-3.673594556243777731e-01
1.594680775770479286e+00
-1.487568688889498780e+00
2.039977050045449047e+00
-1.180540877841902869e+00
2.379224549113518883e+00
-1.376672120147262923e+00
1.418900250211219571e+00
-1.359833450548997735e+00
9.577863704249542920e-01
4.266788934521583698e-01
-8.875223364601367848e-01
-7.115382386138087156e-01
1.134554906003273800e+00
-1.636945174766796463e+00
1.044353480988677418e+00
1.132365942441708739e+00
-1.800186577856134562e+00
-2.130275316479834924e+00
-1.581481657086975190e+00
-1.249481171959343495e+00
9.348960214470833918e-01
-1.227691871167663873e+00
-1.624641415692442692e+00
-6.896608201400624694e-01
-7.455146650034203404e-01
1.985616236418152880e-01
7.763372910132124716e-01
1.075524350152163855e+00
1.345504719576380737e+00
-1.192040432937719885e+00
-5.499985568703120720e-01
-1.696439191175300287e+00
2.192968915067314839e-01
-1.235875157505797350e+00
3.198389193464610258e-01
7.278933196563519559e-01
5.173899448941501333e-01
-4.089007092816725475e-01
-5.647461461300293806e-01
2.178741265203272270e+00
-1.456808080696629482e+00
2.244605085595836158e+00
-1.423383078160717741e+00
-5.149269616306675346e-01
1.556240231912474847e+00
-1.909567003316163802e+00
-2.210632212434378019e+00
4.713598142930850443e-01
-5.910480521963785705e-01
-4.797404761613623947e-01
-4.169933840926933755e-01
-1.018927147397619137e-02
3.782212618265727855e-01
1.860280681235924050e+00
-4.227330405573965777e-01
-5.899008182129339417e-01
-1.610545433892606404e+00
-1.481835491883522593e+00
1.941997643305660937e+00
8.180966391404353999e-01
1.175680228695087592e+00
1.092007295852100768e+00
-1.085693660896722701e+00
9.496753918415832274e-01
-1.578856911807386521e+00
-1.063822821962094878e-01
1.008773348541201820e+00
-2.495793250355298198e-01
-1.259842443259955314e+00
-9.024750067874895976e-01
1.287810154834135190e+00
-1.313996020160904443e+00
-2.130749076987901169e+00
7.779265549977711913e-01
-1.858233767815530957e+00
7.405128770881530542e-01
-1.789006296272432905e-01
-1.469694910779884012e+00
-1.088227073637775266e+00
1.385129087060430919e+00
-1.473016861925508181e+00
9.398339521660448170e-01
7.557957024913832811e-01
1.038959345285346281e+00
1.123757734361681138e+00
-1.031625944018903507e+00
4.506775636762618831e-01
9.069873844711473510e-01
6.265929350683272503e-01
3.370157159777349420e-01
-2.091459238035970003e+00
9.296461052248936596e-01
-2.397363570165591984e+00
-5.102093933107276769e-02
9.938922734636959078e-01
-1.038092730011239695e+00
1.461151061989025557e+00
1.494093192178578278e+00
9.177394460608301330e-01
-5.463105270734578411e-01
8.803427928211782216e-01
-2.295395098627004415e-01
-1.630814135392908426e-01
2.050475337058075276e+00
7.655769404178194293e-01
-3.503645449290262448e-01
-4.988707960633149696e-01
1.619282383511966295e+00
-6.354893880842933385e-01
9.031217143069678599e-01
-1.360799708616493575e-01
-1.204977633288449645e+00
-1.981167063637937709e+00
2.755984151504140556e-01
-1.289619233929198749e+00
-5.534773892077522461e-01
-8.961533959904199875e-01
1.341602307078738399e+00
-5.077004153689061994e-01
1.053171938132137164e+00
6.876946072485612405e-01
-9.786003622445278438e-01
-1.083544695248242817e+00
8.483042855686413475e-01
8.798601306805355904e-01
3.450050275387530618e-01
1.309098343888540406e+00
-2.157533454249970006e+00
6.976182518413267530e-01
1.134453101681016207e+00
-1.631862936378737139e+00
-1.432545937473941322e-01
2.360882884810493465e-01
-1.187158810211492721e+00
1.257467048572287638e+00
-2.477336869870567782e-01
5.077234660810381328e-01
-6.599904828894134212e-01
1.708319403552315485e+00
2.163522187647401118e+00
-4.823100779870355126e-01
-1.361881373891944413e+00
1.891885938116701915e+00
5.553662729386630303e-01
9.588398675637721524e-01
-2.012171234518691509e+00
-1.670598325393708006e+00
8.998424611384683303e-01
9.197247251602753693e-01
4.288439977425522187e-01
2.233545185912362285e-01
-3.611353251884272808e-01
-1.462191343664692056e+00
7.336345795937084802e-01
-2.357911863961881238e-01
1.617725477343343599e-01
-2.019422608662178931e+00
1.935842767702645517e+00
-1.982768841726771925e+00
1.404463589991000738e+00
-2.291103103797735407e+00
2.117373076376388497e+00
1.124753006698391289e-01
8.220506850523969788e-01
-8.601740289407677764e-01
-1.217951833345049639e+00
5.501737499591294878e-01
1.582342737363008567e+00
2.148095854886733491e-01
-1.279684105700753083e+00
-5.233227016726234027e-01
1.099610895631016660e+00
2.777907011600220244e-01
1.866473100584311595e-01
-1.795259618032899240e+00
2.442653234032503562e+00
-1.739155228825887800e+00
-2.274345535172834332e+00
2.163392080143918150e+00
-7.826258353041213311e-01
-2.805712355574954131e-01
-2.335989265050532282e+00
2.685704906675567827e-01
-5.173555702031871206e-01
-1.741304337753994957e-01
1.469837993265199927e+00
-3.634806901763898423e-02
-7.834141455338237137e-01
1.295220593636720707e+00
9.585906315359675745e-01
1.811864411949689391e+00
-3.993980540188202255e-01
-3.352850555194910598e-01
4.708218653335407566e-01
-8.554678985200681041e-01
2.081000290739121183e-01
5.933859402357963830e-01
1.589064098933725688e+00
1.337916846533553361e+00
1.409631705384715161e+00
1.008683696961973020e+00
-1.394419115177885971e+00
6.821428929651123241e-01
-1.089943712968713285e+00
1.923525352349645168e+00
2.254460545244190151e+00
-7.843794852472054657e-01
1.837481798882292239e-01
-1.881722769615781221e+00
8.583818230223094758e-02
-2.404258157501224957e+00
-2.811391390720094918e-01
1.186976843816194283e+00
2.385748272524772062e+00
1.135216974933836553e+00
1.070454630450480948e+00
1.641625677301705721e-01
1.356659036300305488e+00
-2.130099712692909986e+00
-1.272628297817814058e+00
-2.469499184370929523e+00
-1.357474359940253894e+00
6.765946402554803285e-01
1.252148501863789676e+00
1.260228944663617234e+00
-1.773783976941414320e+00
-1.629446401715721748e+00
6.998575272662961311e-01
-8.206360492668505202e-01
-2.711277723909057968e-01
-8.471249201502812909e-01
1.770075055609485304e+00
5.822196474982170855e-01
1.217544673699656244e+00
-1.708959862460783796e-01
-1.225031819436954272e+00
-9.582371585008520043e-01
7.619158442816518217e-01
-1.415376652307616112e+00
-8.606053638216746293e-01
-1.677992848443076390e+00
9.507363733135134609e-01
-1.004692916707892181e-01
2.311631909511058680e+00
2.165725558044684362e-02
-1.226546734826213125e+00
-2.338073791593444639e-01
1.321823933224299807e-01
3.356077705201174766e-01
8.469702341933231793e-01
-1.426217310200444288e+00
1.430259003005946994e+00
-4.402801087257977031e-01
2.027645559890382643e+00
1.450552961968879728e+00
-1.818416998231848769e+00
2.473107648628802835e-01
-4.369814963825726650e-01
-2.549766676105674534e+00
1.060355015635909837e+00
-4.864439253459060808e-01
1.375617341240420899e+00
-4.760084094265337740e-02
4.627221728408859036e-01
-2.395882682212673753e+00
9.992367979316867377e-01
-9.419156361428262514e-01
-3.277388560872811496e-01
-1.881232573980798684e+00
1.937636799259959020e+00
1.270939607871047983e+00
1.192393123425155466e+00
8.782331960867351128e-01
2.233342635269634613e+00
5.626637640035561105e-01
-8.594945325492187038e-02
1.635460682267533272e-01
8.572535951249813380e-01
-2.164727818255895997e-01
1.273956296907359231e+00
1.399580377244060259e+00
-1.687263069447573205e+00
1.201181066535857767e+00
2.292443650373123809e+00
-6.537405980482287049e-01
-1.099280017179556257e+00
-1.744295253641250376e+00
1.075872052174439375e+00
-1.460898682751246014e-01
2.261373210631587582e-01
2.470927296427309017e+00
3.400102001671037044e-01
-8.003726925982537210e-01
-1.816021939972548793e+00
-4.685331960002230289e-01
-8.089560154433428352e-02
-2.326392896863676896e+00
1.662472657268948772e+00
5.172078510421460606e-01
-5.340582708018732916e-01
1.047561349206331371e+00
-1.005335739419539021e+00
-2.176136955116279914e+00
-6.981534107647204834e-01
2.346621249935130216e+00
2.608076189047789484e+00
-5.437140855213016266e-01
2.512003148949162323e-01
7.489964445339296617e-01
-7.261233723358362369e-01
1.858456152411499751e+00
5.606201575577598462e-01
3.970690267685945685e-01
5.850451931509841330e-01
-5.603710119637481668e-01
-5.803991713123863860e-01
6.181095720486116107e-01
-1.118183497216261202e+00
7.943148229000325244e-01
1.089525418647178334e+00
9.525948607118390754e-01
-1.855815100512209881e+00
1.741956390032051161e-01
1.438521620242198651e+00
2.373174571120171272e+00
-1.787665052048583725e+00
-9.960690109729330999e-01
1.157506796430710416e+00
1.836323076552250022e+00
7.105215882904083458e-01
-9.937541864194336938e-01
6.319246281727330938e-01
-3.643575192913601768e-01
-1.843556649338618847e+00
1.226631480515042227e+00
-8.969457168546242087e-01
-1.736056491498802590e+00
-2.133891122792349826e+00
3.917198365910756763e-02
-2.959465488990726811e-01
-6.702927734346220134e-01
-9.065151029114915104e-02
1.628872709166194532e+00
1.264248439038546223e+00
-5.225047259684716394e-01
1.386849756217619856e+00
1.642754844798542280e+00
2.153213613204286503e+00
2.716349885705913181e-01
1.656355818485089060e+00
2.657396390609019221e-01
1.288646547758096617e+00
-1.729190278030261485e+00
1.225225415156188546e+00
1.109285502297606918e+00
1.294740941554819003e+00
1.523972436277370335e+00
4.827369830841679033e-01
-5.979693898784521622e-02
1.412065934954505053e+00
1.501331623115119029e+00
-1.120372642349981795e+00
2.121296782844162010e+00
-4.560417294261647214e-01
3.784928222080345961e-01
-1.702300256096432207e+00
-1.507939423350698860e+00
-4.080227596348002805e-01
-1.444999738016295332e+00
2.528962708753541122e+00
1.499869576043728614e-01
-1.563513379147662086e+00
-2.580950364529854379e+00
-4.364101018940491628e-02
-4.144328979264857438e-01
-2.482282661093488940e-01
3.496611012002590613e-01
-2.211038810598620064e+00
7.756170478042090366e-02
-2.122012669471530444e+00
1.335131255233696024e+00
-1.641404311628379631e+00
2.321205796325678250e-01
-1.404441094925514832e-01
-1.392436308473288253e+00
1.177681721362480616e+00
-2.043120991139455445e+00
-5.400890821020354338e-03
-1.837047863361764843e+00
1.006087271050758680e+00
-9.165332794158569385e-01
2.269106798162372485e+00
-7.330332568615016697e-02
1.012412858853975806e+00
-7.182866994542767003e-01
-1.694261201085991431e-01
6.867199114750519584e-01
-6.427493287239354203e-01
-1.125907529346315883e+00
1.260855082995986365e+00
-1.088825854448463915e+00
9.790525120251025726e-01
-1.014985641078512302e+00
5.664695421602292669e-01
-4.341405620018532474e-01
7.027009260139163160e-01
5.662164414786374778e-01
1.320891797732297590e-01
-1.015406644001214609e+00
8.879649158017244304e-02
-1.229316182696784665e-01
6.969429624770899778e-01
1.028175666409261169e-01
-6.471447494537834189e-01
8.857558276960331156e-01
1.629326958160197236e+00
-1.554541089770837825e+00
-1.365845953476896746e+00
-5.144734043392205081e-01
1.994768295578452921e-02
-3.693986830575539670e-01
3.842915481678659262e-01
-2.054823671260528783e+00
-1.981689700445268265e+00
-1.546693079578203900e+00
-6.279099618461838617e-01
1.656798321915506911e+00
5.325949550738720006e-01
-2.961888890552781817e-01
-3.186674393135309202e-01
9.998163945261575591e-01
-1.617234052511406617e+00
-1.503829097023480443e+00
-1.405560150429541633e+00
1.887927966420230419e+00
1.882723417247015973e+00
1.048004881700896007e+00
-5.839392369750058265e-01
6.645163253356418664e-01
-5.179430858513756064e-01
-1.938598121510179517e+00
1.612190335461137991e+00
2.191121816645795306e+00
3.268735125154957899e-01
8.201772344762652267e-01
1.410945316747618250e-01
-8.041380388536758517e-01
1.120911970681579106e+00
-2.799648808793335775e-01
1.698739942475125275e+00
6.701678244096829218e-01
1.409035058075842173e+00
2.409281658633553036e+00
1.915879573335482533e+00
-1.724172001705943646e+00
-2.132518264615540282e+00
-1.284158501588535284e+00
3.821634726845077878e-01
1.079892159671014262e+00
1.842625930297988823e+00
-2.859318923471576568e-02
1.501607092349726891e+00
-1.585705254243932050e+00
-5.677483531189384536e-01
-2.332325743844938515e-01
1.282129945065333843e+00
-1.164964464063702465e-01
1.176166245510206210e+00
2.071882126763485488e+00
2.239283513552514648e-01
6.978296612142109723e-03
-1.425506693433975514e+00
1.136070221443724826e+00
-1.034283308570574267e+00
-4.977070844407709416e-01
1.041653141997869625e+00
1.724786617944930711e+00
-1.591032588030802941e+00
1.665451115672409443e-01
-8.076125651570809083e-01
1.050938533331593483e+00
2.140863544467332957e+00
1.128495088786531042e+00
-1.831763917730955260e+00
-1.097510827955665569e+00
1.798400522795411405e-01
2.248634703141210167e-01
2.255833472466733269e+00
3.567225445865007671e-01
1.293065501294327291e+00
-1.065478168369482503e-01
-1.592736851747469373e+00
-8.895133522661549108e-01
2.022353654788760835e+00
-1.708742391570547525e+00
1.911191358626668446e+00
-1.631618612934447654e+00
-1.001496299614291985e+00
-2.378198703686729143e+00
2.030079341964937001e+00
-5.880387632999903857e-01
-1.481546116399915292e+00
1.372808624601278282e+00
1.001947369235232088e+00
-1.274986441900215262e+00
-1.249869073846459955e+00
-4.113256738618682462e-01
-3.561823755537893987e-01
-1.300265151874278047e-01
8.531823404855831683e-01
-6.572420148929785100e-01
-6.330006107623535883e-01
-1.034210236545853867e+00
-6.530760191520528224e-01
-6.327979233806138026e-01
-3.683820353319733343e-01
6.770262711362846630e-01
8.819849435534496962e-01
-1.719874909038943134e+00
1.429031666228511632e+00
-1.504784561412772614e+00
1.580532659393639960e+00
5.666102994634414358e-01
-2.682809234809280241e-01
1.731971996881186193e+00
-5.265510935970842965e-01
-1.937206507830962821e+00
1.400470984687924414e+00
1.942393032568228151e+00
-1.717595005920289353e-01
2.188570980347234851e+00
1.411523282342407093e+00
9.304447845052781219e-01
-2.522008834646802811e-01
-1.192027247915428134e+00
1.184513696544655659e-01
-1.823238629400754096e+00
5.761799908403109072e-02
-2.045911334052062713e+00
-2.339311383282850265e+00
9.566823900303944583e-01
-4.405405389050445208e-01
-1.497376655370212806e+00
8.343032043456464208e-01
-1.060182173017220286e+00
-1.806060012389343328e-01
-2.461343973642954097e+00
1.863811773996896903e+00
-2.247574941611680810e+00
1.560542693470705622e+00
5.189846368083737005e-01
1.930607852203333863e+00
1.584959912409638072e+00
6.894538626792812153e-02
1.259780129573321084e+00
-1.846330127865587034e+00
-1.476737406310192569e+00
-1.927640695191437104e-01
-8.939355630469769665e-01
-5.644010951229017081e-02
2.976267249949966498e-01
-1.995207176231347468e+00
8.341140843909347069e-01
-1.792890726874931229e+00
6.984220778112204542e-01
1.938884007457614800e+00
-1.345760937889384223e-02
1.121002920975429085e+00
-5.718502310535544808e-02
2.176136313899409203e+00
1.958159403339895022e+00
-7.834684797718187710e-01
1.870946234076697579e+00
2.617866915418294305e+00
1.885962997161721333e+00
-9.711001471552860309e-01
-1.326487425889363969e+00
-1.072631041306655764e+00
8.611352964360587947e-01
-2.573726129350854208e+00
-1.156165148187664471e-01
1.638398174894225789e+00
-6.692144842066038990e-01
2.120606472355502703e+00
-2.320859682694508486e+00
7.625744889468188958e-01
-1.437803853510030372e+00
-1.371539071135199350e-01
-2.172748935833990203e-02
1.708653998886337178e+00
-1.602409107218655038e+00
1.743652756020310335e+00
1.811731765898455748e+00
-1.236938330198020797e+00
-7.174573553604952636e-01
1.695046415572589282e+00
-1.729712897954280848e-01
1.322005449659382492e-01
-1.187471089589472228e+00
1.914636745757163361e+00
2.523001233354591477e-01
-2.258988820555070109e+00
8.475148656721911422e-01
-4.638737143400781804e-01
-8.373738852481826811e-01
6.380565679025282932e-01
1.547477041941252018e+00
2.998800432328554422e-01
3.733702734376889154e-01
2.005199794356260057e+00
2.257603709531332825e-01
2.201475336041685438e+00
1.841840086804477750e+00
5.567240096298196050e-01
-2.008356643476151504e+00
1.805534204795783637e+00
7.862719280344157013e-01
-1.420323275178754230e-01
8.904048940896718278e-01
9.339608215608841135e-01
-2.060138046780789267e+00
-1.399045440909096882e+00
1.468574784692404656e+00
-4.213793362434907763e-01
-6.983047152927515100e-01
3.544454903442399996e-01
1.271384597942761374e+00
8.749947848405508211e-01
1.971536966505494703e+00
1.165524923887769404e+00
7.233090823718058004e-01
-1.702806774872011708e+00
-9.793811042957702995e-01
1.060269012508115338e+00
-9.381706493036823247e-02
-8.318381816941569085e-01
1.004817616411379788e-02
1.635469031375665239e+00
1.773413673831082171e+00
-8.355184317635879765e-01
3.015274559755889427e-01
-1.817277086185341339e+00
1.536572779350413143e+00
1.670999502962240868e+00
-1.735068926621279317e+00
-1.308122297743063100e+00
1.209188568007235176e+00
5.907303670063059897e-01
-1.254031234099999281e+00
-3.076559304907782177e-01
-1.469677148678574241e+00
-1.591925473801594659e+00
-1.541181862232207322e+00
2.843742461474807470e-02
-1.968613872365058803e+00
-5.304928547032181640e-01
-2.227197956100255283e-01
1.313373751330213501e+00
1.631184461956589615e-01
1.183437852394471079e+00
-1.006606292928582391e-01
-6.575435503432753848e-01
-2.150935545822558748e+00
1.669017735276305814e+00
-1.091485848572963491e+00
-9.901672897904898463e-01
-2.643751309410200534e-01
-3.387551235575978481e-01
-1.716887346240688395e+00
8.934848078010055872e-01
9.946965310249211711e-01
1.510692326247955464e+00
-7.692478214730318342e-01
-7.988279017541239924e-01
-1.802973600528167353e+00
1.370769781394884923e+00
-6.622835274890981339e-02
-7.472225957375489003e-01
1.748446164976439121e+00
8.039125866752172556e-02
1.291612840426255460e+00
2.699944712224766619e-02
-3.017169691977352741e-01
-1.681947960933349862e+00
1.077365678319082143e+00
8.318963525423228589e-02
1.061882112635883502e+00
7.707811215991311471e-01
-6.574600419317278011e-02
2.038311283267713492e+00
-1.328024528277425009e+00
-1.208855682155262734e+00
-1.565622114965842471e+00
-1.991894906660878206e-01
-2.870904345672720126e-03
-4.894909450673647910e-01
3.009062167207785521e-01
-2.444037280552623592e+00
1.977252002125692520e+00
4.582291441004704424e-01
-3.933370935630167153e-01
6.676859924899236631e-01
1.154401528685168543e+00
-6.901104614932860315e-01
1.208400334351108718e+00
-2.164068482867321119e+00
1.424878824489796969e-01
-1.665438259367930218e+00
1.480174230486046127e+00
1.591771358226861999e+00
-1.170081039020923086e+00
-1.354336291883442289e+00
-1.912579453511109584e+00
8.222703896750980235e-01
-6.480224902963724887e-01
4.759395849813632395e-01
-2.165218191784816781e-01
1.671052429668620221e+00
-3.407703310564214050e-01
1.773539512767828619e+00
2.377075857949600746e+00
1.166781825937218464e+00
-1.487176795992315448e-01
-8.699055230235153147e-02
-2.553589615320792205e+00
1.152139803476462276e+00
1.766786201569789938e-01
4.838817140214013435e-01
1.316551075492062850e+00
-1.095380438063368267e+00
-1.487863016241188330e+00
1.539640461313139141e+00
2.290434910107022048e+00
-7.725066474394290950e-01
-1.620677884357841769e+00
3.291654439526157105e-01
6.966046993380405894e-01
-7.991089330075311636e-01
1.014812186596048882e+00
1.758033244625885949e+00
-1.886016406678699298e+00
-2.554222479778971433e-01
-1.377517956625880835e+00
-4.743076880576886367e-01
2.462665657558176235e-01
1.975743776598418933e+00
8.961343700758277464e-01
-1.859050688211246971e+00
2.403648367171768108e+00
4.281943073485585671e-01
3.413232833340540395e-01
-1.155003003479025736e+00
5.779943937222924433e-01
-1.133898819508446287e+00
1.430531365921163811e+00
-3.223947068293098184e-01
-5.201633737427151516e-01
3.475315414977497852e-02
-1.326646132960718205e-02
-1.153443468923177839e+00
3.010544035576447897e-01
1.298585314330706453e+00
1.794618436333643707e+00
-7.198711806716175943e-01
-3.223378262272920125e-01
-1.023619742371336017e+00
-4.342057113574160354e-01
7.717836236051471843e-01
-2.567976200371884676e+00
-2.054137933718038767e+00
1.037645621646774430e+00
3.383787738371264453e-01
-1.437646935740479748e-01
7.686985677441651177e-01
6.383715978617328091e-01
-2.029476144574368313e+00
-2.610363739990648302e+00
-2.188523310790027487e+00
1.555921405800388513e+00
-9.921995756950430234e-01
-2.105485862681185871e+00
-1.430345001846073938e+00
-1.311128346007821577e-01
-2.477187176210493558e+00
-8.962165155974766151e-01
-1.662812122234709200e+00
-3.210335114060658412e-02
-1.945744291423082473e+00
-6.147090300463347035e-01
2.560224260199629676e+00
-6.207930707431916773e-01
-7.213324993302325794e-01
8.095189281608838883e-01
4.529303737436389810e-01
-1.343658988928222442e-01
2.377204124392063633e+00
2.048686165017208793e+00
-1.157609256060614822e+00
-1.281623616814768774e+00
1.380905128506386248e+00
-2.375792754820822417e+00
2.273482896351687543e+00
1.026013672843763658e+00
-1.831212675208057750e+00
2.314213448068423773e+00
2.536360537233228740e-01
1.042442318809689183e+00
-1.139952258258236650e+00
8.067465076570856652e-01
1.012271741281018933e+00
1.823206863579972747e+00
5.292694512414133357e-01
-4.090666010032135702e-01
-1.425434623045868321e+00
-9.447602721876506848e-01
-1.837865549490795836e+00
2.434421822153105097e+00
-8.460277365228483504e-01
1.230990998689708071e+00
1.076840166901106954e+00
2.700162148008624641e-01
1.337915789782321063e+00
1.715770264188755334e+00
-1.190149572432343206e+00
1.169083657103761276e+00
1.545632763989650549e+00
-5.946799424668061107e-01
1.164156639076452393e+00
2.743354463120830644e-01
-1.116374541568522893e+00
8.140091740043864377e-02
-4.882788111316092028e-01
-5.140105068201687999e-01
-5.551290031733771002e-01
-5.829983856023446265e-02
-1.547242164881170723e+00
1.842467255670525716e+00
3.690168431920941572e-01
1.560439688746868114e+00
1.266518503720456934e+00
-1.017563511285297650e-01
9.830514843385529389e-01
-2.850212583460960403e-01
5.001039907953330754e-01
6.471818469465695500e-01
-1.468917463112641819e+00
1.514002517530393277e+00
-4.035767093760700419e-02
-2.430360996389437922e+00
1.750654784611573866e+00
-7.848502523102016681e-01
1.989607607355559082e-01
-1.126466632390541456e+00
4.273058709679853351e-01
-1.417034888240099377e+00
-6.166243820202872428e-01
1.971262359157300637e+00
-1.409685425038666562e+00
-1.096776329220938706e+00
1.650934951467952772e-03
9.539118227360985358e-01
2.098121000050463536e+00
-2.016572838886143693e+00
1.609481967568333616e+00
-4.980837592473044140e-01
-1.257684501002108046e+00
-4.846225614242989366e-01
-2.187660640157886860e-01
-1.419507704009280502e+00
-6.167627603621035348e-01
1.877061696432107851e+00
-9.472402894455367317e-01
1.874215064755686555e+00
-9.718559099165000603e-01
1.959674074893533735e+00
5.671448738896689434e-01
-6.594153131325928285e-01
8.026600738866784823e-01
8.317253879846653319e-01
-7.986240796618417903e-01
1.688563332747676782e-01
9.824347160749802299e-01
2.255364767249028901e+00
9.974333704387667865e-01
-6.251479293118276104e-01
1.347041762895209160e+00
-7.352529575172903620e-01
1.397164644965794622e+00
2.467403698180756777e-01
1.296379574438310200e+00
-3.673044216376313287e-01
7.857635761013792575e-01
-3.644857959687728410e-01
-6.216770544910747986e-01
-8.928671358625983601e-01
7.234164487449437075e-01
1.586893983984581702e+00
-1.207838890053807290e-01
-3.713438465857006321e-01
-1.982700792871368023e+00
7.238664062540456356e-01
4.586075605890975737e-01
2.020969982398977294e+00
-1.612037991912056878e+00
6.202270424229201495e-01
-2.032361774417331013e+00
-7.175538548664457394e-01
-1.203548569656844425e+00
9.025303075609407699e-01
6.374077498603547554e-01
1.777109217204988489e+00
-4.356966871847962608e-01
6.028839191222470362e-01
1.683716257752292833e+00
-5.332760979591881778e-01
1.475861526798317946e+00
-7.288913966293604219e-01
-3.195327230413989028e-01
1.573914885697900168e+00
-3.011898740985916589e-01
-1.329209069373212149e+00
-5.260390861030694865e-01
-2.465074634135204779e+00
-9.541127126974400241e-01
-7.884797021229692504e-01
-2.466339390053899905e-01
1.758693865221311547e+00
-3.249476209930914905e-01
2.463693445470980237e-01
-1.302937272698180493e+00
1.793542842589418207e+00
3.950790597456759201e-01
1.343302576761562506e-01
-2.303361227274662859e+00
-8.599576429724278270e-01
-1.242218989488282688e+00
9.452182669443391916e-01
-1.700778700843841307e-04
-1.615937585227642526e+00
1.315211043702106508e+00
-1.423744979604989247e+00
-1.152569036762032262e+00
-8.430375798153821876e-01
-1.697223642643818753e+00
-1.104420060835433315e+00
8.093371349783531343e-01
-1.005833102246102229e+00
-1.197700239946960288e+00
-4.757839533887864292e-02
6.244415729909027490e-01
-1.384365953978487607e+00
1.253913351686582800e+00
5.788247085470565878e-02
2.380215315972293411e+00
-6.265911256221610159e-01
-1.119072125853958877e+00
-7.083420999180329858e-01
-2.171516252581309203e-01
-1.681978646533435207e+00
-3.254670826612500178e-01
-1.917063338453733223e+00
-3.354542453965327908e-01
2.432814402338942195e+00
5.918777024938624010e-01
-2.094334992644615312e-01
-6.663251193787846915e-01
-2.157354642277578005e+00
-7.065954483383762863e-03
1.870449329305371222e+00
1.360589645461037556e+00
-9.642820035151125069e-01
5.227543568847821120e-01
1.334062245935188074e-01
-1.613609665978863461e-01
1.740173154435666447e+00
7.386032895687204558e-01
1.826918745087012574e+00
4.789765186628001103e-01
-2.186573501220452798e+00
-9.911190873767043996e-01
-1.826573640089718786e+00
5.156528704610980895e-01
-5.423674536751672548e-01
-1.559211166900578593e+00
3.302094196028964035e-01
-2.155301673512012073e+00
-1.792914433078014458e+00
3.171615272839591881e-01
-1.059264086472513799e+00
-3.920688559911429394e-01
1.615531417290219096e-01
6.382918157787891289e-01
8.024217800850497184e-01
-1.167379882149381487e+00
-8.747690688855902508e-01
1.499525573803809131e+00
-1.848391232875949086e+00
-2.143775900207644192e+00
7.808216436790793580e-01
1.417099649066258849e+00
-1.252217676940739821e+00
5.461477177673152994e-01
2.318153816119769672e+00
-2.048874256047765741e-01
-2.070433255036582931e+00
-3.579747618701851763e-01
-2.031824559060151802e+00
-5.553947974436956869e-01
1.248531112247023067e+00
1.951100747760481369e+00
1.431402450901336110e+00
-2.464936568303760289e+00
-1.397637189822188652e+00
7.589962332701185588e-01
1.021233997873558508e-01
-2.357451764479167267e+00
-1.456353821154713124e+00
-1.282192603157186195e+00
1.302347576334554446e+00
-1.217559979173847839e+00
-1.694925816103715732e+00
7.028507322010781877e-01
-2.779257503183671929e-01
3.305040995288504035e-01
-6.999512323161649618e-01
-2.683355147104089511e-01
1.533420963683487237e+00
1.007195499384959447e+00
-6.011522368717292508e-01
-4.076694949261208123e-01
-1.451627271842231615e+00
2.034325935073550973e+00
-2.558050950098751386e-01
9.305948232226812777e-01
1.559048089358649136e+00
6.548937167915553914e-01
-1.711463326411338137e+00
-2.020320973461985581e+00
7.898984130107367108e-01
-6.842175996247519265e-01
-1.605456665088050627e+00
3.667793767977522990e-01
-9.833089844275315627e-01
-1.133250716976925254e+00
-1.070549183751405842e+00
1.449926355184214088e+00
-1.158313586280091290e+00
-1.577231833579269882e+00
-4.660266487944317859e-01
1.779857947388649997e+00
9.613307053393977952e-01
-3.447910671271614547e-01
1.257157979850903828e+00
-2.014533245655667493e+00
2.295244530968049368e+00
6.021769907826834967e-01
8.929649680522295796e-01
-4.921788592301012955e-02
-6.507056016670418330e-01
-2.285037203917577031e-01
-5.071111127448126865e-01
-1.314753261120195749e+00
2.445139419579964724e-01
-8.852209992771129521e-01
4.318564823143162812e-01
-1.737622219755338371e+00
-1.787761379224350744e+00
-1.240880770377639220e+00
9.200435464486993453e-01
9.726182765301070177e-01
5.631841810857913799e-01
-3.901464467475044273e-01
3.620989582756006797e-02
1.900988611096925851e+00
3.761091200150303848e-01
4.251594592967355979e-01
1.234196827010311637e+00
9.035903283709876277e-01
2.787944314439450011e-02
1.763248210483543410e+00
2.462185766679829690e+00
2.136569874906734334e+00
-1.656624245412621210e+00
-1.980518933854693575e+00
9.733772604910129189e-02
2.142152466355469187e+00
2.093218219265308377e+00
-7.802397248309675959e-01
-1.365791159712513192e+00
-2.319826143243358008e+00
2.119742558160007562e+00
1.774502904034420681e+00
-1.082013710560849162e+00
1.124186982531806933e+00
-2.653304788768844347e-01
2.017390861003973690e+00
-4.618207942860728110e-01
1.990410954190002357e+00
1.850731326191765724e+00
-1.484331567179132172e+00
-1.834810683691596278e+00
-1.530675594064652145e-01
2.356875094588879449e-01
1.219776958282812629e+00
-1.974079113673638641e+00
2.156440844382069955e+00
-1.673263961316226123e+00
9.522706327069920818e-01
1.083876641660142859e+00
-1.494281662017034051e-01
-8.475684912789338554e-01
-2.055397505142818382e+00
-1.364359837640375162e+00
2.203229743380328287e+00
6.990612029601219746e-01
1.904860904382883469e+00
-3.194575439708016162e-01
-5.417688133487530422e-02
8.457849185433161665e-01
-1.561429168176653892e+00
-9.121054244520312437e-01
-8.431839571059436267e-01
-6.689111215889633755e-01
2.627895156263734933e+00
-2.843658949719873874e-02
1.726744860581597152e-02
-2.428050280038948294e+00
-1.066319356752367664e+00
2.256693356570438347e+00
1.868934194875803811e+00
2.010920177048785007e+00
7.540730218018865116e-02
-7.328394560593887164e-01
-2.198366469046645122e+00
2.328958379911183485e-01
-4.753356784983999717e-01
-1.171455481443195445e+00
-2.189631020348565826e-01
1.331827058882898207e+00
-1.423249066252822992e+00
1.486717096729476495e+00
-2.393588362354135413e-01
-1.223115017524300185e+00
3.675589981848741417e-01
-4.756245853054767991e-01
1.497133440967015616e+00
1.523282410379844798e+00
3.551154122336264152e-02
-1.866583795638554477e-02
-5.361465979516157887e-01
3.599036321674775607e-01
-2.451967282434810880e+00
-5.417340390382801019e-01
1.851359513020124581e+00
1.402154967674072772e+00
-4.188691570840674672e-03
1.651558419618202933e+00
-6.258836282791619965e-01
-9.060187751831074721e-01
-6.324281089084706764e-01
9.541262117649758068e-01
-2.338801950337684232e+00
-1.489675819459745920e+00
1.397895608336804152e+00
-4.481372829864902485e-01
-1.671355025227732938e+00
-1.177445261851941538e-01
1.592623617099720335e+00
2.380667152103398188e+00
-2.300023973394687005e+00
-9.489651769987617058e-03
4.763018965945242655e-02
2.578259340234412278e-01
5.052052357098233415e-01
-6.033577050397767039e-01
7.015660493821851418e-01
6.664849130407031197e-01
2.371654568802316732e+00
7.647973370502292312e-02
-2.184693102553387334e+00
3.517190379766166330e-02
-1.819501457062209226e-01
-2.230086389345248499e+00
2.607355772310873121e-01
1.675889869547071420e+00
1.365137926121210654e+00
-3.228678326683720456e-01
-2.483195758214703730e+00
-1.903762362472703362e+00
1.382285530084023328e+00
1.435978859536466423e+00
1.662035231744667385e+00
-6.451605060345873000e-01
6.977411642677520121e-01
1.979018571449033814e+00
2.087382164615174673e-01
-1.390953951100191599e+00
1.080602244184110106e+00
-4.620173251192580821e-01
-8.587610660236677518e-02
-1.818080966496780526e+00
8.374486570224970450e-01
-2.145319791636126627e+00
-2.810506678648962975e-01
-2.379778668868171021e+00
-2.031836765811180889e+00
8.313584607004154137e-01
-1.560015828915931380e+00
9.759855190511457224e-01
2.156628761973875541e+00
-5.177943627413368333e-01
-6.882510865190631932e-01
-1.341131482551796150e+00
1.344179956117638852e+00
-7.527720124497516707e-02
-1.443754955284647146e+00
7.693904854414768124e-01
2.066895834562433087e+00
-5.786028346150073887e-01
7.314293030417839958e-01
1.361811927220351492e+00
-4.703145725056847581e-01
-1.846257357131025234e+00
4.030710626656039963e-01
2.420538299924098524e+00
-2.427586042621960427e+00
-1.880793009940571636e+00
-2.464300727340722474e-01
4.105595185700483540e-01
2.264098829770544441e+00
8.925608830165234764e-01
2.465448109830937540e+00
-1.758885811407218114e-02
-1.594693021100765939e+00
1.980012516486170604e+00
-8.667793667938070712e-01
6.623720217103716834e-01
1.281521767619171470e-01
-1.503323082741569561e+00
-3.885629333361686477e-01
-6.302874351011675813e-01
1.622123224231848404e+00
7.305297347646257933e-01
-2.177745716018339994e+00
-3.740092798108332062e-01
2.323475952052033833e+00
-1.482162846727264061e+00
-2.000618474891117771e+00
1.197448309572839875e+00
2.556254744526491152e+00
1.911982626725041712e-01
-2.159981877529215222e+00
-8.001383318312482729e-01
2.257432854535945665e+00
-2.565526805012634526e-01
-1.762837497805601394e+00
-2.506045710882873312e+00
6.643505905654079058e-01
-1.659219712800472202e+00
-1.301732116045684062e+00
2.121278209507446277e+00
-2.394735378117979430e+00
1.446492066335154369e+00
-5.519479454788775996e-01
-2.423600585494622983e+00
-9.450554464172400415e-01
-1.125257308464036043e-01
-1.417354697207788838e+00
4.645350850735088244e-01
-9.474136561885027064e-01
2.522580327042759585e+00
6.277160581462659650e-02
2.202661764548983214e-01
1.237670432483489513e+00
3.980530380527991241e-01
1.335837870435928387e+00
7.780647386681183164e-01
-1.240316311936485505e+00
2.389607219140923888e+00
9.536965770366281347e-01
1.619365135471100281e+00
-1.788872362774451386e+00
-1.296487896392078287e+00
1.261058333262164766e+00
-1.869634019116062973e+00
2.355343439659964844e-01
-3.254533461157294028e-02
-1.273470004154066970e+00
1.497613523240525879e+00
-1.295436936075971435e+00
-1.420885704671695393e+00
-1.304908640857203483e+00
9.465302372889539129e-02
2.171236753648159379e+00
-1.496537879020483963e+00
1.348813960883461505e+00
1.319361370531696664e+00
1.640668557782728243e+00
6.444572609889451797e-01
1.451545869122070620e+00
-3.349650070591607687e-01
-1.804028475274298771e+00
4.867257444891421869e-01
-1.992371203024205784e-01
1.260743979058341679e+00
2.051578671000981124e+00
3.864865532604655485e-01
2.221090983473273717e+00
-1.409135391143762739e+00
-1.149613607083423972e+00
1.749365884045834818e+00
2.547626048324359793e+00
-1.570157079018514867e+00
1.506093521368720545e+00
-3.582957832539817034e-01
-2.762860825604622761e-01
-1.301855445736072703e+00
-1.468742023389509210e+00
-9.486036017442867063e-01
-1.951791248504916254e+00
-8.694021425074085485e-01
9.301266735153408405e-01
-1.773622788466313605e+00
9.699032655308794659e-01
-8.168450725804605739e-01
6.577475966306822741e-01
1.250978240622638182e+00
1.423890959071200335e+00
5.101624367665893445e-01
-5.463166942215114119e-01
1.042441886112870364e+00
1.451187239188004519e+00
-1.615799042192136881e+00
2.299545117355883406e-02
-1.020988405627837103e+00
1.758808741508239848e+00
-5.595688668044731529e-01
8.497126386198630144e-01
-8.027376620348061209e-01
-1.638611140170950442e+00
-1.449090050087926684e+00
-1.689305741369010683e+00
2.645684773241772092e-01
2.368075774398744393e+00
-1.147898785353846485e+00
-1.810451739930441839e+00
1.443084660832189670e+00
-1.841062932708865674e-01
-6.829416114851110109e-01
5.801496330736224394e-01
2.175709184673527474e+00
4.992492404225927771e-01
1.918611705330388162e+00
1.772371293625685240e-01
-6.325012967689893628e-01
-2.037760435969094175e+00
-1.442582389399106546e+00
-1.017640489210308807e+00
-2.029659488208546581e+00
-9.871175762677193433e-01
-2.350047788356062206e+00
-1.080577400248957431e+00
1.308504117255198551e+00
1.531112687725104671e+00
-5.425883309381811515e-01
1.532127930156992335e+00
1.505062674826202596e+00
-1.617104873331950188e+00
6.161610984640635280e-01
-7.968772006830526777e-02
-8.171977451340994847e-01
-1.648327477836889265e+00
8.926224060190248721e-01
1.829695452592607907e+00
1.306076676112962076e+00
2.973486201507320459e-01
1.847560106518967515e+00
-2.435340501015152981e-01
7.264650704308914797e-01
6.689880014460047875e-01
-1.142911475992210324e+00
-4.304254901180035731e-01
2.005802374624650497e+00
-9.127877328136149160e-01
1.556083257523299679e-01
1.769863544503236241e+00
1.804982874165316886e+00
-1.392158126487272440e+00
-2.473203185569157192e+00
5.545199328255003834e-01
2.140477256713086973e-01
-7.961528662133634526e-01
1.879435364332722180e+00
-2.912363822458283735e-01
9.341287892317495789e-02
1.361478805899274391e-02
2.089840289236001070e+00
2.563082345934732942e-01
-3.951913852170605423e-01
-1.533565551307149999e+00
-1.160034753488808246e+00
4.257437536284314206e-02
2.079559379168490096e+00
-1.450231994766186805e+00
-4.855369458760998569e-01
2.608379250429989860e+00
-8.362917672946243997e-01
-7.402723403071922448e-01
-1.804432336179662144e+00
-3.306742532157107561e-01
3.484675064883155926e-01
1.089268598721968573e+00
-1.026557967471672939e-01
8.554653635295430547e-01
1.388756797473718052e-01
1.042032839102999375e+00
-1.383911490755104889e+00
-4.221569512778966526e-01
7.276708405967413640e-01
-3.871718457141914982e-01
-3.942072380219130423e-02
-7.444444657475024485e-02
2.070658862377894316e+00
-1.718947294412966897e+00
-1.203725333993186375e+00
2.672514653011504038e-02
-1.540467905940927640e+00
-4.539858045998919067e-01
-1.996790908290453359e+00
3.260985571490522261e-01
-1.025344536884890800e+00
-1.155910567248669807e+00
8.695457969467845771e-02
1.014078668675256978e+00
4.938463725258248616e-01
-1.258647148381593084e+00
1.650984462695675781e+00
9.389177160848785064e-01
-4.620061290752230931e-01
1.059915020000161689e+00
-1.712567335748715891e-01
1.604582327910097916e+00
1.587938878918668806e+00
-2.197639762582860534e+00
2.416028365305157521e+00
1.792358134911591350e-01
-1.878166967624919081e+00
-6.855411315253245874e-02
6.498599673298244284e-02
1.704675836155045587e+00
1.330591902095412671e+00
-2.149592352542961216e+00
1.158456486572735145e+00
-5.515229141182684813e-01
1.516136004861090569e+00
-4.643806380780706178e-01
-2.380610695531639731e+00
1.670830580788694064e+00
-1.634295909702577099e+00
1.153974852298336629e+00
2.505028383314868101e+00
6.356797232929505270e-01
-1.372662656330657427e+00
-1.577569510381517048e+00
-1.276520296128693666e+00
5.080616010274301431e-01
1.366325369451139693e+00
-1.312691228682552946e+00
1.739575797424190995e-01
-1.080669751038644044e+00
-7.550493110628746507e-01
1.980435489890142620e+00
5.832561476941622303e-01
5.488373573393303673e-01
-2.100598677997798092e-01
-2.202336561797739733e-01
-1.282681714662991190e+00
1.163243432116434661e+00
1.783263895201663729e+00
2.167737790645279716e+00
-5.941638399747670718e-01
2.048961147391982429e+00
2.248310717263980685e+00
1.336910146058310822e+00
-8.579755968552200684e-01
-8.241899074074696685e-01
-3.894699974555777544e-01
-1.187699273405174338e+00
-2.439427461364480632e+00
-7.255456920099971896e-01
1.317724624009994905e+00
-6.575203311818640373e-01
3.190378170254390966e-01
-8.879690111165050581e-02
-8.383575733304091671e-01
-1.346410925817367321e+00
1.647773571908706991e+00
-1.723612319561814488e+00
-1.504701067332274711e+00
3.722404687200544515e-01
-3.208015790970337733e-01
-1.168282284435119944e+00
-1.249233888736770659e+00
-1.224130337833403637e+00
-2.152417924960380979e+00
2.609241366457126787e-03
-1.784123655198406766e+00
5.410054117739004909e-01
-2.386785880324393982e+00
-1.939371031940320123e-01
6.560635726779304733e-01
1.745928778052117991e+00
-1.605074172131600641e+00
-1.489067050638751333e+00
1.054732294969453754e+00
-1.443727682316067629e+00
6.416764337236093851e-01
4.642123621224829577e-01
-4.932948387715985206e-01
1.695871452384215772e+00
1.507583905914646749e+00
-8.395436459529372897e-01
1.317077116595517516e+00
-2.468472599159048819e+00
-7.083740600229733175e-01
-2.404625848719294634e+00
-1.908197946942176149e+00
-1.606699038400040358e+00
1.897936490782265118e+00
-1.417578592029610007e+00
5.516277622403151781e-01
-9.447966380857639734e-01
-1.083921851678687709e+00
-2.047624436750361543e+00
-1.373131852080149429e-01
-3.091508300431478062e-01
-2.434097497284547273e+00
2.226082139904438151e+00
-9.211385529582996057e-01
-1.930370033730044455e+00
2.067945770425114738e+00
-2.165022707919147749e+00
-9.412964029513171127e-01
1.403454450463414105e+00
-2.302175082631645608e-01
1.170057714372272351e+00
3.504395636777424272e-02
8.201391876812067494e-01
1.103605339402267127e+00
2.151444001389188898e-01
-1.370435331627758657e+00
-2.207669315856013004e+00
1.328152837915110851e-01
5.434796286272236543e-01
-1.759663819087384784e+00
7.417454853194449527e-01
-1.043622014218430039e+00
1.123311272609540445e+00
1.083811863762827343e+00
-1.281075318894333570e+00
-2.780213342393098586e-01
-1.008549099818697670e+00
1.670019585836879372e-01
-1.934995195144795233e+00
-2.034869146518927252e-01
-2.777398195180156293e-01
9.824500014557377980e-01
1.360889005555403486e-01
-1.526553457170540806e+00
3.741359921693270252e-01
-9.690680163662666047e-01
1.777909128450893661e+00
-6.152914381517593512e-01
2.424809342653658994e+00
2.458813493929116412e+00
-7.578384409215352946e-01
-1.986398759793371660e+00
-1.479640134123440642e+00
2.221004764947074328e+00
1.724846080209559318e+00
1.150055895426983277e+00
2.039544289433132818e+00
-1.530187091831467505e+00
1.514313091021053381e+00
-3.693723300613163119e-01
-2.394293717771064145e+00
-1.460243282120732289e-01
-4.956647943941305812e-02
-4.549067253808187772e-01
7.603179414872904829e-01
-1.533187122508858469e+00
1.059095117459758484e+00
1.932253196694299291e+00
-1.896123013278855574e+00
1.584997549522956461e+00
1.329629515133802009e+00
2.920426889994676145e-01
-2.144655291391464491e+00
1.876380040106450764e+00
-6.428312149212365156e-01
-1.391109165758145139e+00
4.704342980353617421e-01
6.758013118320675972e-01
2.619076030266374033e-01
-4.459865139021879088e-02
2.227366491798358439e+00
-1.032730039888520857e+00
-3.243638491376010791e-02
5.001378415704147429e-01
-1.953064870273675702e+00
7.329678114489048824e-01
2.223544140785920220e+00
-2.120420130543055226e+00
-1.178502975363052485e+00
-2.021374656742653819e+00
1.870673784858243316e+00
-1.162874223329692924e-01
3.344533262419506769e-01
-1.689599879601462629e+00
-2.132212312737831184e-01
1.355211279081594000e+00
1.855226797083284751e+00
6.325094557376873539e-01
-1.508334834992486329e+00
-1.477818712523371047e-01
1.567756456702405821e+00
1.734701935989950705e+00
-4.676350927494716814e-01
-1.464871658737938453e+00
2.062869448459753841e+00
9.724807075574402049e-01
-1.462597553592015487e+00
1.212681168291065426e+00
7.140906210206034999e-01
-4.899938947472310957e-01
-1.190511223237729066e+00
6.395967296219806641e-01
6.064253302989541794e-01
2.197141296377282949e+00
-7.073421084503372924e-02
-1.437927973499362633e+00
4.701548678725711028e-01
7.325447768930439807e-01
-2.074209758590601638e-01
2.240064143241471406e+00
-1.452053156074520679e+00
1.459180813101889740e+00
