3.656293367243682590e-01
4.963925761979343099e-01
-9.086706064760834423e-01
6.873017379471626498e-01
1.414528324081752331e+00
3.152268936927935528e-01
1.995446841251578896e+00
-1.468489184714361073e+00
9.286578669292788746e-01
-1.872916022076518416e-01
3.002228796427424129e-01
3.141606292494806496e+00
8.150447407787062559e-01
2.685369599968652210e-01
1.839004570639353631e+00
-2.568489327762730312e+00
3.495274063999088909e+00
-4.529369401411766916e-01
-1.474679671238387613e+00
-3.611324141225464857e-01
5.303230727003906964e-01
1.413516294669139306e+00
1.764309405009951703e+00
-1.094054536252620391e+00
-5.796897001786591730e-01
5.810411339311141177e-01
1.707989284341016045e+00
-1.324267229301234750e-03
-1.751489682149890648e+00
3.479899064100013817e-01
-4.520906086936768986e-01
1.305176127321505675e-01
-1.064198265417224842e+00
-3.654001012220179589e+00
2.226396326067849429e+00
4.942141529998096416e-01
2.097282517609768249e+00
-2.819478028771232658e+00
-3.256676149054946734e-01
-6.526567393785507321e-01
-4.354137636334645123e-01
2.818617419776514588e+00
-1.880743820717214465e+00
6.869506036579684505e-01
-6.874634745087790932e-01
-8.910032347117500251e-01
1.579954413236650979e+00
5.765060607562020323e-01
-1.063776401683004913e+00
2.317031566864082848e+00
-4.532153696718488334e-01
1.412331942585108635e+00
2.075926270557546971e+00
2.544458232024959798e-01
3.931216356660840461e-01
-1.534803937985156352e-01
-4.497036374506659939e-01
8.501203377255182048e-01
1.782244540170871971e+00
4.910690175842269412e-02
2.626430215033101589e+00
-1.887500469238335477e+00
-2.250724149274503372e+00
-1.128212093301534935e-01
-1.097251496732981835e+00
7.714275848392766477e-01
1.477466251137061093e+00
-6.691886444215580099e-01
2.798200661015814994e+00
-3.646738754709110353e+00
-1.095164188623737545e+00
-1.178908141633577600e+00
5.638293339680551242e-01
-1.213566242234538350e-01
1.766514571072641537e+00
-8.793014726071897158e-01
2.762585230449152718e-01
-1.437292106479126641e+00
-4.278179994632864691e-01
1.476138453466786515e+00
2.437598131315315442e+00
-5.989309027059981361e-01
1.512281395428209940e+00
3.922093509217692286e-01
-2.275021467672479591e+00
9.832376866450776021e-01
-1.337158089463880373e+00
-1.348051364372604866e+00
-3.645582636069919502e-01
1.151463967798180832e-01
9.280409344531470595e-01
3.285811887772318585e-01
1.510769428453695440e-01
2.181783904135803809e+00
-1.244127424988400676e+00
1.831461415863331332e+00
-3.127685988068545697e+00
1.840080486152784189e-01
9.976177740195240062e-01
8.551082324155245828e-03
1.031677508666835053e-01
-1.564066536941051133e+00
2.084892690903608070e-01
1.566042585172233714e-01
-8.084553852626701342e-01
1.161497964543890760e+00
-2.622282892285475953e+00
2.396495599735199988e+00
2.117382835724197498e+00
5.294785343808321443e-01
-1.443581473309031082e+00
-1.462482374558993214e-01
3.796984571400894737e+00
-7.110235373299600425e-01
7.288316750378420750e-02
-2.438392134912350517e+00
-3.455486629996720183e-01
4.445495262750664978e-01
6.184466767033125478e-02
-2.644651756061187076e+00
1.334138376737096010e+00
-1.473484720750839028e+00
9.677915922253994552e-01
1.448023332039721112e+00
9.211062500765665462e-01
1.117874709308759762e+00
2.399551238094517203e-01
4.778989259525801003e-02
3.179743868497613590e+00
-6.589185497725820184e-01
2.650954989912913007e+00
1.862386588064344650e+00
1.197410020673704167e+00
-1.084082104690625492e+00
1.229948278363725223e+00
-2.662123975972476853e+00
-2.325210765180290018e+00
-4.955979110630153173e-01
-5.068621900710184036e-01
2.351727382598696181e+00
2.521999429266008619e+00
-1.286715370094876576e+00
-9.203925502512779744e-01
1.448267413236132839e+00
-2.351003761182971274e+00
4.552182902823975752e-02
9.862975433395035907e-01
7.184216307601554163e-01
9.913739103987868617e-01
-1.236290445539468763e+00
-1.175597531762459624e+00
9.211587945167964975e-01
7.784864312468631198e-02
1.408504677859006904e+00
-1.583999264374948979e-01
2.288082150446530960e-01
2.179250470026516950e-02
-6.045470953640208478e-01
-1.351545982290512260e+00
-1.821116237969216289e+00
-7.833266557248048656e-01
-1.490526567685924952e+00
3.123528161932789260e-01
1.009643975178279085e+00
1.995938958513501227e+00
1.062227829162471160e+00
1.233760978030609579e+00
3.703903757689090526e+00
-8.369022886565993247e-01
-1.176043005326443680e+00
-2.265051432171912182e+00
6.182510538780032761e-01
-8.984979624792668318e-01
-1.068136392923471067e+00
1.646943881171834434e+00
-1.148534530709474311e+00
1.109269958923020383e-01
-7.672345209320958759e-01
1.304149865566789579e+00
-3.095157585533234723e-01
3.441168334736648404e-01
-5.083210283806591789e-01
-3.222678288773389355e+00
-4.157061504448282818e-01
1.090746209948471268e+00
2.933867771272443470e+00
-2.683766429379709884e+00
-9.881479373168664537e-01
-5.244576486604977106e-01
3.432609402929696074e+00
8.865048792935894539e-01
-3.353336538398075106e-01
1.702527942358002200e+00
-8.861454814427549564e-01
2.467532974777282284e+00
-2.160870105523704510e-01
-6.506782519546030485e-01
1.163350807843629653e+00
3.636827887853621988e-01
3.482001184090819379e-01
2.733506548167490280e-01
-2.634960422201473307e-01
2.235467313641876785e-01
-2.322546218346526192e+00
2.690625497195899385e+00
1.709659850964597716e+00
1.737548727204205612e+00
1.452750309479102775e+00
-1.100603586560281677e+00
1.004995053717163245e+00
2.584480401453820519e+00
-6.888644121213562954e-01
3.522268977844078108e+00
1.483468528563660627e+00
-1.172400118939686209e+00
-2.722452483914933996e+00
-9.024044551587717677e-01
-6.635179588080637458e-01
-1.076719165282282731e-01
1.790300332242342307e+00
3.624196349326460620e-01
6.493120623702441918e-01
3.442402676279506579e+00
-1.690628547304929619e+00
3.472323918034891932e-01
-3.240986545549912279e+00
-2.263204487720411606e-01
-2.045759298543832205e+00
4.899979622813539493e-01
1.679441296238328718e+00
-1.186767214336625909e+00
-1.238800473437997596e-01
1.715702598259001732e+00
8.213273613385805305e-01
-6.161406843357406515e-01
1.308397976100856397e+00
1.827759926697837045e+00
2.788119985246552801e+00
2.329051162753858151e+00
-1.644330953249977689e+00
2.081525129815899433e+00
-6.435530997356098126e-01
-3.136712367793418110e+00
1.714953967515739919e-01
-1.826893831139528857e-01
1.572028996286914726e+00
9.823133684054852210e-01
-1.808414687521477937e+00
-1.228546174101996513e-02
1.021397185844907796e+00
2.904149351177018445e+00
2.214497287333752062e+00
3.752877640988563357e+00
3.297976146079404813e+00
-1.271017262750024912e+00
-2.586073874336145551e-01
2.274921441614614182e+00
-2.012516941450395169e+00
-2.556623750229827241e+00
-1.783309533535494040e+00
4.754497676502253967e-01
-6.857160261079293662e-01
-2.805207788338828223e-01
7.718102584228914154e-01
1.371805515831079347e+00
2.895088546080497593e-01
8.945196546638181090e-01
-1.664195342970899993e+00
-4.155564311650223885e-01
1.282742375572024862e+00
-8.255591383049143417e-02
1.784284610686512451e+00
-3.521036760081130979e-02
-2.487945247389708570e+00
3.860663878542798244e-01
-8.164960021708242977e-01
2.670179664050067458e+00
7.837481642106380875e-01
1.757433470646796891e+00
-1.643922850491046361e-01
-6.784036240190660649e-01
1.182515040135178275e+00
-1.654002456009195043e+00
-6.398425063070032337e-01
1.543123602132416394e+00
4.980646126597765289e-02
-2.944553550716242807e+00
-3.326416546011667918e-02
-1.689644986265180115e+00
1.736228106858961340e+00
-2.854133752570869653e+00
1.683876354332394243e-01
4.475173384679393962e-01
6.466564586299119455e-01
-1.217878679658142005e-01
1.917339191332088966e+00
-1.883408717953152678e+00
-2.133817382427105613e+00
1.002365212827407426e+00
2.574612235828446671e+00
-1.784306172545476521e+00
-1.372112791672973842e+00
1.261154650654137122e+00
6.491480324396068369e-01
-2.034460975450202991e+00
-1.558816041018928900e-02
1.796151968480383054e+00
-1.501997601917698155e+00
3.702909068366020406e-01
1.937582699401025010e+00
-1.066507050096446196e+00
9.698258609244616579e-01
1.915057405282819758e+00
-3.299630513497957995e+00
2.074371200726536912e+00
3.507521074019381402e+00
-2.513608909549200465e+00
9.246649194447575937e-01
-1.386717749002998712e+00
-1.767024969052659600e-01
1.993655890006853504e+00
-6.224799231570612434e-01
8.801816584754362793e-01
2.592822707545741068e+00
7.558503830575791227e-01
-2.240122055558386727e+00
-5.066478010527966092e-01
1.728403416427749306e+00
2.441425739718861010e+00
-1.827659731033865143e+00
1.453859936539116937e+00
-7.213078961235339648e-01
-3.449991599565768396e+00
-6.621833096812999031e-01
-2.631049339592231195e+00
-6.628288154882877592e-02
9.481315039503712683e-01
2.590168998222475594e+00
-2.070026470982916145e+00
2.520017528082298952e-01
9.729855838169481075e-01
1.931574137864558338e+00
2.272751973858104790e+00
9.385286668666807941e-01
-5.433306981106822420e-01
-3.831817293454331530e+00
4.912716694813612506e-01
-2.740637874751783443e-02
-1.753216235190713679e+00
-1.795151390776057454e+00
-2.861471613051147056e+00
1.677534088613686691e+00
-3.765711163894023272e-01
5.933605646424000568e-01
1.138666522453909202e+00
-8.409486069308327316e-01
-2.500898355778615745e+00
1.017331836507157306e+00
1.211095834829224671e+00
4.831580534388768555e-01
-5.856378353052882346e-02
1.945693403327321214e+00
-2.943560084446636083e+00
-4.500386552984974031e-01
3.792891717402113727e-02
1.691162154190055666e+00
1.045474780801276538e+00
-1.500232757385444149e+00
1.466335889894573086e+00
-1.540542822584964000e+00
-2.447739050140413930e+00
-8.299866040474448425e-01
-1.512453545563114954e+00
2.073776151978821147e-01
4.033492168365544472e-01
2.624323148607308198e+00
1.567465210813907106e+00
-5.009456601235795503e-01
1.580841396068628057e+00
-2.932873583694375341e-01
-2.065589088613180024e-01
-1.885500392303578465e+00
1.340738600241597744e+00
-3.953916581191112556e-01
-3.064896587020430552e+00
1.239988022494021180e+00
1.982541572720926126e-01
1.828279951576421425e+00
2.554521256261259587e+00
2.559197669392045960e+00
-2.631412751905610747e-01
-3.659397822432447711e+00
5.789453913422306641e-01
2.715596277395659897e-01
6.770139660514207236e-02
1.506231099699004261e+00
-1.074143873427018558e+00
-2.847142149915296017e+00
3.628362872322830057e-01
-4.983139934932996340e-01
1.031034707513640569e-01
-2.163993309479287142e+00
1.596519823260605264e+00
1.344047892008461531e+00
-1.279855856969949635e+00
-2.096695724836901142e+00
5.302446482203571065e-03
-1.589295413043770644e+00
-4.563906320797626037e-01
-1.121029549734798181e+00
-2.001963360241532541e+00
1.124746642624482540e+00
-1.831401655734890888e+00
1.293406346640280091e-01
1.743141575863251802e-01
-1.136393128410730924e-01
2.036939754611846176e+00
-1.647520108811548756e+00
-8.774819652734535680e-01
-2.421174700664682433e+00
-2.056472086782918041e+00
1.097475043588282517e+00
-3.905710179125803094e-01
-2.201133614481793899e-01
2.969372800949184210e+00
-1.724855805227836658e+00
-3.276344898048501264e+00
2.959355662391901731e+00
-5.168659309932959189e-01
3.034080923382635575e+00
-4.325812429145123872e-01
-3.435479969391461275e+00
-1.240652002681799537e+00
-1.580338108798795993e+00
1.773112437941604114e-01
2.801532170435896418e+00
1.804642348542538244e+00
-6.502541821554341794e-02
-5.637572359888984863e-01
-2.087225471181574754e+00
1.316824601454865906e+00
-6.561521028516761334e-01
6.788108866276418851e-01
-3.503983852094716411e-01
-1.660015673821693127e-01
8.198513088924483938e-01
5.718275387053637360e-01
4.234953019282592379e-01
1.068529185571721385e+00
1.789124458858757372e+00
-1.824350678421266636e+00
1.306282311982748467e+00
-1.608950641309275120e+00
-1.895134073040909417e+00
2.812604313495423725e-01
-1.886685767528440749e+00
1.258290327615615212e+00
1.270085305475587845e+00
-4.973373748863600952e-01
-9.395328712226085344e-01
6.578739317488153659e-01
4.301524981730500130e-01
3.622117513387816956e-01
-1.013090938396090657e+00
-7.200369511287441071e-02
2.955990188978779187e+00
-1.744798617769904858e+00
2.863119455675295910e-01
-9.039569906626940821e-01
-7.962581035619447078e-01
9.632407592573324351e-01
-2.061150750611211446e+00
-2.039892095799396010e+00
8.422924332481205312e-01
2.174269691798780713e+00
4.192518496453745414e-01
9.358162723309479958e-01
-7.327207926006575889e-01
2.190227006746017224e-01
-4.150358107707941002e-02
5.674203860247288844e-01
-1.090799234870147849e+00
-2.243658214558941211e-01
5.249330060123469366e-01
9.464955313222009892e-01
4.872287466109082033e-01
2.032194583425177115e+00
-2.735273687841045742e+00
-7.063934649637175767e-01
9.604012041713119174e-01
2.417662856175059716e+00
1.084922098306995153e+00
-2.317747986394742554e-01
-1.411795744823614918e+00
-5.041060818387856912e-01
1.845654775071330356e+00
1.009331979052339179e+00
-1.751871247391281639e+00
1.368459883174510061e+00
-2.803579527575152497e+00
-2.543547338367332600e+00
2.708724938542347971e+00
2.621223660937628708e+00
2.162711408168179972e+00
-1.199046726625047299e+00
3.030255329226282157e+00
9.437558505900813799e-01
1.119487400651012265e+00
3.278390570933535031e+00
-9.379208610054581285e-01
-4.472934820738956319e-01
1.865665039098375999e+00
2.058991237162226540e+00
7.252654488287433310e-01
2.010724732825623029e+00
4.121284094864519076e-01
4.166632199019169036e-01
-5.398009926717790563e-01
2.798012123342740409e+00
9.422822949593099295e-01
-9.566598651263955588e-01
1.766912669783629042e-01
1.135824441811074337e+00
1.904873870360019872e+00
1.102710488535611155e+00
-5.945372670927948633e-01
1.159617749651134844e+00
-2.721171596365866030e+00
1.785776466507680738e+00
-1.923150462493152801e-01
-2.354953895504289463e+00
1.221586688527247944e+00
7.773184274375664060e-01
3.126892151882740833e-01
9.382157189955790955e-01
1.122224429354301556e+00
2.196917903467390687e+00
-1.654802295436198278e+00
1.890931197540350439e+00
-2.540532949056917289e-02
2.355346493128980256e-01
-7.513569337961962802e-01
-3.374126388369265594e+00
-2.057553662160616526e+00
-6.827962937954872302e-01
1.197191037168705563e+00
2.570403446447098617e+00
-2.737101951212737916e+00
2.165522740346269792e+00
-3.327831209160549975e+00
-9.860215915216201665e-01
-7.269490780543392816e-01
2.847859482127431896e+00
9.829350521559199194e-02
6.823634287875313120e-01
-5.325243027458235190e-01
1.891047193778553570e+00
4.230100960197837878e-01
1.397831799414954723e+00
-1.343280262548463000e-01
-1.907175552996199563e+00
1.764541432762306350e+00
6.195839841614230181e-01
-9.196330656937510284e-01
2.179285016409514775e+00
9.862204306437156731e-01
1.519492667112981366e+00
-1.950242946340069672e+00
-1.176449986514396251e+00
2.738778214832111146e+00
-6.088969887532647007e-01
1.018196427442675578e+00
-2.857316937545749003e+00
-3.956318368387936601e-01
9.872852147188275751e-01
-9.143567306956743579e-01
-3.023055196826868851e+00
-1.986469308056949323e+00
-4.489787444805646288e-01
-9.184901038794048844e-01
-2.805216372577468142e+00
-1.951464313408589391e+00
2.395594156470263414e+00
2.015967198031688667e+00
2.399042866854554923e+00
-8.569743420587370153e-01
9.431362497452857596e-01
-2.815563015343758302e+00
-2.275347916569456785e+00
-2.440003648531678948e-01
-2.024350073812755113e+00
-7.755253147983864892e-02
-1.337085502625852129e-01
2.525054890577816735e+00
2.447637248432020129e+00
-1.671418468386590916e+00
1.938635783881448305e+00
-2.050092725473096511e+00
-1.440095521665254452e-01
-6.049467799066405860e-01
-1.393851608285656685e+00
-1.899842213388001078e+00
4.135603089850796721e-01
1.679808477910813558e+00
2.123964850952847705e+00
1.031342793089056187e-01
-3.568611531347835708e+00
3.512043931303612254e-01
-1.639579840569105329e-01
7.755040551952676608e-01
-4.746405466751006941e-01
3.526450240885401044e+00
8.394749423883673956e-02
-1.741082410581531459e+00
3.490823172023198140e+00
-3.362804221993758169e+00
-8.193474710410697526e-02
-8.232636208734707139e-01
2.012167197995147205e+00
-9.490602454074004157e-02
1.539871369041769356e+00
-6.997757858171551604e-01
-9.728583459520754317e-01
9.112724722831302415e-01
-5.191813435324075243e-01
1.946938381216720693e+00
2.081452089280992901e+00
9.873850464895603807e-01
1.891736793094568547e+00
1.879747173216481215e+00
-2.134742182711623748e+00
4.230689680416226395e-01
-3.165758406005870995e+00
1.528381631778087169e+00
1.632365993893934331e+00
-2.037469240033220164e+00
-5.402391977874270168e-01
-1.103205528424892279e+00
-3.317443697598376762e+00
7.801159463670899186e-01
-2.587536524294364426e+00
-1.656905472739973906e+00
9.251361184443211982e-01
-5.395515263951082829e-01
9.028409524053238044e-02
1.461278073449463477e-01
4.382520934262892354e-01
-3.936158859297567147e-02
3.162632016985249095e+00
2.747934302406653373e+00
7.622374019385347310e-01
-1.824863184748294564e+00
-2.458686654932157989e+00
-6.381601580111553318e-01
1.338253135869445387e+00
-1.664113543972030484e+00
-1.781175258955645102e+00
2.905325316352822540e-01
-1.567007983895745138e+00
3.264752695433115193e-01
2.981493095042693220e+00
-1.000748223868861864e+00
-4.029605481126452560e-02
3.080605944162833509e+00
3.201585828807074208e+00
2.508018046662662925e+00
6.024443592981842954e-01
-2.631607735878656040e+00
-1.597380431134158840e-01
1.268979432434904631e+00
-1.711295889719878005e+00
-2.332597364045421173e-01
-1.084751755928230033e+00
1.786784651061815055e+00
-1.079237741555219898e+00
2.570295651752239507e+00
1.859889382038769412e+00
1.923329413663932286e-02
4.488838173252798214e-01
2.283230285713905516e+00
-3.214415552683536959e+00
6.528075095521241877e-01
-3.150135196573105034e+00
1.389695185976283831e+00
2.175856491693117789e-01
1.329546177248026595e+00
-6.218956322165256623e-01
9.814338753191904630e-01
5.956551573346864359e-01
-2.654408747641427979e+00
9.287071238846245080e-02
-2.726380532997402462e+00
-1.433314699439881323e+00
-1.951781881237283578e+00
2.820381304779601805e+00
-3.142573133984028821e+00
-8.270457876442094403e-03
3.029563089549530019e+00
9.484919672768610255e-01
2.034744819800804905e+00
-4.355546037236699419e-01
-2.814725378087388208e-01
-5.300566237791182189e-01
-2.147423152915548528e-01
5.293530724213972860e-01
5.303009403851275394e-01
-6.584220444466399869e-01
-1.258191712307539234e-01
3.127784026584093269e+00
-9.861561724995668854e-01
7.932296469327564381e-01
-2.388952898943037084e+00
-1.798771807872443507e+00
1.520063444137552011e+00
-6.022678497698432665e-01
1.827699796944312283e+00
9.282830231098078144e-01
-1.846094256279954493e+00
-2.825019176825829703e+00
-9.900391310799010469e-01
1.133657709214745957e+00
-1.446408152889757659e-01
-1.618880302489614120e+00
-8.879032808241484886e-01
1.028045635627973908e+00
2.950931711261919332e-01
1.067069532148284594e+00
-3.935777773281952108e-01
2.475151352944462424e+00
-3.262981882683169133e-01
-3.408815438656578323e-01
-3.149409024312407546e+00
9.093515000325691489e-01
-1.450824582356142756e-01
2.525945106453439948e-01
-6.383429194694789643e-01
-6.114616747284360443e-01
1.763673856149607921e+00
-2.860023917837253293e-01
2.541085863137737988e+00
5.525160580938752730e-01
-1.283733743880910438e+00
1.270589016166567831e+00
-1.911593502248862819e+00
-3.032908925408348111e+00
1.666249656824588143e+00
1.730557664954639918e+00
3.470920246493005124e+00
2.076073796191745480e+00
-1.714508021165763729e+00
2.064932569214283475e+00
9.328117902374284398e-01
-2.106726679523647228e+00
-4.284756367957864853e-02
-2.699058862144929627e+00
-4.599272941991650043e-02
6.979270151706451486e-02
2.546247171953908150e-02
3.707331164546161517e+00
-1.982570189695787022e+00
2.853053704081003339e+00
1.967362687336748905e+00
1.779428232815045696e+00
-1.053563725259546224e+00
-9.366500864636764234e-01
-1.389664919517923369e+00
-1.607145007967938355e+00
-1.408486497251806302e+00
-5.392170876890354236e-01
-5.159879028596661144e-01
1.208995877372069927e+00
-6.737099878536767505e-03
-6.863751363973333852e-01
1.119591847504317172e+00
7.916627784685843494e-01
-5.583147029645978421e-01
-3.507329897846291900e-01
-2.574845883968619020e+00
-6.514661245654442823e-01
-2.236006493218513747e+00
2.618785304870678843e+00
-2.544534833788091976e+00
-4.868050860342565400e-01
-1.899961936180341482e+00
-3.215675088913894086e-02
1.541761768063003579e+00
2.659116491345763222e+00
2.419900371171453735e+00
1.894375323747716777e+00
1.263381321998973128e+00
2.063725983635961825e+00
3.523030167005147817e-01
1.213708712488495323e+00
2.523912468647617757e-01
1.433431521862612357e+00
-1.403903401985360233e-01
-2.558301669206239026e+00
-1.886797867278997121e+00
-8.865840442249686149e-01
3.293810201652398462e-01
2.997213295260134913e-01
5.898185771883346362e-01
5.828817061659332666e-01
8.781339412386133247e-01
3.729823272905797182e+00
-5.948730858814093025e-01
2.726025122483235918e+00
8.194041717037450212e-01
2.475492064217583277e+00
3.123706890554478477e-01
5.307545416254004778e-01
-7.470933244941617701e-01
-2.018224166115287321e+00
5.303137381825795416e-01
2.517021519784301553e+00
-4.251190137584437423e-01
-1.127660430083192722e-01
-1.979203028349170168e+00
5.191491761584332565e-01
-1.852039825425937813e+00
1.192995580149577073e+00
-1.389804547062850837e+00
-1.486631296051505124e+00
-1.128664273427760989e+00
2.390727736288711824e+00
3.323783097030499789e+00
-1.391881214420875867e+00
-3.231276354435662412e+00
2.448401879962469607e-01
2.017688901732288542e+00
-1.726572259049450331e+00
6.103619408698026660e-01
-4.042448308927708567e-01
-3.761452095852656718e+00
-2.076837153950280346e+00
-1.631678741971871904e+00
-2.121902434659800996e+00
1.244673598428539307e+00
-1.900657106686783226e+00
-2.075058373615899399e+00
-1.619684292213604770e+00
2.400126725846360998e+00
3.952289291870325627e-01
2.844371552475956300e+00
1.624258286870627899e-01
-2.033985692132540546e+00
6.227177265882000157e-01
-5.347573111248218325e-01
1.326000308143981954e+00
-2.755198726028456502e+00
1.753355705225597916e+00
-1.108827148921938566e+00
-1.947644065617584630e+00
1.771458209170329035e+00
2.522240896666133381e+00
-2.017049185956025781e-01
1.632511813589912819e+00
1.064903436551897009e+00
1.409543180911412286e+00
6.703528452443086039e-01
1.577861143628236817e+00
7.944894572128946564e-01
1.892588561632275734e+00
-1.822477488204212293e+00
-2.395222180080525121e-01
-3.205657886903561682e+00
2.552997217228116789e+00
-1.440805721479923918e+00
-1.781064170321575713e+00
-2.847929107900952772e-01
-1.920140181292939729e-02
-5.578578042127899650e-01
-4.305335058822112870e-02
-2.178721490999472987e+00
2.033947207032102966e-01
1.112799631878833573e+00
-2.608505917535936192e+00
-5.921439777837278484e-02
3.086012594725264790e+00
1.906126995129318047e-01
-2.583059885068577088e+00
-1.529034133210775970e+00
-1.920576794797794751e+00
-1.056311809193815066e-01
2.058234591324792362e+00
-3.273772540051412161e+00
5.459140431684472716e-01
-2.118976803422164323e+00
1.875567866122747063e+00
1.110296862920561622e+00
-7.279634842396296435e-01
-1.416041643035073516e+00
-7.280849617628071258e-02
-5.249995808787755180e-01
1.924038203067689246e+00
1.628705828296080682e+00
-8.017800308743545656e-01
1.111971811283043010e+00
2.053779663817847378e+00
-3.297061675250922974e-02
-1.042628929918882008e+00
-6.360499627565499026e-01
-3.786123450839538052e-01
1.423486391799917428e+00
9.820530879848377026e-01
-2.084703515596841417e+00
-1.696630935034466603e-01
1.702554605822710343e+00
2.182716216338351778e+00
-7.616758141715047614e-01
1.947435854560541912e+00
-1.228527517808426062e+00
2.792654018647677816e+00
-1.342704371611569414e-01
-6.701274093333209336e-01
-2.311406359649357256e-01
2.267104205676815809e+00
4.195476739741508254e-01
-2.036736739479293234e+00
1.822597483094153148e+00
1.968649677477740667e-01
1.600799696713450793e+00
1.443283146352653645e+00
7.614089953250688936e-01
-1.004144096103875228e+00
2.376865580568837899e+00
-1.327869856122675607e+00
1.003910876939092311e+00
3.202691664705721308e-01
-1.843469686007681130e+00
-1.989093032087739132e+00
2.428366526828909855e+00
-1.152792091882204328e+00
-1.307658054383407986e+00
9.700268885483778192e-01
-1.954236133474906989e+00
1.299447802387822648e+00
2.206424266333701922e-01
-2.456535985797141830e+00
-9.651642969008635831e-01
-2.295186991178326252e-01
2.159482107413697172e+00
2.871328555655498604e+00
5.323084839641918364e-01
-2.178535140463587094e+00
2.710206450550343149e-01
8.829260309791138184e-01
2.170052204379127048e-01
-3.162212129393271454e-02
2.461413817295575512e+00
9.917425267352424356e-01
-1.240052950824300115e+00
6.042161453537620019e-02
2.087409836217223535e+00
-1.657911918945578655e+00
2.932884213861850498e-01
-1.938539508819039803e+00
1.195004724780428518e+00
9.676437308203116316e-01
-7.359037669856594022e-01
-2.282146645987480404e+00
5.384656691997431466e-01
4.898415360003793850e-01
1.151400247681893418e+00
-3.777025859734592927e-01
-2.848825991122403423e-01
-1.942451437344112186e+00
2.089278558190413193e+00
-7.364332433523230748e-01
2.074078980437407793e+00
-1.113549658759462435e+00
-2.014892220535198231e+00
1.411590854402390960e+00
-8.778958191674712808e-01
7.528675984476054239e-01
-1.274012867084193257e+00
1.766523005416781089e+00
-5.730277987700898024e-01
-1.342617259173838562e+00
6.207328362898900664e-01
-2.244305071493573500e+00
2.661243385739259892e+00
-3.435077049793182624e-01
7.290976960340245228e-01
3.126707003199360457e+00
7.675170916750264638e-01
1.800345198267772062e-01
8.471889923465969474e-01
2.294801919124763501e+00
1.229435130298566214e+00
1.339605185445337909e+00
-1.460514535373944156e+00
2.604972931734739205e+00
-2.557820677613623417e+00
-1.129567872413208551e+00
-2.836550959040860853e+00
-3.033904050015836518e-01
-1.535733923049621197e+00
-1.689838029004819830e-01
3.395811651120173025e-01
-1.458012951440410987e+00
9.915032531693990236e-01
-2.646898933469066684e+00
7.756630066308112248e-02
-2.934295208342873718e+00
-1.341046540782474317e+00
2.364356080828947881e+00
2.590702289918387358e+00
3.148923833972389730e+00
-1.192440446938302756e+00
5.846015285029722008e-01
1.435296584581076118e+00
1.897733995277198105e+00
-2.251274041676294857e+00
-1.468466830309037796e+00
3.247202510713165680e+00
1.363077782792854187e+00
1.836274864662390982e+00
1.880478689092955236e+00
-4.954956623240880376e-01
-1.993122644116745334e+00
8.125736353910983922e-02
-1.028680267433623285e+00
-1.731599108524717323e-01
-2.192777593623866483e+00
1.968065033463731517e+00
-8.784573516345517419e-01
2.956611647243300389e+00
1.517661085382705721e+00
-1.009920801989107275e+00
4.018343888930564489e-01
-1.768647105994608282e+00
-1.018925209893532191e+00
-2.424701608292576083e+00
2.638360598941506652e+00
-1.873763619075997866e+00
-2.478864572534504873e-01
1.207006850711546342e+00
-2.383991935900877657e+00
-8.723169049895194149e-01
-1.617827807160181042e+00
2.374999921399654212e+00
1.523216613403599595e-01
-6.102505207698518674e-01
1.474474332177092784e+00
-1.883278162633949648e+00
1.072383203240777405e+00
-1.040163215471311631e+00
-3.461976136022437700e-01
2.249997710803439688e+00
-2.831086479339832707e-01
-1.113642181724348923e+00
-1.633835862096107761e+00
2.087620126977522972e-01
-1.757870463895056634e+00
-2.633452369413855632e+00
-3.011397709531363986e+00
-2.462774919920216465e+00
-2.078300147236617157e+00
1.767970233347442743e+00
1.136429148734917405e+00
1.062665924398476847e+00
9.830867916403285278e-01
-2.565268015847350203e+00
1.518837852206637251e+00
-3.102670590487308644e-01
-1.701967691132120208e+00
1.496162577667258020e+00
2.108677369390505874e+00
-3.572098919135187067e+00
2.518597000972677691e-01
-1.893526884567263036e+00
1.800692728219019934e+00
1.801662898875406427e+00
-7.950615605744939529e-01
-2.166952985567065504e+00
-1.214200119216544582e+00
1.251264698908663320e+00
-4.691705864960518113e-01
6.943356370885664930e-01
1.747693102528710796e+00
1.549255592488307798e-02
-1.604242700723395476e+00
1.904081410879823189e+00
-1.785568921208773308e+00
-1.026320307011948429e+00
1.271517117653289120e-01
9.757414589462998222e-01
-6.352383008816886445e-01
-1.598323261398568729e+00
1.818610867992644486e+00
-9.547469225727720499e-01
-5.750674591331907948e-01
-2.233898412410702861e+00
-1.694832265681426087e+00
2.875184534380320400e+00
-1.602624682425384250e+00
1.572328094637214235e-01
1.376537982895960077e+00
-1.343086246494025637e+00
-2.346689178968344169e+00
-6.545528747290223492e-01
-1.491213333195826607e+00
1.286401290795336827e+00
-1.557561360255016680e+00
1.391366133031159080e+00
-1.015320396535813963e+00
4.678124769999216781e-01
2.382080107403540481e+00
4.480685843211729136e-01
-2.331487921835142529e-01
1.906057805186853749e+00
-3.101895376849569175e+00
-1.059259485597677575e+00
2.640575603017769168e+00
3.142692555879216698e+00
2.000158311568061009e+00
2.039528137512842676e-01
-9.290783899991099659e-01
1.389033297287647351e+00
4.075378567499967630e-01
2.982699197107628208e+00
2.623849676266132747e+00
-1.144999732657154823e-01
-6.079556561946217741e-01
1.382237960869419524e+00
-4.174861682498383075e-01
-7.253581467888583489e-01
-1.387275501957637935e+00
2.068127414043559043e+00
1.323408007610735737e-01
6.127996092728213995e-01
9.029288648018098939e-01
-1.042866713315451221e-01
-6.545809402697546631e-01
4.667334529942026577e-01
2.073335060840751254e+00
1.148637839374874403e+00
-1.875984075395497719e+00
-1.830489239934749435e-01
8.890397921179271634e-02
1.326404337369123887e+00
2.752280393846252338e+00
3.021260511581957076e+00
2.098725470425853779e+00
-6.605512357775049637e-01
-1.636642471176081859e+00
-2.962075555299925611e-03
-4.366341911757656291e-01
2.916372389803840726e+00
-1.715219576310631489e+00
-3.879902260934784408e-01
-3.017526015855453991e-01
-7.768685474691015003e-01
-1.938254708568148299e+00
5.601743796950273691e-01
3.972866732195656780e-01
6.189820046141605303e-01
-2.158411196533846610e+00
2.286873947943791840e+00
-3.190537481762660832e-01
7.764957490475667967e-01
2.517939144668330798e+00
1.328983547703836088e+00
-1.046884714765710989e+00
-2.256095726727939788e+00
1.665625855297601099e+00
-1.134374232200222821e+00
-7.344111024212134353e-01
1.792111189062062238e-01
-9.226498214196130476e-01
-1.259529633090253231e+00
8.855825503297385382e-01
-5.066107936390631394e-01
-1.268792039618613643e+00
5.112663625843447690e-01
4.430217608199118473e-01
-2.703379488891588522e-01
1.417509401232869948e+00
-7.283554968057082135e-02
2.136918180807828804e+00
2.291712498118274155e+00
2.766843256244992943e-01
-8.994797909543104097e-01
-4.670645790347922599e-01
4.826740896425265603e-01
7.605395383802768805e-01
-2.208708687921412839e+00
-1.863751069116608150e-01
-9.360013790043906212e-01
-2.304395485912096753e+00
1.281214438151863533e+00
-9.325271781821662387e-01
1.979377559891453586e+00
2.080294731704395161e-01
-2.057020913490148484e+00
2.387705138234608171e-02
-3.588675638399954071e+00
-1.489002080568563535e+00
-1.952418315184970332e+00
5.652725384925272323e-01
7.273131604305209663e-01
-2.952280772704467537e+00
2.413738785222938610e+00
-1.146217202459416384e+00
-2.357732600291777558e+00
-1.213066967257624640e+00
1.089833107581990035e+00
7.349141403699679387e-01
-1.742916057319697565e+00
2.255393761953813581e+00
-1.477512419205252669e+00
2.256417845813441403e+00
-9.395322289810241756e-01
-1.892178814647476059e-01
1.312549453393661025e-01
-8.534807629347014313e-01
1.475286692972161973e+00
-1.914977771689319042e-02
-1.633519885285168449e+00
1.914690721273877294e+00
-2.125309769642228730e+00
-1.566820367859103058e+00
-1.186794858792437068e-01
-1.563487304121233823e+00
-1.901635616491326619e+00
7.357405372352276984e-01
-1.163355514334822871e+00
-9.964088234735877236e-01
-2.966240278097069805e-01
-3.098053555970015083e-02
1.951273950338889840e+00
5.589626502742550684e-02
-2.686195165568855181e+00
5.262145073561015352e-01
7.879448998318938635e-01
2.855951922609119009e+00
-4.427550698573670118e-01
8.529611379191077702e-01
-5.317151581186472242e-01
-1.086670549527131158e+00
-2.538827180717774468e+00
-8.003656613513872031e-01
-9.383733818211261735e-01
-7.361938867607324966e-01
-2.291465567898968381e+00
-3.191560412053888740e-01
2.824319975976974817e+00
-8.799610911282984560e-01
-8.739945866687328646e-01
-1.384588920678945900e+00
2.052309806971557293e+00
1.472497554688248833e+00
-5.685833612608384158e-01
2.178181238295533007e+00
1.225118893023493527e+00
1.938110743889343013e+00
1.565384384826808528e+00
4.657448110043702627e-01
-5.902885447797290297e-01
9.638148574395541957e-01
-1.351191083753039202e+00
-3.342796109865190601e+00
-1.013954121026851674e+00
-2.366981906678017111e+00
-2.568260142055262207e+00
-8.357328727862878281e-03
-3.382745548691996618e-01
-3.167177141140862240e+00
9.058180494007928019e-01
-4.217675482232854378e-01
-2.154681125764562388e+00
-1.887602115669188230e+00
1.449330197690379407e+00
-1.361747835430588527e+00
-1.123768997774101663e+00
-2.233825789065344125e+00
3.185541676448410797e+00
-7.733799145227280292e-01
-1.481633274890461927e+00
-8.904594035230628535e-01
-2.819764161716111772e+00
9.131865232153524303e-01
-2.362624170152867631e+00
-1.402792147718408433e+00
1.379614444580474775e+00
-4.934907569691873164e-01
1.103184553270684098e+00
-2.149864281357780627e+00
-1.840905930615652331e+00
-3.217838767445467596e+00
1.215207833354296163e+00
2.118475307623276294e+00
-2.772919890600622495e-02
2.161776132041206111e+00
8.046673271280502249e-01
-4.895312641751248250e-01
1.650383622014547136e+00
2.589524257045638933e-02
-1.262152748247809875e+00
-3.147138435919006660e+00
1.369417989264540836e-01
-1.602264540391169501e+00
-1.180550654546372868e+00
7.841831593144661383e-01
-5.257439826348528911e-01
-9.249282577292792240e-01
-1.007777156337574809e+00
-2.329304100698895930e+00
2.901461170298862413e+00
1.091450507265178338e+00
3.435489601875341137e-01
7.363005478428439332e-01
1.175480998965833024e+00
-1.609914239207094866e+00
-1.001456118412781038e+00
1.740679026524159845e+00
-3.088968919788026568e-01
-2.038421676233934221e+00
3.083464152732881658e+00
8.511309906652293478e-01
1.157693391229001278e+00
2.862826987211120056e-01
-6.268833795457187108e-01
1.203357256981600010e+00
-1.109470411495265818e+00
-6.589888701758797040e-01
-1.188416805644876728e+00
2.092916496645180757e-01
-3.399262079669362890e-01
-1.342254382863629747e+00
-1.269321749679725997e-01
3.600037045539963287e-01
8.641661961101476663e-01
-2.140460795193674493e+00
-2.938262059814285010e+00
1.776136921372801325e+00
1.377770281648866835e+00
1.292799575464423256e+00
-1.147793014015218382e+00
-1.070275914783111126e+00
-2.109338869711926634e+00
2.204878416400001484e+00
3.297575337274167850e-01
-1.381101349798678601e+00
-1.332593956823926895e+00
4.194080888853690681e-01
-2.666749776183658049e+00
1.684433160133336216e-01
-7.052519850455851724e-03
2.542764711448603165e+00
-6.985170349871427931e-01
-8.797676405880530126e-01
2.409763503335646817e-01
2.069258964792755506e+00
-8.869169837353849672e-01
-1.877352697008961790e+00
-3.178030700228841710e+00
2.688967116921721967e+00
-7.892670433169710620e-01
-1.167710671274636347e+00
1.021813721122004637e-01
-2.601929607898689767e-02
6.053384290683965219e-01
-2.306825201788471613e+00
-8.252874040504210029e-02
3.481164974127725742e+00
-1.245620477038162921e+00
-3.411999501439586524e-01
2.566906601493270657e-01
2.225105043873912614e+00
1.191759599324690555e+00
-1.009333779820616783e+00
2.355810893650338578e+00
-2.155275963824818675e-01
-1.390496645330033587e+00
-1.955311672361588204e+00
3.588166459933974650e-01
-2.314712344982466696e+00
-1.130807019365573041e+00
2.844795727733515633e+00
-5.039198847114185753e-01
-3.024420220255548131e-01
1.361522153871410623e-01
1.967574898786241810e+00
-6.594356661331008951e-01
-1.977608790740669864e+00
-2.636559947399401693e-01
2.601162856375029975e-01
-1.843201676858316596e+00
-2.490559320616322125e+00
4.731909155991056437e-01
2.398836138844759880e+00
2.445131270706858650e+00
1.963693589889325963e+00
-1.882621016399072644e+00
-3.181242217985546183e+00
3.989864257627928623e-01
1.392033922064218388e+00
2.949844668372256784e+00
1.952217132275663403e+00
-1.972844468097123105e+00
-2.027184301279019163e+00
2.696749085114484856e+00
-1.091848305586438084e+00
1.146233018880492338e+00
-1.893333091420240422e+00
1.510863206502093270e+00
-2.225496007887129757e+00
-1.811578617748982989e+00
-8.932379476582896771e-01
2.605284031089873942e+00
-3.364739855142852676e+00
-1.240878920458424517e+00
1.265578753406635393e+00
1.962834261214327469e+00
1.382284416153479967e+00
2.509887788236970785e+00
3.125312727475304087e+00
-3.022713190906873848e-01
1.726862998478544853e+00
-3.898011761485600246e-01
1.724763812901814575e+00
-2.230722097306848895e+00
-2.597583328487905074e+00
-2.214246742553704461e+00
-2.975513705746044568e+00
-2.278003054850770148e+00
6.580044156824449431e-01
-2.197525355047656337e+00
-3.200060836760765692e+00
5.577199770816463342e-01
-2.279374222020696727e+00
1.614348164875474723e+00
-1.138247056574006599e+00
-2.432254104973994302e+00
1.477609210357448077e+00
-9.336895933514499646e-01
-3.827735293097207503e-01
9.498479803439785485e-01
-1.797095678321582568e+00
1.114765004114305569e+00
-2.331332757336016748e+00
-1.551456712139911431e+00
-7.464250999505264161e-01
-1.919532885187271720e+00
4.716666604575507904e-01
-1.177940951765841238e+00
-3.440496002884725346e+00
-1.341530226421575378e+00
8.462356307580387593e-01
-1.479777766826340102e+00
-2.657691134220964813e+00
1.819284900295436991e+00
8.360921359163917543e-01
-1.025574583540632467e+00
-2.003027213844198684e+00
2.416590598627195163e-01
-4.580682311098840387e-01
-1.854843612953698262e+00
1.268813106359587550e-01
-1.334068572492714821e-01
1.725897895497311652e+00
-5.296200557828498745e-01
1.985527478891259356e+00
2.659224390203503319e+00
-1.020095520129746802e-01
-4.668894296432357649e-01
-7.598638153971020159e-01
-8.530603781095180693e-01
1.151216382993577980e+00
2.673832341493653786e-01
5.704748837329542965e-01
5.503203814182366926e-02
1.340050228331342019e+00
7.128015548628496845e-02
1.437826541189346941e+00
-1.594909756097784737e+00
2.139571176031377142e+00
-3.175105016850565676e-02
-2.082947517976676099e+00
-1.146888143106523650e+00
1.944484996629228135e+00
-2.770726232934679345e-01
-1.508706874299295286e+00
2.080793234885894627e+00
-6.885282424299221660e-01
-3.992563310382557518e-01
-1.055261650929721462e+00
1.871638321132515159e+00
1.510379499196354836e+00
-1.777869974081185855e+00
9.359566751357490944e-01
8.490566484095491973e-01
2.479436026572803264e+00
-2.658506767280313099e-01
1.037904232144129857e+00
-1.099961299835984896e+00
1.357067657334445343e+00
-1.839236542774584926e+00
3.816664212958267299e-01
-1.981100990209695212e+00
-3.347178870268163742e+00
-4.759088415625969404e-01
1.049340478124105580e+00
-1.179352140419235084e+00
1.553069369748683037e+00
-8.944257562139892315e-01
-3.676236755977360104e-01
-1.026713919959283849e+00
6.182258782963216959e-01
-1.184076480571215839e+00
-2.386133899893574828e+00
-1.418294199231090680e+00
-1.332450966806440817e+00
-3.786005826276853448e+00
-2.222731254644472187e-02
-8.041775964289508138e-01
-8.161717846275449162e-01
7.781316834607725497e-01
-3.179520537902007060e+00
-3.570041280971754105e-01
9.318844129809153998e-01
1.003757397739625468e+00
-1.648219394090896017e+00
3.086904863888690898e-01
-3.456476068367153598e+00
1.356778930995874433e+00
-1.522261846259116425e+00
2.370575440114208732e+00
-1.309361512513256720e+00
-3.368504808220444957e-01
-2.525908787897828134e-01
-3.063400327556259128e+00
1.877472327507977212e+00
-3.770503250560441444e+00
-6.103327677350200986e-02
1.459226239507318112e+00
8.197378662015299966e-01
8.284816600566644595e-01
-1.907846963628951897e-01
1.195956264903436761e+00
7.385682171070442337e-01
9.982198383002307551e-01
-1.626509154251102096e+00
8.156823286177914412e-01
2.271771867072159168e+00
2.894008332850899201e+00
8.955884890621410577e-01
6.222393643635406590e-01
2.401918630756213702e+00
2.081009308659496071e+00
-1.668821375756917025e+00
-3.557672336480859343e-01
-3.733416862097893585e-01
3.625194810143467450e+00
2.489449090376137264e+00
7.320019508681099296e-01
2.127288632655439216e+00
2.062336873412251137e+00
-1.415816523097200630e+00
-1.128434202399821729e-01
1.364687404162289397e+00
-2.608164111619113879e+00
-1.075074044436489906e+00
-2.447837659274556987e+00
1.798718813165449681e+00
-1.753643301193683612e-01
1.139542955645785227e+00
-1.254771636935018364e+00
-1.496011214313345050e+00
2.984488061167933637e-01
-1.371598452378426369e+00
2.568967821199308332e-03
-1.816597028436417460e-01
2.114386484420741397e+00
-1.151749333827343236e+00
-2.654758430233917998e+00
-3.800357031668282648e+00
3.071543714163670558e+00
1.879935855151907198e+00
-1.332066330596695547e+00
-6.353743840541090648e-01
1.377958864675394857e+00
-2.670740043062924229e+00
-1.225509340734423525e+00
-1.128015463072189029e+00
1.639414208397971251e+00
-3.076962727498155914e-01
-1.532342613233426576e+00
3.076971134673955888e-01
6.249129148153498292e-01
2.800278053570335324e+00
1.077213010290794415e+00
6.860463077367011664e-01
-2.427567328356301513e+00
-2.801352640876238365e+00
2.300029505339518110e-01
-3.477591222160452133e-01
1.263252956257723270e+00
-1.736333299913122907e+00
-7.460716192384291290e-01
-2.189033241680729436e+00
1.995168327783112261e-01
2.025415177026537172e+00
-1.035021076558555464e-01
-1.788998948373476061e+00
1.582042385708248844e-04
2.970122304315175654e+00
9.934023606777575566e-01
-1.403938613366604748e+00
-1.207635322957198554e+00
2.554899410628966194e+00
1.461528765561707743e+00
2.223692151438148912e+00
4.635682182289100339e-01
-2.582256111347094318e-01
-2.777348734730139768e+00
1.955027002192752938e+00
-2.330716144284386004e-01
1.863396216915374382e+00
3.656973446816227380e-01
2.263512271826195743e-01
1.076417113107215329e-01
-4.656300472977044080e-01
-5.796511666094836812e-01
2.386286511664053478e+00
1.229845850821982722e+00
3.182245762546390466e+00
-1.999064417629615953e+00
-2.034455996461630001e+00
1.524888293553460450e+00
9.479217327550717442e-01
-2.861891991044283046e+00
-1.968196325553998705e+00
2.419541434361534016e+00
-9.689729748531750175e-02
1.877377279814046673e+00
1.567680015056923892e+00
-1.752906389583702484e+00
-1.015768172547684145e-01
-4.456850683044422112e-01
-1.021858916918536142e+00
-1.303094754413298251e+00
2.629577847096583376e+00
2.229250382491762217e+00
-1.225216306455175097e+00
-2.113225029570029889e+00
2.007486609539395062e-01
1.124542762304789889e+00
4.868338808268655171e-01
-3.677635488570025757e-01
2.664934329026217519e+00
-3.313469536678259164e+00
-2.301996408588529608e+00
7.346366956745864485e-02
1.159096287326608632e-01
-1.046171144036225353e+00
-3.008835147727610959e+00
-8.994976744118643452e-01
5.129790900041442114e-02
2.856640557882759168e-01
-5.303361143527975941e-01
1.053632185578128322e+00
7.823697053643607902e-01
9.907090443570085725e-01
7.147609551541300732e-02
-2.427642085001854966e+00
2.140132546409711622e+00
7.421812259293414371e-01
-2.812568269361090945e+00
-1.693893140137863185e+00
-1.062892966451867149e+00
5.198643319312896693e-01
1.842599508178182077e-01
-5.989059605676665399e-01
2.660186631380057953e+00
-2.837727358041766124e-01
-1.884366938232113764e+00
1.398025044790185412e+00
-4.451382893638360372e-01
4.310989429517118054e-01
2.633288044071711020e+00
-4.770230290145818230e-01
-9.048938846468201902e-01
-1.526346225984779537e+00
-1.286553941773427301e+00
2.193953957267259725e+00
-1.133506469241284620e+00
-1.046103572560359130e+00
-1.952421274663163064e+00
-6.362268281153866667e-01
1.825564781306150408e+00
-1.569345978883601056e+00
4.315900936930248122e-01
-1.105745345294766313e+00
-2.171976168455950429e+00
-1.283331162160524563e+00
3.378335577513693622e-01
6.484655936623511252e-01
2.998020575516910924e-01
-1.793684641463604290e+00
3.044840133029147466e-01
-5.537481219303090896e-01
1.468857016182397501e+00
1.639097865818995636e+00
9.206733939354165841e-01
1.014591925679154905e+00
-9.420132728776771103e-01
1.567620692627277101e+00
-3.642745210553677282e-02
2.611061282897740199e+00
-2.840776950976601434e+00
1.420056038287924594e+00
3.613544936739030433e-01
1.655919494515821100e+00
-8.837276260652178195e-01
-1.784590669853819200e+00
1.135940159169032349e+00
1.546293936647671785e+00
-7.642878003269775178e-01
-9.876102846375403033e-01
-3.245963098977258099e-01
2.561939568362961772e+00
3.619996426886164187e+00
1.651333550569139774e+00
2.802946458000662666e+00
-1.299843677903051109e+00
-3.126653489264811014e+00
1.856532246752276905e+00
-2.541668785203127889e+00
-3.742183123026130431e-01
2.038543573042424839e+00
1.142334489620509430e+00
3.237621998395805889e+00
-1.280671400170120044e+00
1.188179337239278155e+00
-3.014719010113818598e+00
3.214326363115880270e-01
-5.760058375913876816e-01
3.276526181883461675e+00
2.023842030894174471e+00
2.482974433775143375e+00
1.298983918359077450e+00
-1.040020789199158635e+00
-1.954738059803110772e+00
1.775589941062165167e+00
-1.730711516395385452e+00
5.630110689016305514e-01
-1.129352673064327739e+00
-1.988178912644587903e+00
1.180664862515995672e+00
2.898300963026256838e+00
-3.811615110278023799e+00
1.365609109388852715e+00
1.874071867841698769e+00
-1.249239862363134890e+00
-6.606358059375656566e-01
2.435570395446716496e+00
3.049352989927381685e+00
-2.655967640290255005e+00
-3.207120604910959294e+00
2.195078689850044285e+00
-1.460505863292538287e+00
-6.266042729479561757e-01
-1.097533552274918556e+00
-1.609144428390830939e+00
8.144313914158658463e-01
1.204822390706159041e+00
7.974254568517071817e-01
2.609768064117936603e-01
1.378142504761143528e+00
8.795856056272235435e-01
1.369128002504735875e-01
-2.430555611785107928e-01
7.594761431332592849e-01
-1.109815007035605650e+00
1.674221302025049596e+00
1.055432663437921192e+00
7.720390791516260620e-01
-6.483219714711188075e-01
-9.917491951490564617e-01
-1.673345269766564503e+00
3.955831776095939389e-01
1.626353698772070366e+00
-5.947233857481215580e-02
1.520050897889733577e+00
-5.163077979651431448e-01
1.499808071626542727e-01
-2.664099719072492878e+00
2.384910514551266125e+00
6.145103044917199497e-01
2.402043409799151874e+00
1.050885515039597706e+00
8.501831630278644525e-01
1.581812823238442967e+00
7.457165180092957257e-01
2.094943433648177589e+00
-1.633935007378137350e+00
-1.089562449343826511e+00
-1.737037056649954447e+00
2.787299200696762291e+00
5.167587725068676363e-01
-7.866486913987751350e-01
-1.611541446951082257e+00
1.466433288209490371e+00
1.871422577656023378e-02
2.984668756952904012e+00
1.893957080698833728e+00
1.878268153264588847e+00
-3.359646815995560587e+00
-8.285755082124754978e-01
-1.992496945119190954e-01
-5.185065193566487096e-01
-1.137788362022126964e+00
-2.461269976177808516e+00
9.786053908892551334e-01
-2.355946624747628171e+00
-3.395148411088131812e+00
-1.351979135178298819e+00
-2.186544642903583302e+00
1.412336993680982644e+00
-1.743317329820432526e+00
7.584910378331137792e-01
-2.601750305432594779e+00
-2.634936900009408056e+00
1.725373013825612922e+00
-5.365365135973192423e-01
1.914340097289878528e+00
2.308238487318630128e+00
-5.312019525148308219e-01
-9.781554804710257400e-01
1.891847309196549531e+00
-5.686274195162779321e-01
-3.326374278157512521e+00
-2.851286814914370638e+00
2.111788907907583557e+00
1.039631125147277402e+00
-2.477582424011782969e+00
-2.159096340401758685e+00
2.713492200756175698e+00
8.564161642762746496e-01
-2.325576041030572583e-01
5.581775485858262442e-01
-9.776246411017694982e-01
1.223006889837847666e+00
2.113102800380408652e+00
-1.913618812818426829e+00
-2.310427640547443762e+00
-9.571407865212400168e-02
-5.359185040160188152e-01
-2.376148728685367750e+00
-9.397423624346163962e-01
-1.673776325978973745e+00
2.372395350880407427e+00
2.132446097030012311e+00
-7.726442979938434874e-01
-1.461539600102534919e+00
-9.919427138278251732e-01
1.462872200166724923e+00
-3.777736796539805653e-01
-1.947190195327962670e+00
-1.452480269365414856e+00
-1.039301808348764400e+00
1.129157738148078849e-01
1.052917762375422228e+00
-1.355588345360509095e+00
1.194401731506012254e+00
8.868065755409659801e-04
-2.477430908184229175e+00
3.190547092603333468e+00
5.391995944179033273e-01
-5.472405996825706609e-01
2.661280757883968562e+00
-2.262840627300489516e+00
6.895306147956503651e-02
-2.736240279917614426e+00
1.275526496531136367e+00
2.866831810959009630e+00
-1.684196251265434263e+00
-1.751920744650336204e+00
1.487562171845651093e+00
1.815160926401122587e+00
-1.768862563449676628e+00
5.032053989579594599e-01
1.491528753336859303e+00
1.715988167846451695e+00
-1.475116951600468074e+00
-1.402464569830856433e+00
2.511326714679615435e+00
-7.240911325150918287e-01
-1.236700798038547600e+00
1.987896056332969508e-01
3.073080820377418476e+00
1.411353536766241312e+00
-1.529381562891521718e+00
2.381954711747491515e+00
1.767274078543005444e+00
1.046326063547292406e+00
-4.799951703964904226e-01
-1.009930346727706763e+00
-2.757260529717636466e+00
-9.937574616269273520e-01
3.148021370231948168e-01
8.152733605331583533e-01
5.098012969178808973e-01
1.556952555862193499e+00
-1.993871437556204995e-01
-2.292012900817117060e+00
-2.275475445098798843e+00
-6.271325833643661696e-01
-2.047231991876643509e+00
1.671148411193497552e+00
2.660243435089661546e+00
7.367885850696396233e-01
7.643841672241808993e-01
-1.010675875606361629e+00
-8.117085698146659922e-01
-1.791315402109301402e+00
-1.437581970583070579e+00
-9.071088226934680421e-01
-1.407990326510235590e-01
5.116341076428145840e-01
-9.173681897464316393e-01
3.500626458382777528e+00
-1.651407859622253671e+00
-2.809921460106856728e-01
2.381889345828124505e+00
-1.852323846802107710e+00
-3.243728528089095953e+00
7.832975313046928179e-01
-2.343930576333008720e+00
2.355213836927775972e+00
-2.771429073205506910e-01
8.773203680657468695e-01
-6.604905144340875722e-01
1.502669078721807772e+00
2.311355169554332178e+00
-1.200182092179436388e+00
-2.245528011637144772e+00
-3.467677133173019399e-02
-2.807356941651115712e+00
-2.006331470511293347e+00
1.481979380913847066e+00
2.555152197829206884e+00
1.010288563662955497e-01
1.638436088705184090e+00
-8.548335411068554990e-01
2.886997918624549797e+00
6.151708977272631884e-01
-2.398855703075497559e+00
1.201557666907559607e+00
-8.500146218052311298e-01
-6.865035895807727329e-01
6.020778395020656149e-01
-1.207539720827528473e+00
-2.679937019147482946e+00
-1.765450799373669888e+00
1.379486996168182600e+00
5.823336863228103510e-01
2.343855991036702946e-01
2.464957544199323891e+00
-8.791545131380500422e-01
3.265558900226693595e+00
-3.359286884701173648e-01
-1.587361248675109859e+00
-1.049316325220814861e+00
1.194789813326762484e+00
-1.023866579645134056e+00
8.778482031311396483e-01
3.790862077925707396e-01
-2.023709857453949823e+00
2.599075341527123939e-01
1.347549882820496592e+00
-2.091640460703731996e+00
1.259287984054887843e+00
1.851969956542129481e+00
-1.721097588355985586e+00
2.096296518461675973e+00
1.389211223391971117e+00
-2.633564869822245136e+00
3.561736461955920419e+00
-5.882910746703959859e-01
-3.229177129500270027e+00
-9.745733680696000434e-01
2.663241720949471869e-01
1.491492237443203805e-01
-4.191203225760276041e-03
-1.333688356357891625e+00
-1.874934927799198459e+00
4.835054276290957631e-01
1.208321031533778900e+00
1.772415887983140870e+00
1.069069269168574365e-01
1.117109880361582874e+00
