4.441000660769911512e-01
4.949472773948065951e-01
3.253697483154294190e-02
6.675051838311683028e-01
6.892347958910889361e-01
-1.552603909723080378e-01
-6.158659080858246426e-01
-1.225992382997862506e-01
2.190342656329953286e-01
5.281753725002635846e-01
-7.391111141146842201e-01
1.359339335718257047e-01
-5.208613156166101987e-01
1.999000257025578264e-01
-2.172741768918564631e-01
-3.502232698813037004e-01
-2.648867481836862936e-01
-3.913507834623981552e-01
5.564291240474794620e-02
-4.846216958441971201e-01
4.709786765210832726e-02
3.246740659151505781e-01
7.745220577513798332e-01
8.102073309589545858e-01
1.256802648455064286e-01
2.165701307192140490e-01
6.552242486222681350e-01
8.648567209284463431e-01
6.730779098277306360e-01
1.970686738610947231e-01
5.510669471356504090e-01
2.746663757787306537e-01
3.179527035535878454e-01
3.923156019146940565e-01
-5.972973441547644313e-01
-5.243135432761185655e-01
6.835051821582869280e-01
1.335259602306049231e-01
-4.786800948335532269e-01
3.281297417088744339e-01
2.650075875622341925e-01
4.155100157355029467e-02
1.525446048234080365e-02
3.453855972834949384e-01
2.810298816589291704e-01
-3.939716048414183547e-01
3.553994427750106766e-01
4.064628817379158932e-01
-1.075684129348353224e-02
-6.427803752936709358e-01
2.329159987183881952e-02
-8.298555039243717957e-01
-2.001690318344628849e-02
2.154154632763258803e-01
1.271608432615440876e-01
1.799770981704664763e-01
-3.377690649374631704e-02
-2.905640908236435394e-01
-7.108840924893353730e-01
-5.169124187704667861e-01
-5.417741129561317592e-01
3.813133046995140774e-01
6.351303381673956139e-01
-2.069101132488135875e-01
2.799574108158973118e-01
4.135235561070444987e-01
5.319671769700420327e-01
-3.258013761728157931e-01
5.842460199190213643e-02
-1.033149924076894877e-01
-2.678577840889415640e-01
5.710043722871382954e-02
-4.578899764685928631e-02
5.400575643632166134e-01
-3.669156701304530088e-01
7.403366744347570361e-01
-4.277934199384443303e-01
-2.972923202268749066e-01
-8.389110082056916440e-02
2.213115249300319221e-01
5.183572590952278958e-01
2.340852158561297358e-01
4.339327126710754712e-01
-3.972145101141588697e-01
4.406647545987985026e-01
-5.360785395355662786e-01
-5.506330747816496896e-01
1.026711600792538093e-01
1.240245622034299444e-01
-1.103264775418058008e-01
1.195040245398413248e-01
-1.016215370976426335e+00
-3.439393329221083206e-01
3.466653667302850295e-01
-6.547913153517335161e-01
1.845062547119180607e-01
5.888070445583304391e-01
1.579567151629657218e-02
8.522299543733939942e-01
-4.181045213796510396e-01
-9.352023694226998529e-01
-5.657668312531365373e-01
-6.348356034226290134e-01
9.319670475262498144e-03
-2.184719689718388480e-01
2.133418596184490923e-01
-5.502514842703387643e-01
5.230262012102269154e-01
-2.710097326620504177e-01
2.323994296612310606e-01
1.332934370558724879e-01
8.096347547038238446e-01
1.475889001284924618e-01
4.052363191883046056e-02
6.871044025749553086e-01
-2.484866914627081869e-01
-2.968652848132364852e-01
1.392409298497554460e-02
-2.099717834196503929e-01
-1.821582413618934027e-01
2.317789234189540082e-01
-3.318117521384120749e-01
6.542668848331656406e-01
-1.361703560918074984e-01
2.592924506580196464e-02
-1.064004376053082623e-01
-7.360320573090639584e-02
5.004366797394084188e-01
2.612651123477949255e-02
-7.841963662284188175e-01
-5.141958241511632721e-01
1.463306130605790401e-01
7.258940259700317199e-01
2.554320677325270239e-01
-1.268140661766814503e-02
2.605514521606604461e-01
1.853696956271368990e-01
2.839920087251766034e-01
1.757981311314438244e-02
7.620164173398613627e-01
6.325300012380550285e-01
1.154275500523462838e-01
-2.040685605006764547e-01
7.629580766316879092e-01
3.484389441136812593e-01
3.003542891509258794e-01
-7.705306823369797442e-01
2.577899504564182820e-01
-3.581612959436455412e-01
4.429416915235684371e-02
1.944183671884314180e-01
7.114303954783363082e-01
-7.949016627684564185e-01
1.015643500416612000e-01
8.501794247646188296e-02
-2.958819433995145687e-01
4.071369535900455361e-01
-4.248923237421289301e-01
-4.963265227659272583e-01
-2.824752685448617129e-01
1.056222064641563207e-01
2.356145165354206483e-01
1.895430103695048274e-01
2.537848492913763465e-01
3.094105959303936615e-01
1.611006990542893647e-01
-9.185913077781844294e-01
2.159776794122345578e-01
6.353603388683346509e-01
9.868410992374805346e-01
-7.030364391597743179e-02
1.000794827741948723e-01
-8.571669384039140027e-01
-1.923322323783507315e-01
-9.845491523334359840e-03
-4.202241326158508983e-01
9.752332029751524800e-01
2.902176123098465510e-01
5.720841606071269680e-01
-4.597869238816993942e-01
3.856563106881427672e-02
2.727861442706167594e-01
-2.815151663164572327e-01
-5.583025625088300359e-02
-1.569879316885796072e-01
5.296456085395631064e-01
-5.688524743680920537e-01
9.690885231849755144e-02
3.039278274820311765e-03
4.688236878675331454e-01
-1.648416356776678526e-01
-4.764688893796495961e-01
3.484440169979974300e-01
-7.274990977837507700e-01
-3.788863853008725968e-01
-4.567460159938887543e-01
7.766649934282332524e-01
4.739702479796683576e-01
6.158689448030258973e-01
-7.172992813486986918e-01
-1.520846648648381816e-01
6.864509179680036155e-01
-6.006824122318477066e-02
2.618552713626058903e-01
-3.189619734614774771e-01
3.900254685297666057e-01
-4.167727720389722279e-01
1.326597901738608698e-01
6.897471915314392632e-01
3.564628490605965538e-01
-1.872674270873906366e-01
8.148259279229987939e-01
-3.836953565143650380e-01
7.122198165700002193e-01
1.811766621456323278e-01
4.002403315563629604e-01
4.331039415049398045e-01
4.340285974972735161e-01
-8.398136531897870682e-01
-1.604217760484951683e-01
-3.072465993384767557e-01
-5.226137505515717763e-01
8.245214516795584814e-02
6.899331292289536677e-01
-8.353295349794533919e-01
-3.932113869154214569e-01
4.948811454003809729e-02
3.189024880931903283e-01
1.404675642258768065e-01
3.522638185869686467e-01
3.840005041284051401e-01
3.524834843549680130e-01
1.118782815828396338e-01
2.985636910200417660e-01
1.648144311486001712e-01
1.919046102482324656e-01
3.391634784804935521e-01
-2.114069679152947856e-01
-3.559026283970769811e-01
-1.000510776799270474e-01
-3.391532576112412656e-01
1.999339753812723330e-01
-2.994802347381329000e-01
8.641432838498630531e-02
6.360346137558341439e-01
8.689053959879196043e-01
-2.798789389263411920e-02
-1.163878030924090368e-01
-1.753709829989293922e-01
-1.669547213478965730e-01
-8.436245260900507859e-01
2.809419141832636413e-01
2.727458363393022722e-01
-1.552887094464487916e-01
3.694842759876504346e-01
4.401939252416040560e-01
-4.241578020428633522e-01
6.440865971304532422e-01
4.265447343421158166e-03
-4.180328939068367333e-02
1.521537570610753676e-01
1.903992539086720726e-01
3.340554645226543329e-01
-5.227723314479337802e-01
-1.013597910153691384e+00
-1.393710040708464604e-01
-3.016262087098837696e-01
8.063339366825239551e-03
-2.516937815796005395e-02
4.819601578368768457e-01
-8.349627274845055069e-01
8.400645023079809093e-01
-8.003920408654083829e-01
-6.382239616109890434e-01
-4.628992134550689030e-01
-3.690961252069238085e-01
-4.686404106048414064e-02
-4.154557875061071215e-01
4.754634475357377710e-02
6.265438851749411953e-01
-6.234928370191612501e-01
2.978698782556001845e-01
4.476511181070108591e-01
-6.692488150255924140e-01
8.284516540780710869e-01
2.515677684611441478e-01
5.851178914492791705e-01
5.612379725586400525e-01
6.512658849734282995e-01
-6.152386501775168881e-01
3.241808474453762301e-01
9.005123084707733483e-02
5.479783177816379691e-01
3.983101360976526450e-02
2.705007180343352857e-01
-5.005357619588171048e-01
6.801436978091244256e-01
4.316502026364332778e-02
-7.812658086072321595e-02
-5.740223993120538992e-01
5.651923413898281012e-01
-1.542325326375166838e-01
-1.014444279515771541e-01
-2.492686527535257213e-01
-7.421258441667371031e-01
-4.395342944232698557e-01
-2.291438658317517252e-01
1.107495944733134507e-01
9.525185019469617487e-02
1.022907524428884329e-01
8.811542865377752776e-02
-9.974830446336557799e-02
-2.226995440053034514e-01
-5.119223822486649311e-01
-4.866748330144137213e-01
-6.396233263553234849e-01
-4.920454999551848729e-01
-8.356990785487647955e-01
5.820455770088877046e-01
3.782507756898612072e-01
-5.412670602003899489e-03
4.503165795097157087e-01
6.413474065743232089e-01
-4.081654365799902706e-02
1.922117552872055768e-01
-2.635212174080745484e-01
6.821985116513413772e-01
-9.269169957597895859e-01
-6.826073124436415895e-02
-3.085138725291365347e-01
5.776662869499098463e-01
-3.314469528678092303e-01
5.529643824813357256e-01
-4.865545916364979462e-01
-1.828897536390172718e-01
1.645424616660928763e-02
1.288663892109056519e-01
-1.001101292905559603e-01
-7.094952475905902389e-01
-4.914691511807864899e-01
2.777180074461007564e-01
-6.834101363651328143e-01
-7.965709423930524835e-01
-1.307247596149432312e-01
4.539611888927801431e-01
-4.461991526880613179e-01
-3.845048353623496951e-01
2.233400148239805816e-01
4.537825939822059951e-01
-3.302420744640359729e-01
1.100899374268263564e+00
9.385587859118693643e-02
-4.534444702791864401e-01
4.212442392930739743e-01
-2.019125496308022960e-01
4.634871660146053785e-01
-4.226216027316089807e-01
-4.355357942542958938e-02
-7.326883348890760317e-01
6.631611006837019318e-01
-3.467007298701165752e-01
-8.088502237472905421e-02
3.938759113965950576e-01
-1.915368357524718235e-01
1.054175038072999726e-01
-7.068842526205934007e-01
2.673706724054252248e-01
7.101808650603214090e-01
-3.624320790915280810e-01
3.445878049135853161e-02
8.664091065341805731e-01
-2.868611047717131157e-01
8.179791760323045224e-01
7.915387736951364772e-01
-1.490666053012112968e-02
-7.459821448405801192e-02
5.596253373887369875e-01
-5.403424383315558188e-01
6.720380779065227017e-02
1.229039392307562650e-03
-2.217993750189091173e-01
-3.364223191056181506e-01
-2.668404759051075104e-01
5.107686856384674456e-01
7.239099387967939947e-01
4.739527034004247241e-01
1.228939502272012874e-01
5.647692620652753348e-01
2.577079394213708241e-01
-5.671447268923310858e-01
-3.506669607393089194e-01
6.219631556318692134e-01
-5.363601216617199796e-01
-2.223966236481622616e-02
-3.102868522941912843e-01
-3.641871693139426824e-01
2.306621511517192857e-01
-6.483936432059431709e-01
2.375107730897987324e-01
2.715479071427466806e-01
-1.971587683332609586e-01
-6.084148551909258629e-01
4.756773046081788081e-01
2.153914751116348114e-01
9.714511006841348717e-01
3.842386678619602591e-01
5.587071946606876338e-01
7.237979696844876187e-01
-6.936999821869243021e-01
6.534491937347741697e-01
1.997063258202835812e-02
3.283599980943598950e-01
-4.974320817568766984e-02
4.395323328790130546e-01
-4.747994565455133653e-01
-3.840667523841121422e-01
5.308901441905078400e-01
3.215123085097744138e-01
-1.042268727699235953e-01
-2.933295572611420710e-01
-1.073735165974785133e-01
8.988618210296372979e-02
2.327938474982254036e-01
1.332515782624090761e-01
-3.435217202932250302e-01
1.619908887543566323e-01
-2.218288123566196646e-01
9.662658726986528279e-02
4.165669493690158376e-01
-8.451499572451330877e-01
-4.678870499626066604e-01
-6.099468927418421060e-01
-3.634086030657588395e-01
3.201012574009176603e-03
3.702580788298597270e-01
-2.271682380913926380e-01
-1.782456048991143405e-02
-6.499813770060720586e-01
-8.443942518385769702e-01
2.548397029225029087e-01
-7.436489761188864733e-01
-6.612294370314604208e-01
-2.049408852805658654e-01
-2.353250242895121858e-02
4.118967771146442303e-01
6.306325216046992921e-02
1.469873196561524153e-01
-3.684857196438615645e-01
-3.410471045362273301e-01
1.812596756534272657e-01
-5.199633931055629432e-01
9.259898800845522970e-02
2.400858197466746446e-01
7.734031751745007455e-02
8.192121392094575683e-01
-8.596344094815311365e-02
-2.831762644723330169e-01
-1.431059086408614789e-01
3.060253956534548792e-01
9.398992016160860885e-01
-1.048636537942897462e-01
1.225665423829322975e-01
-1.886419515167592209e-01
-6.824337268315430194e-01
1.256587604134953295e-01
8.322795274025107659e-02
5.617551109223706263e-01
-5.993841717585191020e-02
4.784293826991312670e-01
-6.913466527842571097e-01
8.319747032728983527e-01
9.990048781542517631e-01
2.964266122176244522e-01
-3.544090413005918094e-01
-1.320687171016778905e-01
-1.805936251406334847e-01
7.177627806984254732e-01
7.300985953439287357e-02
8.469953198400137495e-02
-4.989226873435477216e-01
2.122526534866873149e-01
4.494419074754709698e-01
6.968385189071142349e-01
-4.681521588558048563e-01
3.899301683981981625e-02
7.804957645342200934e-01
-3.888071274706579317e-01
-1.643104945825992758e-01
5.129062499415297793e-01
5.484196782364536560e-01
-5.705767704711526278e-01
7.121316863516113926e-02
3.236658260987015368e-01
2.197339955690456037e-01
-2.669369354685446893e-01
-4.136964670178535641e-01
1.417158037284966809e-01
3.592548555258714416e-01
-5.374810582804210313e-01
-3.745344739115656907e-01
4.270385174244060167e-01
3.694619924021065316e-01
1.986620979769764261e-01
3.291481807944096616e-01
-2.828714869009072430e-01
8.580369246175969522e-01
-3.066596472108829019e-01
2.870722666100089526e-01
7.283626705344765639e-01
7.808414442656053112e-01
6.478365720355618862e-01
-6.267150788086501834e-01
9.471662702177043869e-01
1.890346875821116157e-01
3.281780023510627586e-01
-3.680346102309783873e-01
2.822801409629658309e-01
-6.921480427838577754e-02
2.209264879818064742e-01
-7.301880861885257090e-01
-1.582866374688469691e-01
-2.259591493342796298e-01
3.834389828678048673e-01
4.151806580905503807e-02
1.340324679001634323e-01
6.058601376217209733e-01
-2.060850523671300394e-01
3.362720812751422983e-01
1.011984990947398799e-01
1.049557909258638233e-01
-1.704810994138270530e-01
2.172304657111308046e-01
8.067968098270750232e-01
-8.393531793137301023e-01
-4.894064610627157919e-02
-1.464930344795343231e-01
5.966274286126971305e-02
2.768264005880620715e-01
9.322916841654116382e-02
1.517201443433071617e-01
8.439400845530151685e-01
6.948586885118235301e-01
4.671844881923075121e-01
3.156760381675312033e-01
1.912109603519427381e-01
-2.113545947367958533e-01
5.443542379856083357e-01
-6.415692413006857109e-01
3.899821579208939681e-02
6.857952188340910027e-02
-3.652478872843207824e-01
1.052724838687701947e-02
1.782440815907140319e-01
-4.137905661552396808e-01
1.220780191939532244e-01
5.440742078731890530e-01
-4.526097566287941021e-01
-2.090938863603044595e-01
4.586993217077806051e-01
8.360316116326060865e-02
-3.364278426537108402e-01
-3.275116619124407435e-02
3.515252926305176828e-01
2.923868765517676493e-01
4.911229940962886786e-01
-1.479538406157407948e-01
-6.559935262285367941e-01
2.527630528774800212e-01
-4.232891241797709370e-01
-4.533540084033376161e-01
5.284227318572343179e-01
3.122738063212215920e-01
-9.083770337958121388e-01
2.865980403147965205e-01
9.131791531423596453e-01
6.275693903827210818e-01
2.918416124458778071e-01
8.962094295782785380e-01
-3.459385797450931221e-01
-3.844070919868327607e-01
4.568044731991003360e-01
-2.783393593125431664e-01
3.057378567530211200e-01
1.621736821010397733e-01
3.517430169574877752e-01
-4.153356462791490955e-01
-4.284910043115397471e-01
6.080861111227742200e-01
7.165114793635574131e-02
-5.032288099697659334e-01
-1.805105864449494391e-01
-6.915105954483093953e-01
-1.250929460377898650e-01
-4.024549375891348646e-01
-7.355053934408575245e-01
4.288273893400091907e-01
7.262449193996012298e-01
-4.229415145947630350e-01
-8.458850325750786325e-01
4.920900822982847700e-01
-1.000655956742346753e+00
-5.083263255984951101e-01
6.016742990823331638e-03
4.603206736524887432e-01
-6.561456530783011942e-01
5.850877012093036456e-02
-2.657872368469318403e-01
9.607087957604809603e-01
2.962972323858528156e-01
-6.004975630475861692e-03
-8.213169539362432658e-01
1.902251267979213623e-01
-3.136169701850164415e-01
7.717491971417000940e-02
6.987094767089638836e-01
1.681333398950144442e-01
2.465892909302267455e-01
4.936202641190483575e-01
6.619083627303776751e-01
-2.138102732106954562e-01
2.545887655969458763e-01
2.978926204154506152e-01
8.843729532333011178e-02
9.692167653035177466e-02
-7.052955518806456325e-01
-5.569442113730174171e-01
-5.605272184054559403e-01
4.932709255339613463e-01
3.655464421291139132e-01
-2.443419527636070399e-01
-5.514957913469711315e-01
3.733267540879534607e-01
5.054884769152492296e-01
1.632379783201942658e-01
-5.306305444374448399e-01
1.775103314751422801e-01
5.091232414028006303e-01
2.789187385067393166e-01
-7.525194624227191653e-01
-1.458139962585249805e-01
2.310070160496469072e-01
1.319513934900582441e-01
9.166897368884630026e-02
-3.857288633372615294e-01
2.260172856669937502e-01
-6.344897246477412267e-01
4.473727786518821858e-01
-1.603280821536090528e-01
-6.265791631620061253e-01
-9.256922111438559142e-02
-8.932893684479914498e-03
-5.030561124101762260e-01
-3.366486677975428776e-01
-2.840661061581171154e-01
5.650196309986093013e-01
5.397915755099536028e-02
8.252643634491665381e-01
7.218130373472000372e-01
2.412498323732625849e-01
7.541668470533835489e-02
1.013284965915667080e+00
5.872399932642711207e-01
3.654894754816506719e-02
-1.373112314285744873e-01
9.387577540717142455e-01
5.405515202366339977e-01
-4.474718622239368671e-01
6.733761341786292931e-01
4.245680115993097914e-01
-3.665287175809215370e-01
6.476760224996516158e-01
-9.230717084090400704e-02
-5.696709612191162009e-01
-9.230127138847254997e-01
-6.203559614425149249e-01
-3.471367194496171038e-01
-3.986264120218754314e-01
6.876351393789237321e-01
1.916745199750380380e-02
-4.025639247278416377e-01
3.123591539246559634e-01
-4.883001432547882104e-01
-9.901732673574681343e-02
1.653845153467878859e-01
1.178800048737222994e-01
4.318528508687897727e-01
-6.082573642159161409e-02
-3.077289088724848298e-01
4.522658627422169175e-01
4.347024271161448183e-01
-3.128029524466136024e-01
-3.573896080899707783e-01
3.626838370109632947e-01
-3.819429758745442882e-01
-3.721550390739807312e-01
3.296930946279195140e-01
8.981559317438092549e-01
3.559385612161527490e-01
-2.312269376483335748e-01
8.294082911135847169e-01
-4.020909321528067792e-01
4.192924468860219633e-01
4.118577681546744529e-01
1.031888627752923782e+00
-3.988271554613849190e-01
-2.468182687300419786e-01
-6.039300208047180263e-01
2.076167862751541193e-01
-1.286532374211697416e-01
-5.176099210428439790e-01
-3.032789687088417452e-01
2.203783972531319080e-01
-3.926375422300854012e-01
-5.124108974660863680e-01
-4.432917844507233696e-01
-5.266347828816524412e-01
-2.701283914493046723e-02
2.873172791543794347e-01
-5.405222017536388535e-01
-3.519700161738832378e-01
-2.344284482321690177e-01
2.050234515226803111e-01
-1.288803231473192312e-01
3.908470316712309156e-01
-6.610640893431627418e-01
3.244923552443701453e-02
7.611510513479462503e-01
-1.665917648985617561e-01
1.268624165565412909e-02
-4.899422718098733753e-04
1.582099443108733183e-01
-4.562603092261552362e-01
1.003809224028060498e-01
1.409293789743735204e-01
-4.328699125512516233e-01
-2.463738334483265291e-01
-1.124842122816147594e-01
4.281045926749538211e-01
3.270901776791799165e-01
5.604352676025925462e-02
-3.867618111402846282e-01
-5.425487117492631128e-01
-6.815922385600341471e-01
-3.345151914902642076e-01
-9.608994668559223129e-02
1.177349688586524223e-01
-2.806439037252497215e-01
3.688745298069147083e-01
-6.639725006664116691e-01
3.870578573374539033e-01
5.191956461193996120e-01
-1.485122528122531094e-01
4.939242630866846895e-02
-7.908571401205506390e-01
6.622987930159300873e-01
-1.561774730992029347e-01
-6.543005207306453741e-01
3.318552202711719801e-01
-3.671312473867880399e-01
8.685221649993426496e-01
-7.967102367063372270e-02
7.263662511235953190e-01
-6.791379911286083981e-01
3.978204143585619690e-01
-5.455846874864951346e-01
1.656765553510650690e-01
7.873870276660754897e-01
-1.992665856826114634e-02
-1.591706786655979755e-01
4.642882206433407433e-01
-5.010548873485953791e-01
4.741722468112810063e-01
5.151900965161004819e-01
-2.377932447180874931e-02
3.594851424382952132e-01
-3.476009344164419090e-01
2.035713268812067156e-01
-2.238593270045861061e-01
1.347322752985489203e-01
-1.164920556693589404e-01
-4.464072065827640046e-02
1.750457221293499899e-01
-2.685911903634705666e-01
-1.903742732237558855e-01
7.900713908116863138e-01
2.482036100405506929e-01
3.293468628311035928e-01
6.878683695122678188e-01
-2.958891502774791959e-01
5.355157057758397343e-01
5.695457261674974347e-01
-4.103376311972972701e-02
1.437858793325261786e-01
9.780596949765474335e-02
7.822552373114577406e-01
2.483851596059007960e-01
2.728330541246357654e-01
4.083897100072864106e-01
-5.801421376016140385e-01
-1.371629643453795566e-01
-1.242930787099432166e-01
-4.992831910929869110e-01
5.882272695951229480e-02
-6.822000597608539607e-01
-7.196079928173935158e-01
-5.460747350240886533e-01
5.585472375018385449e-01
-5.305700264035744240e-01
5.122443908510483368e-01
1.457849082527085116e-01
-3.647368191252446934e-01
1.203150081081405531e-01
-5.677920509370544266e-01
7.625264098674122693e-02
-1.379944941384927404e-01
3.836601410440652060e-01
-4.781085980206531971e-01
-4.469601126665345703e-02
-1.532817397464629749e-01
-9.794239244381852671e-02
-9.984317413465699786e-01
-9.533721583726428861e-02
3.557450836839128883e-01
2.075421725710562271e-01
1.353190462986875175e-01
1.560952839656479796e-01
5.041751554259334966e-01
8.340322718776960187e-02
-1.328890195827963083e-01
2.543841566372320173e-01
-1.038433960331239803e-01
5.907761106805846651e-01
4.639238395489364564e-02
1.814369993360243072e-01
1.433660077194147675e-01
6.498125014165623270e-01
-4.224291553815255895e-01
-5.950795972925160271e-02
5.390078764226959862e-01
-3.246209952424647938e-01
6.505984171618885981e-01
2.902552091232823983e-01
-9.837319576749248284e-02
4.816000482068787392e-01
-5.042963541779421632e-01
-5.782266199367667170e-01
6.827255254732147449e-01
-2.708998852659592060e-01
-7.694470988331669759e-02
-4.631495609915008416e-01
3.975217730241551450e-01
-7.002443109373759356e-01
-6.821673595911024179e-01
1.302242242870939037e-01
-2.969532755277217717e-01
-4.158898476050501003e-01
-8.082012503803159831e-02
4.320611091296573392e-01
7.110943425514371086e-01
8.038286449284424151e-01
-1.641678916838777980e-01
4.205853424993613032e-01
7.136195819726687262e-03
2.419669175800533978e-01
-4.859748908150143265e-01
-2.058893852449337203e-01
5.369609639547441304e-01
6.931614943044177579e-01
2.007348389491152574e-01
-8.475778334858423690e-01
-5.189941435116720569e-01
3.573810813889100046e-02
-5.811961472407638496e-01
5.886857784064316590e-01
-1.181702313576060703e-03
2.000184647787417447e-02
1.704138938633992240e-01
-4.500619749891905386e-01
9.263624821507923102e-01
-4.110699053033766148e-01
1.771673164618983165e-01
-6.242707326771661513e-01
-3.708380806938382790e-02
4.989466145909258188e-01
4.236309202148920150e-01
2.477247736245207221e-01
5.919813837351375341e-01
2.652406490935979022e-01
-2.581402549877029884e-01
-5.228427522495238122e-02
3.700961169914567250e-01
3.335832543252017501e-01
-4.990173832338502535e-01
2.192987367876328975e-01
-1.220372867827901331e-02
4.733882575120382796e-01
3.002640421521185488e-02
-8.643979182741556855e-02
-1.681764595002031015e-01
1.803196150011583399e-01
-5.149249809140856726e-01
4.021229886032884338e-01
1.012405809069925056e-01
5.376871348575082976e-01
-6.887772483201572982e-01
7.802309445239918873e-01
1.037056662793344408e+00
-9.833704318374802966e-02
-3.725867390332746609e-01
-7.835925243254671102e-02
-3.716976834374889904e-01
-9.193919452936425429e-01
3.945704046303717405e-01
-7.270695549726289286e-01
-1.357477976080350146e-01
1.597020417317818186e-02
-2.038916867301914237e-01
2.567683984666171426e-01
2.899608332705199132e-01
-3.967726769512118778e-01
-6.540066811401992197e-01
6.113888439598378355e-01
5.234569956726193851e-01
3.156617575183409130e-01
4.903052614115619434e-01
-7.639713138347969945e-01
2.784796064369885471e-01
1.454533958210637579e-01
-4.430202955511619578e-01
-3.478277833609766390e-01
3.731507462263694563e-01
-8.121235080061808276e-01
-2.443736704413055350e-01
5.625750390133106293e-01
8.940897757856731687e-01
-5.781484221060058104e-01
3.093552332916660319e-01
-2.474779083614784270e-01
-8.110000223861923985e-01
-1.146792142401569237e-01
-2.342735340286541401e-01
3.983121902135202674e-01
6.443247941152030478e-02
-1.273793729813732512e-02
-3.248797166197014974e-02
-3.377925128615286710e-01
1.142631165510232805e-01
1.637023577251266460e-01
-7.335956548899078555e-01
-1.829781175838123275e-01
2.562781480558573577e-01
-4.015673983355707577e-01
3.823593034097321208e-01
-2.260644937997753345e-01
-1.415327389725558049e-01
-7.495077612819596169e-01
-6.681081031939672954e-02
6.404710234218526921e-01
-7.897380449246726997e-01
-1.376771864111416832e-01
3.081293605469426211e-02
-1.703862127742192811e-01
3.167998718488984622e-01
-4.847523806090610066e-01
4.009512689623715431e-01
-4.703200277181993627e-01
-1.098675631965901900e-01
5.969495446292576446e-01
1.642364275184347022e-01
-8.892872872141577290e-02
1.400869010532401759e-01
-3.058894314817663940e-01
4.298346501464429537e-01
-8.112829303774029555e-01
-3.487960337467796990e-01
-3.915963077593005437e-01
-4.730048030002906856e-01
8.062574464014673481e-01
-6.130347054593023870e-01
7.449199792139546972e-01
2.630707186961034338e-01
-5.879844062964316720e-01
-1.125864836060816998e-01
5.124064531332610528e-01
1.279052346838049914e-02
-6.176544488492243801e-01
4.077408026044597733e-01
8.460382842731082320e-01
-4.668879355931236930e-01
4.216215143165671364e-01
-4.685135593844176327e-01
-9.790188585614991723e-01
-1.295699261065053065e-02
-4.900994702583787443e-01
-6.641601690406861991e-02
-5.474805905186919119e-01
5.213729970494576094e-01
6.282477532643317986e-01
2.555748200569460948e-01
-2.036388920889340426e-01
4.661270313029177714e-01
7.939482094901073594e-02
-2.456515950572466522e-01
2.322807027986328876e-02
4.422402001216543255e-01
-4.680708626211966816e-01
-7.616515971491608639e-01
5.193154182306791711e-02
9.825442249872189393e-01
1.436522898290268913e-01
5.731263744495933565e-01
5.117924607701329620e-02
-2.771576768979038263e-01
8.617628339016327743e-01
-2.284209132384864560e-01
-1.062268548241123156e-01
1.596245198944821198e-01
2.622028450800737431e-01
-6.219083203440964880e-01
-6.868128790228320568e-01
-1.440046645192261110e-03
-5.689491164760118735e-01
9.724731432871438486e-01
3.343054793910127387e-01
-3.123652632464422041e-01
3.830284296944075351e-01
3.949967934251139567e-01
-9.481366660101109289e-02
-4.473959604499544440e-02
-8.729202262833020143e-01
-3.716286124722865125e-01
3.194455612360025398e-01
4.352017778432699657e-01
2.890044943339020733e-02
-9.257336428285984908e-01
-2.800772490906657808e-01
3.930785289557725548e-01
4.965308859348036563e-01
-7.662795566629831967e-01
-4.932672805461049137e-01
4.809112635368535393e-01
-6.076652309301824317e-01
-1.349854418415503687e-01
6.098437105521972157e-01
-4.806393807812128216e-01
5.464919522079227931e-01
-2.473272862336708400e-01
1.678854306512720385e-01
2.678480307857959986e-01
-9.377119894083847385e-01
8.719950951121893112e-01
4.946670716189451866e-01
-1.080824554126271764e-01
3.413393784038651901e-01
-5.117318789754152775e-01
7.348067649570220183e-01
-7.465407279151863307e-01
-2.347234090261007822e-01
-3.362821168893965762e-01
-2.788706439492987244e-01
3.139918054809118786e-01
5.275114132320624094e-02
1.247182277264959893e-01
1.998659750517193245e-01
2.824374016562982703e-01
5.786498074684409687e-02
4.335057010650995579e-01
-5.336163270651725909e-01
6.940787793866673994e-01
4.116081047321564768e-01
1.680094479672256114e-01
-5.365140954204008494e-01
4.491604701456051174e-01
4.713176869792876644e-01
-4.283227731696710450e-01
2.856684276907683895e-01
-6.345373499989550581e-01
8.177869027000994606e-02
-1.025934420392160096e+00
7.443150168214440754e-01
1.568688520375562945e-01
-2.559964770817453328e-01
1.785913169109898391e-01
-6.709804130427619029e-01
4.663644694671100766e-01
9.049739979889537267e-02
6.406826125362066193e-01
-1.625811126552756392e-01
-2.830782522305774762e-01
1.975486599801721255e-01
-4.828515178988102008e-01
4.674320107152301063e-01
3.728792705009027486e-01
5.477418126888542460e-01
7.410622161449431644e-01
1.720417932562643415e-01
3.957309818228358367e-01
6.673780571382250670e-01
-7.923182910340909046e-01
6.708709090686948429e-01
5.958863945511261306e-01
9.191651372475462267e-05
4.419947133941555251e-01
1.796953271475754121e-02
-8.438291112300078112e-02
-1.502229448040193205e-01
-3.202804849644333984e-01
-4.685718441302455517e-02
3.499515224914206968e-01
5.311200075353266215e-01
5.449464859179897758e-01
-3.879462783543372595e-01
1.955684758046505323e-02
-5.070580611007864391e-01
4.516294401491993682e-01
-1.131084237672288495e-01
3.905923308573369113e-01
-1.434094729356409914e-01
3.974583969742759848e-01
2.612941700653204080e-01
-4.602984447988367478e-01
-3.681515154479155782e-01
-7.311057769080573365e-01
5.459709347384347211e-01
1.957987174345454662e-01
-8.767278958147706192e-02
-2.587261367171596049e-01
-5.544164765819914464e-02
8.279899915389190568e-01
4.215035959600932358e-02
-4.962576226952393199e-01
3.972835924321307388e-01
-4.446515270578013101e-01
9.417340849525954738e-01
4.334832474675698322e-01
2.697137531915156927e-01
-2.574259432841792261e-01
-1.420247704187485027e-01
1.015700396379797255e+00
-4.279338438320126059e-01
3.086186201244096594e-01
3.141816401175736573e-01
-3.503227522751757306e-01
4.060449715043601415e-01
5.680635298321456972e-01
-7.375701379714350026e-02
4.652176179219535967e-01
1.264985109183101031e-01
6.900702707197323704e-01
2.620437231206818041e-01
-1.347377515312473406e-01
3.726544647237863828e-01
-5.678788314711074037e-01
2.470021129433295215e-01
-5.817963384656721360e-02
5.275999926439194354e-01
8.632239552173537334e-02
-7.631779210885367704e-01
-2.490339907323395607e-01
-6.405183323014558283e-01
-3.922715365341993277e-01
2.178842409759438326e-01
4.072275022943916412e-02
1.496724995692755300e-02
2.966607576771025379e-01
-1.818990637711692671e-01
2.149640578487410636e-01
5.661684652261644857e-01
2.862979230987114931e-01
3.000319174792753785e-01
3.383463593648219359e-01
-1.315789291228615099e-01
-6.201480277676028052e-01
5.763113884541848364e-02
-2.737039588034848592e-01
-5.070333341152881701e-01
5.494213634192712803e-01
-1.869787785204151120e-01
-4.168692734499881425e-01
-4.676703430746265155e-02
3.137465792702931466e-01
-4.139252368232524404e-01
2.291544140488426251e-01
-4.908675893369540688e-01
-2.690857961299277790e-01
2.087809529045312473e-01
-7.091364812603853096e-01
7.354037080931128401e-01
-2.929726060513564434e-01
6.683791625995540997e-01
-7.972146907913959524e-01
-2.561820289414278307e-01
4.027339833833742944e-01
1.645064071715607312e-01
1.292728502595430484e-03
2.103274630857656646e-01
-6.633969645170223473e-01
-9.097656158814526606e-02
5.693236402349732828e-02
-3.982450322489761163e-02
-3.303695210374257840e-02
7.643095100419872168e-01
1.202353068302608463e-01
5.428082834356828812e-01
6.107608759932379172e-01
2.743368466318951704e-01
-3.766417451480474909e-01
-4.267753005496883745e-01
-1.516078363854207467e-01
-4.751644465173878729e-01
-5.932555275715660770e-01
-3.512517937928771872e-01
3.251242186241487531e-01
-3.532812025634406439e-01
-1.441848967063572573e-01
3.482990221851629542e-01
2.831021802955255851e-01
-7.633555075329381268e-01
7.479991545779807183e-01
4.828004198955397896e-01
6.517623520941153714e-01
-1.428603525151626030e-01
8.285426386331860016e-01
3.292074105573483678e-02
-3.133511303049667518e-01
-5.463921306443344506e-01
4.549945305288503050e-01
-3.613406316901466298e-01
2.941241616044951712e-01
2.344404383065761266e-01
6.013609417449519157e-01
-3.864130151681086645e-01
8.807595229448716978e-01
-4.027544326411556241e-01
2.153003495654761679e-01
5.487086017604925203e-01
-6.010174865007664735e-01
2.423687182370528603e-01
-1.190734770948429500e-01
2.334561966716455217e-01
3.581757873645603496e-01
-2.638498791687906575e-01
7.281982723779654165e-01
5.594592191762810529e-01
2.699651033224395036e-01
1.629988150506189726e-01
-2.634616746588474001e-01
1.879220123142228971e-01
3.232308394607565916e-01
5.899359280807701111e-01
-2.517223248488917875e-01
-1.528518754827565829e-01
6.701284142996657422e-01
-1.581280198548125071e-01
9.139909554251772761e-01
-6.948207329133833099e-01
-6.362393851286345381e-01
-7.949867041287834724e-01
3.247884149247255436e-01
-1.063025579841525570e-02
-1.643639154177281014e-01
-6.418612010074120633e-01
6.418385881176504881e-01
-8.064297061669947198e-01
8.038028769846352617e-01
4.291530907720133570e-01
7.145100646192492633e-01
-1.394420284904747120e-01
-3.191633517635805717e-01
-4.852475073944537698e-01
4.123077388574358793e-02
-9.487663328073736579e-02
-5.048796578401670843e-02
-7.359434498326056229e-02
5.401707814396328189e-01
-3.958187387825908843e-01
-5.948906781549823108e-02
-2.854534677336904025e-01
-7.713234221930012069e-01
-1.420670452168417697e-01
4.701570957102703119e-01
1.844687817190671097e-01
-7.686768698624346641e-01
2.530039036409714726e-01
-2.280204485672392423e-01
2.665089943016969443e-01
1.694330398901300327e-02
3.071004760116124999e-03
-3.883313722605343798e-01
8.097840622152308043e-01
-3.574190616195531689e-01
2.769110480368581761e-01
7.181685254557574893e-01
-6.890623593845468520e-02
1.111142792237540533e-01
-3.130126450345294131e-02
-2.311983772087966571e-01
-3.439697571863344905e-01
-5.213577581502164549e-01
-3.683094942128484206e-03
1.301200310834111917e-01
7.553903730338245026e-01
-1.930190299752236882e-01
-2.603900012834934330e-01
8.366015277123208804e-01
1.957400764411074690e-01
8.640873749899302680e-01
5.697088483322048091e-01
2.105885438904078200e-01
4.322130234065202359e-01
-3.693320278433747106e-01
5.106164360326221896e-01
1.255326496974245032e-01
4.953588035091760489e-01
-7.122771746320033515e-03
-4.913068927793249330e-01
9.488499223344248890e-02
2.254599477804752894e-02
-4.521915347708116428e-02
-4.690610960282519670e-01
-6.580172185290269482e-01
-5.957386160970647992e-01
6.071325943817740267e-02
-9.376507040981563179e-01
-2.993431957884666872e-01
2.943679671249732621e-02
6.600808624793756962e-01
-1.943011022200629156e-01
-1.793799514625931124e-01
5.882454986658096630e-01
-2.452317547979028234e-01
-2.104063764142614090e-01
-4.389472251992341256e-01
7.555849885507193164e-02
-1.560518738076890344e-01
7.030764438093015656e-01
1.609892807266177783e-02
5.170363051216666506e-01
-4.450974644032710259e-01
-2.319117240172712258e-01
3.827915651834583599e-01
-1.344767389969279137e-01
-2.203561778757592293e-01
3.430020435694389747e-01
2.087497585002529021e-01
5.856103778902701507e-01
-9.139530617520463807e-02
4.885006395532212053e-01
-4.146979295181099090e-01
-7.835279183751273635e-01
-2.617328618422600783e-01
7.194878283343220104e-01
-5.252801111467464423e-01
2.171825404353011635e-02
-5.051840170004950892e-02
2.211219468208405203e-01
3.711398621715193968e-01
4.848445154292058135e-02
4.877994786511408165e-03
-7.061930059923193781e-01
-2.157505639534402775e-01
3.668110037937086787e-01
-7.204811858203452601e-01
-1.089414907414063549e-01
-1.530182813752034576e-02
2.428097861551652414e-01
1.059293285593199130e-02
7.884796634570481189e-01
-1.908077138866470790e-02
3.068192354106891173e-01
-4.578128218984822695e-02
-2.094447608586147425e-01
-8.822268342679198128e-01
3.599036632986827300e-01
4.686011851793381311e-01
-5.034159404862403875e-01
3.729313187637366411e-01
3.644334405208038419e-01
5.659022217407150279e-01
1.008675722571883426e-01
1.174172804635098544e-02
1.464261811761788934e-01
1.142517630021089303e-01
-7.278296604260638958e-01
1.396663089898275700e-02
-6.715658605862895314e-02
1.413940438521867904e-01
2.451174156468436394e-01
6.799397083362181959e-01
7.174868950995607619e-01
3.529789686753304068e-01
-4.698975002792886713e-01
-2.757278245337309031e-01
3.653628770191730268e-02
-2.777126337163471348e-01
-6.029589905303618380e-01
-7.912391838887327111e-01
5.491497169351520213e-01
3.009214314096730902e-03
5.720919559927732934e-01
3.497449691611640432e-01
-2.185643816194602351e-01
1.128230644274381689e-01
-2.506838373816480114e-01
-2.613670783894290750e-01
-6.909764767612340819e-01
-3.859681466009119433e-01
-1.392861900617781146e-02
-5.972959917993669876e-02
-6.886084285680222905e-01
3.372494761251720874e-01
2.567891520513132519e-01
4.200063055479237306e-01
3.997281833903016945e-01
2.550180404975392889e-01
-4.320266256513098924e-01
1.606309849049969429e-01
2.938355027182248946e-01
-1.108112293251295455e-01
-6.050134179667550072e-01
-6.384060985132835597e-01
-3.197480350043262476e-01
1.270567896706475963e-01
-6.819944611029349346e-02
3.707310138699391189e-01
3.851009568060925758e-01
3.037643692793432493e-01
4.852229715716394054e-02
-8.595784053643171774e-01
-1.489276714118652478e-01
-9.150945520066642302e-01
-4.563805516120549299e-01
3.267585845703226965e-01
2.981090210251053918e-01
4.933775621326574878e-01
-2.948616368572416491e-01
1.046136178385914661e-01
1.085650486086251476e-01
-1.826110576382653505e-01
9.187159764694952102e-01
-3.414976570683139201e-01
5.033875192110848218e-01
2.479474008426141296e-01
-4.792825885361624572e-01
-4.491096921628123795e-02
8.488734237133588323e-02
-1.546638082177054230e-02
-3.198939052243900960e-01
5.260418068872692032e-01
1.058674977449589605e-01
-1.244445327074394925e-01
2.890979848220434079e-01
5.292566302298773451e-01
-2.390715926586217677e-02
3.549281963708743604e-01
4.634150757025174983e-01
-2.229063005493259197e-01
-5.343075891502104824e-01
-1.762571574751836678e-01
7.135190000964186652e-03
1.885700867961883631e-01
6.367298690951184170e-02
5.461196177943117291e-01
-4.690749692824089934e-01
-2.763252245210683355e-01
-5.965499914212397670e-01
2.178573305776323465e-01
-4.248922644566164308e-01
-2.732177470769148186e-02
6.816281223949278711e-01
-1.671717502178768910e-01
9.603762006212734903e-01
-8.082748700403463715e-02
8.861813092870374220e-01
8.910464342355055578e-01
-2.459688509012005753e-01
4.623896792468134009e-01
-4.278696829832373538e-02
-2.845342489809166153e-02
5.317042378370242517e-01
4.228731191443459991e-01
1.306038544483314467e-01
2.383506155057091291e-01
1.213190291645336316e-01
-4.717700060433500653e-01
-8.269170234596519009e-01
6.465911991303086026e-01
4.266072276529042639e-01
-1.297343465737963442e-01
-2.891063894661831668e-01
-2.488848171397357589e-01
-4.508336161367445527e-01
-3.240960692842174140e-01
-5.279916157712740699e-01
3.210108171718060177e-01
6.436302403925120430e-01
2.384482917969288351e-01
7.852145705665867226e-01
2.111839257742431641e-02
-4.566056655091603744e-01
-5.097477006205863859e-02
1.511361847731826913e-01
-4.477648495862691647e-01
1.003490527949724154e-01
5.845776312199788549e-01
-7.272876640544847504e-01
-2.504728859103462213e-01
-8.954487150584746757e-01
2.940927912342772288e-01
8.603252032087542744e-01
-8.710880567088619131e-02
-2.937626986833627996e-01
-2.831468759543263047e-01
4.187023075186075971e-01
9.876546190696089411e-02
-2.916325060237863198e-01
1.952253532226402299e-01
1.018986952785363442e-01
-4.258297735749740909e-01
6.060783870391270867e-01
-6.694252497924422229e-01
6.315350057131050576e-01
-5.892054250962521778e-01
-2.297938773237220289e-01
-4.029380587019737447e-03
-6.405545935690799553e-01
-1.163891608131537581e-01
-3.005860601898397988e-01
-8.289253864068699684e-01
7.930117542330279434e-01
4.864886268255936841e-01
6.615829238546320212e-01
-7.656584629823761645e-01
4.495469919602390618e-01
-4.266080600564672309e-01
-5.468048146269177678e-01
2.069428514848095091e-01
-1.899047310650567866e-01
3.267966774131645380e-01
1.267323137093470109e-01
1.968773358090611936e-01
1.350438039331010032e-01
-5.479932840562256047e-01
-5.603595896705915180e-02
-9.794336518116075752e-02
-7.665475038986180323e-03
-5.981079819962733524e-01
-1.908246348324347252e-01
-2.940436302918207900e-01
3.496621552810443845e-01
-3.889659744103344252e-01
8.127015712392795521e-01
5.668201865455815280e-01
-5.057451998160447104e-01
-2.018731293243343217e-01
6.307011552780394936e-01
-1.455887507169970618e-01
-6.067805445831764288e-01
5.458601382499450594e-01
-2.148336174856684266e-01
2.346170622130117067e-01
-3.895695439974415919e-01
9.534735347019607232e-01
-9.372899614171004146e-01
-4.144260836527724479e-02
2.224743526677990246e-01
-3.733727405477909045e-01
-5.780970944005243695e-01
-5.052530076612633536e-01
9.354029135348991275e-01
-8.688739009294987881e-01
3.456319970507575334e-01
8.421025447474095316e-01
-7.127761033664548052e-02
-2.492788067599960300e-01
-6.642577037901506998e-01
5.660171931185047356e-01
-8.716969040557280834e-01
7.058278161319497812e-01
3.021404222691437269e-01
3.708326842269276113e-01
2.131235515755225407e-01
-3.611717537445828796e-01
5.204103472849119782e-02
-1.164199070082707621e-01
1.089161994375285047e-01
-1.916563883064039686e-01
2.239818588017215006e-01
-2.802851859687685021e-01
9.486955725346302160e-02
-2.872868372524015612e-01
2.038027918800207061e-01
7.342737681029642971e-02
-3.468336363452486637e-01
1.273575029216296173e-01
7.781015219320952525e-02
-6.331052496115212591e-01
1.365498520573229513e-01
-3.986566611069655153e-01
-6.050821178579255388e-01
-5.547750916577349756e-01
7.637247660813528682e-02
-1.067641252707907551e+00
-7.280168743202732884e-01
-1.386219007277587068e-01
-1.270463672142723155e-01
4.434033701598600885e-01
-1.467628949940973371e-01
2.348475880870282140e-01
-5.109945135600622024e-01
3.587534555053197849e-01
4.047871551736124118e-01
-3.600385468668427791e-01
1.021662382660438517e+00
7.332933492491875427e-01
4.807744551111348130e-01
2.912515938156872153e-01
1.122377257545696949e-01
-4.603907851387196715e-01
-9.567656848676051595e-01
2.484076898908602615e-01
5.816624700769601475e-02
-1.543697412696145577e-01
-3.504885416016279009e-02
-6.869857468024687108e-01
3.610743805940721529e-01
-6.466851365549199926e-01
3.333945791858230479e-01
-3.543177065314768726e-01
3.344848747097337593e-01
-4.213843841227049580e-02
4.055255763453313733e-02
-3.630541969603573449e-02
-5.406437552400751301e-01
4.850234449674148962e-01
-1.539403676920105823e-01
2.501413466841908573e-01
6.304494913916602883e-02
-3.991724079292886529e-01
1.759414257286042726e-01
-5.111048844917531753e-01
-5.190203149248437953e-01
-6.364462072993513075e-01
4.763932817751150850e-01
7.324917208605983276e-01
3.508890244028233241e-01
-4.875832893506988341e-01
1.282736496913861046e-01
5.812463865379244865e-01
-3.196707701868373164e-01
-3.843298162462502887e-01
7.758015750647118125e-02
4.912327766672088813e-01
5.538747222533295655e-01
9.164491394213492015e-02
-2.862061247455915947e-02
2.110979316952663609e-01
2.760454175973023894e-01
-1.442729592527340898e-01
7.763215203483664340e-02
-7.277272496199120866e-01
3.430054646730260615e-01
3.098123310447933321e-01
-1.789304735382284406e-01
-1.283093980609422147e-01
-1.995829022045656487e-01
-9.678672168856827795e-02
1.455051023517039965e-02
2.215527374224235402e-01
-1.543114470337014765e-01
7.890278784562632097e-02
2.642830306746883906e-01
-2.124748595911283289e-01
5.845091369721799879e-01
3.668976709487425936e-01
5.758980993568219020e-01
-4.483189683628694411e-01
6.812861283494386910e-01
-7.412990598797541963e-01
5.381084572472527583e-01
-2.134584860468518031e-01
-6.951409803080226268e-01
4.071853298899341667e-01
6.646373435729344692e-01
-5.945900483788904012e-01
-9.294707847792507138e-01
5.045980167366694857e-01
3.392833648523110313e-01
-1.223000775348559444e-02
-6.395977370636973802e-02
-1.997298305617185576e-01
9.402101204030710591e-02
4.490983244964388277e-01
-5.996148473541742518e-01
-2.512784846895570467e-01
-6.508057653653320784e-01
3.643708233555003062e-01
-6.532822728015297287e-01
9.073514066784582610e-02
-8.395141658745064461e-02
-6.478763071702857701e-01
-1.453991630546287439e-01
-9.011840093992109502e-01
1.102976871495968680e-01
-6.332793995295737943e-02
-6.403740693277644169e-01
-1.966984107086666711e-02
-4.738529198110210672e-01
2.356934631828933036e-01
-8.735547746018577087e-01
-3.458652141905904642e-01
-2.380077115453165248e-01
-1.890162062029778767e-01
-1.934279770662552522e-01
-2.972416704782219199e-01
3.105577017460738887e-01
-2.274041728206075419e-01
-2.870359210736364020e-01
3.982355428671127129e-01
3.622397099375600504e-01
8.246482391687237623e-04
-2.968276226903645565e-01
3.083209050657416128e-01
-9.806695304179751105e-01
4.661144657883955489e-01
2.992849236091199572e-01
7.085045677733114999e-01
1.293663967217204558e-01
4.854737929866441704e-01
1.765552866066126825e-01
-3.997712650852420779e-01
5.729402724533478874e-01
-3.897948496082719316e-01
5.822568289940477371e-02
-2.234073064102650719e-01
-3.188956849595108167e-01
-5.467843201742716985e-02
-6.690875932010689198e-01
7.559429425418517923e-01
8.036973225123329456e-01
-3.957751063673597969e-01
1.290111435724528022e-01
-2.926878662403922249e-01
3.534887008467277880e-01
5.245803165350713115e-01
1.340310626221095092e-01
-3.455971980814709354e-03
1.899026515206960752e-01
-6.465589927033814632e-01
2.850579597253153352e-01
1.513365744739827434e-01
5.826007122539333949e-02
-4.140829042157081474e-01
2.021680104204914841e-02
-3.812149176787285043e-01
1.674456560763069035e-01
3.014516352098173257e-01
2.765776904245491608e-01
-1.183385521806696872e-01
5.885083440086225082e-01
8.894740775862910453e-01
-4.587746751531209810e-01
8.343473586895191474e-01
-3.075961222849032950e-01
2.448884190425291152e-01
-1.794234650470585279e-01
-3.642845088140962417e-01
-2.049978267595768955e-01
-3.158910468352624790e-01
7.410673033291050871e-01
3.558757154867553396e-01
-4.822253509209426525e-01
-1.716454241116398549e-01
7.675063397789827491e-02
1.603318284750656630e-01
-5.976655632833658416e-01
8.281877990921220345e-01
-6.281561291091497523e-01
8.031130790992602186e-01
-4.895013208562746243e-01
-2.830770774151849523e-01
1.111905378467605843e-01
5.332205915423493536e-03
1.218774179189203721e-01
2.999133057148295478e-01
5.812873257555288831e-01
3.665693749521814482e-02
-9.018063258501811674e-01
-3.247647031524092398e-02
-6.657272552126682896e-01
4.103911658710384103e-01
5.956763510231848358e-01
-6.529818264996301025e-02
2.985415243203881630e-01
-2.394286467589701317e-01
3.995878479731276300e-01
-2.951602378219568834e-01
1.695438832592310874e-01
-2.543926382193815172e-01
6.108529273600211695e-01
-5.693734729357258217e-01
-1.108895510987899513e-01
4.637915731120951790e-01
1.511083151550689507e-01
8.580882593811871573e-01
3.337953327347769061e-01
-6.219023001648302795e-01
4.559300045023135795e-01
3.087671536184801724e-01
1.068027344034856441e-01
-6.377428916533025571e-01
8.852207682854587034e-01
4.235290547884922319e-01
1.259115058790332142e-01
-7.827911987244204894e-01
-2.582590288424633229e-01
-4.317478978829045744e-01
4.699920044886241044e-02
2.533130122918745286e-01
1.625213288466529349e-01
-1.192023751723443326e-01
-1.024408652145432086e-01
-6.509264941753141187e-01
-7.938899602376547904e-01
-4.163481292710571324e-01
7.345417719474101048e-01
4.171366068191879606e-01
1.988899676761697322e-01
-9.259807237574255723e-01
3.891694324783063763e-01
3.841067467392740298e-01
-4.555874323843589480e-02
3.385539923807261431e-01
8.943747662813636978e-01
-3.668666298646598989e-01
-5.292565831214766092e-01
7.399935332923046616e-02
9.748753498316276023e-03
-4.544475817847626331e-02
-2.438384245905851344e-01
-6.305734316753204283e-01
-2.879605589386073916e-01
-8.318277148680586208e-02
-1.011815454737021724e-01
-3.544528548744896312e-02
-4.960999937144050520e-01
8.825247628953194479e-01
-3.954156211809598531e-01
1.780168624426092805e-01
-7.180624095028900200e-01
-4.061747308930074851e-01
6.837586399245321189e-01
-1.681580673729303754e-01
-5.856311489012000493e-01
-5.386964995121985567e-01
-2.313457372027540870e-01
-5.081156176370003053e-01
-2.772800334783243059e-01
-7.933095499254108063e-01
-5.406292301510031706e-01
-6.404839181287265149e-01
-8.872312441739449440e-02
3.997054196423661665e-01
4.136735710661874066e-01
-1.586674843337902985e-01
-3.278902670140304565e-01
-4.281292516212822363e-01
-3.544760800569610737e-01
-6.233322693068590326e-01
-4.250171891608189867e-02
-2.677579141011845465e-01
2.101619870287336767e-01
-1.693971267186178409e-03
-4.099771513426961889e-01
-2.975501569282261727e-01
2.012058670042149444e-01
1.780268510262494885e-01
-1.326707326842271328e-01
-8.044624578328818387e-02
9.388674978597215670e-01
-7.534376017427977246e-01
-4.486414571948280638e-01
-7.284671932273329986e-01
3.148252403070541661e-01
2.234245844825366589e-01
-4.364600859940539479e-01
4.409680835532316934e-01
-1.218040973700320606e-01
-5.407620303552889141e-01
-1.970453004021930354e-01
8.784948362996614080e-01
6.082699475776855991e-01
5.486648249619587858e-01
-2.315544842160575101e-01
-3.130970496668616931e-02
9.214151403230559367e-01
9.010799250585490583e-01
4.246296864177914188e-01
-2.451348246824052168e-01
4.670573837204718970e-01
1.449709467795159412e-01
-6.554520035538367040e-01
3.543454021978087454e-01
-5.104700014884180348e-01
-2.046681944315302815e-01
-2.161796628644871987e-01
-9.348696497236996805e-02
2.709492773224670970e-01
6.544938421266675022e-01
-7.567948658154319830e-01
8.985503314090106386e-01
6.978720986400324122e-01
-3.529892293189575980e-01
9.190471065929344263e-01
-1.659659224219147688e-01
-8.175114907218459237e-01
3.650316815679586213e-01
-2.039200814454460442e-01
-9.559349487411950008e-02
-1.216316507702988048e-01
-1.168016054266285408e-01
1.010618991033663150e+00
1.480281514803261089e-01
-5.879784785299753125e-01
1.551777369906917059e-01
-4.690259341444580343e-02
-3.714741860788759453e-01
-2.255713584163476781e-02
8.037782308451557611e-02
-6.152759057813455001e-01
-6.705649195158489562e-01
6.143292835032951871e-01
7.175642177120078458e-02
-1.886025034414053891e-01
-4.884839889369994026e-01
-4.850078151570116347e-01
1.723525164499779549e-01
-5.432537818336466984e-01
2.795591004682638214e-01
7.690847177629152043e-01
-1.238199787677709551e-01
8.972867030222708706e-02
-3.687967980779482957e-02
-1.799979927959727277e-01
-9.208097653425628693e-02
2.292533681370851895e-01
2.084604175388715674e-01
-1.819136716477967042e-01
4.158000177838792055e-01
2.146320970313242427e-01
6.783585978667066030e-01
-1.354230259539956904e-02
8.411417880595353225e-01
6.701023906677328057e-02
-1.115756189372145712e-01
6.779087633763367648e-01
-4.557156853590740297e-01
2.108378882370800511e-01
4.477165806210319232e-01
7.611709263900223732e-01
2.670028994180295712e-01
3.796606770930353036e-01
5.928705812375634210e-01
-3.848347044197408806e-01
1.378247142432282857e-01
-7.625705477428343926e-01
-5.007108169509457696e-01
-8.197257838447118417e-01
-7.656629582690044344e-02
5.155026663438437851e-01
1.126786900886109777e-01
-4.310242372756087903e-01
-6.069481823578888324e-01
-3.571138962065685263e-01
9.068304140236271849e-02
-3.436945973894331985e-01
-5.512243427418859198e-01
-8.234905630808864174e-02
8.652608155989458538e-01
1.071806935137264993e+00
6.410598455337179757e-01
1.545418585704370074e-01
-5.070452218959662360e-01
2.286425718548574793e-01
-1.267132075541326230e-01
-6.742431149813992164e-01
5.341860228601413851e-01
-3.368922013109321156e-01
-8.881184148897247610e-02
-3.106958243516961815e-01
-1.306068559681676788e-01
9.638598195397038992e-01
1.962033469014743403e-01
2.902899298899850322e-01
3.230418785228490464e-01
-2.737199837813255598e-01
7.041156296882640220e-01
2.293739001495112007e-01
2.812803324023178675e-01
3.609007871256242339e-01
