-1.077456925312669769e-84
-4.209908829933044190e-14
-7.703121299794297682e-19
-5.662211179497977384e-24
-2.250342594186313227e-03
-7.735727954326966286e-08
-2.833412618913601673e-26
-8.277435583577777884e-20
-1.020563091741901417e-13
-3.762848257440275584e-45
-3.529886546454018658e-28
-1.066735831186218890e-02
-1.016723954267534820e-17
-5.194118522747397968e-11
-2.822041429407151636e-02
-6.618621563128901631e-36
-1.034267417490904354e-08
-1.756244774258850969e-48
-1.033138646043766335e-07
-4.744049968598858524e-01
-6.925527231500745098e-22
-3.512672612821876594e-02
-3.601945634976994195e-25
-2.198965904776818190e-18
-1.390930349569431169e-37
-1.730170280299026715e-06
-7.049707198280437750e-03
-2.474356072115396677e-43
-6.698224296655941596e-12
-5.703898520355112508e-09
-1.850101878697608626e-17
-1.535656108448413921e-03
-2.743780037015704903e-53
-8.398737672650243154e-05
-1.290426008182633662e-30
-2.487246554944906007e-18
-1.585908210306400182e-02
-1.179464173018241191e-01
-2.540465682303071556e-22
-4.542619009743167208e-02
-1.507700578044606516e-24
-3.505920048897016529e-09
-2.358580279076116729e-45
-3.033529924285414670e-33
-3.147448717001657958e-02
-4.039487113287466520e-36
-2.300014897373886861e-04
-2.894264344875541693e-09
-3.767906004577752616e-60
-1.073180482612114294e-62
-1.675399301592434219e-26
-2.993289299407575276e-56
-4.743559536624969503e-13
-1.863135602024800371e-12
-1.610440702997905200e-44
-1.608739202610913826e-12
-3.948444420372256658e-40
-1.794903295160508948e-73
-2.705836789591713799e-81
-4.859732522006875809e-12
-9.890770093543358994e-06
-1.170261360947413358e-05
-1.823004783236889589e-51
-3.867852526644634525e-01
-9.462339419207931537e-15
-3.082874262056503466e-13
-8.283075880903670582e-75
-4.188222002035867552e-25
-8.158964899405673358e-12
-2.814846710198508975e-21
-8.068556566563061389e-03
-5.259485983368720861e-18
-4.413942197779234542e-10
-8.940632282504884956e-21
-2.795992125891243526e-15
-4.087815800710034554e-11
-1.010348901754421673e-03
-1.569117215655646544e-28
-1.166278399930445117e-02
-2.368843453859123191e-02
-2.614513759354426689e-18
-3.929288815662759585e-18
-4.006461475080665300e-44
-8.980892783388614941e-06
-7.125285965409831890e-02
-9.580976526395279432e-09
-3.258761025485891538e-88
-1.737057511600871331e-08
-6.940036849120611844e-49
-3.374473717381046506e-04
-8.752587089658739998e-11
-9.648632523068409533e-41
-6.332172009298794884e-19
-5.082989105797302523e-09
-5.194181498927845532e-13
-3.413972202196288266e-51
-2.912363387893024343e-41
-9.441576657337446783e-07
-5.939181994000634079e-41
-8.950821589657616496e-15
