2.339690044569835337e+01
5.331966955681338760e+01
1.894829812205669484e+01
7.826725554425493669e+00
3.219419037400997041e+01
4.700724806854917404e+01
5.552325931490035771e+01
5.207440019506259432e+01
9.822381947366457666e+01
1.022603004381987120e+02
1.031621117063899362e+02
1.027626762965831233e+02
1.042202700287299706e+02
1.041379735276961753e+02
1.044502616011116487e+02
1.044981396669587923e+02
1.032181501867196260e+02
1.046124304721377740e+02
1.046056742857136186e+02
1.041642655775674484e+02
1.046145782996205469e+02
9.978237116107314364e+01
1.033796920491114975e+02
1.036575615392255258e+02
1.045272547555527609e+02
1.047737211751045123e+02
1.044459247432949240e+02
1.047119298532564358e+02
1.039606498009017486e+02
1.047482209365804664e+02
1.047147222694013919e+02
1.023967176403651109e+02
1.041857167548342460e+02
1.043039437507404443e+02
1.045407456773592827e+02
1.046481256848810091e+02
1.047377662723783942e+02
1.047775737833719631e+02
1.034985926367448172e+02
1.047072019994183449e+02
1.040707369119731140e+02
1.044354326592178381e+02
1.040790648465640231e+02
1.047747406353888238e+02
1.047605753624922329e+02
1.041577306578586217e+02
1.046669606576001854e+02
1.047001993653071992e+02
1.046266235737336956e+02
1.047781397972997155e+02
1.047781397973002555e+02
1.040706534742033398e+02
1.046652722739463286e+02
1.038048043876255804e+02
1.047781397972985360e+02
1.046097529869849723e+02
1.046336829390575502e+02
1.047566638860364918e+02
1.040317008307919480e+02
1.047650655439484808e+02
1.047176814584032485e+02
1.047625375826825547e+02
1.047781397972969870e+02
1.047194192453031576e+02
1.047781397972993602e+02
1.046721394587597160e+02
1.047223188223791510e+02
1.047770692334616314e+02
1.047781397988371310e+02
1.047533346775235685e+02
1.045446636209204030e+02
1.035981065023502481e+02
1.047781397973050019e+02
1.047044852395054164e+02
1.047781397972995023e+02
1.047781397972995165e+02
1.043617937309581549e+02
1.046958562854434405e+02
1.047781397972996871e+02
1.047647022374246717e+02
1.047781397972996444e+02
1.047640534191394295e+02
1.047545586965705837e+02
1.047781397973528925e+02
1.046858680316562129e+02
1.036699397659980662e+02
1.038771191569996972e+02
1.047781397963279630e+02
1.039039408891298848e+02
1.044553823625824123e+02
1.044972340278977612e+02
1.047781397973145801e+02
1.047781397973000566e+02
1.047465264614896228e+02
1.046471682817220454e+02
1.047781397973121784e+02
1.047027384679282846e+02
1.039538696095286809e+02
1.047565477698983472e+02
1.047251659507412143e+02
