5.761846065761695446e-01
5.125553319316124012e-01
2.733107264906601941e+00
1.791212691814569880e-01
8.500369309640376514e-03
9.677566717724683798e-02
-1.530059255378644067e-01
-9.292067984217480259e-01
1.982148889027399719e+00
-6.234571530615067303e-01
1.024347376479654237e+00
-9.112845101836821726e-01
2.254984675944822214e-01
-1.877743587682925153e-01
5.354899963395318707e-01
-2.387286561105879112e+00
1.177435140741223130e+00
1.581510288593772628e+00
3.833843265761009533e+00
2.574089317382899367e-03
8.732454142810475162e-02
-2.767404528299788335e+00
1.732835092717966319e+00
-6.728667675486619260e-01
-3.639914060559446440e+00
1.805629215667089227e+00
2.447223451985507836e+00
3.922067080699944697e-01
3.486256041546930362e+00
1.022715408478868326e+00
-2.919183302173972372e+00
-2.196482170788360833e+00
-1.243132037930926082e+00
-2.273994494518517762e+00
2.222904674594428087e-02
-2.733461667155854258e-01
2.598804029475072497e-01
5.110083034824413062e-01
-5.484454737054793583e-01
-2.438954276297731205e+00
1.086801777938725344e+00
-1.456841972726237167e+00
4.340469647359569194e+00
2.108232728907317721e-01
-2.380593951247812257e+00
-1.616181863211773262e+00
2.511782000680690352e+00
1.452264428222545867e+00
1.026601110866625532e+00
3.963593614357820982e+00
1.367430760773138410e+00
1.140793496806242757e+00
4.155022015662659385e-01
-1.338052527215397802e+00
2.576729084905323930e+00
-1.303006507424648852e+00
3.650881947364283064e+00
-1.229173697814899491e+00
-1.646076821593176920e+00
2.252033546664958585e+00
-1.137426424648721124e+00
-1.063498703697752124e+00
-4.541597106175929710e-01
1.858974872023776648e+00
2.742071277431687548e+00
5.789842609191531153e-01
-3.222888465398632718e+00
-2.002813455590874980e-01
2.395969783510905060e+00
1.535729723183207440e+00
-2.671511786071831374e+00
6.754005045134103824e-01
2.973142198448448070e+00
1.960464392109686926e+00
5.681425435691647152e-01
2.418229306188443672e+00
8.321243616537188359e-01
-1.463639553373612401e+00
8.897964652462118096e-01
1.768210731829059412e+00
1.362769914341946276e+00
-1.817220150745391560e+00
-2.361864934868169730e+00
-2.343187072422026063e-01
2.999058522227947776e+00
-3.977751304447911807e-01
-3.467199872388226911e+00
-2.701190266870198364e+00
-1.175540535451884416e+00
-5.485723826379222956e-01
2.780274123409361309e+00
3.297502776743552744e+00
-3.356001912018893307e+00
-4.476039245091715912e+00
-2.787084944215818538e-01
-3.530690422007731311e+00
-2.073445708658961273e+00
-3.364305403742089418e+00
-3.811423724631666232e-01
1.449070803746936420e+00
2.585080089386160296e+00
2.949166237756868370e+00
9.968310110231985988e-01
-2.700354661280113255e+00
4.929927129956102050e-01
1.448641539826685865e+00
2.138869462757945428e+00
-9.183560609682697162e-01
5.628529438747733593e-01
-1.764765819073236486e+00
3.234964636889031908e+00
-5.483888925940858527e-01
4.601071645726753090e+00
1.045445180529757323e+00
-3.393295582715424530e+00
-6.891033272671798215e-02
6.245819654254667341e-01
-2.956358245252523442e+00
-2.453485857393342684e-01
1.244546444858229961e+00
1.680932621095307944e+00
-3.008533222401175600e+00
-1.540581785722717090e+00
1.407282647983079116e+00
2.347326467546416495e+00
1.349310114255275472e+00
-3.346758730972616558e+00
2.034947302712649453e+00
-7.607846859017488583e-01
-3.780765138943440906e+00
8.087407866092455322e-02
9.615581335364353777e-02
1.448296781870411110e+00
-1.361570321711957021e+00
2.369715411431738694e+00
-1.707592669141919206e+00
-6.238549914831157395e-01
-3.239134635797555894e+00
8.587116363930018537e-01
-4.189414715030353342e+00
4.818490366311634077e-01
-2.210878123272782325e+00
2.063097416933876715e-01
-2.816132019002398401e+00
-1.500301247092620471e+00
2.924156538940520633e+00
1.769066202853204928e+00
4.830226568600703985e-01
4.671642497337433753e-01
-8.865290900795121942e-01
1.827967324633075208e-01
-4.317732173730112422e+00
-3.265706438831567304e+00
2.737433270058691193e-01
1.100191595226455377e+00
9.996254533058790415e-01
2.675848056131302499e-01
-1.724093775924373517e-02
-1.227718319847391548e+00
-2.984463490124618978e+00
3.061221643791425251e-01
-1.141472788791468851e+00
-6.775534365577060569e-01
2.002701921963110365e+00
-8.025988459367781047e-01
1.669000350819638712e+00
3.204457097316369740e+00
-1.848653401935285601e+00
-1.659092999727650231e+00
9.160104845311503041e-01
2.696208495464578192e-01
1.616945049129514089e+00
-2.098992011938308977e+00
-1.328142240534544438e+00
3.529573891870899871e+00
1.568545056952839190e+00
-3.722843553076817802e+00
1.796871615693671487e-01
-9.977630157470738226e-01
7.537807298140535295e-01
3.278172704051540265e+00
1.566828221138196753e-01
-1.120508264240079654e+00
1.860519588476366337e+00
2.504362467319134922e+00
2.380485867607731620e+00
-2.081561392729611271e+00
-8.174848816271120810e-01
-3.678650165922281445e-01
-2.629668381695902113e-01
4.257943989403045748e-01
-1.101065306239768393e+00
-1.065862272278570444e-01
-3.217203253966083309e-01
-2.493529202020781099e-01
2.577016701701233536e+00
8.989415927716617460e-01
-4.658766417952264760e-01
-1.810758945439741474e+00
-9.073479165495088594e-01
-2.165623992784871277e+00
-2.916714423044100002e+00
-1.905864657700084841e+00
-3.076793471519003731e+00
3.983082607793097196e+00
-3.046517858307367099e+00
2.142292698798746287e+00
2.315329339322856228e+00
-1.734362065158290278e-02
-4.880360017989797683e-01
-1.661252680105183011e+00
-3.472506334010054818e+00
-2.454367605331397861e+00
-9.377794625215845059e-01
8.905897150278008212e-03
-3.373160478167348764e+00
1.635240774205541037e+00
1.744107678779904802e-01
3.084972403327189028e+00
-2.862107783336633737e+00
1.574777543459457974e-01
-1.065890055126477165e+00
-4.407947627418949743e+00
-4.640706962257725721e-01
1.650029930439005810e+00
-1.998692843634337635e+00
1.657964636538263647e+00
-2.654731822454809986e-01
1.858075924225826014e+00
2.577742141810938747e+00
1.614394098087156948e+00
2.810042677380297782e+00
2.068809863814450090e+00
8.261040329836264462e-01
-2.624478487030176943e+00
2.562625553736003425e+00
1.313449077591393177e+00
7.077894906255677299e-01
1.992382224818083358e-01
-4.353979364292008825e-01
-2.464290934754063134e+00
1.470167132996697212e+00
1.069411260274602427e+00
-1.650590292713280949e+00
1.310542377175699436e+00
-9.589128274480165359e-01
3.205536593326886674e+00
-2.901718872311442876e+00
-6.187426889477531944e-01
-1.378198238201020942e+00
2.505318448329202141e+00
8.068579938787561190e-01
-1.467632737553870470e+00
-3.409664555460345969e+00
1.211039521606358527e+00
-3.805825570911958167e-01
9.105663540355335428e-01
2.902841137105088620e+00
-5.467005181814652559e-01
-1.620781319509150720e+00
2.076132133742582653e+00
-3.400106659577080137e-01
-1.146421704737703440e+00
3.825932960126133153e+00
1.296114340365228657e-01
2.422662775744316654e+00
-1.954439451570332054e+00
3.372396728146320299e+00
-1.873120669428271157e+00
1.105319959749290426e+00
2.091136030189074901e+00
-1.020014961359270167e+00
5.861318811229763170e-01
-1.428160981144727337e+00
-2.666962287472051329e+00
2.535607945290047738e+00
-1.665034734819348827e+00
-2.130936284306583772e+00
-1.198037489863176042e+00
-1.790686723297979732e+00
2.906768718408168084e-01
-2.056079081613504833e+00
-1.813435057474312995e+00
-3.944573922102489583e+00
4.018168350188044968e-01
2.170884397948991129e+00
8.330391401563650433e-01
5.338582514993746031e-01
-9.007864005730485957e-01
1.759518298450046814e-01
9.619596170855917450e-01
-1.600035825713323590e+00
4.126915626954748006e-01
-1.638440058424863732e+00
-2.808015637648964002e+00
-9.209094388140401932e-01
-8.965799079744911637e-01
2.341614192320884413e-01
1.152676333621380778e-01
1.846112372222826536e+00
6.399488527840766494e-01
-1.884617948435609591e-01
-1.372103858794957443e+00
7.698475324471214520e-01
-2.845690372996507733e-01
2.000523388334133124e+00
2.719799716793991351e-01
6.214254291110332673e-01
3.204924762133453342e+00
1.857298892846539928e+00
-9.662172773049411134e-01
-1.754150054903067080e+00
3.332907165973439945e-01
3.136477238660454248e+00
2.327046030546224387e+00
-6.236555106236716384e-01
-2.006389422170320458e+00
1.088870039857878780e+00
1.555874511882403333e+00
-1.337031660506719621e+00
4.904833142058073747e-01
1.949491141652559989e+00
2.155714562001450396e+00
1.234144083308006401e+00
1.814266882031965622e+00
1.628686517060603300e+00
3.082808350593316149e+00
2.097577192985808026e+00
-4.954311856622597432e-01
-1.175146749336546392e+00
-1.502510754226679346e+00
4.362486401065073238e-01
-2.067916243807463861e+00
-2.285403794489152318e+00
2.224087376927075255e-01
-2.501571915684375647e+00
5.109653951395056737e-01
5.513067378140812380e-01
-8.913994796314295144e-01
-1.838618953686863122e+00
2.371667996606072748e-01
-1.496792312324446428e-01
-2.013835768404323989e+00
4.351821323850961321e+00
-2.765075659169093925e-01
-1.655535442760017517e+00
2.321491911374189421e+00
2.067750862619480046e+00
6.979916808796744476e-01
1.872194122744605949e-01
-1.533648403562041018e+00
-1.502725400990497562e+00
1.520621421758630021e-01
1.652547394960460991e+00
-1.800237788921630333e+00
1.278779830877333268e+00
2.158539277628833908e+00
-1.601402238386996579e+00
-4.158167173102339298e+00
3.538147351644997940e-01
3.589734916915675811e+00
1.981043943832786702e+00
4.957089808057624225e-01
-3.678915116746522607e+00
-4.016136579078803948e-01
3.887461793743867133e-01
1.719544051037392052e+00
-3.103263250855555100e+00
-1.404522919874672926e+00
-8.856551048726295505e-01
2.249928431032028442e+00
1.667386654782159638e+00
-1.965579282835711705e+00
3.036818416771868812e+00
3.334019966500999743e+00
-2.269866594067762033e+00
1.347718547265941424e+00
5.440543753867874699e-01
3.012409613738494585e+00
-9.267195378356598567e-01
1.067635528348487739e+00
-3.748909013676967383e+00
-2.562129846059141514e+00
3.344721558153906926e-02
-2.317596945948015463e+00
6.490978711063499773e-01
7.108661076364359843e-01
3.878763902100244465e+00
-8.895943929586414001e-01
-2.723741385173380714e+00
-7.282682367707682403e-01
-3.635551096846515229e+00
2.036611748087107543e+00
2.665180691200959018e-01
-2.322283103899132062e+00
-1.607108837529730216e+00
1.115468539993632824e+00
-7.916558719289588097e-01
-7.700030770093659882e-01
1.673300488096920446e+00
4.592644162436183564e-01
-2.401294667532527072e+00
-9.547183955032769731e-01
1.910667031444461372e+00
3.024752122683791455e+00
-2.267481878752297675e-01
1.701810560564272379e+00
1.163094177702181042e+00
7.669160618458645828e-01
3.596487414366801971e+00
-7.341395618483925745e-02
6.823423498318827995e-01
7.670693260526464385e-01
2.275666470429658084e+00
3.434996177127391803e-02
1.056525205111034538e+00
3.310699583374168142e-01
2.062228753039226703e+00
3.258087056488001565e-02
-9.319174152964571078e-02
3.303181225670996923e-01
9.308452070091268737e-01
4.546730546477224522e-01
-1.712728896680830726e+00
4.981274493434355577e-01
-1.003811430251992931e-01
1.125968057133365008e+00
-1.844226098548142900e-01
1.669960622511500681e+00
-1.042413838025295636e+00
-1.344638502287566872e+00
3.291785477485582589e-01
-4.198494719626140181e-01
5.570020728971156743e-01
-4.093649917653112702e+00
2.116281823660161265e+00
-4.077058542237397276e-01
1.088556933885146627e+00
2.513854889681787164e+00
2.833659852032397453e+00
-1.350558117798138724e+00
-3.605477342536655971e+00
-2.524715376265963762e+00
-3.143086406063133609e+00
1.553547849341003761e+00
1.657198770662117404e+00
-4.617387788863434039e-01
4.079353659667591003e+00
-3.045543394801364823e+00
-1.179020159577646609e+00
2.484916524716831887e+00
3.641410357940772613e+00
-1.037561842150881652e+00
9.335668218990686995e-01
1.225111845800399557e+00
1.424029230235666965e+00
-1.330745828543174358e+00
2.050093075218235583e+00
-2.899071349081992821e+00
1.224071074706065687e-01
-9.113403481149244811e-01
-1.104769411116339306e+00
5.627406420597953485e-01
1.075141245967477843e+00
-9.931439538966282399e-01
-7.817662454154836738e-01
2.106091456187964894e+00
2.507766995933000231e+00
2.984487754267968640e+00
-1.431559158403461485e+00
-1.701424671614434558e+00
-1.509577032645204042e+00
-2.862692753022586523e+00
-5.128538682631340606e-01
1.393388107503232831e-01
1.081261382457952891e+00
-1.994894510212041894e-01
1.945163352145673485e-01
2.022709846426405278e+00
-3.370764274521214521e+00
-1.097578523271085515e-01
-3.840887253649186484e+00
1.504279115403333478e+00
4.069136085386462653e+00
-8.379794916108878056e-01
1.678133809399873222e+00
-2.716032472182408064e+00
-1.610958923952209965e+00
-8.722593386931523085e-01
-1.411746237437230267e+00
-2.627675096738826266e+00
3.728888455880218444e+00
-1.764422800152058546e+00
3.910291542129229470e-02
-2.704211632397937048e+00
-2.262996919501058635e+00
-8.061612335976668930e-01
4.191072762044436573e-01
-1.432193068727208196e+00
-1.202457394171470018e+00
1.444717146020044751e+00
-8.645961953120453458e-01
-2.303095109166948706e+00
2.244251826029692864e-01
-1.226731088737373909e+00
-1.791266943826340885e+00
-3.148470598575324075e+00
-3.394770656681791454e+00
-1.112386672598556281e+00
5.991485493475634527e-01
2.272281548199146073e+00
-1.421782718833647152e+00
-5.151609310462026414e-01
1.850977574040321372e+00
-1.977951006840876769e+00
-2.759139614230746496e+00
-6.042191644201464484e-01
-9.364156859321184356e-01
1.097083386455890874e+00
-1.994600836807902677e+00
1.949362061293258286e+00
-1.361515870686851315e+00
2.795465759140838280e+00
3.224246824501207698e+00
1.011548810560526590e+00
1.386900899496063211e+00
-6.451147454840562290e-01
2.156939126966026521e-01
-2.316065666522870714e-01
3.336638393476963671e+00
-8.094842427655146722e-01
1.299899061841838233e-01
7.693527061942262435e-01
-2.615836797792674417e-01
2.373150346883150519e-01
-5.119551400466368918e-01
2.131321821736986699e+00
-2.712395277212253930e-01
-1.917443264199074626e+00
-1.711095446635574113e+00
-2.969583839053834939e+00
-1.337348232603692733e+00
5.871620193974180779e-01
-1.959130271176574123e+00
-3.214651650855148368e+00
-1.753419959865505806e+00
-3.445288426060741038e+00
-3.820628695740567515e+00
-1.520777931128014071e+00
-2.711752580490074394e+00
2.916976471282278993e+00
-8.777388676787980515e-01
1.505865423383047741e+00
2.619439062741132140e+00
-1.985158536100305682e+00
1.472507784668692921e-01
-1.058363898475001008e-02
-2.007857168829093375e+00
-4.481037146320332454e-01
-5.646431667158342549e-01
1.291038240187338815e+00
7.155398370367391792e-01
1.809715354163145662e+00
-2.958660804716823911e+00
-2.535028269942801060e+00
2.372281230065773627e-01
3.068562506195950945e-01
7.424164342652090909e-01
5.713301817960481088e-02
2.236460655912959616e+00
-1.313860281140480701e+00
-6.495570949403708383e-01
3.150387700621827491e+00
2.484661116587849605e-01
-1.657645017197892923e+00
-7.342989178911718540e-02
3.583954060260811758e+00
5.453156953549767039e-01
2.741825788172606693e+00
9.671393271475849929e-01
-2.144788212965108798e+00
-1.053278165151395385e+00
6.821736016416153348e-01
3.752040503858955489e-01
-8.275739721363359891e-01
2.309077820899760880e-01
-3.072011227216954410e+00
2.773293661369620189e+00
-7.627588710041965925e-02
3.279117915107097048e+00
2.132085834886443543e+00
2.627677271063416420e+00
-2.400198584060571960e+00
2.531471334987811517e-01
3.506357995265911853e-01
-7.963791877906869487e-01
-3.834529439267235773e-01
3.195181504775916892e-01
1.949180159917592192e+00
-1.890012085621685323e+00
3.418576792317406188e+00
1.011470222216446224e+00
-1.145274212824626048e+00
-1.098608837084000811e+00
-1.733781565063096330e+00
-3.101967141221609658e+00
8.467361437492870735e-01
2.283693401688404734e-01
-6.221444723225886264e-01
1.850825086952765375e-01
4.507918160656645412e-01
-6.140576607993359914e-01
-2.076083943738908033e+00
-2.566044943777523457e+00
3.993322510642826728e+00
1.795921136955942465e+00
9.249536779293219269e-01
1.319819829147239609e+00
-5.746489951067701440e-02
2.409932125507712186e-01
3.861883918248397052e+00
-2.691076229725699154e+00
-1.793396290474801091e+00
4.180728213034175411e+00
8.849331722957121116e-02
-1.051681882547581548e+00
-1.553168647610165820e-01
8.609047235579048163e-02
-1.942842624832525900e+00
-1.584181636430237461e+00
9.745811850688141931e-01
8.025253715508640084e-01
-5.165612391924057079e-01
1.344116327070514316e+00
3.759482280142645294e-01
-2.473293435060641698e-01
-1.185909670774811353e+00
7.798918135632559867e-01
-3.559329188040424974e+00
-4.180954545092819608e+00
9.734425996323947672e-01
4.104664082014402027e-01
-2.131627078574898082e+00
2.125390847772075098e+00
-1.389881379965570041e+00
-3.157977191977600739e+00
-3.493289004768878492e+00
-1.695852979147708162e+00
1.404179906899693187e+00
1.125029157569326088e+00
1.253445316241053042e+00
2.046338692213089949e+00
-1.272563934189790302e+00
-2.947890955113932510e+00
2.335327009761845929e+00
2.066654646335841505e-02
1.136020855970726551e+00
-2.022800482607849393e+00
-1.394406365551859039e-01
-1.520583464906710702e-02
2.411743544362829894e+00
-1.319400754622921390e+00
-5.300565214212005216e-01
5.445184166804581949e-01
-9.717724141931629589e-01
-5.251830196339870582e-01
-2.517234121465847796e+00
-2.050273547623241654e+00
3.076954589461193379e+00
-2.464372097462157019e+00
-2.689916372909570530e+00
2.332694773040435265e+00
-1.049011710270116637e+00
1.269915017413595137e+00
-2.514506184539082145e+00
1.726391445282863479e+00
-1.671479912401361290e-01
1.930858198681945304e+00
-1.737420686047554508e+00
-1.250740953466560779e+00
-2.351229250178834551e+00
2.433738605894407492e+00
-2.542874308083534096e+00
1.231309639092426522e+00
-3.617690886878244694e+00
-3.566424615159646816e+00
-1.961929096538534978e+00
-3.197301692608426116e+00
1.303141728587684511e-01
-2.063460828691940030e+00
-3.122444619758328876e+00
-2.132965918459842847e+00
1.317276033121437706e+00
7.983586103138673451e-02
-9.400457851207058013e-01
9.925624598321824976e-01
1.538941325793736326e+00
1.274459975662267652e+00
-1.026391645980659906e+00
-4.560638266287773135e-01
-4.708966064921735750e-01
-5.738862657867418449e-01
-2.028598330412148432e+00
-1.572216917237172495e-01
1.488731547645071096e+00
2.302640309916530015e+00
2.726980394578029099e+00
-2.119994383274469207e+00
1.638262330747224382e+00
8.316968873245444982e-01
-4.311302947463957480e-02
5.882732330800681808e-01
-4.260204802733649210e+00
-3.481179846205400885e+00
-2.392618479782061769e+00
3.864525363309505579e+00
-2.587235743202700444e+00
-6.852878769096761857e-01
6.342516766263930350e-01
1.356952525578776658e+00
-8.432730924018247975e-01
1.245775173348113718e+00
-2.078471781808692853e+00
-9.450820985480739012e-01
1.712331077475852226e+00
-1.737700003504721202e+00
-2.691505822478971410e+00
1.344562893336462395e+00
-2.575703341448942751e-01
6.912610982453166741e-01
-1.962558040418624916e+00
-1.283893343683419896e+00
-1.748688073241329910e+00
2.164654608737395236e-01
7.015320185601137126e-02
-5.435546566416125103e-01
1.068129112626294841e-01
2.389906738849328249e+00
2.534268156303161490e+00
-3.031828099041391500e+00
-3.986286173571320646e-01
-4.106880005760180197e+00
-3.456125500553159924e-01
2.248981678123946892e+00
-2.063554989939441864e+00
2.876744106636572873e+00
2.596309724785196948e+00
-2.371038563563189427e+00
-2.936992652569649920e+00
-1.867221201750905557e+00
5.560476010433736960e-01
-2.009546452688271145e-01
-4.164630776406587742e+00
-2.162800977990706475e+00
6.462630357984577856e-01
-2.782683488217676526e-01
-1.134480093138987566e+00
-4.431413614241463961e-01
8.555268978130712298e-01
2.232847384296038129e+00
-1.294062972972739090e+00
-1.934100374412076384e+00
2.366488410258378750e+00
-8.117583964515802109e-01
-1.393419867467653450e+00
-3.757434825919876431e+00
4.633566843172998162e-01
1.170842507298104351e-01
-6.669094884834079195e-01
-2.113254107703355533e+00
-9.779555879205261704e-01
1.236708000815875508e+00
-2.536760888879526554e+00
3.852070391171150021e+00
3.492785292742219383e+00
-8.454548706298616878e-01
3.421311098051749156e-02
3.907270953544156100e+00
6.810433252032783713e-01
1.602583771086239395e+00
-3.626853587802250090e-01
1.063049761609073940e+00
1.846212106951313103e+00
1.171897290730823826e+00
1.466855206309682913e-01
-1.780403480106464986e+00
9.093309493312586866e-01
-2.138367651068214137e+00
-2.662638348100341723e+00
-9.462920505041250152e-02
3.093175435473742851e+00
1.591973029950022323e-01
-1.860983008515809001e+00
-1.501672895685832732e+00
-2.670165092067416701e+00
1.102618267868939128e+00
-3.349681793951546638e-01
3.900262999166733024e+00
2.332956456092069253e+00
2.136825135190481006e-01
-4.108918125695932844e-01
4.143627960559950196e-01
-5.982093037042250927e-01
-2.868242094913632911e+00
2.305054661899861301e+00
-1.189828364059854593e+00
-3.592754570514333778e-01
2.691878103036962955e+00
-2.431112067602628990e+00
3.852995770069975734e-01
8.431703332410380725e-01
-1.643908359566491839e+00
3.950757288906450171e-01
-8.430339310206118597e-01
2.006423418548512139e+00
-1.050867249260059033e+00
2.539840659742490736e+00
1.470068568417888244e+00
-8.909029948824587208e-01
-3.614564558146619255e+00
-2.867938929332693121e+00
-2.130555996162315502e+00
1.827006834277922209e+00
3.317784992812597977e+00
-6.150417745679881421e-02
1.950322607530026175e+00
2.245955918019728159e+00
3.129298883505155615e+00
1.739475575096084192e+00
-6.510082466976720994e-01
-2.180565385987463412e+00
2.671522564820966394e+00
3.304976565166343860e+00
9.809717949394256564e-01
-1.157364810021519475e+00
-3.349613053806657081e+00
1.701119140129101481e-01
-6.182537928634976865e-01
5.162196569152968095e-01
-6.204000983730662000e-02
9.305125683635555589e-01
2.021280565691339959e+00
1.351134652391805524e+00
-3.666965905377077561e-01
-2.991895898186090363e+00
-1.702340846337984992e+00
-3.460751934610946989e+00
1.061817727556308988e+00
-4.033956917283815002e+00
-1.312729798175558127e+00
3.800693763612912335e-01
2.469068426731555022e+00
3.373398319473809082e+00
-7.198889885622250517e-02
4.384458739423134688e+00
2.944647758157290518e+00
2.095331951564793904e+00
2.465247871883756936e+00
3.180139087655168950e+00
-1.052673209313810254e+00
-6.246048922666176395e-01
7.259780209171200482e-01
1.575483008752163627e+00
-6.790515943688992806e-01
4.505830086937418599e+00
-1.077976093090876830e+00
-3.165138913114553532e+00
-2.012693402286484634e+00
4.719882588341972607e-01
-1.970695735108751734e-01
9.172977959469452713e-01
-4.360443996166800673e+00
3.424286933763770691e+00
-7.440760419296861272e-01
-1.058831388242556848e+00
-1.352062320964459996e+00
2.774537259011112589e+00
-1.712301783790890486e+00
-3.630139896972091051e-01
-4.268588393388931479e+00
5.786047314130504660e-01
2.010722500263099732e+00
-1.522239223709258127e+00
9.574135551112172848e-01
-4.909060032891092717e-01
-3.950178673983884003e+00
-2.431732283656735660e-01
-1.210304569415379117e+00
-1.709270710734891452e-01
-4.148904136605713333e-01
1.693622197058283874e+00
6.943795853453700317e-01
-1.258927504144369713e+00
3.408487695671473361e+00
-2.826985585990009930e+00
-3.695256119697997832e+00
2.954173070973242332e+00
-1.206572094538358897e+00
2.801278602700422837e+00
3.404904437008305251e+00
-2.110523004093019850e+00
3.024394162686670384e+00
8.498939416684532233e-01
1.361249952453627010e+00
-3.147678227521592653e+00
-1.411598330718277783e+00
-1.742371419015315226e+00
-3.153069410286613028e+00
-2.040903440894000553e+00
-8.147975021588900191e-01
-5.081268744619578115e-01
-1.343489624926913706e+00
-4.085905263914400010e-01
-3.524594563501164401e-01
2.589256380921112211e-01
-2.247523512277417979e+00
-1.846664846162076490e+00
-3.284057936700490288e+00
-3.027583717594982460e+00
-2.993242008173284674e+00
3.635828299690048837e+00
2.413779428772555136e+00
-2.894782825268861881e+00
-2.009478565610669509e+00
3.013716757161857274e+00
-1.548877430956166812e+00
-3.641504155299914558e+00
4.058334732500089359e+00
-1.631553037226574077e-01
1.568536118978095750e+00
-4.038088350968846996e-01
-3.899248870191307503e-01
1.829622187659012411e-01
8.529005842848604857e-01
3.560292588966673222e+00
-2.068814403689289705e-01
-7.152304949942758228e-01
-2.810754703170290636e+00
-2.401461154303321521e+00
-1.970024494276732874e+00
-1.589409056888986704e+00
-2.855723362666818588e+00
4.083691015451346829e+00
9.120877792300081666e-01
-9.151892477680441118e-01
-1.849760042796100290e+00
2.195672345919268409e+00
1.147793593464530026e+00
-2.573715055163647847e+00
-3.436652976399266812e+00
2.109852751016168426e+00
-2.614355267302065577e+00
3.370929519655643247e-01
7.507154256277237536e-01
-3.108722449691319056e-01
1.333705445564460135e+00
-4.711941609122945351e+00
7.346350908906540411e-02
-3.496976012767513353e+00
4.194135620717997170e+00
-2.041477258483481716e+00
-9.198900929293198914e-01
-9.652145556300020246e-01
-2.817711628592260098e+00
-4.400882729414767880e-01
-2.048269901712784780e+00
-2.349543894797234245e+00
-2.822460450532899401e+00
1.539816518633903009e+00
1.742221632887406280e+00
5.952243438616386939e-01
3.033300635774798693e+00
-3.602801632784773833e+00
-6.566908995887867917e-01
-3.087218631742113750e+00
1.210743632121826785e+00
-2.414588252306334226e+00
1.734700161817173125e+00
9.167114697451133054e-01
-1.084425845660748955e+00
1.628697317534498978e+00
4.314437557244517052e-01
9.872418599015562179e-01
-3.711309467208384838e+00
6.472843329457589334e-01
6.782376708028614587e-02
-8.606303949900153683e-01
1.103028078201750972e-01
-2.351023691050170505e+00
-2.036894960607163796e+00
-1.935413780740765866e+00
-3.201111482081429926e+00
-1.866447993735126154e+00
1.214309436650406582e+00
2.706334821939833546e+00
1.790696132744250768e+00
-2.535023096654037467e+00
-2.137103997026661872e+00
6.696531938580596588e-01
-2.425419066868369278e+00
2.339873957779414759e+00
2.322205340299921872e+00
-3.297101051243922054e+00
7.943880461616164013e-01
9.793360611523276305e-01
4.457037498973459577e-01
1.469981812692207512e+00
1.980118817687196220e+00
1.391911278260140605e+00
1.643874422584145734e+00
4.315585014929617103e-01
3.279596878869089238e+00
-2.204115104114205526e+00
2.971822724945929473e+00
4.506116686085137601e-01
-4.013057656435661258e+00
-2.866444437637660769e-02
2.490643126201761426e+00
-8.051627574614581562e-01
-2.734745413549037441e+00
1.103786058996401032e+00
2.267226978497057566e+00
-2.677381917792410526e+00
-2.016842210616982989e+00
-3.301827629718481205e+00
-3.297148240473641412e+00
-4.910303231794932444e-01
1.343245840569955440e+00
-5.361575962127549388e-01
2.225549452873591960e+00
-2.197685292664148360e+00
-2.071326557282123559e+00
-2.991246469610320702e+00
-1.484029280512770388e+00
-1.029760369322416658e+00
1.557724720571213695e+00
-3.195352967000676614e+00
-1.680822636156888983e+00
1.424866622770668556e+00
3.293583295390153154e+00
6.445665580500223868e-01
-7.772218842413707307e-01
3.260624834953016915e+00
4.015318295135195115e-01
8.279813997747353937e-03
-1.879624361625840123e-01
1.473538116945221077e+00
-3.848819642947747255e+00
-9.635397486883867657e-01
-2.864731991073687922e-01
2.873781365797256626e-01
-1.263152892549086470e+00
3.160222766416231011e+00
3.338651155949287741e+00
1.760680017183792856e+00
-6.980538588386568932e-01
-6.436522258370906968e-01
-5.870407400925881092e-01
-4.214243129786190423e-01
-1.895140642907611195e-01
-2.019694057930492725e+00
-4.006134996980269314e+00
-3.106551830009536275e-01
-2.062996639378056329e-01
-2.150996168021581667e+00
-1.299094638081991882e+00
-3.760743896060514846e+00
2.806221692798061440e+00
1.823813517346737356e-01
3.982674858310764066e+00
-2.881894670339946174e-03
8.341900013809304681e-01
1.071635182640675588e+00
1.832288369940338058e-01
-2.360706273920161635e+00
-8.304577055254229734e-01
-1.715674976609888880e+00
2.702264430540161300e+00
-2.496152927186575887e+00
-9.055636024924957894e-01
2.371083749407718599e-01
-5.660271737416717741e-01
1.707219785942189816e+00
-2.586719039230406914e+00
9.049946558517962814e-02
-3.103886616816414978e+00
-5.556570656738930580e-01
-2.734234385249352695e+00
-9.950794332655279462e-01
-1.501821559607914303e+00
-2.518249356257769023e-01
-3.126201832747455889e+00
-2.845198080176433386e+00
3.373033936973294900e+00
-1.830101510332882597e+00
8.728204987956988958e-02
1.013499324773556864e-01
4.410654788669646109e+00
-6.594616846773355689e-01
1.099725938826230376e+00
2.506481159257615055e+00
-8.823844224232715305e-01
-1.758533038597972720e+00
7.130184928666105648e-01
-1.211092817557618773e+00
4.511530466446576071e+00
6.272076297780326826e-01
1.143481505491740435e+00
-2.227614007976241872e+00
1.142210734411156281e+00
-1.863363604069407931e+00
1.516330196385076157e+00
1.188125989131282090e+00
-8.509981477658614679e-01
-1.067857412022016561e+00
-7.157670278166694544e-01
-5.341446597631982485e-01
-2.261442007513915886e+00
-1.533251152186387856e-02
2.227606182075789754e+00
-3.315794986660307586e-01
3.142847203143439572e-02
-6.190818975619549747e-02
-2.656790273886251441e-01
4.427997468513744650e-03
1.714370095031554797e+00
-7.384393051801811936e-01
1.284980667087626927e+00
1.670993489652499164e-01
-3.044351930747135615e+00
-4.217551480878579007e+00
8.519880918275921644e-01
1.906813724945806143e-01
-1.270565618218033599e+00
-2.121472365176382269e+00
-6.917237453745803677e-01
-2.684941836307430663e-01
-2.045914818635962362e+00
7.339747357509800452e-01
1.106540160721283250e+00
-2.113557670809437461e+00
2.555505769167119468e+00
4.271699890881830441e-01
-2.129321285615470849e+00
-2.723126795534136502e+00
-3.871644120480298490e+00
6.143497907912420786e-01
2.938880543002824197e-01
3.386986152007882112e+00
-1.509480928917128040e+00
3.158344375523958192e-01
-8.301468325086176492e-01
2.074569710744011530e+00
-3.459646216172181710e+00
7.377897776685182762e-01
1.470042413393279901e-01
-4.534177105102452643e-01
-2.608587821358151260e+00
8.065039444916362044e-01
-4.444978200423372883e-01
-6.069699908783734443e-01
1.355655568999444505e+00
-1.397377635748476621e+00
1.802379318381674977e+00
3.500465118435489131e+00
-9.134246575689815018e-01
1.986570743064987710e+00
2.680570936562869377e-01
5.348148395012977119e-01
-2.969706195722512376e-01
-8.549824607562950263e-02
-3.922018732598014701e+00
-2.042794934179390065e+00
1.507584328086226222e+00
2.727639891067283884e+00
-1.081423657333443700e+00
1.124776527670072745e+00
1.258054635117433762e+00
1.888760999503059423e+00
2.621215891070116655e+00
2.405200232848603292e-02
-2.196909679074263710e+00
1.963924802819127180e+00
-2.898558787128052039e+00
-3.767051627969325800e+00
-1.148638197208522893e+00
-3.870087082722850624e-02
1.877130751130548170e+00
-1.677356874300055534e+00
-2.928295125267369237e+00
-1.291210970478218201e-01
7.591484787511184607e-01
3.499588236951975517e+00
-3.279394955031343706e+00
1.568339666764600793e+00
9.273374532560554329e-01
-2.749070087711904531e+00
2.142403533251249215e-01
2.746665555647975765e-01
-2.649894412368087870e-01
-2.689420809449849514e+00
-1.819224969814408066e+00
7.710959397430183770e-01
-1.373589232491763568e+00
-7.759835525549867441e-01
-2.975249929597121312e+00
2.342601848291980815e-01
-2.317295852854801552e-01
1.208223226881221635e+00
2.217725855240085586e+00
3.140119085454809778e+00
2.596834274742487736e-01
-6.022301311672881852e-01
-1.236679250722505952e+00
-1.842933725369586551e+00
7.177474938181678255e-01
2.626080503072164340e+00
1.333968271591241539e+00
1.804775736301753142e+00
-2.422932629794896098e+00
1.429697392481483753e+00
-2.133643512786359331e+00
2.037133425795635944e+00
1.553465667037507991e+00
1.661003268164265023e-01
1.889701818154598811e-01
1.600676441695368268e+00
-2.861276213581078753e+00
5.583484322565883673e-01
1.485583813130764597e+00
-5.889859489445017360e-01
-2.382324529280497316e-01
-1.152920501730396285e+00
-2.896987831179584916e+00
-4.434500970012784649e-01
8.226364766303611020e-01
8.254228089467634533e-01
1.934277118423044506e+00
-4.163505446183340730e+00
-1.943330237383267711e+00
2.628083896796167274e+00
-3.537619868082438224e+00
4.326122313612685844e-01
-9.446389955390976922e-02
1.313484614587521193e-01
4.588473107533710404e+00
-3.238457202838382454e+00
-1.849733198808209522e+00
-1.849269580529452561e+00
2.034557776260566442e+00
-7.720608220975346825e-01
-1.216386946176734263e+00
-1.839802016128558648e+00
1.734951013850441370e+00
2.167700113263018480e+00
3.346220045232737306e-01
1.438053478519361050e+00
1.428913541745142624e+00
-3.407202928149821730e-01
2.937771229992012678e+00
2.789966536512579864e+00
1.867776375118280541e+00
-1.634786451610787061e+00
4.106156934546559611e+00
4.543094944069334673e-01
4.298821727721469088e-01
-5.243626202400957226e-01
3.235265191996898437e+00
1.643095032743973505e+00
3.898497630242871992e+00
-1.087602293631523054e+00
-2.646289339577758692e+00
-1.377337109370030177e+00
2.305939698235772717e+00
4.675308733166874120e-01
-7.702023942687032942e-01
-1.622557648830630583e+00
-2.028635138335026511e+00
-1.465922288237877513e+00
-2.001839935398752601e+00
-2.045693650193687319e+00
2.896113930474523812e+00
-2.601144573740244326e+00
3.101481931985940577e+00
-3.685090946819205016e-01
-1.421277843493768955e-01
1.367399911562719339e+00
1.693242344644179553e+00
2.486109382272163160e+00
-1.324101037091966582e+00
-3.752557854800829595e+00
3.239712766924657927e+00
-7.576607983522345435e-01
1.656943794817999915e+00
2.488771741081912126e-01
8.779305040814922023e-02
1.032407119231453230e+00
9.201227773080900008e-01
-1.710424899172924285e-02
-3.612749733987553391e+00
4.037914834212683601e-01
-2.080251089848745405e+00
1.357117763599166693e+00
-2.072540260087673225e+00
2.440689933751059471e+00
6.508995423559928994e-01
1.671200592354564307e+00
-1.301514713891828823e+00
-2.847083695717075535e+00
-3.390584127150297888e-02
-2.721973357756036549e+00
-3.248932999227199581e+00
-7.329997973995912020e-01
-7.984156715233865498e-01
6.476420958406770012e-02
-3.659443495732910279e-01
6.386547313274828497e-01
-2.545179937313854168e+00
1.214986506529863952e+00
2.367823788331422818e+00
1.854205499863855522e+00
-9.151067342811467498e-01
-7.254823756795589773e-01
-3.456326091275034429e+00
6.989881048496382476e-01
-2.276790109840258758e+00
-6.166383727580431184e-01
2.473093565407191718e-01
9.527648984745180627e-01
1.225626143746064045e+00
-8.772594674794476077e-02
-1.399426457535426493e+00
-6.671666412613950214e-01
-1.235493093123175790e+00
3.323855872579857262e+00
-2.728656069574429743e+00
2.324278786990640278e+00
-4.826841601513196522e-01
3.545904853802419154e+00
-1.283902268907694655e+00
1.197821851835900731e+00
-2.392032277458406853e-01
-2.334950431510162794e+00
-1.791384256265799557e+00
-1.648316847232837112e+00
9.530494822152864032e-01
-3.035379744169992566e+00
-1.791413053370200181e+00
-3.025771768406584350e+00
1.957313473094135503e-02
4.505120911043194454e-01
-4.150187891434953258e-02
-1.499152846142619566e+00
-1.448758231157265097e+00
-1.323462284002464351e+00
6.615850609551943151e-01
4.557063778925751762e-02
2.908266149399770129e+00
-2.930122802924783887e+00
-1.013562736919133567e+00
-3.484312086641692563e+00
2.182328751032613923e-01
1.038854577684582559e+00
-3.307546592672618857e-01
1.547657741495083172e-01
4.744008251538067711e-01
-8.118430436876673539e-01
-1.940124110789427370e+00
-4.328858185332356889e+00
8.883557338242056289e-01
-1.396451601782260354e-01
-8.202107229571904412e-01
2.884254250310718248e-01
2.147433883672600352e+00
6.022998023436088033e-02
3.151843192584667719e+00
1.218199493704812397e+00
-5.415890073706108865e-01
-2.791442427928085834e-01
2.203009352039096314e+00
-3.972651637628485943e-01
1.895257185737291294e+00
1.795491238560376956e+00
4.090942610499086030e+00
-4.016972096764162892e+00
-1.706234294344957103e+00
1.856328707067405048e+00
4.401422391240048526e-01
-3.835584297765576522e+00
2.729764570845974347e+00
-2.878487694134213015e+00
1.937262944379480878e+00
-1.848479426275500437e+00
2.332573995976567005e+00
-9.347291266210868699e-01
1.308505117285479358e+00
1.506921946600090934e+00
-8.070155275390593630e-01
-2.342986990569842831e+00
8.116993417238305142e-01
2.999906119930501269e+00
1.618600245330349630e+00
4.051942193245663404e-01
3.179599511411835167e+00
-2.359437833446386801e+00
-1.380246355698593330e+00
2.703487996337791799e+00
-1.199177130177861983e+00
-2.952955290628316298e+00
-2.727888121202015625e-01
-1.028085598357149522e+00
-1.210048101157377598e+00
-3.772596940971804091e+00
9.743303383025034847e-01
2.243718754306374130e+00
2.236681715240859347e+00
1.491469203077534722e+00
-1.697732631204171838e-01
3.630950920031168039e+00
-2.934333873695111894e+00
-2.563688912117312313e+00
1.523450544222967551e+00
-6.201260315914511878e-01
-1.547177773920527688e+00
1.384966163881249379e+00
-8.626012522483321732e-01
2.050768776362232870e-01
-1.933891344487314257e+00
-2.687913768394487590e-01
1.102912478019515419e-01
2.588221896200888494e-01
-1.956457239628697664e+00
-1.893058573219798646e+00
1.117792109040255610e+00
-2.869492623290020639e+00
-5.811257510641567592e-01
-1.710274123781267086e+00
-2.389295742084012186e+00
-3.745389367695217686e-02
2.420727934659623770e+00
1.071971928294801479e+00
1.307048652775202768e+00
-3.149420504042472757e-01
2.350934497962004599e+00
3.359643843956163778e-01
3.743903276729312779e+00
1.637497548208841636e-01
2.920947766655901390e-01
-3.655313940991007371e-01
2.459175599409888946e+00
3.629164276459304617e+00
-2.650568876195373846e-01
2.536556051482836693e-01
6.005608316811459346e-01
-3.783512637476258433e-01
-3.528505652821315230e+00
5.704682962139129287e-01
2.546068867120063750e+00
3.119847297420509591e+00
-2.396218023592260327e+00
2.176927991155186426e+00
-2.794433323508012101e+00
6.203086294855548743e-01
2.972354392447424942e-01
1.350228994237976821e+00
-8.157427042853191423e-01
-1.087497237172150744e+00
3.450003447281408953e+00
5.953122202496885507e-01
2.994918684389129560e+00
2.656248912132818774e+00
1.447059685807038143e+00
3.942459125575425105e+00
1.445951641262492871e+00
3.413306228309750168e+00
2.777633457300900943e+00
4.383646057578083344e-02
2.852079457981696820e+00
-1.028951760358501666e+00
-1.928960148531686514e-01
3.201556846864228589e-01
-1.813502157298829687e+00
-1.110703567703906991e+00
4.206495862839503275e-01
1.053163144353421288e+00
-1.722484869001377206e+00
1.906866399386846211e+00
-6.298871462864816806e-01
2.323520387829356437e+00
-9.286726420328061948e-02
2.577831507936609867e-01
1.111379391564504715e+00
1.348240141550896887e+00
-5.948954820558549628e-01
3.277078080010136674e+00
7.975199063639522024e-01
1.706018961559725433e+00
-1.412464953120287081e+00
-4.009748151667722915e+00
-1.675182291645338495e-02
-2.761330606775451280e+00
2.419808927711343038e+00
-2.477460578850132933e+00
-4.134761358468256098e+00
-6.555474538527690243e-01
-4.926694174110126667e-01
2.242306656388674213e+00
-3.621784821081162065e-01
1.541304111185144876e+00
3.413010096745239252e-01
-2.436882671816999135e+00
6.882012667243593285e-01
-1.175663758626051436e+00
-2.589511602134423107e+00
-2.156504917626298035e+00
4.914624318533000746e-01
2.230074013371179831e+00
-2.036391367880871606e+00
7.997875569129666573e-01
1.368679908957313174e+00
-1.795562715128551368e+00
-6.092221027808610856e-01
1.280052876456734268e+00
-1.678295729642307332e+00
-1.098088164304739323e+00
-4.730802808820770977e-01
1.963191581863341639e+00
2.353814572196232469e+00
-3.852052933054047834e+00
-1.979981937707642636e+00
2.401414152723435613e+00
6.665008906987859305e-01
-4.198340745223285708e-01
-2.561416382074098941e+00
5.528853759145935243e-02
-2.567171170507478450e+00
3.125364521583920308e+00
-2.153629311795492995e-01
-3.428294202957578918e+00
1.447029768105299041e-01
-3.016639926944288952e+00
-1.658599470519302344e+00
-1.474549521297918719e+00
9.243625245620554765e-01
-2.209150641095103396e-01
-3.646671759239381583e+00
9.525904453031373009e-01
-6.452021115561699105e-01
3.450764374903258158e+00
2.567873114734105400e+00
2.012663664071316916e+00
7.474592097163323956e-02
1.696663019903219549e+00
-3.594553255060333630e+00
-2.942947398017895289e+00
1.270377776172083806e+00
-2.128622453076221888e+00
9.156719603061311830e-01
-2.124974803733876705e+00
1.684560719986767374e+00
-2.597160947309049117e+00
-9.078531833508662885e-02
1.394557605609447748e-01
2.252493612407934442e+00
-3.688470370886576255e+00
-2.104885124438186317e+00
8.058427253055420181e-01
-1.034935053977394048e+00
5.957500517967684317e-01
7.990045443082536281e-01
2.950745403198320460e+00
-1.989705667694259716e+00
-3.790333300297988650e+00
1.967313818736391440e+00
-1.100929400704436123e+00
7.055178282764877906e-01
2.010640550931776183e+00
-1.226538912258052783e+00
-2.557779855558183879e+00
-1.070201145898206807e+00
5.650955146464307077e-01
-3.630834062432077847e+00
-1.620380394036753824e+00
2.521089024453786465e-01
-1.975026723019316144e+00
-2.210409535442309892e+00
-9.388483157683911173e-01
2.113274848612832990e+00
1.759799227857036463e+00
1.415519686342127770e+00
2.503292313019569448e+00
2.621369330812878040e+00
1.663560844425926888e+00
2.208643462953542524e+00
-2.320551153309782677e+00
1.505781084453428065e+00
1.385006788519262955e+00
-1.482788818898974181e+00
3.834323973732656654e+00
9.849541966771795387e-01
-3.769444324650090827e+00
7.608028140198728195e-01
5.172560809917401414e-01
1.572173670619672059e+00
1.576967902715226799e+00
2.342677894824982232e+00
-1.223699823577675261e+00
-1.604199636040334997e+00
-6.198376626386439270e-01
-3.242312793300712315e-01
3.219975038778489562e+00
1.712079813344297818e+00
-6.138242744176345411e-01
2.116741809754039139e+00
2.619898820577867937e+00
2.469213224288543174e+00
-4.274267624773480101e+00
1.346886779395775058e+00
-2.632031462538322764e+00
1.666743016486202045e+00
-1.648804474135160625e+00
1.521584751149922532e+00
1.443737783762388815e+00
4.918248482711273795e-02
-1.667669102878571508e+00
-9.980437812864852987e-01
1.311816143959852354e+00
2.243088249459178840e+00
-1.547707654023260382e+00
-1.674738907720667580e+00
3.541008961101299590e-01
1.627928617879124573e+00
2.024889724577154659e+00
-7.815862343376522858e-02
1.957942297903052520e-01
1.343470607669861927e+00
-1.527187612777952452e+00
-2.231057460789143576e+00
4.881896324679066979e-01
-2.578839116546375543e+00
-1.509603822092560055e+00
3.146519241810604939e+00
2.129483316868335585e+00
-1.952496443149811967e+00
3.485333478999152135e+00
-2.074094833686292549e+00
-1.632528977607952125e+00
1.432526723681988301e-01
-9.986387063784798457e-01
-4.222922545251089232e+00
3.567639364670514013e-01
-2.617506600565846497e-01
-1.221082979460994533e+00
-7.849315116630615208e-01
1.377199736393121654e+00
1.566399739265415647e+00
2.284794533740059919e+00
-2.912187592290162552e+00
1.536949215267885194e+00
7.107052372731903489e-02
-2.568245024525401821e+00
-2.809121158305689647e+00
-9.213415300601290880e-02
3.241326398122000185e+00
2.162765314604544464e+00
-4.266191898962174989e+00
1.359393296257144002e+00
1.303103719508536429e+00
-5.735741810992935896e-01
2.073709417448998948e-01
2.824653905531420151e-01
1.516686552982622338e+00
-1.685619844096788000e+00
1.158302692080079410e+00
1.216245168457215087e+00
3.957050090232296924e-01
-1.516765887247810696e-01
1.065928142526441746e+00
-9.584867977808446682e-01
-1.890006026718491494e+00
-1.159401763776596983e+00
-3.376998701603226127e+00
3.692770675887233622e-01
2.624370958142067778e+00
3.511162653664403166e+00
4.568917118641158126e-01
9.833967029119925485e-01
1.614706009460769032e+00
6.721138332775016266e-01
4.371155622998919910e+00
5.458234056592008443e-01
-5.044530576586865322e-01
1.153891603508720110e+00
1.467012344790332712e+00
-2.547387953148011697e+00
-1.052859218249103890e+00
3.519152277575956944e+00
3.083844104195296865e-01
-2.285548124658508762e+00
-3.357248637836755201e+00
-1.018699074933867799e+00
-2.383669709659566038e-01
-1.514348899938955828e+00
-1.978282335866232700e-01
2.437729514747683623e+00
3.810577832676901977e+00
-1.600701062331304048e+00
6.765651490342108332e-01
3.512423288393762277e-02
-6.750592267575159511e-01
-8.491322012192110691e-01
3.646442638484288068e+00
-1.558760264129698925e+00
-1.843759159439994022e+00
-1.752478776213990397e+00
-4.039710939291133229e+00
-1.113103315817031813e+00
2.375469606342087481e+00
4.612116392335687820e-01
1.091360697886597286e+00
9.771519089053395390e-01
-2.334961101998584976e+00
1.279069421636185311e+00
-7.542227509817731601e-01
-8.528340838547068259e-01
-1.327786101398298779e+00
-1.021140375149776069e+00
-4.357411988240089684e-01
-2.142292848535722438e+00
3.290000970856825191e+00
2.894845672120345270e+00
1.936119230161716942e-01
3.266964821105135641e+00
-7.235093431429007182e-01
-2.652249658088962292e+00
5.715645316632755879e-01
-1.254106543544822205e+00
-4.248120397461114806e-01
-8.922700650175237058e-01
1.778304213599657402e-01
-1.516227862045854913e+00
1.071384101360280283e+00
3.830537840461023080e+00
-1.708563443555587646e+00
2.050579049197378545e+00
-2.057188186386084361e+00
5.552623745753892948e-01
6.353292163121571079e-01
-3.648775498043708154e+00
-4.108382947988067357e-01
1.043044235624668303e-01
-3.073387043276843755e+00
-1.942550046532964370e+00
-1.997823957210441925e+00
-2.577640740557975985e+00
-4.409441990202536132e-01
2.628996547669917305e+00
3.842933096565250395e+00
-7.420955065895560310e-01
3.161074687404894945e+00
-3.389318672121971687e+00
2.901936494499937069e-01
2.429167828584164468e+00
-3.424451211126529504e+00
-1.346192021323406873e+00
3.027394278769124369e+00
-5.067499766764136382e-01
6.848341833447317839e-01
1.617049918785713913e+00
4.148837446240456472e-01
-1.327109589931918077e+00
-6.611176707899488747e-01
-1.875836946218640833e-01
-1.588136176956562284e+00
-6.160531243500209087e-01
-3.248296053864141442e-01
-2.153268901258442725e-01
-2.609847200509123333e+00
-1.186091382320260124e+00
-2.255415003754320580e+00
-5.428055428943610039e-01
-2.551928156194859909e+00
-2.244456963666201954e+00
-1.776043230249868543e-01
-2.823780222640017268e+00
1.580935954043738434e-01
-3.042196796157134564e+00
3.052318480576715842e+00
2.895201800699819472e+00
-4.490783809782152858e-01
2.168521274649682695e+00
-2.851071411895843788e+00
3.864819249479138463e+00
8.204475734860210423e-01
-4.514304073524613159e-01
-6.790800234196670004e-02
2.539797565932769174e+00
1.359263636110972229e-01
3.661728102671869323e+00
1.583628206785531845e+00
1.609891402893950385e-01
-5.565804994206278167e-01
-2.019517838546855959e+00
-2.883795467517223265e+00
1.675435074780116551e+00
-1.718764310507302717e+00
4.192438318707834455e+00
-5.156999642388813143e-01
1.565905531089068603e+00
-7.122222081772218161e-01
3.422865947760413974e-01
-3.413818532302438591e+00
-4.069842038009978680e-01
-5.975502922795765670e-01
-8.994444479169159123e-01
1.577746604947270370e+00
2.295526966624414911e+00
-2.183681836169639290e+00
2.947314986850116725e+00
1.661101834073200223e+00
-4.679458190690222175e+00
1.262348515231927593e+00
-1.499250706678296297e+00
5.414194105188308015e-01
-2.497708870112402835e-01
2.506397704120382208e+00
6.579764332457651577e-01
-1.085453653462333357e+00
7.474197310531494054e-02
3.838111356012703368e-01
1.323908289762635526e+00
-1.409802763751094368e+00
3.211918992173611542e+00
-2.279095703545437779e+00
1.546633532369798836e+00
-1.816021208678729515e+00
3.715498706717655253e+00
1.240912592099054912e+00
-2.678275785529522945e+00
2.335103540813330270e-01
7.880660588760530771e-01
2.835782157405963844e+00
3.421061379668730140e+00
1.817086684362513083e+00
2.960378782579441648e+00
2.539838128276383777e+00
7.413796121309950138e-01
-1.554198595799393345e+00
2.406051697813978762e+00
-3.259812582345671395e+00
1.467332317949359144e+00
-3.633817929887090514e+00
-7.914151037443533099e-01
-2.089179959679579923e+00
-3.268375936960494776e+00
2.169585110219008683e+00
3.940913344352891201e+00
1.586679749841878539e+00
1.517512805917995422e+00
-1.207615802060941768e+00
-4.351901422013614962e+00
-1.039317393149332691e+00
-7.232895480025005597e-01
-2.292170853111421103e+00
-1.490157885915432967e+00
-8.044964742658464729e-01
1.333692200114141357e+00
9.199563755061035408e-03
-2.677754809921928381e+00
-1.253147605980402535e+00
8.881115287824563609e-01
2.953778042878231425e+00
-3.793332592631060152e-02
-3.640049033603158790e+00
3.371658649687271136e+00
-8.673961490151924636e-01
2.120065885112093262e+00
3.082881802645404790e+00
7.426777907585426775e-01
8.293091718653045064e-02
-2.740738335116087221e+00
-3.564396971926677260e+00
1.332884134334131332e+00
1.891904903991711961e+00
-3.356781624907129835e+00
2.607249594972596007e+00
6.679532741347120606e-01
3.329914966244455599e+00
-2.063518678260826356e+00
-3.810171490180209730e-01
3.631597796891464114e+00
1.285826969989587454e+00
2.823277879375439170e+00
2.350976252747650541e+00
1.313077819735579688e+00
-7.350820481179001220e-01
2.096038917718781924e+00
2.453025288940677839e-01
2.238523214262113648e+00
-3.015342501218261084e+00
2.908782137767449427e+00
-1.000188425436978168e+00
2.081416697948506034e+00
1.173632306265808722e+00
-2.226929064644416201e-01
3.691713949455845523e+00
-1.032812083437679718e-01
3.038238364396450564e-01
2.369753459630510761e+00
-3.199251533104761513e+00
-2.245854168371884896e+00
-2.163295841547224097e+00
-1.458267393952414892e-01
-1.496210359306411330e+00
1.291272855372347372e+00
-1.169565299014325710e+00
1.533781146384738392e-01
-2.444819347061474524e+00
3.150562113141980092e+00
-3.410336352546612382e+00
2.463808863810525551e+00
3.620264770489987072e-01
1.457624217639825304e+00
-4.662425015715795595e+00
3.000424651066332160e+00
-1.966160329992407085e+00
-8.407938215781163294e-01
-7.453055368422720761e-01
-4.634016116420669462e-01
1.490752445741904353e+00
1.520385350165136984e+00
-1.353476167652545303e+00
-7.862898465152223793e-02
-7.381535952588968996e-02
-3.069044499486304201e+00
3.289938039816686199e+00
2.840111304284809179e+00
-3.522947748093519849e+00
4.474411574364198785e-01
-5.403168197579599763e-02
9.411373990640381493e-01
-9.736695283232013054e-01
4.051523568000723330e-01
1.546037247382424873e+00
1.287082430694397317e-02
-5.124942361184183781e-01
3.877579946338491013e+00
4.495294039876140957e+00
1.988737391296403700e+00
8.395590973182534000e-01
3.792125062298675076e+00
-1.889887612138609452e+00
-2.708566191137684598e-03
-2.064980722371772437e+00
2.884290747113897879e-01
2.791822576794231736e-01
2.562217587744717306e+00
2.247604414340642620e-02
4.415974260408111363e+00
1.509592897200295880e+00
-2.977947355783117978e+00
3.411101907329992855e+00
3.580205708983235979e+00
-1.465279260719631882e+00
1.887652278777873782e+00
-2.678791746989612754e+00
1.083356758146769572e+00
1.758429792631334365e+00
2.904966536237569841e-01
1.040719181955819472e+00
3.311941587463817172e+00
9.839392296772109248e-01
3.893987003536309999e-01
-1.820508829222880376e+00
2.860433198134240129e-01
-4.800979216150782491e-01
-6.729309981976001609e-01
-3.584371961016777242e+00
-6.116810032467503433e-01
-1.190552664046187203e+00
3.762369117631703119e-01
1.836874629865061337e+00
2.405030553604145638e+00
-3.076514868673010383e-01
-2.025214490081443053e+00
3.222784366821175084e+00
4.065405725937676351e-01
2.841733177998275295e+00
-2.178346689442265838e+00
2.300413141541419293e+00
-3.862084798425983401e+00
-3.651111656618599710e-02
-3.311756255683135919e-01
3.223150354266245188e+00
1.825827594302170453e+00
2.558377699422631935e+00
-2.344916342130043407e+00
8.200604188870670441e-01
-1.320975303277637458e+00
