9.580028588565419057e-01
6.161403621391265517e+00
-8.131713166525988967e-01
1.341329755448250616e+00
4.159639329383786333e-01
-1.439516109095353436e+00
4.438788298140670108e-01
-1.298037417540943927e+00
8.279051801482975037e-01
1.780358598289227601e+00
-3.438734443884570169e-01
3.667524844732836797e-01
-2.031100297006758204e+00
1.374652107740632623e+00
1.240009422177342557e+00
-1.094383319366380114e+00
-3.429838366976296626e-01
-1.079943906129775755e+00
-4.516248990491202875e-01
-8.400797657809171426e-01
2.166126524554226052e-01
1.695474006418892010e+00
-1.165758502322224999e-01
6.909770708595566191e-01
1.505449451088024304e+00
1.176020862456734761e-01
8.219418838177974251e-01
1.507377800249038557e+00
-2.723945365786129003e-02
1.726268430828388212e+00
1.734834506736245174e+00
1.755113337285408193e+00
1.503478503282274836e+00
1.065106896938342373e+00
-4.608799763716735498e-01
6.378437128381841958e-01
7.059234379893997158e-01
-1.650527051161700953e+00
1.707572658767988472e-01
-4.213714399017609580e-01
-1.551515635785221559e+00
5.859200191265276914e-01
1.718178429516489913e+00
1.608161976009987448e+00
3.827843953647613873e-01
-3.884940801737579719e-01
-1.467034892619744291e+00
1.749719353856727722e+00
5.891228245911328543e-01
7.667900973044385893e-01
-6.097311525220181494e-01
1.404660399304603402e+00
1.796130834676105792e+00
2.515636515809358542e-01
5.169888800071733570e-01
-8.404041113930746931e-01
-9.140885242865719462e-01
2.095646296707172063e+00
-5.453213176656488415e-01
1.000054482968714353e+00
1.021755556436248824e+00
6.228767278493565485e-01
1.845592600184424725e-01
-1.275943550681255090e+00
-2.498357706276586043e-01
8.810404210299962457e-01
2.461695683628306597e-03
4.559828387788211757e-01
-2.041164777977648725e-01
1.468810823287050482e+00
-5.735736777755153781e-01
4.557555447988201891e-01
-1.156261924226302362e+00
-1.395399471909567701e+00
-1.431402814653815359e+00
3.025455502547815811e-01
-1.764412191004694375e+00
9.559097939332250604e-01
1.550603395276848318e+00
1.634865217430094830e-01
1.040669920860629816e+00
4.887175643944718928e-01
-5.767317570332952670e-02
-1.991759152808306066e+00
9.631903351670363378e-01
-8.840826810576594141e-01
-7.127510408637851569e-01
2.055338557671282373e-01
-6.254894671828976627e-01
8.987508620173425555e-01
7.019974418079666378e-02
-2.931576735973191461e-01
1.052558018244673654e+00
1.629128881528707495e+00
-1.633713164816330554e+00
1.207464704827136970e+00
-1.437961979773552557e+00
-1.775483510194977743e+00
6.464897114851524407e-01
-1.318305353529383162e+00
7.039848133719983636e-01
1.059293370183227445e+00
-1.544903786177256322e-01
6.249597956189489878e-02
-1.315333357233133160e+00
-1.294062298639944153e+00
4.878752053725285975e-01
1.057029960542832825e+00
-9.388590371150771219e-01
1.129299305340470738e+00
2.089690179049727092e+00
1.458959252175409560e+00
1.010788636970952226e+00
8.118542880101351500e-01
-1.867772688067905751e+00
-5.703205513396607529e-01
1.859765162242135617e+00
-1.299473299598474352e+00
1.088390335790066388e+00
1.357516212279548107e+00
1.742595934808379710e+00
1.834970426539063837e+00
6.266313413448365566e-01
-7.990762084810576482e-01
-1.440655115564950517e+00
1.183957506900251033e+00
2.034117383638697873e+00
1.107364869640163896e+00
-4.999744241775907483e-01
-1.283342969175772730e+00
-1.967036837471969335e-01
1.176685220055056824e+00
1.137507981770635723e-01
-1.979955867872380537e-01
-1.090437386046364310e+00
-3.945826211649370308e-01
1.880207298315134778e+00
-1.840495788402272126e-01
4.063381509765946475e-01
1.505521944190406636e+00
-1.056231034003948910e+00
5.253874610664421851e-02
-1.234303190520834370e+00
1.828660452434339945e+00
1.594845179918583433e+00
-1.339206792921441291e-01
-7.240838792902044574e-01
5.764025462909314612e-01
2.619365012529506487e-02
-7.804754896681984633e-01
8.066582243589444090e-01
-9.278097011677211015e-02
-1.262227840494347664e+00
-2.308145697133170415e-01
3.218895160879853279e-01
-1.306800808988271001e-01
1.163084791525426986e+00
-1.556747923090597840e+00
1.451605918723759103e+00
-9.019455010587593691e-01
-2.003582835325383726e+00
1.673609264387661000e+00
-1.063756197907208545e-01
-9.566021055236308968e-01
5.990993121015852907e-01
1.995799308580732401e-01
-1.066012008004068257e+00
1.187726448381849487e+00
9.555613942270966277e-01
9.647833684783009289e-01
-6.407631697180651287e-01
-1.054143229197030074e+00
-1.153881871102158563e+00
3.690537044540240785e-01
1.555781821795062747e+00
1.629267290072260010e+00
1.270334614729220490e-01
-1.822717449414987367e+00
5.146163071049283388e-01
-1.170763491885722374e-01
-2.018501849889384303e+00
1.215455459390145876e+00
8.273966104650964937e-01
-1.364968399404526522e+00
-1.708623502470174582e+00
-5.726878947555329447e-01
-1.039724761242878159e+00
-1.330577916304415353e+00
-2.066458734507602202e+00
1.735582410818993893e+00
-6.631543922374181221e-01
-1.950092399308572144e+00
3.038278867571815312e-01
1.991577828381521087e-01
2.103049183565037339e+00
-1.601705966315776219e+00
1.657491921535862112e+00
2.140243803678022694e+00
3.663495357346056025e-01
1.950998434204878507e+00
-1.160435887717528036e+00
2.032060292002277890e+00
7.995706092163477052e-01
1.182615417751900821e+00
-1.658650802320834394e+00
-1.603324449338518143e+00
4.909363578236245473e-01
-1.585282929420249509e+00
-1.762458560854609502e-01
-1.242360655787953405e+00
-5.798898393701943377e-01
4.476798100615519971e-01
-6.876063611972149658e-02
1.302677690492235030e+00
6.817856260098675847e-01
1.359409448087999905e+00
-7.657315501840500360e-02
-5.371602038112985866e-01
1.711970888271756586e+00
-8.976480689382340117e-01
-6.732355514618424408e-01
8.948140921034406503e-01
4.475883827990809749e-01
1.557286048581518756e-01
1.403523454363133638e-01
-9.050405316540146572e-01
-1.260482818530752613e+00
-4.242766837271370051e-01
1.032953512127891216e+00
-5.818235815061285621e-01
-3.899039410436833109e-01
8.576350145182463081e-01
9.583402705182031411e-02
1.171301321811634821e+00
-1.520642637346192316e-03
2.904757721318418362e-01
1.143489614725070602e+00
-6.718318674633785292e-01
6.403429615792077811e-02
3.757885038643440367e-01
5.900549258719305357e-01
1.022290846432715838e+00
1.093972773800072851e+00
5.585590440340943985e-01
1.611593843549163019e+00
1.445139403067327244e+00
6.610097575002882309e-01
7.634244404480039492e-01
-1.524928242947769963e+00
1.727689967398571724e+00
1.172431232731481643e+00
-1.713357289871425770e+00
-7.100265644559975442e-01
-2.852028896605629527e-01
7.318617598277246117e-01
-7.412320593391443779e-01
1.967059788206904081e+00
2.014494542555897993e-01
-1.885100689985593547e+00
-1.605852892828049772e+00
3.934100255674088942e-01
-3.756888639356148474e-02
-1.446175335616310065e+00
6.522415045140501633e-01
-2.053607325520729887e-01
1.611381474534415048e+00
-3.606440234728554017e-01
1.304839997954730713e+00
1.490587027629592498e+00
-4.029621404035204080e-01
6.555702254636761594e-01
6.998690506327012173e-01
-3.076014688413053477e-02
-1.811501325064246437e+00
-1.076767507693182857e+00
-1.183592534206213465e+00
-8.734154696209648350e-01
-1.102677325924810159e+00
-1.681221127487954270e+00
-5.683884930151634762e-01
5.817826551982445693e-01
9.555931650925399978e-01
-1.374325162605183781e+00
1.850861151707894336e-01
1.010130390883276164e+00
4.018253436411889368e-02
-1.903440638939210672e+00
1.402404037386589586e+00
1.332073501167228002e+00
1.655910919911050883e+00
9.753627781454197176e-01
8.191670189349604669e-01
8.258120617473085900e-01
3.022883886433547218e-02
-1.550999634672002081e+00
-1.517570856924781442e+00
-1.076180074735824110e+00
1.871301316294858630e+00
6.829742280132977683e-01
-1.866758490612061561e+00
-1.267215803531321239e+00
3.018399686377959412e-01
-1.274129711667144615e+00
-1.599593898302178019e+00
1.431697636041673327e+00
9.814359232407943168e-01
1.058972303596414477e+00
-6.727078228466085719e-01
-7.935682973404025731e-01
3.395981763977058421e-01
-1.347800651453815668e+00
-1.403431294836904986e+00
1.481721398368605058e+00
-5.357776495242116965e-02
1.171433011164213056e+00
-5.698071542635219089e-02
8.076102868755015152e-01
6.246853744506761785e-01
-1.158452771369116174e+00
-6.102458371225871758e-02
-1.796658430669226814e+00
1.039950931662781741e+00
1.294617247272976002e+00
5.008297657933731273e-01
-2.563406346385930235e-01
1.583942071846546007e+00
-2.338253301603900880e-01
9.634396593643206330e-01
-1.220670556782206262e-01
-2.979772540681810966e-01
-8.929990864415646712e-01
1.126682050997591666e+00
-1.534535232881910627e+00
-1.324424927378092143e+00
1.523004053663985502e+00
1.305871384537149460e+00
8.632227716381546401e-01
-5.335046192987960012e-01
-1.868045559364686081e+00
-2.517080432976781523e-01
-1.200956486509236143e+00
1.219764479782908140e+00
-6.928579483869423683e-01
3.640563346289553692e-01
8.052686709168908052e-01
7.846928572477178676e-01
-4.316392344363393363e-01
-1.186712446463639381e+00
1.014425097833803413e+00
-1.827450585601919641e-01
-6.283988466309784471e-01
1.835349384993079092e+00
1.124887257203348589e+00
2.013982963203764243e-01
-6.710255611845736823e-01
-7.963261507708594422e-01
5.388440553172992864e-01
-1.837832903882220315e+00
-2.626294015949879324e-01
1.475278401327484445e-01
1.216056507449448709e+00
1.885715893316231018e-02
-2.693247492142836208e-01
-9.659343803789770533e-01
-4.017252497223697816e-01
-1.191640304124675254e+00
-7.113884012172828619e-01
-1.298433471839381070e+00
-2.192631081969914852e+00
-1.543975426124029493e+00
7.078034062171845164e-01
1.385243485950371500e+00
3.388495400314344153e-01
1.925369527555077731e+00
5.537633914079220787e-01
1.302576479862002756e+00
2.754489923151135500e-01
8.597589020610758581e-01
-7.307288059608616493e-01
1.486539139235287799e+00
1.144291425584778032e+00
-6.046252653073986849e-01
7.465777650063731841e-02
-1.454258456320439041e+00
-4.830961285660215765e-01
-7.101689000153070808e-01
5.615166154126729481e-01
-7.135956285940681099e-01
2.114825109718402985e+00
3.904916150026327415e-02
-1.681317513057699387e+00
-2.669029209331350572e-01
3.343322883459816097e-01
-8.124270724188011883e-01
-1.854294948804168008e+00
1.651880883924221166e+00
2.004902367339845171e+00
-3.893275792505059840e-01
-4.672160025991454191e-01
4.927985463392845489e-01
-1.846348874875247681e+00
-4.878776154683981403e-01
-8.214690291304265202e-01
-2.612578193348369382e-02
-1.368169681055407150e+00
1.771244949346773012e+00
-1.287631053697799288e+00
7.350196550269894047e-01
-7.529334044668978265e-02
1.638812951012297958e+00
4.156356563452927588e-01
-1.551148701235862237e+00
-6.913633727217014524e-01
2.237279146758446302e-01
8.526081840007488921e-01
1.941831301756272943e+00
2.104654113366977164e+00
-1.539274945903255531e+00
5.832003285393927428e-02
-8.541304631800983316e-02
-1.792276533492205282e+00
6.186393825066254237e-01
1.164420087433274631e+00
-1.190100377651171826e+00
-9.547497217664400182e-01
2.869054664111949648e-01
6.754000737387988451e-01
-1.544554964820573417e+00
-1.542535176683930587e+00
-1.051422241359585286e-01
-1.376406187279063609e+00
3.646459867391094178e-02
1.975211390709309178e+00
-2.904349749710410933e-01
2.562657556788474622e-01
1.703602655048578995e+00
-1.353307442568275398e+00
4.586515221750371296e-01
1.473765986019759389e+00
5.902779065841565753e-01
5.332393375651278689e-03
-1.439070364523243661e+00
7.911859287531868290e-01
-1.336045855603363197e+00
1.312482686528362308e-01
-9.410076267905900238e-01
-6.750598597358834496e-01
-2.167120925646726093e-01
-5.590712644448068147e-01
1.008217891593523596e+00
4.152971501265056986e-01
-1.939587122261736685e+00
-2.261481692877156391e-01
3.781700423880227646e-01
1.818972696345304563e+00
1.440933406987765508e-01
1.478652861378488836e-01
8.567899125646327718e-01
6.539072146231985627e-01
3.294975896653893344e-01
-1.156896552507968856e+00
-9.063173697357918002e-02
-1.044970883726961119e-01
-1.641788176920085718e+00
-9.431383013218805900e-01
-6.213227175080238140e-02
-2.049341031304212635e-01
7.865956525010995293e-01
-1.720212447606250805e-02
-4.518883005522891239e-01
-1.631261128149859019e-01
-7.732805466928187599e-01
1.966947539835764758e+00
1.386140999888871406e+00
-1.079320664188800016e+00
-4.937162360579279152e-01
9.332759372932395436e-01
2.763783975364075829e-01
1.181284526809732505e+00
-8.093497068104085201e-01
8.861243605528992262e-01
6.975113075166667898e-01
1.674300504040873605e+00
2.821680428020565401e-01
1.474623750935566413e+00
1.472303188586881362e+00
4.674928256241930313e-01
-1.874858813979232153e-01
-1.805405920798776265e+00
7.701356253392273032e-01
8.860987864519378476e-01
-1.072010408272156656e+00
8.156587429141950452e-01
2.086542913068390348e+00
4.710713738908092196e-01
-1.871267276458475237e+00
-1.212360956222326536e+00
2.617294241617589279e-01
-2.388733724420255555e-02
-7.557452060720581954e-01
-4.284575969404009754e-01
-1.849689629971278393e-01
1.997688797245169567e-01
-1.562624224404260964e+00
1.014536917485621359e+00
1.752566140558706742e+00
-1.661611286210113558e+00
-1.948247218807360959e+00
2.101904073977656218e+00
5.653159992347154272e-01
1.857622360770205816e+00
7.662315182183689899e-01
-1.434117409442428936e+00
8.888850481794721148e-01
-1.754428750545448779e+00
-3.229070032338112739e-01
-6.412170501062561812e-01
-3.778003442127371159e-01
-2.358559430774462840e-01
-6.749144917382565723e-02
-7.458061677940444056e-01
2.082775584155175608e+00
-7.458323819167853586e-01
-6.804335015025531064e-01
-1.628551887523415065e+00
-7.799131734103719182e-01
-2.072065796594639853e+00
-1.979577012785378454e+00
1.626436530748637921e+00
-1.397558455223172125e+00
7.351977603388739624e-01
1.146789706080646454e-01
1.894356442758038384e-03
-3.497269200225163743e-01
5.530954441846755998e-01
-1.600823207416990357e+00
1.151504941170749419e+00
-4.723133340969907223e-01
1.042028214565471345e-01
1.678925592490498886e+00
-5.856098318275897441e-01
6.468539789801033280e-01
9.782280584210409913e-01
-1.420669241084484558e+00
7.552063493958272034e-01
6.668907301360604833e-03
-1.423760609090413354e+00
-1.355963578888204069e+00
2.254119866515242876e-01
1.038335195081474538e+00
-1.382072643845582594e+00
-4.383303317303788305e-01
-8.205262733544591569e-01
-1.108793800280501785e+00
-1.331412819261608149e-01
4.039698876167516772e-01
1.276293036355147237e-01
-1.611918869747200667e+00
-1.841239815558859405e-01
1.087102650204264442e+00
-1.018814312975703018e+00
-1.275084128499898384e+00
2.198569308628481878e-01
4.258711568924056223e-01
-8.001277625534566340e-01
-4.255830468170564984e-01
4.732818139233145871e-01
3.869900946401010344e-01
-1.253077846592139721e+00
1.911824091325092567e+00
-1.388158960187195756e+00
-1.641085428240565136e+00
-5.873858790074528713e-01
-8.173847273082222031e-01
-1.661030311985225438e-01
1.170159264112320407e+00
1.839739659354528989e+00
-5.749861809824095005e-01
5.760593278265035977e-01
1.576125242372878432e+00
2.625103804068471547e-01
-1.024855033658239378e+00
1.423215589603286091e+00
-2.093315611183412805e+00
-5.253240515584582937e-01
-4.558842010000931921e-01
-1.034797784521126474e-01
1.204409378573759071e+00
-6.203106147152315231e-02
1.767227536994720793e+00
1.855875324872671150e+00
1.193610710196628233e+00
1.259514353440421175e+00
-9.755674061903949479e-01
-1.762897278293124703e+00
6.065232433039806637e-01
6.960882548713609452e-01
6.149067120900006955e-01
7.046517053391898600e-02
9.004387411689274145e-01
1.304960148178329504e+00
2.133231209710997334e-01
-4.149849959320208725e-01
-1.279552570122335364e+00
2.481318380683772418e-01
-1.020521350441743191e+00
-6.014774893561121161e-01
-1.076854590561163505e+00
6.265729031531384052e-01
3.073681313712919305e-01
6.979988127719529700e-01
-4.756169752419570074e-01
5.461895785672430392e-01
-4.766812278450682783e-01
8.511721317852494195e-01
-1.772347585225351629e+00
8.121168533833733605e-01
9.318611807139109970e-01
2.108977340151579227e+00
1.187145048064537356e+00
8.176676384231384986e-01
8.156998465699194512e-01
1.382788409049243938e+00
1.363469355007701722e+00
2.015938155130775122e+00
1.525379455765063952e+00
-5.953013596228533544e-01
-1.654987224724156381e+00
6.887131188096171641e-01
-8.353403330833639728e-01
-3.692428205400197783e-01
1.073166786642457460e+00
-1.132704739584548648e+00
2.509249633165815396e-01
1.749798749667528242e+00
2.005389284261056559e-01
-1.699586351540982587e+00
-1.528523109453807649e-01
1.810867541401849579e+00
-1.067507152640458923e+00
1.107754872659492129e+00
5.727359034202850196e-01
9.003515722389989762e-01
-8.930717524116804640e-01
3.999946347817466830e-01
-1.326493449245837564e+00
1.343142163094643848e+00
-1.582048245770514505e+00
7.082113170092068088e-01
2.643955892455549517e-01
-1.094506534237816187e+00
-1.972704342751541606e+00
-1.683046546847525526e+00
-5.807007072011920457e-01
-1.626477215283578026e+00
7.269694871938847669e-01
-1.982216064195303495e+00
-2.559592470249949514e-02
-6.349489503506768884e-01
1.547609691532938925e+00
9.492416113582402559e-01
5.552983686561088206e-01
7.202127487580494147e-01
-8.654996548068885076e-01
-6.251400148680401614e-01
1.538699896551811719e+00
-1.676871633966392494e-01
1.832202174905992464e+00
-8.797328707974347850e-01
1.961406915331975753e-01
1.739378038730299281e+00
3.459443343128700832e-01
3.294306157543545055e-01
3.127297702614395547e-01
4.958773392017699067e-01
4.323150727975004770e-01
-1.018209420944962584e+00
-1.582135683611856081e+00
-2.102611580052461626e+00
-1.019268051757360460e+00
7.409034995506855736e-01
6.154051662808166512e-01
1.215422151903298165e+00
1.436287209246747132e+00
5.561583158515457370e-01
5.805708052232869676e-01
-1.947694116577356915e+00
-5.303697662153403769e-01
1.516479691116465744e-01
7.134825189824560709e-01
1.538399352923250696e+00
1.096829994761434612e+00
-1.779332839529488286e+00
1.882753823992189268e+00
5.686276669083056845e-03
-1.690040809164464974e+00
-9.040218776651407495e-01
1.206124849546341693e-01
6.960628040830929564e-01
9.548918269737161069e-02
6.498529794895047118e-01
1.319768723957666090e+00
7.950339615286452499e-01
2.548122385592037631e-01
-3.292887923796463667e-01
3.849406641596804235e-01
-2.898591622535029444e-01
-1.127681269835484557e+00
1.216228109607492058e+00
-1.074091663220179793e+00
-8.735073715459718002e-01
3.223451352388355673e-01
-2.145865790322210920e+00
-1.488727479446549040e+00
-7.927199303435337185e-01
-3.288248693685513757e-02
1.980593515301881880e+00
-8.433261713705419993e-02
-1.051492364387584644e+00
-6.224388763349262277e-01
8.673164245511948423e-01
1.551298003279035775e+00
-1.644849262480912344e+00
-3.438494734620194393e-01
-9.730310822009275995e-01
-3.723517483101774772e-01
2.069148340180876566e+00
-7.241078343979934218e-01
1.010566468468682366e+00
4.458977937876227315e-01
7.812821332720414347e-01
1.490222329293091619e+00
5.641001669298351118e-01
1.127559814867628241e+00
-2.127709286924723386e+00
8.182925787004364793e-01
-1.731994890189871850e+00
-4.546162137483209520e-01
-8.288649866624808737e-01
2.157364759390750564e+00
-1.360268564924198120e+00
-4.767206534764500958e-02
7.492213834291394647e-01
-9.982127001080876028e-02
-8.199321228220837199e-01
-8.978404175270213727e-01
2.216514189032836590e+00
1.051427366845496536e+00
8.977435192022520383e-01
1.238295492561522160e+00
2.822483402594189172e-01
-1.681716883519691841e+00
-1.314349003186745080e+00
-1.867163425900626450e+00
7.433520098960322287e-01
-7.996050884124876745e-01
9.963091064687148446e-01
1.768057012721845567e+00
-1.978226720326237142e+00
-1.398257164072493453e+00
-1.478113641608418405e-01
2.188301380763366666e-01
7.885387531728245136e-01
-1.275374904647557983e+00
-5.624328973164329781e-01
1.132956913939056065e+00
-9.293104043481479337e-01
-7.751730590586127789e-01
6.786972783945266485e-01
-7.188555593906009733e-02
-3.871775137676554124e-01
1.424339930355399630e+00
-1.794626029280845803e+00
-1.946793612637494952e+00
1.353752022145973122e+00
1.286428731016957983e+00
1.713987526368363490e-01
1.405208211181021127e+00
-1.734831487038968945e+00
1.811941458220811541e+00
7.795508610087162893e-01
1.838510872339751856e+00
-3.512142665479220938e-01
-8.806194510936604658e-01
5.480253603328844036e-01
-1.378467487495814936e+00
2.408867106867838004e-01
-1.098760507676992404e-01
-6.149213481285258354e-01
9.275304007175275700e-01
1.277884163095728276e+00
-1.317415353051731852e+00
1.769562249352122585e+00
1.670408230287510065e+00
1.162127693259630945e+00
1.697526464649364186e+00
1.416970920141878310e+00
-1.627354738742665230e+00
8.706707370127713119e-01
2.250737838623901865e-01
-8.488694297006569300e-01
1.819117700743310806e+00
-5.269326327434837864e-01
1.156920059475359253e+00
-1.779016700636102399e+00
6.269696611058375169e-01
-1.854100718894674316e+00
5.274526802439316597e-01
1.761306796859187784e-01
-1.968157303356341981e+00
1.114917340262389089e-01
4.289100076862535360e-01
1.463156341790018189e+00
4.892067388923528881e-01
-1.324974699368030695e+00
4.887403246166321935e-01
-1.274300816059592556e+00
-7.528971779171236278e-01
2.391480270882180292e-01
-1.698538239118397186e+00
-1.707115917240464853e-02
5.357523984224403790e-01
-1.492417997731647628e+00
-1.185552828443146467e+00
-3.993185134195353925e-02
-2.066647356276336556e+00
1.007040435898767683e+00
-3.651687732326882596e-01
3.412625545054934761e-01
1.249810785375529143e+00
1.591111191288404392e+00
-1.911043605603772733e-01
-1.159371683052236257e+00
9.681530765985666420e-01
3.536471060849191161e-01
4.863181341977789174e-01
9.574539413676692590e-01
8.343380791947385688e-02
1.282119486915542339e+00
-7.810382978861838410e-01
-7.527416018987551638e-01
-1.793663805577233816e+00
4.436304251435689849e-01
5.108759988607598501e-01
-3.996389284124948205e-01
2.001266009949280722e+00
-1.534804538961775933e-02
4.967841837822195572e-01
-4.978748286249903288e-01
-3.750127854494893498e-01
-1.731183599110583948e+00
2.143884616299072121e-01
5.672427565555002715e-01
3.587243474455767966e-01
1.247129232099323026e+00
-1.453709853268823515e+00
-1.655516267052796309e+00
-1.976960155456160440e+00
1.157231542938141899e-01
3.091006220202281440e-01
1.165626511159785217e+00
6.041616004814018837e-01
-3.314589854317775419e-01
3.862505306360688451e-01
1.842367738264184318e+00
-6.475770972328405151e-01
7.258753391549044309e-01
-4.790505200484762582e-02
-1.677311306882871111e+00
-3.875945308440673642e-01
-7.350063842611804787e-01
-1.754689648489460740e+00
1.133317170760444803e+00
-2.559950089995277622e-01
-1.214739801688503817e+00
-2.265344550517269795e-01
9.062268940577302700e-01
1.701006768768626998e+00
-6.942354813661246737e-01
-2.279048030284780424e-02
1.093438307563831202e+00
7.386916231580711312e-01
3.833056061286876925e-01
-1.153177056847893400e+00
-1.248647871255395003e-01
-4.641162786930648210e-01
-9.782942872172739612e-03
1.756760559725883297e+00
9.057646886043499990e-01
1.346971388325255425e+00
-7.592493757792180276e-01
1.376910910984787684e+00
-3.185193952979687992e-01
-3.459399754127785442e-01
7.574962827772679930e-02
-1.779077116159713423e+00
1.212140568014441477e+00
-1.099557914750828314e+00
2.046845100631095704e+00
-1.610534383374275791e-01
7.353728139936048791e-01
-1.585351332022518989e+00
9.589291657386542767e-01
-1.463849838735268971e+00
-1.698402432753010061e+00
-1.102985426321456242e+00
2.220531181010575672e+00
2.839082822010121632e-01
-3.257000225730646292e-01
-4.498382394726565536e-01
6.743651262951768643e-01
1.792113509939554206e+00
-1.267651228886716552e+00
-3.929785786911619283e-01
1.118678357238955812e+00
-3.403299433869229063e-01
4.627787504464855317e-01
-2.910444897850270607e-01
1.636285148694820890e+00
8.052670715119738531e-01
-2.093070556748570343e+00
1.363164116654431268e+00
-1.337715818645921928e+00
-2.435366396477069983e-01
-9.966032350617686220e-01
-1.718391151734359745e+00
1.394606815696670665e+00
1.720764977036730592e+00
1.107996747843086993e+00
2.403702516687422630e-01
-4.328027021507665495e-01
-8.412917758830911197e-01
-4.689364417108361494e-01
5.185882115165982853e-01
1.904624018379200479e+00
-4.283274162114656392e-01
-2.143721263856780190e+00
1.826230192551943965e+00
4.025499176881250918e-01
1.663100579407483792e-01
-1.395099004906433571e+00
1.454835889049591380e+00
4.981769565091331842e-01
-2.562822469697518812e-01
1.981690275676164958e+00
-2.151357313427348483e+00
-1.476297574447746896e-01
-2.010346777855412270e+00
-1.104513284759870650e+00
5.377613516191637189e-02
2.631708872789308984e-01
-8.175150648941196252e-01
1.026909525619757346e+00
-7.362014468667217315e-01
-9.996286687001703086e-01
3.934997759337601764e-01
-1.346795942350485831e+00
-3.106029509512460152e-01
-1.025830369542326537e-01
-1.609881218121642643e+00
1.323740469899915340e+00
8.035183863665293913e-01
7.313186607205466316e-01
-9.654224529006283362e-01
4.661877568781669368e-01
1.106878007927443619e+00
8.066225763978351893e-02
1.758446772061833308e+00
4.099694536065436878e-01
3.636602642840873756e-01
-9.212849572460335423e-01
-3.178480791368594183e-01
-3.433159497737197086e-01
1.555759476364466209e+00
-8.917729999676229369e-01
4.519174956163514167e-01
6.214567750344777153e-01
-1.002069321706247962e+00
-1.526834416708691133e+00
4.757229696401656938e-01
6.364676737100518622e-01
-8.537642043114557211e-01
-1.429162289379606321e-01
-2.232493509219599659e-01
-3.470567051419175542e-01
5.040551995064257440e-01
-7.693634533662780939e-01
-7.700522329739554195e-01
1.013689447169081603e-01
-1.068568166886051607e+00
1.080864235043713428e+00
1.081507448128737892e-01
4.803470452172398097e-01
8.083698228487623538e-01
9.102310566091995625e-01
-3.641851558179718396e-01
-2.533583762910440740e-01
5.429307040948128105e-01
-3.017933365846321436e-01
-1.271160518374336856e+00
1.520810474465172035e+00
-6.956294808208776104e-01
-2.950128816550696698e-01
-8.848455435666053859e-01
-7.781624758025138533e-01
1.487563669175733239e+00
-4.704049340954128411e-01
1.889430339402993653e+00
7.144472453914687549e-01
1.245543105453124078e+00
4.256181103565879198e-01
-8.777307868278381164e-01
8.665997197608721336e-01
6.529979051221150854e-01
1.090499918205569685e+00
-2.006242551664255913e+00
-1.615467561119432460e-01
5.209433628269160010e-01
-3.373987443808399433e-01
-1.432820305020392482e-01
1.220013142158837383e+00
6.701989060699053979e-01
-9.730847961061002138e-01
-8.568884377319676560e-01
-2.168016863176447373e-02
-1.294562996502932606e+00
-1.943723541657931264e+00
1.526234972712433802e+00
-7.241065227969656348e-02
-1.909247998147478143e+00
2.139762466828136311e+00
-1.095836972854120184e+00
3.353953973965371205e-01
3.709579239455740307e-01
-1.675986078462092799e+00
3.442937676691215643e-02
2.032016803689209894e+00
7.410554507027917737e-01
-3.798448583746525387e-01
-8.109143837927863530e-01
1.349201233716380344e+00
6.055090587944480518e-01
1.344874086692557924e+00
-1.212371351175015377e+00
-1.581846504278967114e+00
1.440185454713871493e+00
-1.159235575662860285e+00
2.257852494401184629e-01
5.790023132892940794e-02
-1.528085194846952710e+00
2.538789436129684773e-01
4.955153915724199720e-01
2.073978959302175795e+00
-2.054334391773614321e+00
-1.114135659700279390e+00
2.233777537466927754e-01
-7.254639641195836930e-02
-5.432596681161507846e-01
1.735797556806816466e+00
2.173505889240425759e-01
1.016121189817046577e+00
-1.017303475425420878e+00
1.533721589760947523e+00
-2.044837651968408387e+00
1.175228676841225450e+00
-1.535940004770445455e+00
2.036178367556379598e+00
-1.327179802718471802e+00
1.582056568003786801e+00
-2.856166626237524042e-01
-9.285800395703258658e-02
1.966199052642403799e+00
-2.072260278123327026e+00
1.336768775997853709e+00
4.500898944248543643e-01
-2.031382363449582673e+00
-7.015676565040180890e-01
2.025646252420012061e+00
-8.957722869349638017e-02
-2.988251416531539917e-02
7.194620057725344964e-01
-9.108425855163488905e-01
5.212856118490005741e-02
1.025287300697748094e-01
1.039922262223717198e+00
1.778782614442810939e-01
9.711429038571495198e-01
-1.533003374789947415e-01
-1.600513696148344600e+00
5.183041667233689864e-01
3.332341480865093075e-01
5.124472103424713154e-01
-6.122359766272769122e-01
-1.779775351768462688e+00
-1.063306885323509476e-01
-3.613304254529579040e-01
-1.520797966585575978e+00
-3.294292127515774382e-02
9.078014806009750970e-01
-6.258355101451886782e-01
6.609294559615275233e-01
-5.095700872752910726e-01
1.845338203329411897e+00
-8.365047109649070833e-01
1.266075924738885305e-02
6.888095803055005462e-01
1.028712686759689632e+00
7.893575204219622776e-01
1.060865087552604891e+00
1.118439051461245448e+00
7.021739785953435842e-01
-1.335669043924609056e+00
-1.290961485343691706e+00
2.957622155931609598e-01
5.125029883747966863e-02
1.950769499754394509e+00
-1.092424795696271378e+00
-1.888725219079681050e+00
-2.101480218698511315e+00
-3.917727272498083835e-02
-1.372461344957710772e+00
4.884106954936742184e-01
-1.390927844241790723e+00
5.656978194104498314e-01
-2.209353261734481322e-02
1.919990813459198087e+00
-1.022606391429592865e+00
1.209177910994068128e-01
2.122316461044747804e+00
-1.768574744802069443e+00
3.781772174981687940e-01
-1.566348845404675671e+00
3.593837599473692634e-01
5.672757774964098942e-01
-8.808848433825424706e-01
4.465197179851809750e-01
7.626211910900480007e-01
-2.046213285335529708e+00
1.407836177734440142e+00
-1.542170390890957421e+00
2.879899585035481380e-01
1.559895261079145001e-01
1.435469526047334909e+00
2.093429103347814291e+00
-2.310160706253165941e-01
7.668971732566891575e-01
2.137426164938292850e+00
3.472390065561556938e-01
6.387766345329159989e-01
1.298152101941640879e+00
-9.807458187870867761e-01
1.248236865642962101e+00
1.025715916454901233e+00
1.057752155435150776e+00
-6.448058144755695054e-01
1.740688210309691009e+00
1.839823996552388152e+00
-3.059817427082407448e-01
-7.292146533679373377e-01
1.117497550457279942e+00
1.114888113989329632e+00
-1.668930556360638029e+00
1.014658943492260157e+00
-8.384945729547945703e-01
-5.483559761434095847e-01
-4.388860832518650668e-01
4.461630157502955996e-01
9.959681335005843295e-01
-9.278569712759505705e-01
3.885729694459225669e-01
2.301853088096761368e-01
4.167961739503383001e-01
1.879295219919133508e+00
1.716669163049999725e+00
2.013945196971782536e-01
1.624033726553807178e+00
-1.361432648816644608e+00
5.977838490649869385e-01
-1.190164347472090434e+00
7.526746699180399958e-01
6.435286004116802516e-01
3.791578662634087493e-01
-4.021151555944681988e-01
-2.129148341710970893e+00
-1.986453323365396706e+00
-1.642036400646663452e+00
-1.787524977559124650e+00
1.237453388358633610e+00
8.301500204578218245e-01
-9.134021830355365523e-02
3.205497055533079731e-02
-1.512622144786345935e+00
1.958040180138280739e+00
1.112962244597577310e+00
2.219918838658641036e-01
-6.135279482664550699e-01
9.157526523678294339e-01
-2.482339165549163340e-01
7.436960742406384384e-02
1.726913135126402210e+00
-8.413263233894783255e-01
-2.647297192229807195e-01
4.299166606494679854e-01
-3.532618872848916070e-01
-6.810957485295654479e-01
1.100562157843571143e+00
5.781862009895988308e-01
1.282442703337711265e+00
9.167013608013920845e-01
-1.075558187243189856e+00
-1.385314231682883701e+00
-8.060100729879629000e-01
1.374171258710932264e-01
-8.934131283610815544e-01
-2.087123161580917152e+00
1.315726501780427604e+00
1.027352411288999789e+00
5.334250382320355754e-01
5.437002448385328535e-01
-1.871293089409977295e+00
2.046962412535815901e+00
-9.622975252348098252e-02
1.440339589929139130e+00
2.106679891111660652e+00
9.137798183186358614e-01
1.417407224080493577e-01
1.468173481696695148e+00
-3.407359895569364028e-01
1.514013312504544295e+00
-3.932054971412757283e-01
9.917621368892648448e-01
1.140727548132737468e+00
1.828296511145235392e+00
-2.515772052737830222e-01
-6.429555287579988843e-01
9.341877853823907785e-01
4.848924098396034665e-01
-2.972641105463038613e-01
1.704646489409703314e+00
-1.685158340418403178e+00
6.418862302657561969e-01
-1.201563874501818674e-01
-5.574854535020623558e-01
2.451755116144038738e-01
-6.476034458082384759e-01
9.980681501930988020e-02
-1.431500224664106646e+00
8.125225685904169382e-02
-1.316497119596001575e+00
1.048591973122094068e+00
7.000235535450558544e-01
4.091431857260827698e-01
2.089580292110909454e+00
5.663617922789239145e-01
-3.415926951570504855e-01
4.236365388899656637e-01
3.021648164211239163e-01
-7.983904958016374565e-01
-1.534410912936603477e+00
1.013234570435409765e+00
-1.080591162759094725e+00
-6.290619550883640443e-01
-6.163107107695244835e-01
1.670241477258014307e+00
-7.599906378842211652e-01
3.056472097131663901e-01
1.484737064458587774e+00
1.484305599791760244e+00
-2.061040119934141490e+00
5.928576024501257535e-01
1.104572967176711273e-01
8.351279779142695148e-01
6.582647209344809625e-01
-6.944743087190818898e-02
2.258841827184774331e-01
4.810001279499021010e-01
-1.746806078966232079e+00
-3.941581327619099184e-01
3.536167444378950364e-01
-1.042422317008802501e+00
-7.321806489769766557e-02
8.453746775842629901e-01
7.990254235851246278e-02
-8.378044973405529561e-02
-4.742242088372536912e-01
6.301940240127201776e-02
-1.220933727549860404e+00
-1.363953377294552460e+00
-7.420868423145003945e-01
-6.507131983026770428e-01
-8.613206131344108840e-01
3.051770205789159363e-01
8.480258763507411146e-01
1.117761540844135482e-01
7.724828995400434550e-01
-1.651249855598687866e+00
1.010115826671121653e+00
1.092550671508817572e+00
-8.560273647877947312e-01
1.525512557713801343e+00
-1.433545412214007886e+00
-1.187605214286259869e+00
5.592907004547544858e-01
-1.405131847772769227e+00
-1.047962762071599219e+00
-2.085658823805153883e+00
1.234124546187185700e+00
-2.136234694960723601e+00
-9.651887544279471598e-01
-2.179921578819801198e-01
1.924023907328010097e+00
-2.469915346805171552e-01
1.846851114586089082e+00
5.140492886370262582e-01
3.792972940378103175e-01
-2.253802361845984592e-01
-6.655227267783470069e-02
-1.018512116257696221e+00
-5.578920344676063792e-02
-7.230109532590276444e-01
1.034071823106224031e+00
1.411951029216922393e-01
1.694478988193531599e+00
1.675404395305156058e+00
-7.966095374418209474e-01
-1.008966234106632776e+00
4.409821120099302050e-01
1.167294910396970309e+00
-1.052907193636016370e+00
-1.586345263579342912e-01
2.211892059613369099e+00
1.043339813430549157e+00
3.486906440930166440e-01
-6.379295692354833847e-01
-1.962764308679316727e-01
-3.762854720998189961e-01
3.528496938060667887e-01
-2.732017240201543018e-01
-6.923159047030136293e-02
-1.870613721931925433e+00
6.745065270369963173e-01
-5.394777708927538384e-01
1.992325297208356716e+00
8.657352559660891345e-01
-7.296802776514912381e-01
4.581854241379215154e-01
-1.027340891160204439e+00
-6.550251219260516677e-01
-1.886792754949278006e-01
-5.702662445605293229e-01
8.454876911255926331e-01
-1.297800551236437450e+00
1.427237448716203616e+00
1.676558982895178573e+00
-1.346227207874544085e+00
-1.341528234365044980e+00
-1.063107715550257737e-01
-2.002642198541886298e+00
-2.275659615986072026e-01
1.760150411748391264e+00
1.173289125159138635e+00
4.731929069758287199e-01
1.387021831960559837e-01
-1.558956282291097395e+00
-2.626190728180697320e-01
-1.491839681194058187e-01
1.313521234908012758e+00
-1.759657052348622575e+00
-8.616320838912692182e-01
-6.813728978570221528e-02
1.401573408261679532e+00
-2.221352748681322709e+00
1.407139823475559659e+00
1.363560107527189480e+00
1.894467641542517455e+00
1.390557147556084061e+00
-9.305556126226388614e-02
1.217808372270621220e-01
-1.617510882804840122e-02
2.485528747721268417e-01
-7.917130051852536710e-01
-1.292488393638228317e+00
2.363705053815792212e-01
-1.206981414470616798e+00
1.200304998213224117e+00
-1.014879809546433975e+00
1.691785720249001201e+00
1.951874786383138272e+00
3.177591677313262863e-01
1.353984233702190565e+00
5.399677338700659135e-01
-7.571316197472697240e-01
1.019018218744975002e+00
-1.611759125080745036e-01
1.977376289186853597e+00
1.874500615193442243e+00
-1.040518942786212708e+00
5.132398135527260763e-02
1.892931325756924466e+00
9.028078235735872425e-01
-1.636098573241984155e-02
1.362215884708422031e+00
9.540559244152291285e-02
-5.396409869184362051e-01
5.291228470842854748e-01
1.022186440840899380e+00
-1.315337731392984821e+00
1.200281456013518877e-01
4.146210616521965875e-01
-9.788987817678487247e-01
1.277848774680596655e+00
-1.301899365486807181e+00
-1.748201728271495448e+00
7.868804612647819496e-01
-4.692410228822172513e-01
-1.292937549793264917e+00
4.225852783634405085e-01
2.127238544774581186e-01
5.158907011807114529e-01
8.214172702379896052e-01
1.025277464629449575e+00
-1.002277550950354534e+00
4.648234989167532305e-01
-1.802354315473853053e+00
1.241402339258136145e+00
-1.854708444372003662e+00
1.000113385562315216e+00
-1.932143471863589035e+00
7.432420233253065334e-01
9.405588925731267480e-01
2.348410149071895603e-01
4.875370890070840346e-01
1.984059668553346256e-01
-4.357434858812130329e-01
9.590662020220559469e-01
-6.173530909964188851e-01
-2.088198701208493269e+00
1.980730296600279772e+00
1.346254924414097331e+00
1.637875581035950212e+00
-1.961950664826710433e+00
4.356098624862427826e-01
-7.281747153037603226e-01
-2.374738097396615899e-01
4.113634612119998479e-02
5.291225755736927994e-02
-7.824466904826330449e-01
-2.969170839294719144e-01
-1.271488571904888509e+00
7.722742106213189572e-01
5.068867435039869918e-01
1.959583833319278767e+00
8.196998708637046605e-01
-3.328807912871205588e-01
-4.525936285413401095e-02
-1.911319257910033098e+00
-8.604624338532662620e-01
1.274030844095963566e+00
4.622861383055054674e-01
-1.229853644147649305e-02
-6.387247864007896681e-01
9.595493522826403776e-01
-1.795339454896863529e+00
-1.439267609109124102e+00
2.029244733045452165e-01
-1.637860743442029587e+00
1.632048533944958635e+00
1.633809321931964931e-01
1.355524505393121082e+00
-6.138568314809154103e-01
-3.748883597107770527e-01
-2.828213011347138206e-01
1.624097389849692874e+00
2.062270527893021566e+00
6.478054571366653747e-01
-1.775615189068153299e+00
1.499070027156969687e+00
-8.369220922444666755e-01
-5.636038564660603711e-01
1.490367994561748510e+00
-2.173630593988769455e+00
1.760839364804914986e+00
1.264911033900562032e-01
-6.775517248954985305e-01
-1.016897756427709965e+00
1.172994108842734917e+00
1.438863799246515640e+00
-6.901313534787636428e-01
-3.785588313085694878e-01
-8.270742920208800086e-01
-1.092001807851790574e+00
2.062703543665317163e+00
2.721321423989717658e-01
-1.086175850021847467e+00
-1.110852513632961447e+00
1.857518189853397672e-01
-1.384614318371469643e+00
4.418290198051098017e-01
-2.254089230681088907e-01
1.744227995486809846e+00
1.418775759298672057e+00
8.506302923573620944e-01
1.824726668572522748e+00
3.251745465600288654e-01
-5.549238081119209909e-01
-2.427180660995178485e-01
1.282259237473027724e+00
-1.693009910768585868e+00
1.025007788273879505e+00
1.785234024963937571e+00
-1.620921562034856045e+00
-7.341082670555909573e-01
-1.100685491793979232e+00
1.725848941367170930e+00
3.442973183346911270e-01
1.554405193175418809e+00
1.694967694078471254e+00
-2.006894783091350831e-01
-7.507974818205109813e-01
-5.343924004245570458e-01
5.111748493795618131e-01
-1.271762581826018312e+00
1.318283417921208844e+00
9.161608907908735944e-02
2.634480822689440060e-01
-1.854202322247913148e+00
2.096511683591780084e+00
-1.645635409109622582e+00
-2.099491708949296154e+00
-1.357526075471948701e-02
-1.576505881010153765e+00
-1.284097223675181976e+00
-5.655107909198235916e-01
1.227290693641975849e+00
1.203449474603512925e+00
-1.159926952611215256e+00
1.879893327177835083e+00
4.608889257423598451e-01
-9.893110062336063493e-01
-1.508635573020527865e+00
8.541428151495376042e-01
-1.616217814214809145e+00
-7.694079760758922859e-01
1.174719993076429603e+00
4.009749741629224928e-01
1.118241825183742932e+00
-2.045834031427515853e+00
-1.521635697608972215e+00
-2.079001153568067028e+00
-1.244720658920026590e+00
-1.246947731028400508e+00
4.800688588390933376e-01
1.026673311944465539e+00
1.099162672039003752e+00
1.238956064096865539e+00
-1.778284036459045758e+00
3.012465143674507573e-01
1.956456952209028266e+00
2.843671426355012244e-01
9.211223682939344570e-01
6.770671330490385387e-01
1.859698870870110099e-01
-9.090560226182349268e-01
-1.663474995755142238e+00
6.850036759746425119e-01
3.683216193962488560e-01
-1.646009456552885553e+00
9.235565065410300534e-01
-1.931446778525197416e+00
1.349118735107807332e+00
-8.996648044576591730e-01
-1.307103112577047810e+00
1.702060106474334589e-04
5.470123776512778591e-01
-9.676055711630588974e-01
-1.807392033481350246e+00
7.404300429733421396e-01
-2.332235291015827272e-02
1.659893734666270326e+00
-1.462154777136200234e+00
-1.484538014086335345e+00
1.907175375777702797e+00
-1.528136104880319479e+00
8.134953694975912697e-01
1.811988004281693598e+00
1.829076654232807186e+00
2.079635297201862798e-01
-2.069101922081606482e+00
5.449003704461752307e-02
-9.717502042730092882e-01
4.293110538894628903e-01
-4.695633600021729137e-01
8.537187929656120389e-02
2.815471787286396577e-01
6.628023551298252158e-01
-5.811145778918911375e-01
8.039559371287641198e-02
3.457933879676158284e-01
3.695002799551776462e-01
1.635287460003890025e+00
-4.954800213155428068e-01
-3.181890846317720900e-01
-8.757043667998161141e-01
-3.950765961707389806e-01
-1.727347338073045080e+00
1.033316647179891135e+00
1.934904066098198427e+00
6.746967527372396134e-01
-1.914890123761116669e+00
-4.543915736423285168e-01
1.408520732963828515e+00
1.398474038391093188e+00
-3.700704074682672484e-01
1.973000111541280965e+00
-8.176127826745140936e-01
4.136263239561763783e-01
1.567842432323391044e+00
-7.187810372626612931e-01
8.833371687990840826e-01
-5.789787016405325559e-01
1.143803385287213814e+00
1.257079640733516079e+00
-1.109331689381326314e+00
9.560323563033676919e-01
-1.371486976857081430e-01
4.240856095330123310e-01
-1.378497640362048582e+00
1.140469536090959579e+00
-7.051899831035859378e-01
-1.122026352002690963e+00
-2.161700272095671060e+00
-8.920144029951071474e-01
3.952006670630723306e-01
-2.055625702976210611e+00
1.763867749236469606e+00
1.850110592675308752e+00
-7.705892861889305223e-01
-7.382174196397883748e-02
-2.560761136223845824e-01
-3.987288385410883151e-01
-1.558693235197545768e+00
1.605587907435883643e+00
-9.736866796429701765e-01
-5.765932061962573130e-01
-9.489379905301245088e-01
1.452259041544570195e-01
-4.232348659615743358e-01
1.258047300006293057e-01
1.448494397549823454e+00
1.534304272902296873e+00
-7.756987602783258495e-01
1.271317336071918547e+00
9.584355499384322741e-01
-3.680956361095031326e-01
-6.153788946981011421e-01
6.429346554311932138e-01
-9.416622982665909802e-01
-2.789505121009394628e-01
1.067723092710940236e+00
-1.259567593891315340e+00
1.402681406464076908e+00
-6.355721147735797771e-01
-2.094482007690965375e-01
3.865108975910906963e-01
1.825451206450966701e+00
-1.692215847413604202e+00
1.627425301476574937e+00
1.183383213507154252e+00
8.275852919108848127e-01
-9.531863567469134324e-01
3.432649340178208774e-01
-1.660742768230058175e+00
-3.938034710175664088e-01
-3.261967117832469398e-01
-3.893397984497593001e-01
1.466818981063387817e+00
-1.171823989514933828e+00
7.750966236823266797e-01
1.504036544489462557e+00
-7.543110053614654475e-02
-4.154911608117810573e-01
-1.610134389353578221e+00
1.989025449203695395e+00
-4.266920578482311655e-01
-5.461737756942017796e-01
1.190999635370464382e+00
-1.993563242155262927e-01
5.800838262377414623e-01
3.095640114846034407e-01
9.948359132221540335e-02
-9.676636805247333939e-01
9.370729341324324224e-01
8.080548560660716362e-02
-7.128536676142891437e-01
-1.820304422034402236e+00
-2.138893171319481645e+00
8.370405880805993348e-01
-3.645283514864843255e-01
-1.959361609472509258e+00
1.463400161199940541e+00
2.045084642526264318e+00
-1.562317073611438900e+00
-9.439792641966926467e-01
2.942386818187223696e-01
1.388147375972320852e+00
7.858052138493150096e-01
-2.357863036713734317e-01
-3.012153178640577522e-01
1.728894571852965356e+00
-5.324665468662423962e-01
1.127115517804817557e-01
4.594710224703000279e-01
-1.324183087155009986e+00
-8.518506852374452265e-01
1.469919847056316620e+00
2.353568802679104621e-01
-1.027523886256045405e+00
2.793365641820226841e-01
-1.861494637664593554e-01
-2.349337025528637213e-01
1.615399158338624908e+00
-1.689320676497642282e+00
4.740193104517143041e-01
9.458072533582884134e-01
-7.249318104398314588e-01
-5.567921466399123887e-01
-8.263931186990243205e-01
1.774385564330715148e+00
-1.700230500761022334e+00
-1.171079990283232952e+00
9.922357146675402362e-01
6.530555031417932810e-01
-1.638465479247733114e+00
4.422611894922923170e-02
1.308245529122903150e+00
-5.446071735585213958e-01
1.823611040618157375e+00
-1.262812302033023748e+00
4.693453944551171375e-01
1.177617854955048671e-01
-1.930908544179429143e+00
1.272667365414110741e+00
-1.622335082855299593e+00
-3.339044765998737674e-01
1.563774790174966789e+00
-1.133995556046087927e-01
7.957848475523032761e-02
3.500674753276014073e-01
1.947922718189131430e+00
6.905568581029744024e-01
2.827656805652525307e-01
2.774513131770746099e-01
4.533829363653119060e-02
-8.491796186070912356e-01
6.859373114447739894e-01
-4.344994733560554323e-01
-9.251423447154731861e-01
-3.591115083138536335e-01
-1.889557534343442313e-01
-8.007193332694795274e-01
4.812733580852048831e-01
8.288909146628897773e-01
1.637909170191481856e+00
1.004192272729566682e+00
1.324916341017727817e+00
-7.567076811023207839e-01
5.131267367765879328e-02
1.615800840596586241e+00
-1.531922029721656031e+00
8.102135277450095430e-02
-3.963916831290301701e-01
-1.238552168365108841e+00
3.415583949214351378e-02
1.335621559104637868e+00
5.874494854278422551e-01
6.172321180395137219e-01
-8.626157050784399871e-03
-4.491577980010950100e-01
9.919376425056771751e-01
-3.352500179916919620e-01
8.758004753208927795e-01
1.363745106920726258e+00
-6.958905929017760172e-01
8.395389008213136606e-01
1.254349991534247977e+00
8.839841466295492722e-01
1.442433187741443135e-01
1.185586187362201116e+00
4.312779129776416198e-01
-1.336923772477413674e+00
1.592601933802663794e+00
-1.445142864563866425e-01
-1.864626729322176324e+00
-7.888301579190866164e-01
-8.688483108933091614e-01
-2.495211818182720975e-01
8.006956091066790293e-01
-1.067517286755330197e+00
-2.353519380480006973e-01
-8.059752857875324139e-02
-2.588901829824816758e-01
-7.452101948656810748e-01
-7.592818434019728002e-01
1.089623348634969346e-01
1.286070803590179779e+00
-8.139973842032919293e-01
8.614778685072899123e-02
8.965528218309657404e-01
-8.932109367810951994e-01
-8.046611738050541973e-01
-8.965657600153775775e-02
-1.648755828894693742e+00
-2.874353819377395425e-01
-4.951066290114445323e-01
-7.796097069620451236e-01
-1.827343912731596465e+00
1.763720654512150432e+00
1.961860677466362723e+00
2.094399034883547728e+00
-7.163107410471143410e-01
-9.996591166242074777e-01
-6.405142266548491392e-02
-3.457824951903907262e-01
5.551591925580225961e-01
1.181999772053429432e+00
-3.187174128990921673e-01
-9.584224676195152171e-01
-2.117090002214808919e+00
-1.237039310345045884e+00
1.408633068661373500e-01
-8.072499578501846074e-01
3.528046218545721757e-01
-1.863788916191132294e+00
-6.444357562894964531e-03
3.449110876291161532e-01
3.474240288931440546e-01
1.595884902311017761e+00
2.157527854030387715e-01
-5.649745510816508443e-01
-7.031285515992093949e-01
-1.297425337440104798e+00
-5.390313145604341827e-01
-1.244874604617209002e+00
7.773292164188161379e-01
3.342737878396135898e-01
-9.846109342920446039e-01
1.416104826558832741e-01
-7.742799776312372373e-01
1.721188494626169074e-02
-1.864460579562965403e+00
-4.241938068549471197e-01
1.870775136912322445e+00
7.981845133931724234e-01
3.167005607686279589e-01
-1.477120468235511463e+00
-9.950240181717795451e-02
-2.000290497292009029e+00
-4.870911418773022916e-01
-4.167061580857245318e-01
-1.298188571830660720e+00
6.649492499327180894e-02
-3.731752356637301205e-01
-2.251208252591645476e-01
-2.426071343889955045e-01
-1.854767680495452264e+00
-1.997904980943140174e+00
1.393313887532924511e+00
1.236461389359490681e+00
1.208960716044675365e+00
-4.692249083840280832e-01
8.742402281181735901e-01
-1.588365512289719561e+00
-3.672326490162269863e-02
-5.858048392220984724e-01
1.510293685028618604e+00
4.926159023657064040e-01
-7.557589772281572138e-01
-1.071606037314789983e+00
-2.774258412614836189e-01
-6.626571728824384167e-01
-3.340099702417731464e-02
-1.118610995147957254e-01
1.056437909269734909e+00
-8.816761785683695507e-01
1.189055773699463359e-01
-2.603460033387507977e-01
8.446944043722091067e-01
-1.371999387818195082e+00
-4.180245067425305550e-01
1.976971227535441855e+00
-1.419671966166777821e+00
2.014738314458705659e+00
-5.665512360067870290e-01
-2.025698100982121108e+00
-1.958628655328165991e+00
1.219376610886468093e+00
-5.097614986075118537e-01
1.448535846107342095e+00
-4.852848211457079231e-01
-1.134084213045923661e+00
1.606356486415430496e+00
-1.864623213955747261e-01
1.287629488963584201e+00
-4.785160517941369207e-01
6.219186355526229448e-02
-1.377812809708437669e+00
-1.019018142437136731e+00
1.101756727865534913e+00
-9.616065130503601566e-01
-1.492729110726184416e+00
7.234683058618447404e-01
-1.974355735063113571e-01
6.254059837954244472e-01
1.822621875262472102e+00
-1.533982791189280270e+00
-5.407369891591518041e-02
8.113984091918489128e-01
-1.254617308113049390e+00
4.263952365077461337e-01
1.566756594517848100e+00
-1.678955633497191791e+00
1.212371516763854018e+00
9.158396775466917106e-01
-6.809640633791937958e-01
-1.430628450145992048e-01
-1.245194238190633129e+00
4.863269903747440281e-01
-2.756466947663405165e-03
-1.156660475311230840e+00
9.167139699670778796e-01
-1.625480667769714227e+00
4.192256754222327686e-01
-9.439389491997642878e-01
-1.628315587799640252e+00
1.809250108526909706e+00
-3.469358227306980069e-01
8.854766439118328947e-01
-1.281038698089482342e+00
1.777402337754860895e-01
7.234275966630487886e-02
1.552725179623291041e-01
1.802555222040657767e+00
-1.021380290046477235e+00
-8.626656109117334381e-01
2.730260272896591900e-01
-9.214391703916318122e-01
-4.955022066644669820e-01
5.381815361494908245e-01
9.574103933464019889e-01
-7.788492998543734558e-01
-2.963218007696752920e-01
-3.269373708286273938e-01
1.256701895999697172e+00
-7.311451836148101791e-01
1.561460252290542527e+00
1.418125792884597836e+00
-4.949210017658192129e-01
-1.871479114494558615e-01
1.881000532231427158e-01
-5.929654631698380030e-01
1.114760881983868579e+00
2.492070202313270144e-01
8.129328344578814480e-01
1.757121091043907235e+00
1.503085367835548247e+00
-9.808378289585357734e-01
-5.711428262885798190e-01
-7.365389666844839311e-01
-5.095246255600383023e-01
-8.501376089349115261e-01
9.393557406954577971e-03
1.678216435109947113e+00
-6.807442132885412889e-01
1.160152627473206799e+00
-1.622740619551368724e+00
1.568176710977273736e+00
2.965813185254750906e-01
-4.050585387435372553e-01
-1.431650631718908606e+00
1.037973732142205563e-01
-1.368318747790734591e+00
-1.761488199336275429e+00
-3.706775819982937037e-01
1.086839266210189336e+00
9.792085298700579088e-01
1.637311848689937399e+00
3.106378376184437684e-01
-1.343361449361994975e+00
9.929570144502513074e-01
-1.751839915280628546e+00
-1.020074801428156874e-01
6.635443901744162432e-01
1.283587346033955967e+00
-1.122221413033232196e+00
-1.797407794392624325e+00
