3.425225303197256821e-01
-5.720434428201555122e-01
2.094557417743434513e-01
-1.100436838351290803e-01
2.693421782211711246e-01
3.723051684402882699e-01
4.877098210404184897e-01
-2.888509529213632021e-01
-3.469801152615481499e-01
-1.148751574925110930e-01
3.564175160615246085e-02
-6.176723458798054622e-01
4.443523215961722173e-01
2.986447269260397164e-01
4.732820087180975577e-01
5.147122506697705546e-01
4.600014440288449080e-01
-1.540617300508984044e-02
4.561392966819868278e-01
-1.046226223940109890e-01
1.226753461506362441e-01
5.072550724772506570e-01
-2.163778537279990033e-01
1.663649612550770485e-01
-8.429462359006745231e-02
-5.691093284971167066e-01
2.011513692915443130e-01
-3.761779562655780396e-01
-3.052680043843736257e-03
1.416000872818576894e-01
3.366491995893969857e-01
5.027300490267538891e-02
5.570904642339407076e-01
-1.312285398337795783e-01
2.374879252149506570e-01
7.806511923227787975e-03
-3.954088605433287995e-01
5.603823924500250797e-01
-2.745844254837290777e-01
-6.159771909845090931e-01
-3.656304699855983387e-02
-2.782161590115297400e-01
-2.633327579074267177e-01
-3.011159307458202150e-01
4.624674702397655324e-01
-4.817952358060937357e-01
-2.902821252608118741e-01
-4.348586772852645055e-01
-3.955400782450801955e-01
5.614771638368774020e-01
4.087943730644028051e-01
-3.737313254275349550e-01
-4.101471380351124907e-01
1.409696244784228725e-01
-1.816571144098579893e-01
-3.142303070743146520e-01
3.383484312064055644e-01
1.375987616451688211e-01
-3.828795701396714435e-02
-4.834515160040258053e-01
-5.505955759235972025e-01
1.471950118773426297e-01
4.307193144925260953e-01
-5.389891284167909191e-01
4.323944507790056235e-02
-3.223024832013390295e-01
-5.039846314805362937e-02
3.656923946630863398e-01
-4.759125202295777513e-02
2.165552640454215805e-01
5.699200847460250685e-01
-2.402334409702611140e-02
2.060764729633310921e-01
1.032195924647627550e-02
3.290417074521725382e-01
-4.380515620813332234e-01
-2.086069839855380081e-01
1.252125403238402157e-02
5.569076826636898403e-01
-7.096071019846394989e-02
1.948018406961455895e-01
2.369766380408755424e-01
4.037106418345839387e-01
-3.521843590655349132e-01
-2.732497306729193554e-01
7.837896168465441349e-02
-1.710474296125283900e-01
4.718682838430634519e-01
-3.129274572772180463e-01
6.548921452647782360e-02
-4.197866191899857213e-01
2.860799451542739291e-01
3.962852496712345740e-01
7.845209455159185552e-02
-1.252918390214414757e-01
-1.526097307922622548e-01
-1.763566697950551543e-01
4.762045371894778611e-01
-4.315476186041262707e-01
5.761965157303796659e-01
-4.529209824489983660e-01
-5.266082540355032648e-01
-3.758565500778843216e-02
1.420879299985955413e-02
4.162379266621680785e-01
3.327282727738243295e-01
2.634552873948283747e-01
1.496091575665339235e-01
-2.206021154176545096e-01
-4.727362859926218519e-01
-4.908156471805575904e-01
6.055309020203036852e-01
1.686830820638807182e-01
1.278971175420320350e-01
-3.243074903888594207e-01
5.056951931808573164e-01
-2.796297097630491280e-01
2.433493654985605659e-01
-3.455594138049544739e-01
-3.216471265327669471e-02
8.950898499000103925e-03
1.799278240721227107e-01
-2.847012365761356634e-01
-1.554916750377097756e-01
-1.080670232350344762e-01
-5.096035608059494848e-01
-3.626530540658903234e-01
1.775820873319382542e-01
-2.964936493184557875e-01
-5.047178854043732343e-02
5.120257782256238954e-01
-2.673319516106973381e-01
-1.088257087110102717e-01
-1.294349183085383714e-01
4.547717247327227597e-01
5.508440363358078073e-01
3.446792474173765441e-02
-3.013720041132206262e-02
3.533194839431477163e-01
-2.179497354159813938e-01
3.618454334378036208e-01
5.573517814118513769e-01
1.810747440113305018e-01
-5.868488567222343022e-01
-1.359115552945890926e-01
-3.222504168817543757e-01
2.137838406169674244e-01
2.936360427210438218e-02
-3.577446251187268444e-01
-5.829194727609188220e-02
-6.372695957545015943e-02
-3.261823317959811064e-01
-1.653015148784646726e-01
3.845114501496817994e-01
-3.168001415043466551e-01
4.622147737351820496e-01
-1.041604193302516634e-01
9.610208147853516181e-02
-2.183707077868124458e-02
-6.980057266885175693e-02
-5.708647503003660972e-02
-5.075496819806968318e-02
-1.828587240205887809e-01
-3.407468238313260400e-02
2.401198977108167654e-01
3.411698100401441280e-01
-3.899672928522690540e-02
-5.714679384118959149e-02
1.733772072708745782e-01
2.447541001719235609e-01
-2.332968557571604151e-01
2.126439215540294470e-01
2.209504711575149827e-01
-1.774885331273932110e-01
3.833806122293514917e-01
1.642789377198319301e-01
-1.452311590381372142e-01
2.948694279760939452e-01
-3.789947739186043663e-01
-1.830533612090601281e-02
-1.112667317957161117e-02
2.748390130620324001e-01
3.686352061619597720e-01
-2.745982782292992752e-01
1.011268992087668295e-01
3.482253223467770553e-01
-3.050608723939509659e-01
6.156354157551389150e-01
4.213106430206314812e-01
-3.932129566217703598e-01
4.196748773643834696e-01
1.208003775596733220e-02
1.294690478077429319e-01
3.484402967910327220e-01
3.236253246528200123e-01
-5.902352766294862718e-01
3.684173502134786560e-01
-3.770132035552968830e-01
8.855162676033323521e-02
1.657865102343016872e-01
-2.999374676565143005e-01
1.608527247315141295e-01
5.162374893130561304e-02
-1.677511594727931765e-02
-5.695136299134109237e-01
3.039786955133019219e-01
-5.608958519812716759e-01
1.173445621208335510e-01
-1.346258127645896252e-01
-6.340683407393497006e-01
2.214645658554026397e-02
-2.000053393086549391e-01
-2.445427793760961421e-01
5.212974403843197990e-01
-3.436068956232256610e-01
2.554930991974524446e-01
6.423715551914366273e-02
4.638006641778495975e-01
-2.506150029372502530e-01
3.778719999667501384e-03
-7.636306259136915742e-03
1.774438313248074550e-01
3.069210581286068162e-01
-3.300259273409107408e-01
-2.442118860086495147e-01
-5.325930251814678940e-01
-2.286292476480653590e-01
-4.894951641801768005e-01
4.101860326297943615e-01
-5.545699961521135535e-01
-6.353353537239669890e-02
-6.891646279616026050e-02
-2.250374685915108586e-01
-1.616078541131784618e-01
2.419917614577640208e-01
6.481599731244713780e-02
-3.930496568859762618e-01
2.701355683901098814e-01
-2.178278496956318477e-01
-1.280617941797315140e-01
5.358361324034000006e-01
-2.145471223469801458e-01
8.512624101664201248e-04
1.978800136480387550e-01
-9.100494849992468716e-02
-3.728694893028974278e-01
4.013735060889800366e-01
3.678739870905491927e-01
3.404406913616178088e-01
-3.908333896003259866e-01
-1.370186730243485584e-01
6.462791343643736752e-02
2.587640035840266250e-02
8.533741152499452198e-02
4.113654904640018373e-02
2.042248234374755000e-01
1.497646972498598572e-01
-2.269250274656711142e-01
5.074893331518026685e-02
2.923348599261155201e-01
3.650724084890013543e-01
-1.205034521029562100e-01
2.186140726059058181e-01
-4.319676651029391579e-01
-1.967195892254256506e-01
5.361622573841824391e-01
3.397954200613719777e-01
3.055273556818587366e-01
4.854729813775415792e-01
-5.625161230408064483e-01
-2.719354424441764451e-01
-1.107847454615908944e-01
5.680561492071980467e-01
3.051107933350225565e-01
4.381931902321944960e-03
-1.546730512567346949e-01
1.325020794207620867e-01
5.946993769981627764e-01
6.713639703793994329e-02
-3.118850990517092470e-01
-6.490042772496629198e-02
-2.343011935135859147e-01
-5.291795038874251844e-01
4.355719417601591203e-01
8.619810520386650410e-02
2.526044213064135846e-01
-1.736116401379250718e-01
-1.342111320241539119e-01
1.884929229640306403e-01
5.527868821658756815e-01
-3.042221214709615040e-01
4.471340773459075990e-02
-1.467520857915403099e-01
3.350404667154291971e-01
-3.251770425233448947e-01
-2.881242174438369830e-02
-5.906231271485049561e-01
-5.053877964454756011e-02
-1.925723840244488727e-01
2.570271873466278834e-02
-4.832949878723802328e-01
-9.747707659422921722e-02
-2.896762617513033433e-01
-4.993117777800728518e-01
-5.402672264655947743e-01
2.888689044630643465e-01
-2.400054660590651423e-01
-5.831678679011291777e-01
-9.645565967327662804e-02
-7.964662387847454283e-02
-4.039086607728847866e-01
-2.049249002043911361e-01
2.359773099838715638e-01
2.501202788187049109e-01
1.005759267576067373e-01
-4.118823166977279016e-01
-2.461238554653455424e-02
-5.095808142701496735e-02
4.059982994274360379e-01
-4.835703843603944563e-02
-2.504833360267593179e-01
-5.519113674265740954e-01
2.522309553568469198e-02
-4.684890766004574658e-01
-3.942569156159301258e-01
4.347453686726634459e-01
-1.250391284635021805e-01
4.426409096060703874e-01
-6.308361240191269204e-01
-3.648558209250927220e-01
-4.064869111724913608e-01
-4.712262651168126482e-01
5.330750319104922141e-01
5.336035074459744010e-01
-2.797152941318445940e-01
-2.584657966977035315e-01
2.003155697905523169e-01
-5.372575333097042716e-01
3.976171983541370025e-01
-2.858723423036799716e-01
-3.549942486415131881e-01
-2.543609161432280885e-01
1.323894891667389828e-01
-4.384504842748473408e-01
-6.228374979651185583e-01
-4.858384387522498571e-01
1.241439444686402993e-01
-5.240711661717103453e-01
-4.588395431851859385e-01
-3.793433142364577293e-03
5.415913864652655008e-02
1.498435799001720525e-01
-5.868975250695038781e-01
4.581426268904369437e-01
2.475378624468573818e-01
3.171529711067222479e-01
3.365144616678463763e-01
2.665687092832644822e-01
-3.916027131462218591e-02
5.352197649388834577e-02
1.304526123556595252e-01
-1.574794918048114667e-01
2.238114283218761713e-01
-5.217747775802319410e-01
-5.667543339721063944e-01
1.056994413134981770e-01
-4.209487290043201213e-01
4.367414494425849725e-01
-2.001451314989957098e-01
-4.833926801977730392e-01
-1.029422318108670353e-01
2.390620048558798061e-01
-8.450702193453807354e-02
-1.115980697446259384e-01
4.360223901383069034e-01
2.962854268314440986e-02
9.114678287875044305e-02
-2.612460203875146547e-01
-3.995226419832089704e-01
3.774303234541598329e-01
6.384602221625090834e-02
-8.365102907433552559e-02
3.077760651524013014e-01
-4.179001223378637775e-01
1.561639887359778101e-02
-2.776268409319486707e-01
2.662824710790410165e-01
-2.427635847441349526e-01
8.031641767326291870e-03
1.460968759941305706e-01
-5.066829884780990056e-01
2.733745347659208846e-01
-5.165507430168547742e-01
-3.313790175732131971e-01
-4.250472858654710251e-01
-2.870396593303983224e-01
-4.334633046658487032e-01
-2.213205962205604393e-01
4.780764438602336242e-01
5.952252793242331919e-01
-6.064588878166787822e-02
-8.210304004423374380e-02
7.641986782629484054e-02
1.279793216642968190e-01
2.350060219501077796e-01
2.566058605141794402e-01
1.156298547563441304e-01
4.979016659449442272e-02
-6.024403840997640813e-01
2.901006035306439301e-01
2.719579173051318577e-01
2.085957056571210444e-01
-1.979508026749323690e-01
8.576301562720711757e-02
2.205334419073778918e-01
4.290137953715600361e-01
-3.367343902306885184e-02
2.653624142599628755e-01
-1.971589263085711252e-01
-4.032792943946716946e-02
3.100034466933143662e-01
-2.971291945711911353e-01
3.558883561934189643e-01
4.295557754719165899e-01
-4.244464743754932101e-01
-1.632541939638709749e-02
-1.156405699886775551e-01
3.328634791144313709e-02
-8.909715839515452984e-02
2.241552020962149783e-01
-2.219532470422622694e-01
-1.249207232416695845e-01
-2.757114530035806865e-01
4.105458092953826466e-01
1.025895374392513659e-01
2.795837911604950321e-01
2.479460760888958504e-01
-3.214097817966861115e-01
2.505378774480515602e-01
-1.891531855059529477e-01
-7.254046816130177433e-02
3.442832356307015118e-01
8.687582108745495191e-02
-9.712355201560463058e-02
-1.029881473576654827e-02
3.343195964861953584e-01
4.863499771284125472e-01
-4.287896290313701897e-01
-3.958425495863302501e-01
2.299091581869063816e-01
5.284032024735036970e-01
-4.950989892281256743e-01
-1.818127540262031161e-01
-3.528170742032630258e-01
1.413493297365118195e-01
-1.264804289569072537e-01
-5.391452583645826024e-01
-1.312063697866960865e-01
3.523399945264538147e-01
1.313910305598096073e-01
1.009133950453753314e-01
7.651270013360189637e-02
-7.874243634386957069e-02
-4.043379013533403565e-01
2.658487436610830201e-01
-3.016634243927693859e-01
3.270929034610823294e-01
4.130102228440115653e-01
-1.548334228300189963e-01
1.095629506129824904e-01
-1.293514964890709606e-01
3.038452965421498675e-01
3.551457132237603176e-01
-1.666728698216477511e-01
-3.294746651420137340e-01
-5.200499664830022795e-01
1.307448180967094586e-01
1.750227764990572865e-01
-2.311711264759006568e-01
-3.574546509945699668e-01
-1.144103942831176113e-02
-1.547096816994617541e-01
-1.755752309238474140e-01
-1.902209274618691381e-01
4.492934566657877937e-01
-5.959777960187526702e-01
-1.518557615294877650e-01
-8.730993616304338900e-02
4.227281612514399711e-01
-1.942227851158140339e-01
-2.459094491122808535e-01
-2.249483939893863749e-01
-5.182742292112862970e-01
5.486218052173263970e-02
-2.830127604079297754e-01
-4.253734130775548294e-01
-5.516492009951310393e-01
1.596361096209788499e-01
2.253720915673529390e-01
2.798435359211373097e-01
-3.727757610357453899e-01
2.512098652124077347e-01
1.699405552975061795e-01
2.809044182522324462e-01
-3.865991781605071509e-02
4.366500537199327070e-01
-1.001289301950967214e-01
5.233598320189267739e-01
-6.000365816688884024e-01
4.267759759758291693e-01
9.260967343765003079e-02
2.605024524627204130e-01
-1.537101695797638001e-02
-1.075328359367357933e-01
5.200172072303077542e-01
4.630385683562820986e-01
5.963846938961916422e-01
8.152384778615662242e-02
5.903331122629795757e-01
5.439414275521068376e-01
4.428280399736603812e-01
1.057666545729496477e-01
-4.346397829575732175e-02
3.058376491382617246e-01
-5.577288859909934615e-01
3.543109931462797846e-01
3.668640458233767276e-01
-3.826002404366732890e-01
-4.095146739095758548e-01
5.820605360374226933e-01
-6.074520040854727299e-01
1.446849453654106554e-01
1.657538781826612961e-01
-3.754717839391741308e-02
4.881965821125335836e-01
2.801930710807170044e-01
-5.299799742953545945e-01
4.516886172231950880e-01
-7.847162874206770056e-02
4.025496355811508664e-02
-3.200682205534386426e-01
2.212464300954568586e-01
2.923679597276827025e-01
2.015953155208460856e-01
-4.706346128907759052e-01
2.268261631627321862e-01
5.360813119213609923e-01
3.821402752832199212e-01
-2.428075951779975483e-01
-1.538304647199773001e-01
-5.508348129963938078e-01
3.456142186124901983e-01
-9.225157653663185187e-02
-1.482930723662931882e-01
-3.413824467246131533e-01
4.364524396462794442e-01
-8.596705652463487723e-02
2.595822709817641183e-01
-3.604514728521124312e-01
2.576521927307915405e-01
-2.215698376392678526e-01
-1.670110197181253753e-01
-6.397001502883270518e-02
4.388955762325128518e-01
5.106031745326777838e-02
3.062395493912717370e-02
4.954947536654517037e-01
6.608112124634413220e-02
4.331399506105704234e-02
-9.135950007523163663e-02
4.544920238256269229e-01
2.123681521740730105e-01
-1.702601290747649543e-01
3.886481571418674008e-01
-2.404660224414056913e-01
1.653575996479981214e-01
4.618087223821074616e-01
-4.794903400819467976e-01
6.952587796168963052e-02
-9.895922628532005660e-03
-1.655030146263190005e-01
6.919810405401349840e-02
3.832721613423188955e-01
-2.606503601712946150e-01
2.857372904603039387e-01
-4.620996944268531692e-01
2.122561908526723329e-01
-1.700585972472117291e-01
2.391555030984404695e-01
2.695327607311535090e-01
-3.483008856400751085e-01
3.508987415298028267e-01
5.891058466260270521e-01
8.083658784195790759e-02
1.877529834352742455e-03
-1.130825059623052908e-02
1.959210699324334115e-01
2.401453962884829707e-01
-1.466430488595973358e-01
2.735045311339749929e-01
-3.675029870025010581e-01
-3.792093172875707907e-01
-5.339788856033980124e-01
2.922445480755797576e-02
4.414771537926203138e-01
9.107969488242684264e-02
-4.845168979340366278e-01
-5.354952285153373737e-01
-6.779751490149621418e-02
2.331916814790746528e-01
-1.760606115739502542e-01
5.795402785636998289e-01
-4.761429512969694855e-02
-2.080109022252427664e-01
-2.426079004158427921e-01
2.270060945301866084e-01
2.002528839182868836e-01
-3.491491245222064776e-01
-3.754716907643480539e-01
1.093189794057956021e-01
-3.425860578003367962e-01
-5.338197707905285583e-01
-2.259168778213922479e-01
-1.247722185518407301e-01
-5.963901693904709589e-01
5.363720293472677980e-01
-1.788344185282007004e-01
5.658485614031807387e-01
5.501567876500228493e-01
-1.715611702205315225e-01
5.020477382165466906e-01
8.999412527217742763e-02
-3.615406086169006272e-01
-1.771157477195073326e-01
-4.861939035330484771e-01
-1.131612893300735223e-01
2.578489901927705219e-01
-5.553689169162119299e-01
-3.437629005655971071e-01
5.252615877658506349e-01
-3.093992757187873366e-01
8.255598168204336673e-02
1.396294720147137625e-01
-6.393479006438873569e-02
3.486274223462304533e-01
-1.911008566449687862e-01
-3.096036646043867080e-01
-1.173105387981161485e-01
-1.154915960717506351e-01
-3.759800990686184008e-01
4.609928992120195801e-01
3.661578441075485912e-01
-2.314971665184213379e-01
4.328789799484411560e-01
1.956920161182296169e-01
2.012887088976480499e-01
-1.829756453529629567e-02
4.209118252289156814e-01
-2.428954416963016172e-01
4.037388139377515728e-01
4.742336713337467202e-01
5.918093110629820686e-01
1.363937877687018130e-01
2.314918841579522990e-01
-3.956616255383238467e-01
-2.690529548425191209e-01
5.636673766468529578e-01
-1.291849790104588891e-01
-3.042153517069676738e-01
-1.704709261819621346e-01
-2.242674313042822831e-01
5.297932993391993861e-01
4.643692718910008566e-01
9.392193543054982996e-02
1.625840630330461778e-01
6.170537816144072707e-02
-1.136576431088434092e-01
3.495550767661530500e-01
5.085305926910770324e-01
9.722967291100204079e-02
-1.302765894336594954e-01
5.376892949898701701e-01
1.923255932609668761e-01
2.968207677268335232e-01
3.249041294263452784e-01
-9.879590348159617008e-02
-3.026371194333492554e-01
3.431663661023449663e-01
3.728787569757017195e-01
-3.635677042224187971e-01
5.145669802068786325e-01
1.896382209946132491e-01
-8.644257352486306445e-02
1.708526341809433191e-01
-4.813021264572761027e-01
5.196493508489199442e-01
1.437066957923427424e-02
5.856831160604727415e-01
-3.663803925995612332e-02
4.642433142075397257e-01
3.553986731705549573e-02
1.377703526444200577e-01
-3.469504941345631366e-01
-1.654459093231555045e-01
-6.687176163280295071e-02
2.535566433850053869e-01
-1.410106517277771587e-01
-2.168532104738698507e-01
5.156862355538036624e-01
-2.744984108248029742e-01
2.946380183677179687e-01
3.896665806665735587e-01
3.612939246163628937e-01
-2.902522682784711705e-01
-3.542704056001149127e-01
8.660122350990562268e-02
1.867691005573828278e-01
8.889434639089888179e-02
3.432988746021878868e-01
-5.099874829189525727e-01
5.354071566710825181e-01
3.392437098041156673e-01
5.423584586976417654e-01
4.691862949467733301e-01
-1.877494771469372381e-01
5.685992553159655571e-01
2.037862051288534815e-01
3.064297961056903219e-01
-8.001593343351842691e-02
3.716875659148204392e-01
1.099136126386044410e-01
6.020804138767843483e-01
-3.083533137070197938e-01
1.934141184379614131e-01
-3.743956932289904671e-03
3.759598228051794777e-01
4.711557404071617938e-01
-2.623773602675170125e-01
2.746232714495979721e-01
-3.336579779581336780e-01
-3.322057973868295377e-01
-3.464642257180621243e-01
-1.934096781973559942e-01
4.012487087111571427e-01
-6.245611111705748897e-01
2.717537678129975376e-01
-2.201812182410041174e-01
2.469005173849279089e-01
-2.845793101429991978e-01
-2.512019113124237535e-01
4.066942184149535677e-01
-9.939610237926022052e-02
4.740849942549649754e-01
2.211328734792816775e-01
-4.601336427405930962e-01
-2.725894542334907911e-01
-5.427248741734427284e-01
-2.449453818331335242e-01
-4.552630160753841082e-01
-2.390390788913112630e-01
3.206916876795560256e-01
-3.016750472702947050e-01
4.149332005560673053e-01
2.892889467313795038e-01
1.621628609060579151e-01
2.582767248149639983e-01
-1.811956568157535585e-01
2.320769678886449583e-01
-3.087078782647978414e-02
-2.869920614405554460e-01
6.597543289680185552e-02
-1.443649396415116470e-01
-2.674227160928888125e-01
4.543631199797504294e-01
-3.418702892819709405e-01
-1.109616377523892083e-02
-3.348394865758494987e-01
1.300843579997916777e-01
-3.367804261086781992e-01
6.043304919676639742e-01
-4.831015761519985574e-02
1.022119781978876318e-01
1.196996753945871461e-01
-1.710198661301616241e-01
3.494625165916440679e-01
-2.912396419499403422e-01
1.032996104192296372e-02
-2.892064338228319542e-01
2.113934026217840767e-01
3.127418485584136931e-01
5.231566567455034900e-01
2.162674207157522233e-02
2.463369136089355038e-03
5.014211821350720300e-01
-1.790057238174789234e-01
-1.372499995980360765e-01
2.659656864049839697e-01
2.227511388769318756e-01
1.046050616678186884e-01
-1.318903874152868028e-01
7.469662684160738308e-02
3.334358223351827633e-01
3.672654700726400989e-01
-5.191701091373754906e-01
2.068119698978598819e-01
-1.344924756599095161e-01
-9.778190536237207908e-02
-1.556351974520362447e-01
1.178348709392285087e-01
3.000620758299490376e-01
3.435315402164444976e-01
2.865470085051544658e-01
-1.641197313031987903e-01
-3.873346062839653214e-01
-2.352745522367518660e-01
-3.200159879967081622e-01
-1.967203635835712561e-01
-5.005932282832148417e-02
3.058172937657941404e-01
1.438811066866962918e-01
-2.950908007646502185e-01
-5.393271709107203549e-01
1.456973503312930518e-02
6.723191172878362210e-02
-5.532569991988882663e-01
2.533728632288045901e-01
4.057352793898925114e-01
2.130674538443875221e-01
-3.090676553773601398e-01
2.175848266573421341e-01
2.986528120155984567e-01
4.634425463891904684e-01
-4.616604407692310730e-01
-3.411547368651035583e-01
-1.887643392181681534e-01
-2.142940900950600636e-01
-2.260388946463010029e-01
-2.466470853552751308e-01
4.043636499285083730e-01
2.142563407225042127e-01
3.861520567914258351e-01
-1.315943525274416714e-01
-2.977396292616738549e-01
3.129444823924600882e-01
7.542005764134795953e-02
-4.593263548526440587e-01
-1.514920437132856179e-01
-1.662129515269459290e-01
5.705077676296177458e-01
9.760700628772323029e-02
1.087268498889883972e-01
-3.262352995202792982e-01
5.485589061553133305e-01
-5.328819074062582928e-01
-5.267834818628003291e-02
9.628801288503208156e-02
2.644639650784945673e-01
-2.634287146619920250e-01
-4.198569019945006531e-01
4.191143019545329196e-02
3.229073935830442110e-01
-9.288805281224199462e-02
-2.205256086022648887e-01
-1.342672918127689741e-01
-6.096464539983026398e-01
6.117762801158086461e-01
-2.672550413886298770e-02
4.565659903222236693e-01
-2.543411433461333360e-01
4.679261453709937513e-01
4.136036375544112076e-01
9.256639422642010118e-02
-1.036601192200690136e-01
2.942621049755391738e-01
3.343192614341017332e-02
-2.779246553559087118e-01
2.685912871591114026e-01
-2.489014907242363961e-01
-8.233413119489441101e-02
4.280153318028654397e-01
-1.162852160930540890e-01
5.316286145041351219e-01
-2.025016890310640250e-01
1.868278336092918934e-01
2.375988715724499656e-01
3.950441272638265389e-01
1.439526402485675760e-01
-1.327233201399025120e-01
4.086830274941135599e-01
5.761309618908505570e-02
3.093230825205681711e-01
-9.337511137545284612e-02
4.113864795107868844e-01
-1.733612449622556895e-01
1.651142167807551075e-01
4.568685301820760714e-01
1.485803624621855334e-01
-5.428216585167415786e-01
-1.053150286605522012e-01
2.913803653801387838e-01
5.533703700120415903e-01
-3.699299685215526878e-01
1.054111216314126409e-01
-2.198165543262842192e-01
-2.964459607407627928e-01
7.564604736064595158e-02
4.051761432387479545e-01
-1.696817001259462998e-01
-2.303288158044791700e-01
-4.464601371795398066e-01
2.532553059225817194e-01
-4.179947790837372779e-01
-4.152392765647139328e-02
3.886731303595700737e-01
-1.171916837295192693e-01
4.103797796667771891e-01
5.163889813076494306e-01
2.616001683897284380e-02
5.066568453144117967e-01
2.880217212309261754e-01
-2.653102837675174186e-01
4.164795702485912798e-01
3.518280937734825642e-01
7.175223525753526843e-02
1.963023038820512767e-01
1.584366767450262614e-02
-4.766243291966407725e-01
2.144755246936860260e-01
-3.206000285974575092e-01
5.695403143699184767e-02
3.866023005717789118e-01
-5.468444795052098684e-01
3.397873334802747891e-01
-2.302005854548809793e-01
-2.333652724099799514e-02
-7.718706414843978791e-02
-2.002090273789285391e-01
-5.891839545711174964e-02
5.509093600654546563e-01
-2.095191630044901387e-01
3.560300214116516315e-01
-1.878134212401860736e-02
-4.317737514488175776e-01
5.000024144648573809e-01
-1.353136816289826072e-01
4.956896128819066050e-01
5.621227717881929209e-01
3.919603356358267732e-01
-6.939570113779680582e-02
-6.062126886172691798e-03
-1.147436673459623080e-03
3.617815441379965691e-01
2.641586565625946292e-01
-2.079521012099956323e-01
1.574823087673413724e-01
5.083456625494608971e-01
-2.102868826199291163e-01
2.455762541137032073e-01
-2.127879819570388520e-02
3.699059196382084025e-01
2.306310307581096453e-01
2.222262055537544967e-01
-3.233135959527011494e-02
1.180551934360458688e-01
1.703123262641845770e-01
-3.812173777048126766e-01
-3.162056128791679299e-02
1.740718959525233700e-01
-4.283636263437760050e-01
1.707260980820466401e-01
3.799840639940041953e-01
-5.264081490041174760e-01
-4.755922272310071364e-01
-4.349344230268794576e-01
-5.305897266675430046e-01
-3.242699001682218807e-01
-2.375876081943317786e-02
-3.411795189220621083e-01
-3.420680450295687791e-01
-2.638273667278578927e-02
5.085536487992170507e-01
1.647826773298550762e-01
-2.240767243379320206e-01
-5.277826394899403084e-01
3.877589879321883259e-01
-3.685736622946036434e-01
-3.315436656214796329e-01
3.042714104643060580e-01
-4.582185940725285178e-01
-3.360586727219789793e-01
-5.953730686931688609e-01
2.183683203805681927e-01
6.891340616613739201e-02
-1.289211067362296959e-01
1.248012864401326638e-01
-1.236756892699908406e-01
9.326134857079004803e-02
1.370543371428869506e-01
3.750352869635342756e-02
-2.371330386670900126e-01
5.187372497253406323e-02
-1.010590159686479694e-01
-3.804412332383497741e-01
3.382209450665696338e-01
4.415846753424013116e-01
-2.921889211271579967e-01
2.735737427148769996e-01
-3.307865404118937036e-01
-3.281070959509611029e-01
1.658169494616243966e-01
1.768875471818409650e-01
-4.871551124787938392e-01
-2.343112005402403497e-02
3.683017944165403179e-01
-2.904240097652177610e-01
-4.302310432777733951e-02
-3.410837610089663130e-01
-1.852045504775023943e-02
-3.687456086932154875e-01
4.635094842291032080e-01
3.338503247730253420e-01
5.877680646593983482e-01
3.168325456570997289e-02
-5.215371497354004404e-01
2.160363944042380524e-01
4.216166104681908777e-01
-4.971451001592717134e-01
-2.995901644146874432e-01
7.262292837524864098e-02
5.911990712507932955e-01
-4.586723310015674571e-01
-2.023992896243953510e-02
3.608049820234580096e-01
-1.742368292993967671e-01
4.236602755686149635e-01
-1.966775868781169834e-01
2.535501398442621124e-01
-3.183501625270857005e-02
-3.553077484957309906e-01
-2.761906719594255932e-01
5.521006139053294959e-01
3.359493598287164318e-01
5.670380489530515433e-01
-2.654559956183053515e-01
3.102563084807394844e-01
2.710098135551053389e-01
-3.407172195174474894e-01
5.136348351902686460e-02
1.262974948963861976e-01
3.903445191105703316e-01
1.632748324101109816e-01
2.286135388684193970e-01
2.454556050398517542e-01
-3.719004752538150882e-01
1.965610099471302163e-01
-4.680656382042238661e-01
3.905858469512057951e-02
-2.277633373976559739e-01
-5.456943871942634416e-01
2.075787803534900888e-01
-3.150787550922293789e-01
-2.035218388382213917e-01
-3.697805204510711263e-01
5.768528447753773492e-01
1.471624710589081175e-01
-7.096796315578934866e-02
1.684400442002171872e-01
3.389780038811931462e-01
-3.301937326554025276e-01
7.569758066402787478e-02
2.669870800410976130e-01
-3.580673395767579592e-01
-4.325414697855194390e-01
1.480044992422033800e-01
5.077387277125104958e-01
-9.979532095773180345e-03
-1.488156217005789372e-01
1.593344548138979633e-01
-1.416780467981784142e-01
-4.140604197976518464e-01
-1.308521644469058387e-01
-2.225087905101492680e-01
-5.221016891805678739e-01
-3.191853757268887648e-01
3.338705211366121972e-01
3.243368461859148510e-01
5.936669098775935183e-01
1.438489294034486221e-01
5.559216039339105464e-01
2.565717185123075339e-01
1.611859915817621669e-01
-2.984770604235871261e-01
-3.538146298635247433e-01
-2.518288471309846344e-01
5.786744411220370310e-01
-5.632749723854937329e-01
-5.644843112323085776e-01
-1.379765603150717723e-01
-2.980723542753000999e-01
-2.362656434669645478e-01
-3.996858036480768206e-01
-2.317900058600850244e-01
-4.146586827393550223e-01
1.611387442027467642e-02
6.322793860018425249e-01
-3.886637965029482444e-01
-1.581460717783356174e-01
-4.907834059151490180e-01
-9.194148466197837877e-02
1.338126797764580544e-01
-4.635935156481272301e-01
-5.243508192338373064e-01
3.763772809867758085e-01
4.853131371693919505e-01
-6.317123662487844626e-02
2.094146571793098488e-01
2.381629677559926606e-01
-1.451744201195843686e-01
-5.266990544184455558e-01
6.503471930851389970e-02
-3.745616241472529140e-01
-3.914365659505865125e-01
5.257148636217703341e-01
-7.750546474135866504e-03
-2.535996209403270640e-01
1.509958554363457495e-01
7.227829058758938885e-02
4.240956349533266945e-01
3.974460098549617015e-01
2.849094698748366739e-02
-4.382650248110042668e-02
1.210773901609414338e-01
2.588457014482381524e-01
5.027535865306465013e-02
-4.878942814494475755e-01
-3.632865080497094112e-02
3.183653383916986712e-01
3.048294897752725774e-01
-1.062523712669349862e-01
2.318692628970984160e-01
2.871812739950083682e-01
1.185749782864462532e-01
1.588750035330885879e-01
2.811412802576116476e-01
2.351333045293158008e-01
3.525445610218325143e-01
1.433640533257154459e-01
4.163125958743076893e-01
-3.979019720012662020e-01
-2.614965148122756489e-01
4.828959324382422480e-01
4.683926881608613257e-02
4.990515395612069582e-01
2.812508468131591499e-01
-1.749167919956571282e-01
-4.956881734530007577e-01
2.719952989499834217e-01
1.075100707624550012e-01
8.681352785404428118e-02
1.138875120696258847e-01
-2.775512067865886223e-01
2.108803650763846349e-02
-2.270949092141529846e-01
-2.867973366327767337e-01
-3.774339561670103649e-02
-2.195919793825265032e-01
-4.839678057455998328e-03
3.979408793451275628e-01
3.380438147616793287e-02
-4.597501785941728869e-01
3.376113293396212356e-01
3.486980650568707318e-01
-1.645098154025559367e-01
-1.355325410643040129e-01
1.741352095914106002e-02
-4.079773669113473389e-01
-2.067538740913104078e-01
5.591466381852079337e-01
-3.665469608256977097e-03
-5.158113063140223886e-01
2.050919879844839144e-01
-5.394724112644224689e-01
4.068769471218223188e-01
-5.246745756717086095e-02
2.559489807567842945e-01
-2.585935970205435197e-01
-4.470147263484935962e-02
-1.710053476229873581e-01
-2.516847858369422042e-01
1.472451860277859126e-01
4.185756885594535959e-01
-5.378882874859858276e-02
2.349916790956125823e-01
-5.074809170721783502e-01
1.768311485967473118e-01
-6.326047388042219666e-01
2.216091928343777440e-01
-3.063641715270506438e-01
-1.441337153045036956e-01
-2.491043686579974548e-01
-3.489406793317080258e-01
-4.976190394859161259e-01
-4.865703791477580253e-01
3.634437672297652355e-01
-5.381423806197958015e-01
-1.651024534590357362e-01
1.569889791321843475e-01
-1.693155161063142344e-01
6.270800229605377751e-02
4.921471387423990151e-01
2.835495567244006310e-01
-2.570349404689071804e-01
-2.008257773898050047e-01
2.380247046580663550e-01
4.691034176239616826e-01
-4.821659672775568950e-01
1.567806256792927400e-01
-5.284180830285452046e-01
4.045857462371049706e-02
4.749102375297571399e-01
-3.445478132968000651e-01
-2.033826659993493990e-01
-9.895650725770011036e-02
-5.517405911555215425e-01
-5.817332710214415670e-01
1.040899967582156194e-01
1.005466189489574447e-01
5.207896284157786937e-01
-1.391288357626221384e-01
-3.450281452555898909e-01
-6.025452473362822303e-01
1.607976052851523008e-01
1.537335111922777386e-01
2.834035693570777781e-01
-7.671925685858660415e-02
3.916636364202261689e-01
1.923881478880069551e-01
1.769580139851933964e-01
1.753635416681120773e-02
-2.327340400354156458e-01
4.408565619807607305e-01
-2.802915360976356851e-01
1.435088570285643073e-01
1.543471944775998139e-01
-4.427599556161680994e-01
1.003355223853619194e-01
-1.830674769167233151e-01
-4.970277293949747488e-01
-2.319532514001938495e-01
-1.458799012564968578e-01
-1.609578134507794189e-01
6.838637844099881846e-02
3.609212002266399821e-01
1.657843605717754798e-01
-1.067459350548976005e-01
-2.235216601368232858e-01
-5.741130622881396306e-02
2.996304953269399718e-01
-2.002908271096366377e-01
3.970344079515122360e-01
-2.997456273934995252e-01
-3.131445424451140269e-02
2.604007301255961693e-02
-5.973556528034933422e-01
1.386720414675588486e-01
4.529132880176351961e-01
4.749624654172412974e-01
1.354214190045146537e-01
-1.177455002512015625e-01
-3.237814870923410027e-01
-1.715519262138363032e-01
-5.827969475383740772e-01
-4.085501486065155063e-01
-2.468803905217065164e-01
6.024145959004654216e-01
-1.936153058362819479e-01
-4.294788269879568077e-01
4.621348926512034438e-01
-5.030282094462990017e-02
3.341559906497764132e-01
-6.714938188519870010e-02
2.098728054365430751e-01
-5.585215569734351959e-01
-1.660222578237648960e-01
-2.752116836737252825e-01
-5.879543907853346241e-02
-5.894203721585977718e-02
2.881207482263441477e-01
2.223348058942686833e-01
5.504184218915852966e-02
-5.680559973863630319e-01
-8.072503523088947475e-02
2.964860574706049690e-01
-1.954302520892632344e-01
2.173636073624907183e-01
4.358674336143444350e-01
-1.966870282913459889e-01
-3.719401123909991114e-01
1.440272563286768559e-01
7.774812053096358255e-02
-4.282138750285708895e-01
5.515534261965502338e-01
4.009668568101325548e-01
-3.937902946397171533e-01
3.807869125928000642e-01
-4.442392942366835129e-01
-2.201164024243391637e-01
-3.781847945539507094e-01
-5.254762382451438896e-01
1.076425167119339221e-01
2.525635560205143904e-01
9.295437961704777763e-02
5.329214182250385790e-02
2.315813805706472550e-01
-4.093962579435750371e-01
-2.400628175576473566e-01
4.760136539012762569e-01
-3.103905185254332011e-01
5.272980281754113818e-01
4.996334369164303624e-01
-5.051348257022434396e-01
-3.779948457890158764e-01
3.673007550253259978e-02
2.033119122461171102e-01
-5.123944559551052436e-02
-1.683402017068429402e-01
3.465049006389726571e-01
-1.297525879066361298e-01
1.190660841398543113e-01
-1.526405557897234644e-01
5.488663872289212264e-01
-2.355534174262174929e-01
-2.088993175465168051e-01
1.510946779918445060e-01
-3.900020843040978846e-01
-5.791669301717217166e-02
1.421068082676661959e-01
1.670055431097017262e-01
-1.572428982614226811e-01
-2.441519294796092865e-01
2.259744558627074795e-01
-2.075639060145109127e-01
-4.407962683152710781e-02
4.570190587646489888e-01
-1.326085169794666285e-02
2.001093835798215537e-01
3.179236900925399567e-01
-1.657159860599950463e-01
9.024463428946027932e-02
-1.763635139944454977e-01
5.747732014478055262e-01
-1.318852064384730127e-01
-1.054607913419047804e-03
-3.894540851058518882e-01
-2.446906076733617041e-01
-1.008250708397433471e-01
-3.602645335856298203e-01
-3.454843334992263593e-01
7.239674462060197158e-02
-6.101633832897634946e-01
5.544751691145819450e-01
-2.681372690940664327e-01
-1.901325264696271944e-01
-3.754548741236218845e-01
9.911988146479977502e-02
1.091042347636408394e-01
-4.267462819298444288e-01
9.669316720140130883e-02
3.208895286507829070e-02
-4.523926481049826975e-01
1.907872015025624535e-03
-2.903106570241735795e-01
3.421814238849263390e-01
-1.947530404885364774e-01
1.209900616733392553e-01
3.786251973862766462e-01
4.001639548538076241e-01
4.723435050739697161e-01
-2.907502886001394060e-01
5.599860635940148157e-01
-5.305844454879684591e-01
4.762982283854677590e-01
-7.738781379548065331e-02
1.301786021093045420e-01
-5.175876190361297091e-01
2.816761598433181746e-01
-1.363744241302526916e-01
-3.260801205082168863e-01
7.580688500089305393e-02
-1.173921721219990388e-01
-2.929572901354431380e-01
4.368740255238723336e-01
3.708158255551445848e-01
2.767320849057242071e-02
1.005752081172550660e-01
-4.737598862718250814e-02
-3.181424987698022733e-02
4.007801758635842759e-01
3.547914049901219613e-01
3.421341593608140386e-01
-2.621014030786223969e-01
-1.064063058956223884e-01
-2.152333659391283405e-01
-2.309285872133273188e-01
4.343566292266771711e-01
-2.261820754430212688e-01
-1.546281873541692775e-01
-4.058205664462892770e-01
-2.179074740480402284e-03
9.651274301672430056e-02
2.589919732258962881e-01
1.727284985750205948e-01
3.589663781846379464e-01
-9.466577316946889198e-02
-6.185116382070114938e-01
-1.733558333555809128e-01
4.762471479773449090e-01
1.891723993549856431e-01
-2.240763256326205877e-01
-5.337264157001175846e-02
1.084797790940994489e-01
-4.694089950908244546e-01
4.963634635296640951e-01
1.157571862183974787e-01
-7.032215714896317138e-03
-4.809095242545122773e-01
-4.054209331797302696e-01
-5.382844435369094072e-01
-2.701720109490146626e-02
5.846823043587212609e-01
-3.541234669317123718e-01
-5.351565487106491048e-02
3.999574810381343326e-01
-1.113737817912507921e-02
3.529972770451212938e-01
4.604052560937237359e-01
-9.215443205302875640e-02
7.677450495966198218e-02
-2.422746545816059083e-01
1.014930438356929088e-01
2.296714993860629050e-01
4.313906649598191478e-01
-1.354268870168251482e-01
-1.949795412114090354e-01
2.032520855611705812e-01
-5.020289505842594480e-01
-1.607593241018880903e-01
5.318153415467126166e-01
4.865559385564131034e-01
-4.284809220477043823e-01
-1.221336572123892239e-01
-1.572278748002267079e-01
-1.715057674733087012e-01
3.044402456898911424e-01
2.376126241723870436e-01
6.184513208585151745e-02
-1.574170169382202999e-01
4.134808248250489982e-01
-6.063466781009561046e-01
7.472838120656799532e-02
1.110287830636567108e-01
5.343821357495848190e-01
6.682597400771683738e-02
3.393045708239963432e-01
-2.782258762574283395e-01
6.269844381856515270e-04
3.921890952842002065e-01
-2.010585559115032339e-01
1.734733551638978355e-01
4.102821005716563718e-01
-3.079052832570754461e-01
1.114874130611376302e-01
-3.753898492784522034e-01
-3.234971643439461531e-01
-4.266547948622179121e-01
3.037696621988486001e-01
-4.832975997345165808e-01
5.421518168651608960e-01
4.281455079780904782e-02
-3.747533532308873205e-01
1.007305682034331795e-02
2.946621615503808300e-01
1.852297976771897225e-01
-1.662940322931678594e-01
3.284449852854010032e-01
1.830488372241543260e-01
5.740104282884859188e-01
-3.048766034132093239e-01
-2.439372655117626465e-01
6.089564857554865540e-01
-4.701752928250337860e-01
9.119306851703168348e-02
-2.005184781682896045e-01
2.094577068118539387e-01
-4.565831631185126582e-01
-3.683842055469632726e-01
1.496519843559767082e-01
3.018130165894561401e-02
-4.062063839254195230e-01
1.554629775823617166e-01
-5.186987055699034954e-01
-1.186634806091220184e-01
-1.287388669095994587e-01
-5.931887489749705367e-01
3.222013942289914112e-01
-2.077225375271485319e-01
1.143191790895015103e-01
-2.030976553757746217e-02
-1.700109317995428526e-01
5.794989858801091742e-02
-4.600613438477285655e-02
-6.579916597416790580e-02
4.046060698414173373e-01
-2.332723101471660954e-01
4.918702822311438183e-02
-3.713383566056958074e-01
-4.374744976928512941e-01
5.445949812339740959e-01
-1.571688307785645833e-02
1.746873284365682011e-01
2.026830752004613601e-01
-2.554875715302387107e-01
2.100777920572669544e-01
-2.217729470045490814e-01
-2.533302887537249859e-01
5.085896721113929431e-01
1.354837436634053205e-01
1.208606465393389229e-01
-1.147650228127261585e-02
-3.164810256671444222e-01
-8.413130445017369397e-02
-3.336045338802993143e-01
1.133583815223273561e-01
4.862227595921355672e-01
-4.167877150903036565e-01
2.763968206739289002e-01
-3.720262469994892740e-01
4.513248112566827785e-01
3.523022009490137663e-01
4.000228540110128961e-01
3.236924873622415433e-01
1.064940980500486134e-01
3.906476419114390808e-02
-3.807629823903271316e-01
-3.356085985995509446e-01
4.107032776583627864e-01
9.854226064426985232e-02
1.329459484214066123e-01
1.568230139029926917e-01
-5.247943997493607071e-01
-1.535825411967151055e-01
-3.209093983058952659e-01
-3.919344436545735277e-01
5.641120857906827268e-01
-4.853707438431298371e-01
-1.352734325533591075e-01
-1.739054489286138150e-01
-4.607614522675991253e-01
1.071785957548421209e-03
-3.921603105971813719e-01
-1.820719693669445860e-01
-1.667821919490037885e-01
-3.133770307259968746e-01
4.241117111688721408e-01
4.169708324486451900e-01
1.504810590278360394e-02
1.000852901214894786e-01
-1.540267816921243593e-01
-2.338217048520405683e-01
4.176229096902970284e-01
2.819085393639557680e-01
3.921819359892317891e-01
4.075489830132061897e-01
-2.784091247214233178e-01
-1.667151914226092657e-01
-6.315899776469180438e-03
4.361549094586560926e-01
3.827647380436882685e-01
-1.531253769478100324e-01
5.056853038458584138e-01
4.089338234407966510e-01
5.001132273711057508e-01
-1.813687202665610343e-01
8.233795100181051652e-02
-3.528276894303932210e-01
-4.319181507821845400e-02
-6.385235805389744002e-02
4.171408669994747243e-02
-3.990995434352573312e-01
-2.566885523568025462e-01
2.995678830393337932e-01
3.024720381784007373e-01
5.714493497745429806e-01
-1.410044187548384897e-01
4.605784985862317882e-01
-4.991257784197618008e-01
-4.316836443431624204e-01
1.462278588323462358e-01
-1.372214882438154149e-01
5.283525779643305498e-03
-5.660571459050922627e-01
4.059315242597971718e-02
-1.563170971952798638e-01
1.818277129918763890e-01
4.025926667848782614e-01
-5.268892026735221279e-01
-1.204208729898477159e-01
1.572824785948236936e-01
-3.367224496976932713e-01
9.489478193803879691e-02
-2.105520097298496651e-01
-5.555104144105520447e-01
2.273450034190771518e-01
-1.397186364206177700e-01
-7.308704743587135511e-03
1.168638436085291943e-01
-7.465640143610663415e-02
1.105292731792495431e-01
3.053693729012687541e-01
-2.058424132909513204e-01
-5.675665747476763556e-01
4.278904358962538623e-01
5.381220621060993636e-01
-1.731365685897481299e-01
4.218804556146817930e-01
-2.261384978112346289e-03
-4.127933575446860459e-01
-4.203408067936420522e-01
4.295975261275781776e-01
4.357651996980109743e-01
-7.499239283464920192e-02
6.256074440308623252e-02
-3.451595938109939254e-01
-1.187136221195519425e-01
-1.734457189351150674e-01
1.676044405361141187e-01
-2.348665438889181445e-01
-2.449397410897216076e-01
4.121986646324717896e-01
1.879532719406862284e-01
1.690990751758718602e-01
-2.074503582544116043e-01
-1.530157029240726274e-01
-4.953855557667150578e-01
-1.158660207459893954e-01
-4.568938884597590899e-01
-3.874988994340551329e-01
2.488774127116197832e-01
-2.904513757871018953e-01
8.153606416493097697e-02
2.801462748172278694e-01
2.280142471637525148e-01
-1.775295915636405653e-01
-7.548428966726383749e-02
2.449208141853107534e-01
-4.408972361665588480e-01
-2.029103625131778443e-01
2.398726867440972299e-01
1.192030674564383830e-01
-6.016322765387460691e-02
7.439655864967242849e-02
1.586710335924310655e-01
3.515106749644516526e-01
9.314093549814828066e-04
8.270863546553730572e-02
3.668011664846986264e-01
-2.641276408401944664e-01
-2.534054541128760718e-03
-1.591009856739233896e-02
5.357423047815341732e-01
2.597158994596258097e-01
-4.831664044181227524e-02
2.700018755748381238e-01
2.446845750186712465e-01
-2.862090176989280366e-01
2.499229392002533245e-01
-2.597638658471259632e-01
1.844867068966102863e-01
-4.814536001295230960e-01
2.885703300552293626e-01
4.757408264045697166e-01
2.646918663828170537e-01
-1.407674951549173770e-01
4.232527944817290333e-01
1.428898908373845700e-01
2.284210138442865912e-01
-5.896191531117622731e-02
-1.901509539038759300e-01
5.255376967316705006e-01
-1.971827007260067433e-01
6.471569501431151394e-02
-1.334299794878965884e-01
-1.998320206879462546e-01
-2.067375306188665718e-01
-3.108562590687204974e-01
-4.477061395646320108e-01
-9.299081493912364493e-02
-3.693200994012713068e-04
8.632206167838418764e-02
3.178550370160060368e-01
-5.274371557198769267e-01
5.270351190281523657e-01
8.703789980335763232e-02
-4.025252586180929626e-01
4.371649263438559530e-02
5.775558035295480508e-01
-5.933908647239736212e-01
1.606234763240790286e-01
-1.667831437265796524e-01
-4.889018513129084198e-02
2.482187971730098752e-02
3.647142526718880617e-01
-1.258373974064781464e-01
4.291806205496895288e-01
-4.433257189827397582e-01
-1.062413434559985603e-01
1.381819371801462637e-02
5.036140366613466313e-01
1.088557486025001353e-01
-1.033217476684669123e-01
-4.132297112147149676e-01
1.775552999147702593e-01
4.016420935971947159e-01
1.487907188207611142e-01
-4.488430661229561025e-01
-6.395599693084896842e-03
-1.538764838193813489e-01
2.244591672614317801e-01
-3.385558046458658765e-02
1.743807650833151257e-01
-2.250457111258565845e-01
-5.026092707783771374e-01
5.822517451609137140e-01
6.341963773650327596e-02
1.801095036821998008e-01
4.867668625174399466e-01
1.561889886471865552e-01
-2.798216717390831221e-01
6.070722310623999363e-01
-9.822720917426153164e-02
8.639709300539877290e-02
2.861473088480597227e-01
-3.597482377504173101e-01
1.727794881919209047e-02
7.700383301074165132e-02
-1.427750617164322833e-01
5.028652289365886929e-03
2.160146066385255637e-01
-4.823804468665047196e-01
4.570199977816891135e-01
-4.188260529283525102e-01
-1.925492127036072532e-01
4.699174995715775793e-01
4.024046036747144228e-01
4.884221741019167951e-02
-4.789549025346353517e-01
1.609101461273763078e-01
-3.412547807110026810e-01
-2.312410785376091127e-01
-8.580335023000706940e-03
-1.089461453114406453e-01
3.562144120074783871e-01
1.793974602799055518e-01
-3.003652765178612682e-01
1.603326468719368236e-01
-6.042343241852119462e-01
-3.580285866057479893e-01
1.194919182278750824e-01
-7.966601405452689022e-02
-5.247147457391960756e-01
-5.618186410563374977e-02
2.155340357206068092e-01
-1.847675435586033643e-01
-2.684805966656984566e-01
-3.532219592488035076e-01
-3.848102121181629087e-02
-4.985243037178515024e-01
4.958497199322406956e-01
5.687354579863246329e-02
-5.357257966023816209e-01
-2.661060386995375282e-01
2.328547501077071757e-01
9.076806578768881195e-02
3.464734471674502103e-01
1.900668234877898044e-01
3.932291083947871968e-01
4.264088479848879842e-01
-1.207339633952582147e-01
-1.706231263797493014e-01
-2.393246363105179242e-01
-4.195830722131717039e-01
-4.634633643898080635e-01
-1.256324134664073000e-01
4.982356620102654787e-01
4.428108531772085854e-01
1.269752348056911728e-01
-3.903099501431643858e-01
-1.108911317018863585e-01
-1.126663228999831290e-01
-1.369919350608252984e-01
-1.658819346416944285e-01
6.092054684348466864e-01
-5.975886436959747527e-01
3.714129461780562025e-01
-2.655984297925373383e-01
2.411840587191527163e-01
-2.870996815767412613e-01
3.004380642374657739e-01
4.122039542742008678e-01
-4.569738409423251824e-01
3.117576389739582510e-01
-4.695012757769969625e-01
-1.539028315658077517e-01
-4.325549718021548529e-02
-2.241542251095278715e-01
-2.032712053575185251e-01
-2.946749925740581588e-01
3.324838830284004842e-02
-1.790810052963873744e-01
9.062771356533971812e-02
1.722454180022268133e-01
-2.968121031400174914e-01
-5.661355510974299676e-01
-2.154894240307223541e-01
-1.205062939840821912e-01
3.275617233959575714e-01
-5.775066704217994840e-01
-1.335121836914607840e-01
-2.968131704457057651e-01
-1.249282521430377102e-01
-4.447054138711745708e-01
-7.960215075128829199e-02
2.641529455759181744e-01
1.897831241007041925e-01
4.266715714103792578e-01
-3.893557695329459278e-01
1.468627608903503301e-01
-2.896746837112162964e-01
6.195906382381766164e-01
-9.047997723578404816e-02
4.127647428814187336e-01
1.039975059775075650e-01
-2.121796376478668478e-01
2.898647689331639299e-01
1.105531368563115180e-01
1.567113410284211028e-01
-1.909525477950326788e-01
-2.923583527313420305e-01
3.840344045504027193e-01
4.767532319965752663e-01
-1.068778966929944119e-01
-6.013951159722363826e-02
4.031920883062074523e-01
-4.501104528481683076e-01
5.885556198934738248e-01
-2.872941906736974360e-01
-3.016433633634587608e-01
-4.899163204601837407e-01
4.973561940634141365e-02
-5.269527006692085180e-01
1.028465476653543931e-01
-3.496009053293009927e-01
3.612294221113643289e-01
-1.383048910999029601e-02
2.316769870766552941e-01
1.339630341115594092e-01
-1.298819825578680920e-01
-2.191827952429372672e-01
6.360735764655167657e-02
-2.059678444620880455e-01
4.149800011587148063e-01
7.245787894144672947e-02
3.450111801400446154e-02
-3.691846620561936021e-01
-3.353389011933467501e-01
-1.502619541422136606e-01
3.502915501873857806e-01
-2.739992425342663296e-01
-2.210612624641239421e-01
3.727185464686835203e-01
-4.947681114057136398e-01
3.179828665287498524e-01
-6.710552519511114866e-02
1.312088731896228211e-01
-1.361894797584710659e-01
2.101567642337869302e-01
-4.913472316288398645e-01
-3.039440402868631708e-01
-5.254008169708228593e-01
4.071968014594284924e-01
-2.924096355349110610e-01
9.765490569248491681e-02
1.177936271573596372e-01
5.601499740020816631e-01
-3.946029716159618062e-01
2.548355871545737728e-01
6.523048602742687052e-02
-5.021571252869634350e-01
-1.271755342832481261e-01
-1.824589381716545944e-01
2.855815799882535089e-01
-1.473467088093372013e-04
-4.464147972765051264e-01
-4.041865561003135099e-01
3.760785346211283908e-01
-1.912438152465938401e-01
1.116152663303537906e-01
-5.864997510207325959e-01
-2.168955232732319161e-01
-3.718595590519537808e-01
3.949985059457326031e-01
-3.642590057232677481e-01
1.668525477540150348e-01
2.563168638283119805e-02
-2.402197014957003773e-01
3.448170769174225825e-01
-4.213188701350265575e-01
-1.991266848047965610e-01
2.077750436699830061e-01
-1.782019053391747931e-01
2.849137544251263421e-01
-3.328987814222292840e-01
-1.787866921448459934e-01
2.990590474129817267e-01
-4.684695325408485544e-01
-1.619748229626143399e-01
2.571942294737539214e-02
-3.314740702855445420e-01
-2.061280839793866448e-02
-4.505658053100738414e-01
-4.687805529555815198e-01
2.533326371641910768e-01
-5.324055953195214741e-01
-2.948770812305498978e-01
3.336779820267210539e-02
-4.123378850239598492e-01
-5.082123812007068864e-01
4.760244957570112234e-01
-2.046148171624047052e-01
1.053871803505828098e-01
-3.846706861292421564e-01
-2.020972467985737708e-01
7.973243059273116273e-02
-1.568441667743458723e-01
2.637522211967846530e-01
4.069644324754602138e-01
-4.418409753439274112e-01
-9.609061937063412273e-02
-1.759719607663496888e-01
-2.653818147387303483e-01
3.495053207062079892e-01
3.340096001916776913e-01
1.486455708777443263e-01
2.914672760697811782e-01
2.270047692385812610e-02
2.269725952398635727e-01
-3.493307559761520409e-01
5.874215394553647940e-01
1.773689839779919453e-01
-4.395659452707532111e-01
-2.448997746515111373e-01
-5.039445349037361410e-01
4.761675838641448166e-01
3.658795429392114329e-02
1.742954982425359844e-01
-2.327919665429867280e-02
-1.891352700927519948e-01
4.566904169426599935e-01
-7.366381629599327852e-02
2.844794977783502432e-01
-3.362638297499209727e-02
2.979654946909935376e-01
-3.933740330306845223e-01
-5.408527941078133949e-02
-9.693322774623336358e-02
-2.104839825420192767e-01
-5.403032196478187998e-01
1.982739309795569227e-01
2.018613880197968058e-01
2.884646716097218899e-01
-3.501631362083523769e-01
5.219092225384178718e-01
-2.102563473721463794e-01
-2.415697291621441423e-01
5.637040684518268563e-02
4.032007513799298337e-01
-4.532058615579170890e-02
2.975970648013355202e-01
-3.328238259547102729e-01
1.543531427788025212e-02
-2.155772294056763627e-01
4.045138465473483436e-01
-3.696125268478720471e-01
-8.573406966825647402e-02
-4.434146797883125046e-01
-9.507634429431899292e-02
-5.556652693126178377e-01
4.092846201234845438e-02
-4.465998656218461704e-01
