3.338113712771708379e+04
4.328204452731547644e+04
3.665677618750376132e+04
8.464983556149848737e+05
7.390040510332440317e+04
9.535686946936743334e+05
8.453438733742036857e+05
7.977071968976178905e+05
1.052571697333293501e+06
1.056860350950214081e+06
1.075983469022848178e+06
1.061621677545160055e+06
1.050518769305266207e+06
1.034896368291808991e+06
1.081377548645867500e+06
1.081025920005212771e+06
1.081377548645675182e+06
1.081377548562545562e+06
1.081377548645867966e+06
1.081377426710872678e+06
1.081025917392984498e+06
1.081030600919846911e+06
1.081247430192798609e+06
1.081377548490897520e+06
1.081025920005202992e+06
1.069391776008561719e+06
1.081377548644013237e+06
1.081377497600190574e+06
1.066173884543940192e+06
1.081376744017359102e+06
1.081377548645495437e+06
1.081377548645261675e+06
1.081377548645864939e+06
1.081377548645867966e+06
1.077387400863626273e+06
1.081377548579625320e+06
1.081377548645808361e+06
1.081256610611002194e+06
1.081377548645867733e+06
1.081377509302040795e+06
1.081274333451537648e+06
1.081377540856605861e+06
1.081377548645867966e+06
1.081377548645867966e+06
1.081377548645867733e+06
1.081025920005215565e+06
1.081377548650408629e+06
1.070134373986047227e+06
1.081377472102090484e+06
1.081377548645866103e+06
1.081377546630730387e+06
1.081377546625587391e+06
1.081377548636595951e+06
1.081377548645867966e+06
1.081377547295785742e+06
1.081377548645841889e+06
1.081377548915016232e+06
1.081377548645867966e+06
1.081342531815236202e+06
1.081377548628489953e+06
1.081348526337417541e+06
1.081377548647129443e+06
1.081377548645866569e+06
1.081377548645867966e+06
1.081377502252800157e+06
1.081121684169152286e+06
1.081377548645423027e+06
1.081377548645867733e+06
1.081322530239463784e+06
1.081377580901043024e+06
4.848456407419444440e+04
1.081377548646089854e+06
1.081255846998656634e+06
1.081377548645695206e+06
1.081377548645868432e+06
1.081377548645911273e+06
1.081377545411032392e+06
1.081351511261434760e+06
1.081377548645815346e+06
1.081377548645867733e+06
1.064028029625554336e+06
1.081371451214671135e+06
1.081377548644919181e+06
1.081377548645867966e+06
1.081377548645867966e+06
1.081053030497357016e+06
1.081377548624613089e+06
1.081377548645857023e+06
1.081377548645834671e+06
1.081377529439125210e+06
1.059072686987893423e+06
1.081279514552799519e+06
1.081377548645867966e+06
1.081377549000289291e+06
1.063720604508380871e+06
9.575145637596518500e+05
1.081272104563930538e+06
1.081377546870332910e+06
1.081377548763871659e+06
1.081377548816864612e+06
