6.820000000000000000e+03
4.515000000000000000e+03
1.110000000000000000e+04
2.514000000000000000e+03
1.905000000000000000e+03
9.213000000000000000e+03
1.156900000000000000e+04
7.781000000000000000e+03
8.987000000000000000e+03
1.204500000000000000e+04
1.170700000000000000e+04
1.211200000000000000e+04
1.192900000000000000e+04
1.206600000000000000e+04
1.195100000000000000e+04
1.165500000000000000e+04
1.223000000000000000e+04
1.220200000000000000e+04
9.171000000000000000e+03
1.172700000000000000e+04
1.177300000000000000e+04
1.017100000000000000e+04
1.214300000000000000e+04
1.190100000000000000e+04
1.253300000000000000e+04
1.095500000000000000e+04
1.186700000000000000e+04
1.148600000000000000e+04
1.223900000000000000e+04
1.252500000000000000e+04
1.232000000000000000e+04
1.184500000000000000e+04
1.207200000000000000e+04
1.240300000000000000e+04
1.204200000000000000e+04
1.173400000000000000e+04
1.224400000000000000e+04
1.175900000000000000e+04
1.235700000000000000e+04
1.167100000000000000e+04
1.192800000000000000e+04
1.183300000000000000e+04
1.163200000000000000e+04
1.166300000000000000e+04
1.156400000000000000e+04
1.151100000000000000e+04
1.213700000000000000e+04
1.152700000000000000e+04
1.195500000000000000e+04
1.222100000000000000e+04
1.254800000000000000e+04
1.206200000000000000e+04
1.212500000000000000e+04
1.218100000000000000e+04
1.217600000000000000e+04
1.181700000000000000e+04
1.183700000000000000e+04
1.241700000000000000e+04
1.258400000000000000e+04
1.256600000000000000e+04
1.155800000000000000e+04
1.169500000000000000e+04
1.195800000000000000e+04
1.167900000000000000e+04
1.203400000000000000e+04
1.201200000000000000e+04
1.154100000000000000e+04
1.173700000000000000e+04
1.145600000000000000e+04
1.245000000000000000e+04
1.218900000000000000e+04
1.170800000000000000e+04
1.182800000000000000e+04
1.176900000000000000e+04
1.176000000000000000e+04
1.145100000000000000e+04
1.245100000000000000e+04
1.181000000000000000e+04
1.170400000000000000e+04
1.186600000000000000e+04
1.179800000000000000e+04
1.166200000000000000e+04
1.162400000000000000e+04
1.170300000000000000e+04
1.186300000000000000e+04
1.147000000000000000e+04
1.190100000000000000e+04
1.193700000000000000e+04
1.219200000000000000e+04
1.200000000000000000e+04
1.203000000000000000e+04
1.175200000000000000e+04
1.182700000000000000e+04
1.198500000000000000e+04
1.165100000000000000e+04
1.182600000000000000e+04
1.201700000000000000e+04
1.185300000000000000e+04
1.188100000000000000e+04
1.173500000000000000e+04
