4.815903514291481891e-01
6.843675757254779057e-01
-1.230110499114017042e+00
3.356445077090608464e-01
-1.264019272256017068e+00
2.447009687659242871e-01
-1.536896037697443873e+00
-1.216567965709254739e+00
-1.446072913596823994e+00
1.660680166009704806e+00
1.666868934627771637e+00
-1.829894496705256834e+00
1.376251492197077653e+00
6.137319174292965585e-01
-6.679651045983199253e-01
-9.955918819917286555e-02
4.121966365164233537e-01
-1.205909065201412389e+00
1.346399906559280879e+00
-5.568645739743169898e-01
-1.836365224560738696e+00
2.231323907971808573e+00
-6.018999311356250104e-01
-2.435024889894534361e+00
8.178887802901257942e-01
5.602864916688883312e-01
3.998937901935839534e-01
5.204833537868029936e-01
-8.661817612308810865e-01
-6.551511895500432558e-01
-2.252254563344759486e+00
-1.160530882847190526e-01
-9.593103032950232034e-01
-9.608518124299960661e-01
-1.075213978269437654e+00
-1.361061929177749263e+00
2.139387258802216252e+00
-1.848658226281731931e+00
-6.623672076576943013e-01
6.565437270180858320e-01
-2.421105077117693405e+00
-1.076439814443030940e-01
1.676045002979172693e+00
-1.020757369877081100e+00
-7.235144761520668766e-01
-1.408342387864279122e+00
9.100409827904361038e-01
-1.475829828658428156e+00
-1.571486052045939275e+00
-5.623803471232511342e-01
-4.298604080604730981e-01
7.323345221648853709e-01
-1.226121533389564533e+00
-1.236736020080504872e+00
-1.436346150650336106e+00
-1.265043108345107470e-01
-2.029356491290670306e-01
7.327207414852736633e-01
-6.906755840919309719e-02
-1.604744589617359551e-01
-4.354177435729020829e-01
-2.528103724083292647e-01
-8.042834076089224737e-01
-9.601900374179965780e-01
-1.937770163458365502e-01
8.714802936319019366e-01
-1.887212655110848569e+00
-1.147394524650655612e-01
-1.205090705020190001e+00
1.314520932986419588e+00
-1.057433191031973863e+00
3.541219368075365637e-01
-4.225897355130134869e-01
1.566050376123541810e+00
2.154777298160183818e+00
-3.506808127312366352e-01
8.725138336751747659e-02
6.611735666942619716e-01
-3.841725330520473491e-01
1.707494210061824447e+00
1.784700955805105238e+00
7.286390715596517964e-01
4.494672069138783144e-02
-1.755645993535558169e+00
-1.349156516009728524e+00
-1.526329559538713188e+00
1.376381176208880674e-01
-1.823295999824317448e+00
1.427032158547794083e+00
-7.852309017792080681e-02
-6.743662564502530543e-01
-2.242419125371108990e+00
-3.410190209991252885e-01
8.412875052027928291e-01
8.319334680108632085e-01
2.500846671985925695e+00
-1.426370593178748258e+00
-6.595079164292503293e-01
7.107253058040772231e-01
1.096714787268143532e+00
-5.325559477455179547e-01
-1.259926722732008564e+00
-1.730269273836299249e+00
-7.880031222729924067e-01
1.300442551449085826e+00
1.218907249511578250e+00
5.749155459729120565e-01
9.177171086190005767e-01
9.027377579966824328e-01
6.603042866189667848e-01
-5.482727337381234634e-01
-1.300501086680855956e+00
-2.669392166074562311e-01
-6.848804982375318318e-01
-7.149493680765308667e-01
9.712821458261338137e-01
-3.661997749352874365e-02
-2.422091270831678855e-01
-4.542817600816535517e-01
2.771044922347414285e-01
-6.808716675882688918e-01
1.239783950656191180e+00
-2.195615757804366908e+00
-9.813393981635050167e-01
-1.699748095169524742e+00
1.879396578340116974e+00
1.408581559152466411e+00
-2.725758196167406666e+00
-6.168636481822407092e-01
7.378926497030535714e-01
2.834970743035967189e-01
-2.714026984509985141e+00
-1.637560837011697856e+00
2.622463784277789145e+00
-1.726516134257343182e-01
3.136397884912298650e-01
4.297350506523711644e-01
1.401398325585535787e+00
2.861952759251700229e-01
-2.233300366036167439e+00
-5.333345481760503048e-01
1.179834180329903504e+00
1.414818321336662521e+00
-5.744664509434480593e-01
-1.919144850086187404e-01
1.232348226138292091e+00
-9.940889293558887729e-01
5.908379354561521524e-01
9.798526053176050965e-01
1.988201363352537498e-01
-1.734441172046405910e+00
2.735927516657131520e+00
3.925252064052120460e-01
-1.250265923766580300e+00
1.179929164816639897e-01
2.059673920950348958e-01
1.020559363360577620e+00
-1.069818282107358076e+00
-5.336835053429487274e-01
-1.186366981753966598e+00
-1.466606878956647542e+00
1.056168046409620587e+00
9.164519616840136607e-01
8.682561174194933784e-01
4.525579920153450786e-01
-5.224232308932119651e-02
-1.845201053436966276e+00
2.656724556794465286e-01
8.361765487502221816e-01
-1.762245009617879887e+00
2.099643992229214717e+00
-1.019300757768197840e-01
-9.366696947079331537e-01
1.332841565423836805e+00
-1.789703666065836529e+00
1.608850913515205150e-01
1.214302279910723037e+00
7.989561127256195050e-02
2.932058377619934930e-01
1.014536828355946163e+00
1.373690450786670958e+00
1.528612076419515020e+00
1.167483239816994534e+00
-1.884347847278107224e+00
-1.577179936333567234e+00
8.824924567375180828e-02
3.077536453373719283e-01
1.535325360991981469e-01
1.704839669329230034e-01
-1.839239306820940723e+00
1.747068447182594575e+00
1.449711302476961450e+00
-1.055565622408755733e+00
-2.797132576785905655e-01
2.095478827650241627e+00
-1.997355101634686214e+00
-1.155676567561359391e+00
-6.104778038199478729e-01
5.036879557770053140e-01
-4.178805068151296709e-01
4.411826602543360565e-01
-7.423396935665813601e-01
2.556301532197222670e-01
-3.472422136982551422e-01
4.258210443933254652e-01
4.721315768787901490e-01
-4.720238191946464212e-01
-1.278221992069743518e+00
-1.513627939246945608e+00
-1.935254188275066234e+00
-2.936645071301748899e-01
1.907233722225020855e+00
-9.520913667161234883e-02
1.221752531009043352e+00
1.391418315008854378e+00
2.860819878614030642e+00
-1.579708277884647849e+00
9.111436873064535646e-01
-1.603926405999914984e+00
-2.152774862801511535e+00
9.296621137964669046e-01
1.537442435489424497e-01
1.348770001193320134e+00
8.564118148597321678e-01
6.090673586502060033e-01
-1.095543364832392896e+00
-1.579406175482043206e+00
2.231442186026376007e+00
-3.244309751829934640e-01
7.886197974643849307e-01
-2.631227141140541903e+00
8.155804358580560631e-01
6.199090011778620735e-01
-3.534241079315121326e-01
1.945713009730073217e+00
-8.189787520020566092e-01
1.247595724458695265e+00
5.515841337774238795e-01
-5.966118797304158505e-01
-4.588655418559124399e-01
-7.287587401076818239e-01
8.230672603723920844e-02
-7.916851020080191148e-01
-7.277911278622930524e-01
6.113663384629743902e-01
-1.769157865498412363e+00
2.029829570758190371e-01
-2.275699037379501188e+00
-4.098258234527332178e-01
1.130396098455445753e+00
-3.499194093437960618e-01
-2.614175092625785624e-01
9.396079498793969975e-01
-1.056378983345358957e+00
-2.666851077903462652e-01
-1.018859545746428896e+00
-7.986613162548037437e-01
1.822838947335059245e-01
-1.567049015954304902e+00
2.182143690303250949e-01
-8.628006281814837308e-02
-1.712959724798273520e+00
3.287046499079000483e-01
2.939340060607387173e-01
-9.300406675218404473e-01
-1.484209471138822067e-01
-1.582305780436092935e+00
8.298103337030360294e-01
8.987991035509619309e-01
-9.483375942508249778e-01
-8.779256384072011699e-01
1.535507054376171965e+00
-1.951538136968844483e+00
1.486868600735524737e-01
2.004245360989431290e+00
-1.559101210644604496e+00
-2.565986657378559244e+00
-2.200499533132525443e+00
6.369204171268467718e-01
-2.166548517513261274e+00
1.646109457648004870e+00
5.638511382224651314e-01
-1.103874687949203626e+00
-5.261854730467518948e-02
-6.000452764591086563e-01
-3.881734606137943189e-02
1.084200648917937215e+00
-4.311574823011996571e-01
-3.481115893833734987e-01
8.590039888333080853e-01
2.832367760906526755e-01
-1.141636821233419141e+00
2.046589178936790709e+00
3.806882174824721687e-03
2.499163476413640339e+00
2.568236352501425124e+00
-2.297664917048534150e-01
-2.953585112536245560e-01
-7.716534053280108552e-01
-1.190978988845104336e+00
-1.478636339665388988e+00
-1.508002900535719171e+00
-1.221643502971485606e+00
-9.662985406819828427e-01
2.202198611853054544e-01
-4.056368629292066430e-01
4.750899699918518237e-01
4.002092437049729057e-01
-1.787987405736621849e+00
-1.217680565386217495e+00
-3.497038940608412361e-01
-1.239558324600435579e+00
-1.730033478666774815e+00
4.625892721373903171e-01
9.308439177822300792e-01
-1.266001736558077795e-01
1.244334321780844022e+00
-6.380151043633164321e-01
1.642600760506585544e+00
8.912272861786352252e-01
-7.086812528165653546e-01
1.712140317644994525e+00
2.330433117727819692e+00
7.843428825089473477e-01
1.506334825501230767e+00
-2.293164048056044457e+00
1.516184261566175806e-01
-3.955466659303317201e-01
1.581095909933665666e+00
-1.574762980021897185e+00
-2.448212570146083067e+00
-8.355689065534646076e-01
-1.563261232132168388e+00
-2.594978563233111046e+00
-8.126985013040366468e-01
-5.762105033772817464e-01
-1.066237124987248208e-01
1.046392060705983340e+00
-2.620499912051375446e+00
-1.035230072359349052e+00
-1.948312885336865641e+00
1.451213776267814559e+00
3.378815671705162060e-01
5.340456511993689759e-01
2.335092749989355454e+00
1.238106588314034973e+00
-3.191213984957181893e-01
-3.159154464181668232e-02
6.081165084277202482e-01
-7.738582697085627515e-01
-1.128290205817359837e+00
2.198013221201398082e-01
-2.143052610686016379e+00
5.516735101146057474e-01
6.873744455528303376e-01
-1.655425954759979223e+00
-1.399430708654660016e+00
1.753227081140931176e+00
-8.413799811141462470e-01
-1.610919559352134378e+00
1.103461308774820182e-01
1.340618635098121736e+00
9.592489076861321351e-01
1.457860814685196793e+00
3.078856639795677808e+00
-1.172120571963847890e+00
1.152852749031718638e+00
2.447533874282932231e-01
-1.734683014141789048e+00
-1.776922300302469004e+00
9.024027599163888524e-01
1.774630493478285942e+00
-2.467259492289410883e+00
-1.801899546714583522e+00
-3.138352631512670854e-01
-3.692463463268857993e-01
3.987231703777602831e-01
-8.544743104129306488e-01
-8.372688015937139738e-01
1.882371623096861235e+00
1.309303292921558892e+00
-1.477043446182199737e+00
-1.774487684294158818e+00
-6.108048925817843866e-02
1.842267068385847750e+00
-2.511386616291446661e+00
-8.699281162661600675e-01
1.246333143980092650e+00
-1.414677715056083862e+00
-1.916462597643656007e+00
-1.616147502382005996e+00
9.044662950683157732e-01
6.569609462352152818e-01
1.529788715535927324e+00
-1.173958029564632355e+00
8.112935935375462648e-01
-1.311143757400766496e+00
4.216596465400623828e-01
-5.084702198902437686e-01
-2.262948495698541507e+00
1.566514145964461591e+00
7.980875551409667423e-01
-1.366022029452476971e+00
1.479488282907386321e+00
-8.530961392082394568e-01
1.722463031037735348e-01
-1.534636752361115963e+00
1.838434552685159318e+00
-2.476516941040189046e+00
-9.863498472680332085e-01
3.351090606356148527e-01
-3.150154362073775971e-01
-3.757934591679932268e-01
8.543410741584969159e-01
1.100019252920995783e+00
-2.054876680846611237e-01
-6.257930879011350811e-01
6.388599173453108904e-01
9.786116742710184724e-01
1.595527332572242329e+00
-1.466095612585808006e+00
7.837168351137417943e-01
-2.657692840535411882e+00
-1.451849788390435325e+00
3.239096459901418257e-01
-2.482268228763969908e+00
1.036740504232137816e+00
-1.033141019158528628e+00
5.384274537603737087e-01
-1.231814762327778645e+00
2.467006502364611720e+00
4.500828776784224772e-01
-1.226592989364618802e-01
1.271024393379365236e+00
7.109669393144049110e-01
1.842887669819843310e+00
-6.382669750385705498e-01
9.615538708894435516e-01
7.552325249559324050e-01
-1.047502084083282714e+00
-1.975306179770134563e+00
4.778405262546066012e-01
-5.816708175381668511e-01
-1.595756558978228767e+00
-1.807321333091536086e+00
9.809632980840898853e-01
2.776312620349450810e+00
-1.512264411924044261e+00
-1.572879583976637186e+00
-7.000864703551279433e-01
-1.915234081803109945e+00
-8.496724667640336293e-01
1.372050683268327909e+00
4.087988108109996688e-02
7.394407505780780099e-01
-2.010167984061315138e-01
5.516284679865446350e-01
-2.217046626889212391e+00
-1.240675035996735787e+00
-1.237010725018162560e+00
1.262643995278505571e+00
1.663314999407065287e+00
-7.925303832318633113e-01
-2.092149969206258397e+00
2.679176927346649251e+00
1.276442410058526100e+00
8.932088883664723866e-01
-5.329150305724050796e-01
6.189697074724378467e-01
-6.164687787405558339e-01
7.108094893094314415e-01
1.378926415318196597e+00
-3.493089004679648113e-01
-1.205222313419840763e+00
-7.838700896020256437e-02
-7.805511181174047408e-01
1.072393643286985387e+00
1.250423604204224048e+00
-2.419285332001239297e+00
-2.707593643697492336e+00
-2.663863445230942872e-01
-1.304266074331005498e+00
-2.002485792736878878e-01
-4.638464641059316662e-01
1.372147206207136705e+00
2.698202926455177675e-01
-1.637345594776287161e+00
1.734519730341588684e+00
-9.303216738207700232e-01
-1.018229555494211347e+00
-2.293983298553911698e+00
1.801456557846381479e+00
-1.686603614302750298e+00
1.634344709662905792e+00
-1.621044818343613247e+00
-1.567400307738536114e+00
-1.184370558294798315e-01
-1.430919288300926961e+00
-9.206823479234857999e-01
9.461898745855616966e-01
-2.084684304444555991e+00
-1.115969140163783901e+00
7.075646090963871870e-01
-9.986113500721778280e-01
2.072212446286433085e+00
1.560438769524030711e+00
1.948539734675872381e+00
5.724640907932094791e-01
1.627513426239653782e+00
5.965018563305246602e-01
8.315878134604517413e-01
9.791022875620392085e-01
-7.232770893276461166e-01
-2.461830062050867518e+00
-2.884246043587206376e+00
-1.840692430607146601e+00
-1.973196037233353461e+00
4.548279214113657432e-01
1.633018604045933131e+00
1.489366985010491362e+00
-9.674460957593016275e-01
9.824591153869146609e-01
-3.947167698481468534e-02
1.629057618256561035e+00
-2.580371480730550005e-01
-2.025378049692621030e+00
-3.808100134406542381e-01
-1.562176314520558051e-01
-1.832315416696363108e+00
-3.255493540760872051e-01
-3.128079465949147320e-01
1.902014581462838194e+00
-7.916357310248658408e-01
2.824140566477646885e+00
-1.523881039077743527e+00
-4.195471966981951795e-01
-1.239826402452735898e+00
7.463746574734697603e-01
2.815577766741661492e-01
-2.091111848747608803e-01
-6.817501351923400676e-01
-1.697407150448702051e+00
-5.981231619606850458e-01
2.304391954653198127e+00
2.107682321638337797e+00
-1.434654466796004613e+00
-2.118040415451130087e+00
1.512825277031087268e+00
-4.976131275692816658e-01
8.815073267406781099e-02
2.685989586392887318e-01
-1.057217805958456935e-01
1.753225638308638423e+00
5.817047378198347829e-01
-7.115766375060132987e-01
-2.152819580390297194e+00
1.569488285966837537e+00
4.010529535184765848e-01
2.937240592160090813e-01
-1.308997131001117253e-01
7.441497084299362186e-01
2.387316387367320658e+00
-1.647582053141513736e+00
-8.798022983564077748e-01
-6.874781963666425355e-01
-1.907038309085065997e+00
-1.605646758329309254e+00
-2.483275012783512370e+00
-3.851893400055690364e-01
1.081171839508004773e+00
-1.221813075133632687e+00
-6.690679961622070238e-01
-8.109119907651693993e-01
3.452242082965888414e-01
-1.578336658907759649e+00
-1.999845556266173219e-01
7.033985181976190049e-01
-3.028324386321461503e-01
-1.379888693369403896e+00
-5.374971774447576678e-01
1.829029517546776340e+00
5.432877630920485146e-01
2.634030839817633307e+00
2.339700588451592012e-01
-2.382351386127599113e+00
-3.861212693349962422e-01
1.329482173304368686e+00
1.009955825601601020e+00
-5.296737603392696059e-01
8.413857047723691807e-01
7.263161305541743218e-02
-1.321242346913854782e+00
8.916917142510341066e-01
2.445602853695644008e+00
-6.583223112670566479e-03
1.644969992676557524e+00
-6.251345342656815518e-01
6.297053974989443859e-01
1.220505242983796812e+00
-1.289488076412456774e+00
-9.242693245628199605e-01
-1.522439764070654178e+00
-2.255931226268597545e+00
-1.620704189440704379e+00
9.697338282545322485e-01
-4.488957855092623461e-01
1.514833311314944808e-02
1.169095941060326993e+00
1.172885769992115357e+00
1.892426246729815631e+00
9.135809515153194837e-01
2.178615799752751769e+00
-5.327621309316619147e-01
-1.668558348405344116e+00
9.183536750439262875e-01
-1.892301001563057028e+00
7.145590069968061897e-01
1.025220504812818234e-02
-5.532682840735763108e-01
-8.533795879253700534e-01
5.934759006110148505e-01
-1.106965761302075357e+00
2.176557235348379749e-01
3.226001406555569773e-01
1.945360483598425283e+00
-1.755779978399747421e-01
-2.774701727013608732e-01
-2.962857109539305256e-01
-6.568621850932698791e-01
1.293661187741053098e+00
4.951066320359576167e-02
1.022863564275926507e-01
-1.770585501889916369e+00
1.320498734393503071e+00
7.661174486487851709e-01
-2.991451742661837443e+00
-2.101983359623922354e-01
-6.030587838183754101e-01
-5.617348627245828396e-01
2.642381860585855335e+00
1.627914664190790006e+00
-1.982827206371329254e-01
2.590546587225777131e-01
9.911061112639263371e-01
2.786713944522913877e-01
-6.893160828192623768e-01
-2.442785712933452924e+00
5.690464194336826154e-01
-9.885593439246092018e-01
-1.029347356862922336e+00
5.609937594693885643e-01
1.998244931235674926e+00
-1.016682831797428577e-01
-5.644371167730550809e-01
9.216590177488548363e-01
5.796729069428128156e-01
1.724637431195139570e-01
2.248790070122447915e+00
1.274385305265466783e+00
3.284747022137102235e-01
-2.109917675411603799e+00
1.202412133486761014e+00
9.310853418451534580e-01
-9.131782803553889494e-01
4.118590599638594085e-03
-1.505580504006386988e+00
-2.238901209667973458e+00
1.521870445735586941e-01
7.332243430435525511e-01
1.090035320493278448e+00
2.002362904536072463e+00
1.838741416510735860e+00
-1.354913060054290241e-01
7.088318274260902996e-01
2.164123367394347852e+00
-7.923180357412897834e-01
1.637407729831576120e+00
-1.978163316248251480e+00
-8.210611697244569740e-01
1.866742071467655251e-01
-9.622796167364171538e-01
7.260545518668184428e-01
2.413179251368243072e+00
-2.308106103283549260e-01
1.185333509528168960e+00
2.140407237170399490e+00
1.141457623737309746e+00
-1.567464504514243018e+00
-2.114087656521630443e+00
-3.750885395990302129e-01
-3.874597756017585937e-01
9.637623007253228735e-01
1.069743722675722708e+00
-1.293280216551728756e+00
8.041288919643330146e-01
-3.486554781389834545e-01
1.343979507005473195e+00
6.211854407960535340e-01
3.369880755452072663e-01
1.155783690981577294e+00
-1.937149619335611916e-01
9.913873853614720844e-01
2.911855289976274186e+00
2.096554331845714714e-01
3.233800959922339402e-01
1.976395070280881683e+00
1.736091748773742616e+00
-1.838461682862377877e+00
-3.519973845327131201e-01
-1.784970770287810371e+00
1.586680756057753605e+00
3.196849956524534520e-01
-1.031743310140065262e+00
-1.100744569816145546e+00
1.295652330147998299e+00
-8.975305140482845445e-01
-3.432523055022622671e-01
-9.630607023839825587e-01
4.889706253077363840e-01
1.459687461554562304e+00
-2.354897658245379333e+00
-9.460825818499793982e-01
1.912670132624629815e-01
-1.783898664864487227e+00
1.466304249406747751e+00
2.638794286811298129e+00
2.063439402478454809e+00
-4.056030040927227631e-01
4.457688148212621826e-01
-7.884142800341633617e-01
2.163274595824269397e+00
-6.669056799653407808e-01
1.610997934930955111e+00
-3.247976637398783950e-01
-1.474507204333770360e-01
-6.347666049974574065e-01
2.572456812459460451e-01
-5.923111269766012654e-01
5.952671340061543859e-01
2.005538555195514050e-01
-1.079064804211474993e+00
1.470434878372351761e+00
-1.066360669937859385e+00
-1.477557355134924144e+00
1.638107914267900256e+00
-6.407986493331305766e-01
-9.454979214681591415e-01
-2.065803055595653248e+00
1.275760899701014139e+00
-1.770056953888126117e-01
-1.081501960253603567e+00
1.113171793229408735e+00
2.446814830941436369e+00
1.564764116425097384e+00
1.370439876513946054e+00
-6.078193870971890789e-01
-1.333457898053564517e+00
-2.821449567655347046e+00
6.338691567528620396e-02
-3.374368716523417078e-01
8.596584509929625639e-01
-4.632886512310481208e-01
2.060639864810794641e+00
5.582223871982900931e-01
8.695585458459937911e-01
4.138332932209571879e-01
1.090478044190934526e-02
-1.495895174737732702e+00
1.584690924967865122e+00
2.757633377245944928e-01
4.351904749557373719e-01
-1.548283355708426345e+00
-6.759125027157688592e-01
-5.743440203479579509e-01
-9.007039296390555450e-01
-6.331122104809896456e-01
-1.184442379975159110e+00
5.238149849813300563e-01
-1.356160649830127518e+00
8.642260576714377862e-01
1.150492844498453238e+00
3.578387784275953720e-01
4.696227308396361266e-01
1.416594824837433819e-01
7.833691068254360346e-01
-5.714441789285800155e-01
-1.928525100360860112e+00
-8.422849233586990891e-01
-1.682300438308140578e+00
-1.700330273623991584e+00
-1.291056956931435629e+00
-2.175065127383747132e+00
-1.244130308660256201e+00
-7.762735306354713316e-01
-1.341116916123472169e+00
-1.696499063687850750e+00
-1.078542962234525504e-01
1.176527790782543548e+00
-2.609200876683008374e+00
-2.015903568391763656e-01
-2.212542098463501361e+00
9.499320529151997761e-01
-2.203459489324121723e+00
-5.016181475085046415e-01
2.299514640217834582e+00
1.783357213383233386e+00
1.639734351702997195e+00
-2.266713166315662775e+00
-7.121235666881551296e-01
-2.156235102576063767e+00
9.665241848885450793e-01
1.995250815916094211e-02
-8.945335986698834674e-01
-2.392042528484663588e+00
-5.959914898190561416e-01
-5.524801927360369902e-01
-4.703635109420956084e-01
1.021076859015178862e+00
-1.942467098669773851e+00
-2.296993595638703312e-01
-5.298176506086349491e-02
-1.084950828717166083e+00
-1.663629613284291597e+00
-4.840367107894287813e-01
1.889249757489429804e+00
-4.441527526763850986e-01
-1.727069256123839214e+00
-1.191652421897305025e+00
-8.982783358086150471e-01
1.589951569672791720e-01
-8.596085492968699171e-01
2.747903110359130707e+00
-9.241257324805953743e-01
2.177575711187779817e+00
6.568153528691773602e-01
-1.411739821560118902e+00
2.233454738072712331e+00
-1.841163813261259996e+00
-1.535691679428975220e+00
-2.257806179624058274e+00
-2.189956906304483475e+00
-3.272409171324870414e-01
2.041248748059931728e+00
-5.794529216221580015e-01
-1.941258193347814576e+00
-1.539849215001462657e+00
-4.944165192816925014e-01
1.538845869411566980e-01
4.916829509124642783e-01
-1.780801236647852726e+00
-6.388734488333183137e-01
2.223211354428391573e+00
8.485876112229640000e-01
-1.010816023113246143e+00
-8.355643947537991778e-01
3.026017264695211040e-01
1.547030607144312953e+00
1.164579471977668312e+00
4.991370569327591156e-01
1.364957616070929802e+00
1.289266178191268430e+00
2.213646222551854947e+00
-1.787396436699768554e+00
-1.828828641927438881e+00
-1.493951683400296382e+00
-1.373191988811370834e-01
-1.549021319145336140e+00
-1.285248766333085157e+00
-1.426868720129848445e+00
-1.288224240452343849e+00
-1.862897595336809875e+00
-4.237782882413032581e-02
1.607495972249112448e+00
-8.877146256834853588e-01
5.319013384511670495e-01
1.767903157167307171e+00
-1.569056633456893834e+00
-1.048469139632693281e+00
8.329029611813387746e-01
6.700015129065413078e-01
-9.834305105711020900e-01
5.984901402714317697e-01
1.581042309336433860e+00
1.272464845902641528e+00
9.967492422186552403e-02
5.489099362917269076e-01
6.183660658269936050e-01
8.258583684425024884e-01
-1.240644305806766212e-01
-1.083714456437232521e+00
8.435062213416966159e-01
1.994852328830302390e+00
3.507781989443419235e-01
-5.001426375328312801e-01
1.752446525752622719e+00
-5.488808120053443318e-01
-1.248221085855404588e+00
9.793365218088654345e-01
-8.051696948284998712e-01
1.041828975508041211e+00
-1.597289195404631990e+00
-7.273233381819821375e-01
-8.110016725615096789e-01
-5.333407750472343167e-01
1.465981617632050593e+00
-2.527974460441787308e+00
-7.110030515526419848e-01
1.099926621280873817e+00
5.804749050673674304e-01
6.523387662870749892e-01
3.178918785155744331e-01
3.675969694617116090e-01
2.656101636213730188e+00
-1.716959635859630851e+00
7.826878436547275442e-01
-4.242827197025169639e-01
-3.136116357151639278e-01
3.035703348920826272e-02
2.520252890456404771e+00
2.493933247069424652e+00
1.932588626206257487e+00
5.352210618756156890e-01
-2.008857178781531250e+00
7.432241812597242259e-01
-1.958080350131189640e+00
1.600827141220879213e+00
-5.654963330646287645e-01
2.736603849497825536e+00
1.321077792181117871e-01
2.721922876912579170e-01
-3.859097107453557385e-02
-9.461674746876642672e-01
-6.716377616106896653e-01
-2.061962153072270709e+00
6.448743840719632914e-01
9.439946503196514627e-01
-2.250411974708566021e+00
1.690558338142906791e-01
-2.538254405546869208e-02
-1.925335141166581998e+00
-9.554698693174330515e-01
1.455304443940748094e+00
-1.196679091146906071e+00
1.615247462817077206e+00
-1.280891676497300402e+00
4.993284608764909649e-01
-2.064226869190348701e+00
1.365509011578557974e+00
-4.259090763325517059e-01
3.946750889593992895e-01
-5.236216637463320112e-01
-2.392875907900195998e-01
-1.639640978381726288e+00
6.622714974211749706e-01
-1.109403794501549356e+00
-1.988456398205460385e+00
1.683019736379039344e+00
2.125476085516092795e+00
-2.492858783875500084e+00
-5.957807351788710903e-01
1.993000420241530790e+00
3.121128055370103738e-01
-4.292563297745113360e-01
5.099312936133379992e-01
-8.133878291124094773e-01
-6.568624226208834571e-01
-1.858430391892830436e+00
2.465479912937773577e-02
2.295306763648312653e+00
3.982510698796071225e-01
2.140692214482592171e+00
-5.772396507649553143e-01
2.635556931194038555e-01
1.193986011111489276e+00
1.457453796164739579e+00
1.160454333788830894e+00
-1.838836637555598674e+00
2.715069592522370456e+00
9.999639854907016456e-01
1.859865725464732833e+00
2.336492157010638948e-02
-3.657298072023955626e-01
-1.491267799733133614e-01
-1.145936596968177845e+00
1.487410342935508112e+00
-1.643873069779481000e+00
1.994466269129757663e+00
-1.092242298995346861e+00
2.371181067469137815e+00
-2.582524870700627417e+00
7.621591255343016513e-01
6.700561377705183119e-01
-6.347259716071729230e-02
-8.116832038067780530e-01
-1.483266324531624658e+00
2.362324535677987392e+00
-3.165533900261934264e-01
3.789959865950054407e-01
2.250162670984924063e+00
-9.674044394883178910e-01
-2.001814033308524365e+00
-3.573011935487055979e-01
8.723042168148182895e-01
2.353842111477342236e+00
7.257844648022242495e-01
8.912921773569575379e-01
2.593502963202256595e-01
-1.074737248823129931e+00
1.725225666822978177e+00
1.378434311537393597e+00
-1.512776295953231376e+00
1.707897887941065562e+00
-1.030537513906288893e-01
-2.492275123599442921e+00
4.463074284329850983e-01
1.306848264437441287e-01
-4.699427771050181946e-01
8.083997908724285253e-01
7.919935178937098641e-02
-5.993905237806638198e-01
3.072329539050233649e-01
-3.152693215325799159e-01
-2.246456859360205449e+00
-1.689461363679790828e+00
9.261310620017244588e-01
-1.980726320066668045e+00
-1.564436022770840040e+00
6.619735623480220710e-01
9.880746328639862242e-01
-2.323697166433120742e-01
9.806480064437010924e-01
1.142204932562056463e+00
-5.526402056053090206e-01
2.584586707524394456e-02
-1.933735216838261550e-02
2.478899684022239924e-01
-6.594345948305928573e-01
1.176520694103626141e+00
1.258642403597769466e+00
-1.307823646007814755e+00
8.301133918200118700e-01
-3.057980876801593695e-01
-7.270047730100923644e-01
6.360763579502313192e-01
-4.543282151797463086e-01
2.836749930786996998e-02
-6.348930431306882838e-01
-9.461681888921615879e-01
-1.260248164442486107e+00
-2.561946271687007837e-01
-4.522649053878406988e-01
-3.635865158206241787e-01
3.360514508655700894e-01
-3.362912393768171526e-01
-1.559432128059006217e+00
1.702799358764498727e+00
-1.111173877952650102e+00
1.136705211629640999e+00
-3.095225916684256617e-01
1.779137820733570408e+00
1.797766202990422890e+00
5.732888032549334767e-01
-1.805538952889831350e-01
-2.079131304169354877e-01
1.409082326424666576e-01
-6.440798807550631722e-01
-8.535943190594785790e-01
7.730879865123867489e-01
6.248933284094349005e-01
1.597510195250622544e+00
6.077806519478397007e-01
-1.372655269415700818e+00
3.518454395301775506e-01
1.307356938186438278e+00
-4.444764463504853325e-01
2.569780436553870118e-03
-8.833529504311012914e-01
-1.641123362647908479e+00
7.769742178638026076e-01
-5.216500595149824449e-01
1.910203591877949414e+00
-2.550502618402283872e-02
-1.824053375523524423e-01
5.662941043939699881e-01
-1.186783172098056838e+00
-5.274347569686961279e-01
9.846159732519321750e-02
2.078103522019265625e+00
-1.341193432784375528e+00
-1.282227031966094444e-01
2.289114308016017674e+00
6.556972550368467267e-01
-1.113230988253489429e+00
-8.563434271363048467e-01
-1.216880650008926423e+00
9.945909416322029628e-01
-4.273992762491518604e-01
1.134251541634369254e+00
-2.817276838702467145e-01
1.179581718465126272e+00
-1.344746285472949054e+00
9.252283349353538355e-01
-5.635042286581271043e-02
-3.468843847730829211e-01
1.268413517512916755e+00
1.472678770286872663e-01
5.063982536074682628e-01
1.878013787642228039e+00
-7.217997018011637067e-01
-1.524149586522352440e+00
2.579766562628165616e+00
-1.589966990248136369e+00
-1.409697460279683678e+00
1.365319420297890218e-01
1.969612411867327495e-01
-2.673405116342864041e+00
1.595842910022193806e+00
-2.119261966697911337e+00
-1.798980771661757405e+00
-1.024816793563263939e+00
-6.398884290279829301e-01
1.902974747823572343e+00
-9.708905970813344055e-01
-5.798906110895227783e-01
1.662749111389789647e+00
1.273275364466286419e-01
9.252584071836782442e-01
-1.003008887151220385e+00
-1.006521798210080476e-02
1.903370302597663155e+00
2.112963719535851936e-01
-7.381829503555632499e-01
-1.620468115054753522e+00
1.445531699510334001e+00
-1.478758772297546376e+00
3.060477052441701318e-02
1.243837672626789015e+00
1.120923394501196491e+00
-4.045877988639823286e-02
-1.416124284298687641e+00
3.425496997011254763e-01
1.134423572510531386e+00
1.461112296267107702e+00
2.412581669953812735e+00
8.821318974617913256e-01
1.343735056998392352e+00
1.381086008389456055e+00
-1.659867289253961431e+00
-1.344519848612199198e+00
-5.958786784225118538e-01
2.000694355826068360e+00
-7.417194665430351108e-01
1.291476481971325363e+00
-2.296932190705689880e+00
1.078347223798655108e+00
1.543630996700759539e+00
2.183247947461058658e+00
7.282313238147004597e-01
-1.114703274951909240e+00
-5.165146339896864447e-01
-1.425764017240979342e+00
7.964479270117870158e-01
-1.998714869066804400e+00
1.937883498470478472e+00
1.491854758639519218e-01
-8.872230915900889414e-01
9.439459002431869195e-01
8.551679939724374790e-01
2.188559693322353894e-01
9.975864649079646540e-01
-1.245211726314229495e+00
-1.863154391842574142e-01
-2.679097617548539034e+00
-5.709738908925423573e-01
2.018947102441419617e-01
1.287394202683200817e-01
-8.978674708597536025e-01
-3.245425184691814735e-01
-1.613060491459259005e+00
-1.810874841724899209e+00
-1.379443290435023783e+00
-2.980967024674097132e-01
-1.079686959942748103e+00
2.172723341301540323e+00
-6.644191996955006729e-01
6.190742122947767712e-02
-2.038341346804645848e+00
9.568800139531665749e-01
2.809350772370331484e-01
2.511668390729351330e-01
-1.870550369445087568e+00
-2.443756430401142765e+00
2.150747557076655880e+00
-1.387045911513351548e+00
-2.012242941360333326e+00
1.551339493615059517e+00
4.092572726590359977e-01
2.298201667596586617e-01
1.383539322637838964e+00
6.103364783977172081e-01
2.079313118194816568e-01
5.095285794122794698e-01
2.571175651812049878e+00
-3.065162347593819447e-02
-1.573970151662571926e+00
1.178880788210783237e+00
-2.465670594788152314e+00
9.639503089129677349e-01
1.691235063469793687e+00
-2.809475855967464852e-01
5.280193968195865395e-01
9.867424019950110647e-01
-4.027761232502182764e-01
1.024707584192514176e+00
1.276470385379515626e+00
1.962155120755063820e+00
-1.020525375241472243e+00
2.600714579133112991e+00
4.159179645899797606e-01
6.033762946912357705e-01
-1.983198658031913197e+00
-1.206244605090272870e+00
4.959381516699599146e-01
1.762253156709218338e+00
1.431316577379948995e+00
1.917431907344775865e+00
1.656686618591907134e-01
9.254468252775449599e-02
-1.432614838631629972e+00
-4.994107599730046587e-02
-8.645388214190132814e-01
1.948003984702193492e-01
-2.513663036241706727e+00
2.797032508034591913e+00
-9.089267753516647730e-01
6.350720156876610289e-01
-1.101580174219469299e+00
1.534380792803227145e+00
6.718915164071015411e-01
-1.841007085787147446e-01
-2.064307335814374866e-01
-2.391702477096580015e+00
1.237264525447274721e+00
7.459895302656880389e-01
2.060811295771730833e+00
2.702030502521073352e+00
9.802958250613080793e-02
-5.828318650467512185e-01
1.105712222394656052e+00
-9.547421842058687602e-01
2.341391096345403433e+00
6.373685894989904455e-01
-1.584147839972121830e+00
9.951716410548634428e-01
-5.122249848749937939e-01
5.999146160212305290e-01
-1.391455690870114559e+00
-2.253611697323621321e+00
1.629544184053877132e+00
-1.971333196970146417e-01
-1.216214138553459723e+00
-2.577859060253508083e+00
2.064368350462329360e+00
-1.136903784507463655e-01
2.255505812570297586e+00
6.596318470423607749e-01
-1.804609608308408220e+00
8.994700978172787131e-01
-2.225754792653887648e+00
-2.299799420242246484e+00
1.094628142506662627e+00
-2.076038348768811659e-01
-9.056884859051361758e-02
-8.914729124167761753e-01
-1.501089015256527048e-01
-8.985052859780306989e-01
3.329699436658977163e-01
-1.432940125662982567e-01
4.150935571795812962e-01
-8.056791552796784828e-01
-8.376315273353567292e-01
4.443886782548709391e-01
1.308248375301995559e+00
5.745574899298766525e-02
-7.555083991324753612e-01
4.053958537944595264e-01
1.328136692493941950e+00
-6.385716121101969733e-01
-6.984622444384855910e-01
2.005713060485670773e+00
1.737474559197816681e+00
-6.902777214643176507e-01
7.039494838192439374e-04
-5.973864370810835212e-01
1.066319817797478642e+00
-2.483127329302181607e-01
1.404552977462207863e+00
-6.385554869966458824e-01
-2.144399547326946376e+00
1.039635767383658482e+00
-1.697180503633430870e+00
1.861511426296447169e+00
2.431653352452229910e+00
-1.765817899205068375e+00
1.919004339738509479e+00
-1.269997361849072526e+00
-3.116564723245751622e-02
2.898391398825497234e-01
1.520420583464192177e+00
-9.064476234514593500e-01
-2.073869032581053595e+00
2.494587886449524561e+00
5.664229433091350074e-01
-1.400850631138276015e+00
-2.312687463435000090e+00
1.172922000044702706e+00
-8.906140473845045591e-01
-8.562473817371811791e-01
-1.220583807600423842e+00
-1.121354065103851827e+00
2.017569491751077138e+00
4.081435114064921876e-01
9.212150224509816354e-01
1.180160037254564642e+00
1.994054573168670963e+00
1.253873060765098302e-01
1.530193670830739094e+00
6.927832493420797988e-01
1.735814005184170838e+00
5.289316346889449960e-03
-9.738067647340580280e-01
-1.754310545895602758e+00
-1.972762439060691264e+00
-2.351929050437443713e+00
-1.712726703469105161e-01
-8.410532400757126936e-01
2.163680121332878237e+00
7.832107764454949717e-01
-1.333325135641332260e+00
-1.776164381731024644e+00
9.418889855753675988e-02
1.282077358648123777e-01
-1.973174271984770023e+00
-1.423349811039446244e+00
-6.843545149611696132e-02
1.266467575445534344e+00
-3.731836383700350979e-01
2.721314342450417811e+00
-2.081332955704444210e+00
1.297662955505818339e+00
-1.695911418859302522e+00
7.726970140812809973e-01
9.196158005938315227e-03
2.586985138358045333e+00
4.279786757540415820e-01
-1.289798396789556545e+00
1.967416282937555216e+00
-1.278115756683912529e+00
6.441870154972173523e-01
-1.304694814802372704e+00
1.136867065129136378e+00
1.954779837191260583e-01
1.024673616306309043e+00
1.448123992747518685e+00
-4.201969304196184751e-01
3.125187898086441152e-01
-1.766632917266612424e+00
7.418378990967013920e-01
-5.863095449140587334e-02
-2.241628908169381873e+00
1.419807111836817626e+00
-1.302003640379862937e+00
1.640706226845076721e+00
4.667842138555302611e-01
1.505742086414192826e+00
-4.433424930418095045e-02
1.538506912926976611e+00
7.268322663725665933e-01
1.717165199482401761e+00
8.716217435354334242e-02
1.897785441078134738e+00
-2.272912750915490054e+00
2.413435970742341397e+00
2.511519468142820344e+00
-6.289796315800035842e-01
-2.119618264922404904e-01
-3.256188968476596557e-01
-2.560390941211224458e+00
-1.895455236078647410e+00
-8.986548661964484097e-01
-1.006233649658914597e+00
-2.757523385497349100e+00
1.229769187054230883e+00
-1.897498167869949626e+00
-6.070927212589989352e-01
-1.115615148131393397e+00
2.522863070363264626e+00
8.626747051752126083e-01
-1.644846331711984355e+00
6.534432107061132200e-01
2.464294485096707454e+00
3.488963176755808249e-01
1.200235460449745162e+00
1.484076760866588351e+00
1.925544145509137550e+00
-1.390135720732630364e+00
1.081362533351294175e+00
-8.404948213598881779e-01
-7.630873883086231046e-01
-1.148589629242753318e-01
1.556903398710735686e+00
2.158839830570259188e+00
-6.693856239951241349e-01
-1.540011497016156028e-01
1.669948629146911223e+00
-2.424848688275783815e+00
1.330783763835553302e+00
-7.208548298863890480e-01
-1.268447032140109787e+00
8.234078807357789742e-01
1.737560990873932454e+00
5.526054578507260118e-01
1.688887097491602596e+00
1.194022939085082946e+00
2.346247682686160907e+00
7.311335733960948602e-01
-4.210914225155448776e-01
-1.567265854239230372e+00
4.884391002644346003e-01
-1.312632992056733450e+00
-1.677605796599098475e+00
1.123213524541396779e+00
2.537124771934662348e-01
-2.106277660239276983e+00
-1.144186127893699556e+00
-4.420250321444818553e-02
1.231621825290726946e+00
1.739094109145343126e+00
-7.739331534058022655e-01
1.075688935925431799e+00
1.329558642953497127e+00
1.450733292003580921e+00
1.015203170157841228e-01
1.071186412909082009e-01
2.029856434499009765e+00
-1.500106296585855148e+00
-2.755467595496456923e-01
-1.234404495840190741e+00
6.424868930414380230e-01
1.982638360266546940e+00
7.843314402316750034e-01
9.127140024322768497e-01
-1.333206339006285823e+00
4.628776845324846789e-01
7.623548824599009066e-01
2.526533061737019636e-01
1.179959995255039473e+00
-1.552666918088865255e+00
-1.685416847260575501e+00
-2.762584490101789303e+00
-1.464221185489892108e+00
-1.068160283821558920e+00
-1.246399931348705081e-01
2.084201209552657197e+00
-6.567570397490731793e-01
-7.792511596157520870e-01
-2.369814779587988696e-01
7.163244252661904454e-01
1.845166995363411999e+00
3.906599692837176008e-01
2.684060250463593533e-01
4.819685409466174519e-01
-1.423218588026518461e+00
-1.021338126569011351e-01
-1.606537529944839449e+00
1.615304819231359268e+00
-3.649964203435995813e-02
1.445121157372785348e+00
1.449737353488091962e+00
2.512129797373452433e-01
-4.230994055827004274e-01
-7.103141818990748035e-01
-3.044527781952997003e-01
1.278234739929926533e-01
-1.333633939203717755e+00
1.564548096825451040e-01
-1.804235885425256036e+00
-9.070292588567729908e-01
-3.555260360880065917e-01
-1.073754330561917936e+00
9.153125469472902509e-01
-1.798192703190348851e-01
-1.728304427866256709e+00
-1.043795607135170833e+00
-1.002820110382604657e+00
1.693616825480503962e+00
1.206523931169987129e+00
1.253573191293686051e+00
-1.164391286802231029e+00
-8.973386085800605372e-01
2.841746710433667999e-02
9.009527461491195766e-02
-1.342094743321467831e+00
2.208625090285476489e-01
-1.894735615982948929e+00
2.841893225292757563e-01
-1.544639135896908044e+00
5.031786164335425582e-01
-7.603760090106437275e-01
1.319837557664117256e+00
4.772459433057516520e-01
6.553004334380805318e-01
2.389739373451638116e-01
-5.456566472922164124e-01
1.449770601349644750e+00
1.571950296201811703e+00
1.358745302501953134e+00
2.469139521944345717e-01
1.212074566639960160e+00
-9.089232164333864716e-01
-2.484490555839249382e-01
7.012727021084819157e-01
-4.753696668438909256e-01
4.343362698655495180e-01
7.112031175455868492e-02
6.176892411836636398e-01
1.718290431796519968e+00
-6.678409904139588349e-01
1.079315105726528223e+00
-6.555081308579193689e-01
3.044899905731526246e-01
-1.341499806365007430e+00
2.028940116312836217e+00
-5.159661357346321253e-01
-6.330981457180424599e-01
5.637426872994879545e-01
6.469674389909219059e-01
9.541489671363425629e-01
-1.471781493521810091e+00
-1.614736933307444389e+00
2.935633905253737908e+00
-1.551384159858415934e+00
-7.845984660697347124e-01
1.571653230767369180e-01
4.875669792371581934e-01
-1.008974872259429389e-01
-9.504186308694553276e-01
2.229405331347329877e+00
-1.486979620429493831e+00
5.809878421876435439e-01
1.030858938656749046e+00
2.095817971639373667e+00
-6.206950476906314407e-02
-4.529613795074585170e-01
2.142414456727602001e+00
1.106353501224637270e+00
1.005442704156305211e-01
2.218543787562667013e+00
5.604395719917292240e-01
-2.749633199393217708e-01
-1.437731833043682350e+00
-1.851030513771723118e+00
-9.248240746099325449e-01
-6.332735369698223593e-01
-1.944394003802529802e+00
-6.011875872923786446e-01
-1.003604333071432819e-01
-2.077275050702394044e+00
1.329793279035540010e+00
-1.103116721842875680e+00
-5.701701902950153666e-01
-8.813992550520985958e-01
3.099805845709644458e-01
-1.929620459550648981e+00
-1.803327331631145114e+00
-9.782442260476509333e-01
2.064466808204548087e+00
-1.964883784050603488e+00
3.787890905170918643e-01
6.106484634375544118e-01
-1.020096917071015241e+00
-2.293759730366540239e+00
-8.706455457418460497e-02
1.318025844618587961e+00
1.930287796842529602e+00
-5.066099777563515261e-01
3.964536446683748494e-01
-1.171077370090136682e-01
-7.859581522660903374e-01
-1.163954987676704356e+00
1.769044321688398647e+00
-1.027079717478964760e+00
3.912874259795664500e-01
1.850949380302324698e+00
1.390982603276786911e+00
-2.923280323651002988e-01
-1.658876783217106521e+00
1.419681560124014474e+00
-8.839570141367856237e-01
-1.085639681738310713e-01
-4.367392174639501690e-01
3.407060055542308064e-01
-1.774911340291554396e+00
-1.842932944447385868e+00
4.132850592857151284e-01
-9.524641051592528385e-01
-1.398325272280414922e+00
-1.554765431064152104e+00
6.195009830129993844e-01
1.188270416311835831e+00
-1.776849811154112224e+00
-2.256021839993662681e-01
1.339441121857366745e+00
-1.324299197373819403e+00
-1.786867097426158679e+00
-2.312573475951290369e+00
-3.791650049280539392e-01
1.197234025853441963e+00
3.069724195279217582e-01
1.686416107185811697e+00
-7.491896596133971187e-01
-1.986103030620967047e-03
-2.999123282945737046e-01
4.236089468610169106e-01
1.835280861403818520e-01
-7.156574473567260952e-01
-1.745949351328743848e+00
-8.707407146471721759e-01
2.702780057175612427e+00
-8.953449865722546974e-01
1.599203812875740205e+00
-5.878455806473024126e-01
6.721253999247256417e-01
-1.059480946897321196e+00
-1.177924673449826543e+00
-1.662345589753043917e+00
-1.630270163224368130e+00
1.215020946708444072e+00
-9.293933038389345924e-01
-5.530977137995840565e-02
1.012336341820669894e+00
1.866339550748409515e+00
-1.868910336517672910e+00
6.018806573765189682e-02
-8.225660791859636944e-01
1.772876362514365312e+00
-8.185780277826664175e-01
1.992407041215239261e+00
-2.585567656064321262e+00
1.771436169985086906e+00
-6.209811504505946544e-01
2.389671940393242267e+00
2.850172290338228720e-01
-5.841966604580548506e-01
-9.434190673775759706e-01
-2.744349248615298720e-01
-5.224299504830618446e-01
4.017639792305551794e-01
1.748605909365110733e+00
-1.833502469138403868e+00
-1.654063806365644762e+00
1.168031926177591551e+00
1.882019392292093585e-01
-1.133094258403896326e+00
-5.300433406986968521e-01
-2.023509701891013535e+00
1.127384313420776607e+00
-1.838543073985850818e+00
-3.591503072281891917e-01
-5.345628838536242711e-02
1.250412706910427829e+00
1.542842016418827455e+00
1.194287367888085427e+00
1.466325381672786143e+00
2.777592529930537069e-01
-1.519421913005412073e+00
1.129664740647537968e-01
4.912559984830160431e-01
3.512512651037189571e-01
5.557819055863273405e-01
-6.977275060949459373e-01
-1.203183742776752219e+00
-1.729928772051333219e+00
-2.140177678151262697e+00
2.630996624499673864e+00
5.658113346256392617e-01
-3.088930225747059666e-01
5.691495113361764169e-01
-1.755488319800835306e+00
-6.102722396336019983e-01
-9.676083528520331711e-01
1.195903271612905883e-01
-3.922602930505725283e-01
7.117494962922563673e-01
-2.092320333779262853e+00
2.104468289399790137e-01
-1.706324886452992740e+00
1.611971387460404692e+00
1.659706492212014162e+00
-1.641017894033233837e+00
-8.644241377909178681e-01
-1.832052289902087239e+00
-1.688545207222968969e-02
5.748550575599553625e-01
-2.906152834783970462e-01
-1.810140747820868867e+00
2.091044192968843696e+00
-1.757710203723211961e+00
-1.459011161535658907e+00
-7.738651665822313674e-01
2.264626506852474463e+00
2.339313551312933726e+00
5.437780647963554870e-01
-2.330099334012993850e-01
2.929897533731702808e+00
-1.799577983891769151e+00
3.864267120158721980e-01
-2.442581927297396760e+00
1.327495089084047564e+00
-4.187421258789418843e-01
1.207486011365389800e+00
1.619227944241833583e+00
2.084447062761754843e+00
-2.027011274929011453e+00
3.777071790752470903e-01
2.796016426475125272e-01
-1.337132776656347666e+00
4.746521168755446496e-01
3.132612146735542780e-01
-1.450031790326126391e+00
4.824749045686385074e-01
-6.969582924337283103e-01
2.352114117432218876e+00
2.100274597873994509e+00
-2.195990295622678445e+00
-8.349299229126216915e-02
2.595698333488902776e-01
9.712840573902061792e-01
2.156230092940387699e+00
-6.528039947620243311e-01
1.600520112282962870e+00
-7.609493955112558439e-01
-2.757664075873731413e+00
8.888964625904547390e-01
-1.280313712064212073e+00
1.171974547688683366e+00
1.108652774283181763e+00
-1.481517633724935390e+00
1.845580993996085439e+00
3.758596641873959143e-01
7.838203524048754645e-01
-7.522017101571618625e-01
1.034096508402971182e+00
-3.059011850380013442e-01
-6.237494785390111929e-01
3.331414798852385672e-01
-2.219396653763267668e+00
8.170344949826073844e-01
-1.255487092378853031e+00
-4.049689891102286055e-01
-1.034648535184187423e+00
1.186620456970377546e-02
1.755764458545209905e+00
1.260963296434178815e+00
1.227765021917001320e+00
1.135842036243987607e+00
9.921529353488969249e-01
-1.639212454850729195e+00
-2.742703624934539786e+00
-5.985439757623662871e-01
1.891279377581948751e+00
-1.234110478344452311e+00
1.122979777784427924e+00
1.798416589874438642e-01
-2.257953429475443752e+00
7.896048068634442529e-02
1.907331373972363409e+00
-2.322051598652015603e+00
-9.329986177252500568e-01
5.408853845270105154e-01
6.719705479698578898e-02
6.505188048863894679e-01
1.062646536798768082e+00
-1.293688303009592477e+00
5.739549842343114605e-01
-1.217861170663463444e+00
-9.573465895868071840e-02
1.141962074495720181e+00
-8.880098743247710757e-02
1.938343340169938145e+00
-1.380114844313231615e-01
8.527494510546782536e-01
-9.166390558323520565e-01
5.418069041524677942e-01
4.508022106801510276e-01
-2.207509181596725156e+00
-1.314483934364920614e-01
-9.185844839972698850e-01
1.367101227474966763e+00
-7.295158874764586798e-01
3.422042547424943848e-01
-6.660410905136107118e-01
2.932224243258731988e-01
2.106934564795617248e-01
-1.320783339327396888e+00
-1.060047211632735298e+00
5.619136618766384927e-01
-1.947144687334060542e+00
-6.969316450689300169e-01
-1.390612965019624170e-01
-2.133244544615753302e+00
-8.124792015183608385e-01
-6.609981667250286463e-01
-6.794586270223357261e-01
-4.661081083865967756e-01
7.099873245677397193e-01
-1.385729159130091315e+00
-5.370626693102531490e-01
2.797606224340292158e-01
-8.932737233257359577e-02
6.835644997253895738e-01
-1.664935735043693299e-01
-8.765728639279073420e-01
1.831731938335337873e+00
7.271121646750486889e-01
1.609891271998976414e+00
2.007648478689619154e+00
-1.175920972691631761e+00
-8.970511658088646811e-01
2.205437591267408237e+00
-1.695423959440241379e+00
-2.223015394499891606e+00
2.197707675542322825e+00
3.957062597629850131e-01
-4.435363963443181845e-01
-1.264267710793610888e+00
-1.440374012390964076e+00
-1.091299411870473079e+00
1.214590767673609406e+00
1.364593861397724872e+00
-5.835414988974934047e-01
7.222139299095076126e-02
3.472904709655999511e-02
-7.127008452423462259e-01
-1.275045297765814212e+00
-6.257297527159657591e-01
-7.240358080466986479e-01
1.577439352356915236e-01
-2.350840313916970903e+00
2.501800392749445656e+00
-2.968463760563357923e-01
-2.430658870959937268e+00
-5.089236470196816242e-01
-1.894398308869673642e-01
5.530907266502609332e-01
-2.096912247581359079e+00
-1.491208947474541802e+00
-4.524286868922091642e-01
3.352620073490051311e-01
-1.511509172278369117e+00
-2.004654737500857209e+00
6.896717058203858386e-01
-9.048559704842480400e-01
2.830634699114931152e-03
9.307545790699585098e-01
1.137492140538016727e+00
1.809200894615985433e+00
5.170197682803046035e-01
-1.431371815259735669e+00
-1.357439827275391586e+00
-1.704996766705306754e+00
-8.856674285934289514e-01
7.775392670260412586e-01
1.350828040362680227e+00
-7.080390719075646544e-01
-2.263408595650344690e+00
1.696208678723439611e+00
1.563796223085578418e-02
8.233304009017672342e-02
-5.548026180261578233e-01
-1.107758087370386058e+00
-3.673247299740367566e-01
-1.128981136045493106e+00
-2.396478872891284695e+00
9.750047726259758463e-01
2.171937567431962535e+00
-1.481995043105310828e-02
1.155744302183244976e+00
-7.185015945440396123e-01
-2.951406947338074183e+00
1.078181417954306553e+00
-2.147624143150932863e+00
2.386236063800852847e-01
1.119430015980200643e+00
6.828897316310733601e-02
-1.442186879217106643e+00
5.417926949979197104e-01
-1.787145519161091656e+00
-2.877252118281150128e+00
-1.394445291981807333e+00
5.727140420564680312e-01
-7.431948170968452061e-01
-2.650992084449969255e+00
-6.680585725352692350e-01
-1.790006704375954882e+00
-1.845612244878278574e-01
-1.194202960550346138e+00
-3.793549243136773441e-02
-8.986636808182657532e-01
-2.376450493821060661e-01
-6.215433980456213092e-01
2.701427266885694678e+00
-2.084622161011959740e+00
1.101312755204236993e+00
-1.326584310918779597e+00
-1.469635509467072332e+00
-5.302559576802696739e-01
-8.541070727507964477e-01
-7.372354250100627837e-01
-6.074151711029163181e-02
-1.333929752297486448e+00
3.028071655024415776e-01
1.459575141949729371e+00
2.098520310060871807e+00
-1.785454907603829078e+00
1.139312545982739344e+00
1.864803411304567504e-01
-2.514870625362473078e-01
8.307373014699761526e-01
-4.656069666451925215e-01
-1.004385862228058812e+00
1.868565405701930970e+00
-2.319594719061064847e+00
-2.055277695516715131e+00
-6.460781089261393717e-01
2.788276483664791527e+00
-2.291627537287879157e+00
1.031876240910799325e+00
5.933618811313632335e-01
2.186010892182892462e-01
1.869769459243043386e+00
-1.272256109754623665e-01
-1.182267776158225647e+00
3.754840072657259498e-01
-8.967032205637881503e-02
-2.111746380761090336e-01
1.374380783441006670e+00
-2.523677752571824140e+00
-2.255541501803395299e+00
-2.666620203387140009e-01
-2.224697714821548988e+00
-1.567062727332972916e+00
-1.150715850077097979e+00
1.892944527519842879e+00
-1.421670990368018472e+00
-2.946735887506140017e-01
2.706674160700037746e-01
2.460101883242281851e+00
-1.359607207111372951e+00
-4.096972364294400037e-01
1.604313241334406115e+00
-2.294863064709384837e+00
-1.446412310473692564e+00
2.138932196399974117e-01
4.947995634162261069e-01
-2.296661224723859362e-01
-4.707557661609520494e-01
1.400814951758208693e+00
-1.416409335658035396e+00
1.915655641682279864e+00
-2.087589418078907855e-01
5.332912869801234024e-01
9.908292358261281407e-01
-1.314908664501089675e+00
-7.973471939736445080e-01
1.149183602931914905e+00
1.050200858335066378e+00
8.931629633577342631e-01
-9.705480222001368062e-01
-1.403157386443250054e+00
-7.998500948044089398e-01
-9.988566962273317529e-01
-2.841460901732087763e+00
1.076502880017554453e+00
-1.964935651338692857e+00
-1.064093675294053298e-01
2.576111965093001999e-01
-1.807459054800956810e+00
-1.611996477279284523e+00
2.265495161146448666e+00
-1.137662139264685734e+00
4.518256229679167291e-01
8.551502476157279986e-01
-2.050008198552124572e+00
-3.577391154116504879e-02
