3.521949888422361141e+01
-8.112063931502568437e+00
6.500527132522101681e+00
-1.683655722159169699e+01
1.441318897638545593e+01
3.591026572911026449e+00
1.877284102429261736e+01
3.382471413286258155e+01
4.085642923538230775e+01
3.237378100827704941e+00
-2.383695480276274381e+01
2.714893668422358530e+01
3.602621779123977319e+01
2.160343566998903952e+00
1.330316862379831377e+00
1.477192049442388111e+01
4.002072164347882222e+01
-1.232876306841377101e+01
2.216151160040784873e+01
-9.174941153554335926e+00
-2.314968915736983490e+01
1.367133176809667106e+01
3.775073293695756149e+01
-3.218480863656864699e+01
1.999568733977935153e+01
3.005919936952118121e+00
-5.048898963645143567e+00
2.364621042240844417e+01
-8.988688746920274752e-01
-2.986884078671743836e+01
-3.511329627946066267e+01
-1.388949238544401510e+01
-3.526410013189078541e-01
6.555402441515489897e+00
7.854474932360488992e-02
-3.665198145519561024e+00
-1.581080200216297271e+01
8.353513113086307840e+00
1.224578931002546511e+01
-3.454244248173188936e+01
-2.352845726805966819e+00
1.410561161894679572e+01
-2.789971398482326137e+01
-4.059519231883263046e+01
2.583883473605254721e+01
-7.890875260193219276e+00
-1.982089619054431395e+01
-5.893054530093102983e+00
4.595716348386302741e+01
-8.474317687369797625e+00
-4.147983813814644094e+01
-9.212144478418480276e+00
8.002378021165057476e+00
-1.265916181636694660e+01
-5.835880347051464412e+00
7.106475429105501007e-01
-1.030094776092158781e+01
-4.517188227710391146e+01
-2.536928086557956874e+00
1.643183315370917796e+01
-3.030091546450393025e+00
-1.359572852256768982e+01
7.654794460965909764e+00
-1.919646071476134352e+01
-1.829457808506385064e+01
1.589280605052741180e+01
8.029960139082149340e+00
3.875513356445524948e+01
3.293086065360220971e+00
1.108776211106643217e+01
-3.232738929245780923e+01
-1.610533976331376493e+01
-2.680135133772197520e+01
-1.637005201729306947e+01
1.863863688736378776e+01
2.451591575489473485e-01
1.134576580677782687e+01
-2.840604494284795933e+01
-2.576916012281389357e+01
-1.901159433111850205e+01
-9.425326319834610445e-01
-1.284733247268476930e+00
-2.073510158687507143e+01
-2.198196358914499271e+01
1.178040997263681788e+01
-5.052880827540917608e+00
3.837330195786871911e+01
-3.419659491233748838e+01
2.381394610308221615e+01
3.126201598016673699e+01
2.101889168477654835e+01
-1.664862856106851297e+01
4.292310918044370283e+01
8.293549460199564294e+00
1.949276334158318491e+01
-1.327709210586937871e+01
4.698823976056068830e+00
-5.105395237267885022e+00
-1.318632856439140255e+01
5.357530285385855962e+00
8.919534091196723580e+00
-3.832585409672242349e+01
2.427744347617303333e+01
1.602372317661637169e+01
-4.537840020055597279e+00
-5.409193706477999797e+00
1.986641945215239957e+01
3.227530222815057925e+01
2.998985020571429061e+01
1.390119939450663367e+01
-3.629145868270616404e+01
3.704597384255930592e+01
-5.841654506760143306e+00
1.452236027084833836e+01
4.206916544775921807e+00
-3.171519481113496042e+01
-8.104253416482954719e+00
-3.858519836197177000e+01
-1.693984248735802822e+01
-8.960458181051890847e+00
6.078482495765335614e+00
-1.007158462842421187e+01
1.362986500910696464e+01
1.662718894861838237e+01
7.532560956508476124e-01
-5.403525450344424996e+00
-1.234469767589472866e+01
3.521919207524624085e+01
3.460421573024578379e+01
1.805077933061265583e+01
-1.048587841969386147e+00
1.098402703690262427e+01
-2.978244299101617187e+01
-5.183361887982357530e+00
-2.562355119075007792e+00
-1.757375593152665516e+01
-1.421651830797780747e+01
-1.493915675838593415e+01
-5.408662701084224977e+00
2.154490548076810796e+01
-1.067668140635876739e+01
-1.385138536301950296e+01
-2.367112567734167072e+01
9.495811182339444656e+00
1.081183126123076477e+01
2.454721313928011739e+01
1.086288487386565293e+01
2.986055756693821195e+01
-1.025529422235530319e+01
-1.776493808389435713e+01
-3.661084264378619935e+01
1.582932130024326511e+01
2.814303802897588014e+01
-2.373615862088676565e+01
-2.515382368007239577e+01
9.989139040525671476e+00
-2.052486435811874443e+01
-3.097804829566776874e+01
5.661228406071138863e+00
-2.549566934145627783e+01
1.032329035582267807e+01
4.779002730018567036e+01
3.041782110257950933e+01
1.232109202701138884e+00
-8.517488779020744971e+00
2.353099558695367932e+01
-6.188959673035157039e+00
2.639425555756207586e+01
1.010098550981396670e+00
-3.600568649540959854e+01
1.120554857440308183e+01
4.022026914843557677e+00
2.828121226765645702e+01
7.626454303449179406e-01
-1.476615492288701148e+01
3.262086202030336324e+01
1.036371471712308789e+01
4.523624153237241785e+01
3.221165351076055572e+01
-1.763642655933499270e+01
1.484711483618409034e+01
-2.267777994720994172e+01
4.896713780806663863e+00
6.548814526234792766e+00
-2.429486054326208588e+01
5.452751890571789772e-01
-2.604371431879890508e+00
4.893769989002818477e+01
2.062393757644539960e+01
6.320451898603778318e-01
-2.274966802195009308e+01
-9.665352298608418380e+00
1.823989738262382332e+01
1.279619617634833162e+01
2.531197142676847989e+01
3.575750938296486936e+00
1.590613708900583845e+01
-5.512034973235628854e-01
2.585137416561151724e+01
3.550685378303455764e+00
-8.824925294263394449e+00
-2.525658782247332113e+01
-6.348300515131825250e+00
-3.177757041744284194e+01
4.224240388917243649e+01
1.626125551402090252e+01
-1.684048810913022010e+01
1.253816367717603697e+01
-7.500334029740521657e+00
-1.433542828577301975e+00
2.054469021826977837e+01
-8.616575428317041485e+00
2.959034793598915769e+01
3.885210743167861835e+01
-2.132188310686395738e+01
7.128582027587242465e-01
9.834252169428303603e+00
1.351025022577842094e+01
-1.720540674619368104e+01
1.879242404263837329e+01
-1.007690068296884789e+01
-1.438698758436671454e+01
-1.117287487278105118e+01
-6.786928926991208755e+00
1.939941675775487795e+01
-1.896155441101443628e+01
-2.469305516391247934e+01
-1.262533564297697808e+01
-1.108561135672175624e+00
4.154940704452185685e+01
1.087263018053425156e+01
-2.581069924657701620e+01
-1.914761287311719684e+00
-1.812801555166507939e+01
2.275261967323953627e+01
-6.930849881822489067e+00
-7.965754091426425987e+00
2.287366881504900107e+01
9.203117033130254754e-01
-2.950273005037061935e+01
-7.141211200698080575e+00
1.816590953114172180e+01
-4.059983510366966186e+01
-1.702674271853350518e+01
2.448254713628689672e+01
-1.123864941253533090e+01
-1.020455293524477725e+01
8.220409397028952014e+00
1.558032935490082593e+00
2.339261659622268041e+01
3.067580115511781003e+00
-1.227765023696700553e+01
-1.154224351686069383e+01
2.674030692740309689e+01
-1.022080431271129441e+01
3.822355230711377772e+01
-1.520711420815429449e+01
-1.743601919234802011e+01
3.035719072264225815e+01
-3.258638471604183451e+01
1.127922528613387954e+01
-2.065327538838787547e+01
1.320940122232401137e+01
3.230041506236958071e+00
-2.699965452571658631e+01
-3.360980488303481195e+01
5.377572813389186024e+00
4.224417559339244121e-01
-6.923040463739205563e+00
3.288119588832958584e+01
1.381348739319623320e+01
-1.622378366659290805e+00
-2.127051071787472480e+01
-1.160289964930348106e+01
-1.326349097200314020e+00
2.462128777790844936e+01
1.866098625167627745e+01
2.016168111824896414e-01
2.585496020342793599e+01
-3.614648497971002428e+01
-6.564176948407506984e+00
5.411638737149473855e+00
7.132304366672492790e+00
4.164520572317826463e+01
3.288931485557671408e+01
1.646156725429655410e+01
-9.504691167399741403e+00
-8.167260800199024118e+00
1.865294447837536040e+01
2.643047928087659670e+01
2.853808315116978633e+00
-1.406418750067991397e+01
-4.888498891840932004e+00
-1.254469233320511989e+01
-3.082623855498614063e+01
-3.785981392295023795e+01
-1.060650850795579458e+01
3.911614693798462383e+00
-6.444150093309069405e+00
-1.483764382253016123e+01
-4.375960590880812617e+01
2.388015777241838578e+01
-1.690662995158654525e+01
-1.928988658125006594e+01
3.864684460125577914e+01
-1.210573524692002678e+01
-3.422095494617065015e+01
1.471756001298317074e+00
-9.633488909472823991e+00
5.005823766205949710e+00
2.052284804309543631e+01
-3.181968959371561567e+01
-2.266992501706312524e+01
-3.767478776752227532e+00
-1.700396783556556102e+00
2.623366973797539003e+01
2.942696878151387807e+00
5.522968130819805310e+00
-2.683728346655641417e+00
1.833867985445502313e+01
-3.271758217413369607e+01
-1.307430943264554912e+01
2.625879597255745068e+01
2.544075558341343424e+01
8.034691652750758806e+00
-4.523150004831880722e+01
3.337416057783215706e+01
-3.742284616406228537e+01
4.190661103579324731e+01
2.215323481554300145e+00
-1.012951286021802844e+01
-2.260598648120286214e+01
3.031803263233739187e+01
-2.798583030287579732e+01
-1.455173530618475297e+01
4.163962440881077498e+01
2.255437053751647625e+01
-9.529935674155524339e+00
-1.917952875232129628e+01
-6.005223235181922803e+00
-1.033333088354635976e+01
-3.782428389170591032e+01
-1.597752696714670151e+01
2.527191067514141309e+01
-2.188678062892549292e+00
1.222995453740421823e+01
-3.990896229637120740e+01
-3.722508982930313692e+01
8.681268266466446448e-01
-9.531471813667394599e+00
-1.216868495030868047e+01
-1.060241138230981761e+01
-6.559332678498705604e+00
3.350824785181016807e+01
8.385274827789693575e+00
2.693435019574393152e+01
-1.985199500281852991e+01
2.228396467448004614e+01
4.002791511020049597e+01
1.825415918091717060e+01
-3.594359531844677491e+01
-2.333551363774766685e+00
-3.587710269744091818e+01
-3.461384443153264101e+01
-1.432422450081124765e+01
-7.410889855508010271e+00
1.646436998918971994e-01
2.856196204923776349e+00
1.381710522731609814e+01
-8.949806651469579322e+00
-1.833098793732448328e+01
2.496487197549474502e+01
2.573637721821356195e+01
-2.378319321560008959e+01
-9.979011888484258463e+00
-1.298706448300058014e+01
-3.376997560644014840e+01
-2.264283230042963169e+00
1.836212898498537527e+01
-2.781548735546131113e+01
1.552548358776471105e+01
4.535878535686478585e+00
-2.369646181237673588e+01
-2.793613654197988438e+01
-1.700216019753112562e+01
2.436179021425346036e+00
-1.943771060900056824e+01
2.350817269584644009e+01
1.853531537375305049e+01
-2.575461831187929818e+00
2.097660814888968162e+00
-3.468498439571398251e+00
9.682537587563146531e+00
3.152563055643931023e+01
-9.294401792008230245e+00
-1.745148553905223565e+01
-1.533910480138699484e+01
2.285442857882600265e-01
-2.776093051991463767e+01
-1.089258169473204418e+01
-1.441623551820825355e+01
2.378729106814837735e+00
5.940621501893353695e+00
-3.215212935519673465e+01
3.077919284745954087e+01
1.691640850816534680e+01
1.743760232875317229e+01
1.516340255833006267e+01
-5.374088575441625437e+00
1.004175253671967027e+00
4.551055548382997529e+00
5.741416768285347416e+00
-3.162311015912609591e+01
3.676161825573430519e+00
-1.513363759053218871e+01
1.031648548818010624e+01
-9.111813605975207508e+00
-9.322905124776973196e+00
5.403949805899912917e+00
-5.137254960093642353e+00
-3.346304425908324731e+01
3.215057592397997155e+00
-1.494121526420281754e+01
2.069326904062324957e+01
1.013750278034450503e+00
3.310842275607231500e+01
-3.465674392771955326e+01
-8.846075577552213076e+00
-7.974489322315186257e+00
3.156827779876927309e+00
-3.240408236918170815e-01
-4.355901383582008179e-01
-3.078099585493638912e+01
3.597730178087240915e+01
-6.717978818196023383e+00
-2.696652170560670925e+01
2.967600962204551251e+01
-2.108307370683585802e+01
9.887813126034863842e+00
-1.748911061484386664e+01
-3.187778464102926534e+01
-1.495234371773136672e+00
-7.338396273744862697e-01
1.932340613577193267e+01
-1.710474308682859146e+01
-1.235876592132620999e+01
2.108236046260947205e+01
-2.656107717282219483e+01
2.928838610976711720e+01
-1.280490302763915622e+00
-2.504283887576044876e+01
-4.597940060132231110e+00
-3.142344115638699975e+01
-2.827266685299201754e+01
-3.970070471378096499e+01
1.120602119294187560e+01
-1.120818251057741577e+00
-1.198316624098705319e+01
-4.435892605552908208e+00
1.904104109322614136e+01
-2.514992983533804605e+01
-3.578719838902403438e+01
-1.336549426965918030e+01
-6.182235994646347876e+00
-1.122217005398125877e+01
1.785644047534577794e+01
2.248441636202865368e+01
-3.457540286198103274e+00
-1.425193798343096319e+01
1.533245334368129420e+01
-2.206581127565445755e+01
1.877634573678896857e+01
2.043491058736164234e+01
9.727062332094341457e+00
1.433925595818521970e+01
-3.437119584008681272e+01
-1.674177025143291786e+01
1.179371277532557372e+01
-2.017993162342614610e+01
-2.544096765646129299e+01
-1.942871035790075140e+01
-3.376593358978283277e+00
-3.416526640161824702e+01
-9.538757409291889644e+00
-2.885188550726931567e+01
-1.236873328993731036e+00
1.483865816980154761e+01
-4.277102511049683642e+00
1.903706636967216070e+01
2.157229912630982938e+01
-1.486621962368328553e+01
-2.835877130091852649e+01
-1.202077430992738272e+01
3.738420662603765265e+01
4.406477659108870171e+01
1.034593557625457549e+01
5.231695550883983969e+00
-4.477776036809541438e+01
1.717719389868607038e+01
1.599976758299405333e+00
1.101906204865612438e+01
-1.296160769014101533e+01
-1.665157097599987424e+00
1.834543841991180102e+01
8.318326585336201617e+00
-5.243262958424047326e+00
2.337934184242872959e+01
-2.724428296514789949e+01
-3.275366882410715164e+00
1.945152340540808211e+01
-3.023897867497099412e+01
3.927519792165766432e+01
2.156440762061238559e+01
