3.918611587070415681e+01
-8.031708798483784051e+00
1.956970509232625943e+00
-1.779894714249836341e+01
1.411758527922275164e+01
1.176982028480340858e+01
1.113063333212633665e+01
2.851572073932561580e+01
3.739582632198523982e+01
-6.688902385846660081e-01
-1.935943765783779114e+01
2.120391806193110540e+01
3.359961172705978072e+01
-3.270561241116055839e+00
-5.000777430347000063e+00
1.040277335454950958e+01
3.898209050324902591e+01
-7.238316534332795982e+00
1.769084623074016349e+01
-5.238315433667132481e+00
-1.595303440128862604e+01
1.205332827831006881e+01
3.906769854378855200e+01
-3.305157303735121843e+01
2.538220086567268652e+01
3.412266355879303603e+00
-9.515572584523738442e+00
2.162407890155841983e+01
-5.441830487708301689e+00
-2.997854829449561720e+01
-3.650307328612601765e+01
-9.388356790407257790e+00
-7.462151258585095093e+00
7.448869748215095399e+00
9.134244137359530669e-01
-5.704672318751192961e+00
-1.408603679934465447e+01
8.796905243869780122e+00
1.931539122794575292e+01
-2.867105654091613332e+01
-8.187382609924533483e+00
7.620922630641835838e+00
-3.015988925955242905e+01
-3.671406927926452823e+01
2.397494635977852795e+01
-4.433634718477051706e+00
-2.562062680823058258e+01
-2.524245867643578833e+00
4.321384151180609479e+01
-1.473645256297883321e+01
-4.168216149703629725e+01
-1.373006284068798522e+01
3.329989881635633253e+00
-1.158289338572608074e+01
-1.230527892879678120e+01
-4.320837864542326656e+00
-8.169085184567926206e+00
-4.250686707955322419e+01
-4.709369071330669954e+00
2.255458291491412126e+01
2.451813442961636724e-01
-1.014915533615685916e+01
5.384390048960504771e+00
-1.219180572075275393e+01
-2.041905527400316345e+01
1.719096797768631291e+01
3.406534799854043172e+00
3.338418350680083790e+01
4.990697740146231354e+00
1.297961475355982230e+01
-2.687456959254562250e+01
-1.589402487934482622e+01
-2.875552251628639766e+01
-2.057739297599318107e+01
2.047891328634273123e+01
-3.720521886341110473e+00
1.659995327585983205e+01
-2.327226676219023105e+01
-2.387700355352694359e+01
-2.078429912416074288e+01
-7.217896443304120169e+00
-3.996410062688582343e+00
-1.800481797981540311e+01
-1.654058628913213624e+01
8.033718852505522534e+00
-1.261956432927050287e+00
3.978006158271895742e+01
-3.775457610081934945e+01
1.895861584443447612e+01
2.950770540605699921e+01
1.786279703763933924e+01
-1.425301390789449130e+01
4.086363981380671362e+01
7.737341803527954198e+00
2.094486983173213446e+01
-1.808257385576565923e+01
5.782595254697163512e+00
-4.159820487859747118e+00
-2.042252106165636150e+01
2.425406992868559541e-01
8.378983016349209834e+00
-4.263258239036888142e+01
2.200284663564478649e+01
1.271969935849578093e+01
-9.043370566321634385e+00
9.545530159044801621e-01
2.027872168084098803e+01
3.518096645916179455e+01
2.953874248641218969e+01
1.014882240894108634e+01
-3.439632207752308091e+01
3.352592290196892577e+01
-6.691898144186858133e+00
1.390220743387372693e+01
-1.186455529023973554e+00
-2.922570043216767743e+01
-9.374849125571124375e+00
-4.088554999822061831e+01
-2.066253168785313576e+01
-1.021077322938251086e+01
-1.434760993763859460e+00
-1.257176134966127989e+01
1.737886066654337469e+01
1.549631346218562555e+01
-5.281095798653844042e+00
-1.058776650728121638e+01
-1.652331374839673117e+01
3.894923144853525798e+01
3.659593424664006989e+01
1.837126585490939590e+01
1.313287565923417333e+00
1.813042176876844280e+01
-3.148266852997608822e+01
-9.185866156483257328e+00
-5.372270171421675400e+00
-1.427484021479368437e+01
-1.940685794996793234e+01
-9.218334692828058508e+00
-7.804319484091294612e+00
1.993192593035915650e+01
-1.802286357289292340e+01
-8.219455473431445114e+00
-2.320442515657043359e+01
6.330108269606490978e+00
1.707528253116376504e+01
2.696014578369342019e+01
1.790578210616227750e+01
3.186226713533466182e+01
-1.116834972370433832e+01
-2.450970242483545647e+01
-4.182595509759784846e+01
1.901661946344115961e+01
2.806833667054353043e+01
-3.052074164106169363e+01
-2.867402345952758580e+01
1.227438270456750047e+01
-2.504762019959296993e+01
-3.281372182703117346e+01
5.174596710006674982e+00
-2.286950257266364162e+01
1.010649593481901576e+01
4.899835690551347511e+01
2.801313512615848822e+01
-4.612412994829000468e-01
-1.092506209837886644e+01
3.088031061783478037e+01
-5.967825212004697732e+00
2.190520964046267238e+01
4.597870609631492300e+00
-3.379805698982353590e+01
1.565473007164209207e+01
1.206232324588494009e+01
3.599045315119543886e+01
-2.310144056819140701e+00
-1.644794111903106426e+01
2.671362667431249349e+01
9.201768796028630959e+00
4.525102571722582923e+01
3.058352583938999203e+01
-1.118919584423503011e+01
1.251801859310813825e+01
-1.911625918527417411e+01
3.672058483636931214e+00
5.179344103709240699e+00
-2.794018702117487862e+01
-3.859847704059291118e+00
-4.156790035168221209e+00
4.889031836063094261e+01
2.499057511227368877e+01
-7.652178880432224162e+00
-2.292340878374464808e+01
-2.802909582498244845e+00
1.328399383405823642e+01
1.013539518337193357e+01
2.482009600278823314e+01
4.626338181851522791e+00
1.643100031710619646e+01
-8.247132320957426543e+00
2.903924816357631755e+01
-2.539004917328071542e+00
-1.356730806416710067e+01
-2.046835743446587941e+01
-6.422915076178355775e+00
-3.335200045860493390e+01
3.870536256112507090e+01
1.098914855621188025e+01
-1.295263400211554483e+01
1.644596674245630652e+01
-4.198201655539072874e+00
3.263733037126570480e+00
1.732603910396889546e+01
-3.461344739655572766e+00
2.910201787612618318e+01
3.748496962624500384e+01
-1.696704574977722046e+01
1.058156288250991395e+00
1.288688177032215521e+01
8.327671944985439723e+00
-2.274292794144385255e+01
1.853815088547749212e+01
-9.979387467319561722e+00
-1.223774591352195529e+01
-1.454163226986968027e+01
-8.165304748350195041e-01
1.934619094336757428e+01
-2.360846884628690745e+01
-2.199891359600312057e+01
-1.323561161679652542e+01
-2.811324319237989755e+00
3.899849487534726222e+01
1.321316100770968660e+01
-2.220368842982557922e+01
-2.289559130474430049e-01
-2.211755662315184168e+01
2.546005951784053423e+01
-1.840082130720254838e+00
-4.590522313049376635e-01
2.686267632387550464e+01
2.852731216626438027e+00
-2.514891479365654448e+01
-1.537515791871149418e+01
1.006578353472254861e+01
-3.762667476842969450e+01
-1.332348440422097724e+01
2.517562495422487245e+01
-1.375681909954619897e+01
-4.901277459329612896e+00
4.433990021980370955e+00
3.658057365493760926e+00
2.731687544385945898e+01
3.734944382189908652e+00
-1.264030614963849786e+01
-1.805480874572183936e+01
2.357826629763785320e+01
-5.424734607349762427e+00
4.014476974443657298e+01
-2.244595396439928336e+01
-1.792899433913754592e+01
3.078532710244100201e+01
-3.318721298958769950e+01
1.438882586602471747e+01
-2.023737740808437735e+01
8.894149879573461703e+00
7.765168277805067021e+00
-2.464662298448819300e+01
-3.064416246407314759e+01
-1.279721923015095797e+00
1.998593616261310046e+00
-1.163030844719854429e+01
3.365467305897064421e+01
1.875128791883290091e+01
-3.468623057664359521e-01
-2.454718376017737214e+01
-1.475415018872384820e+01
-2.235494286328290059e-01
2.193733691539657116e+01
1.793765623604021187e+01
-7.034853846539164124e-01
2.940537483009116215e+01
-3.556080732995797433e+01
-2.851497929133202547e+00
4.652459768543870666e+00
1.214520109482638333e+01
4.312974195723906234e+01
3.705391560117948302e+01
1.481013084777703170e+01
-1.446231180147229622e+01
-9.582039236977067276e+00
2.115691290440383909e+01
2.899043088913052202e+01
-4.387371531672741298e-01
-6.254645580286386064e+00
-1.933286728859286541e+00
-1.580611771558773881e+01
-2.964064280337927926e+01
-3.530597730479978225e+01
-8.900319896012391041e+00
3.752970474774322440e+00
-9.135677157992653008e+00
-2.126275267816786751e+01
-4.727504074376700771e+01
1.984332428427836703e+01
-2.272325581962619623e+01
-2.496770657455881093e+01
3.550981391692306488e+01
-1.373119642737587753e+01
-3.914424292549154671e+01
-7.629450237553783154e-01
-1.355679949933680462e+01
9.454929784819590566e+00
2.311776674043620972e+01
-3.598706060197476120e+01
-2.487031976020320911e+01
-3.209894253566574207e+00
2.075151607391703124e+00
3.178206777648684067e+01
-5.857271918405125177e+00
-2.422005353742527234e+00
-3.221182022671172263e+00
1.302831395301456041e+01
-3.359503045816435929e+01
-1.176363689066655382e+01
2.490099330114247778e+01
1.979705540178788681e+01
-9.715005508748717489e-01
-4.413300871531122027e+01
3.183403005648979445e+01
-3.990373431844626140e+01
4.621250351736901507e+01
-1.127909824541042383e+00
-1.153874262451369503e+01
-2.032306691434403945e+01
3.177913130889666604e+01
-2.365121093622816772e+01
-8.186165219488437117e+00
4.241529064411136574e+01
2.750116590201365341e+01
-1.343806120343344901e+01
-1.091117252716018271e+01
-2.656913655031146959e+00
-1.495639677164743375e+01
-4.352953846040142594e+01
-1.449444575925554801e+01
1.928858569959874103e+01
-9.888261135580954431e+00
1.856320885511425445e+01
-3.771151572892110693e+01
-3.872822880959559200e+01
-2.101390802478420028e+00
-6.680565641987321612e+00
-1.836304755211760664e+01
-5.643156576963740179e+00
-6.295226625147634536e+00
3.302283384198510419e+01
1.395854677118357756e+00
2.584097246737519527e+01
-2.600224109386806148e+01
2.073329788900359461e+01
3.571682665485209895e+01
1.335069417354974064e+01
-3.922431371354538499e+01
-7.594908037268169210e+00
-3.525206640140486058e+01
-3.089503040621368513e+01
-1.188468195032744745e+01
-1.051374361279309966e+01
-5.999390402481019180e+00
4.619595101308306084e+00
1.037085789114091483e+01
-3.127587530806330562e+00
-1.253077843706169858e+01
2.112316146953020279e+01
2.560936988846582096e+01
-2.118371813949955396e+01
-1.326749409043716810e+01
-1.248179136728270322e+01
-3.537989278076462085e+01
-7.505429371471286970e+00
2.152498037204813386e+01
-2.100533343969373945e+01
1.976711262522870527e+01
2.090199239303380807e+00
-2.516378837022540438e+01
-2.387943240810927037e+01
-1.976926362057418629e+01
-1.220310121905455958e+00
-1.761943238796603595e+01
2.706166137589526954e+01
1.618490650387923324e+01
-2.693226157407600851e+00
2.722206391698712480e+00
-3.520072583244960640e+00
7.415293514451249735e+00
3.111634706325992283e+01
-1.536039450820565833e+01
-1.577033460866087466e+01
-1.412826599197290989e+01
7.694804418262890522e-01
-3.262419727610395626e+01
-1.462312190383497779e+01
-1.756457884939243996e+01
2.799755591135266286e+00
1.682263920204420060e+00
-3.601585506012977334e+01
2.923339373060346702e+01
1.865626751309757481e+01
1.321360854827118203e+01
1.444286017365558905e+01
-9.360594167763316875e+00
5.850278674266363055e+00
1.289405497438878001e-02
2.679228982553539140e+00
-2.513479936919481972e+01
-2.382139370174186865e+00
-1.632294162592739184e+01
1.640547067469047704e+01
-7.530866944191124901e+00
-2.932459245441961571e+00
1.192799917969210810e+01
-5.986061565062762213e+00
-3.367885861135495418e+01
2.389228186727230252e+00
-1.330449287418670679e+01
2.357634392212855801e+01
1.079927259042790411e+00
3.687921124986266364e+01
-3.152866511877793698e+01
-1.579973148427026075e+01
-1.172270105982114785e+01
-3.338656405886560208e+00
1.266478976091647723e+00
1.921552769800669580e-01
-3.061350390072060179e+01
3.215506769112387531e+01
-4.139969618092344206e+00
-3.327724340534665259e+01
3.123428037755797959e+01
-2.548713450828300608e+01
5.492924734912563167e+00
-2.171227176615176546e+01
-2.769840070575382285e+01
-4.660348158876857383e+00
-2.710213498035571433e+00
1.925426458639900318e+01
-9.815593141934122912e+00
-8.818638143195322243e+00
2.384953527735441980e+01
-2.454102722729834696e+01
2.814757325781478414e+01
2.853066678838885650e+00
-2.412875632942575876e+01
1.082526691889043491e+00
-2.967300132611544328e+01
-3.100959208756492913e+01
-3.883898187498534327e+01
1.088912205689287305e+01
4.616003886719575178e+00
-1.163603657597094099e+01
-4.928863300605442532e+00
2.014262320634109926e+01
-2.423049269155514907e+01
-3.802878187508219554e+01
-1.678184134665433191e+01
-3.474330537024158616e+00
-4.572028609529674270e+00
1.333242608947924168e+01
1.932298011585149311e+01
-7.960099349384933021e+00
-1.688010785225285559e+01
1.639928316684715526e+01
-2.286580666408015716e+01
1.846495537800855402e+01
1.762971352867450037e+01
8.764981297135719274e+00
1.584816706240384576e+01
-3.003752773965693379e+01
-1.640529725007871775e+01
1.003339781972469069e+01
-2.584436362751701921e+01
-1.987785962410552187e+01
-1.707344757979786465e+01
-2.904990819799770918e+00
-3.309619526275440649e+01
-1.130770400489225125e+01
-3.053348103475170205e+01
4.657358944434939474e+00
1.668692045124535639e+01
-1.471909673169975008e+00
2.541966742988580563e+01
2.905336927986532203e+01
-2.079247286214939550e+01
-3.558257107734536362e+01
-1.618576133940992179e+01
4.233317573386604238e+01
4.416202281822738485e+01
1.142302766489232368e+01
5.001647940723266572e+00
-4.414356892466805249e+01
1.954324412896676222e+01
8.246006203491802466e-01
4.100664640801340965e+00
-1.702167042682625464e+01
-6.847364445174697778e+00
2.119453680983509969e+01
2.196806271463302096e+00
-3.293073721109934127e+00
2.014815123985694356e+01
-3.004814435178234788e+01
-7.556902750630015930e+00
2.390477520798160072e+01
-2.716607959772354164e+01
4.385608999457154766e+01
2.202617160072853153e+01
