4.164402971975503931e+01
-1.622787670499613455e+01
-4.702547843519077730e+00
-2.317085584606217807e+01
2.576379202435057891e+01
2.363462123933872761e+01
-9.127553965584873197e+00
1.240727805223541225e+01
1.270172264472692092e+01
-1.138881088279976694e+01
1.564794976553088190e+00
2.808062247787134424e+00
2.634574573219555305e+01
4.185952955225666017e+00
4.977233997744704652e+00
2.218570326557771466e+01
3.596055528605074869e+01
-1.301313967975651309e+01
-4.752450830511669722e+00
-6.897639883861181431e+00
-3.470764566521467032e-01
1.937988668938018577e+00
3.850790254971157367e+01
-3.835120073841254396e+01
2.631927223538636440e+01
-9.139274545701987051e+00
-6.163825169871913090e+00
4.709513574635970201e+00
-3.301141671366494279e-01
-1.917744386016079261e+01
-1.635011759054747671e+01
-6.958715670638902395e+00
-5.713163024710951277e+00
2.351499907630964969e+01
2.302799518357645070e+00
1.308052976010303325e+01
-1.733855580717517597e+01
5.413415823057690091e+00
2.798181279975156599e+01
-8.765312767456435949e+00
-2.088380500561424213e+01
-6.118421449437107640e+00
-1.949344685795367127e+01
-3.326206545662151370e+01
2.622664812338638285e+01
-2.178841988266852070e+01
-3.768970505204728028e+01
-1.911799193903349092e+01
2.923966559130555254e+01
-2.114468900213871549e+01
-3.186065652815616644e+01
-1.616121469886957129e+01
-1.270529635566796856e+01
-1.192820963522657252e+01
-3.063017502524276736e+01
-1.676801739398550950e+01
-1.121123760805423331e+01
-2.659372943787166577e+01
-6.869506024156848412e+00
2.216679426319333857e+01
2.173256584160654370e-01
-6.251816584081105077e+00
-1.144885070599940491e+01
-1.415128986236888409e+01
-1.772755104837997209e+01
-1.085935583723681930e+00
-1.631138711053036161e+01
1.425697442794051994e+01
1.089072879948017913e+01
2.977157476023722893e+01
-1.433058555702767478e+01
-1.804760845475823317e+01
-1.187570480135897810e+01
-2.283646693636812586e+01
3.131959644079867644e+01
1.297690854434918606e+01
3.517696807414596094e+01
-1.379275667060809951e+01
-4.305330177933875291e+00
-7.972844926859750103e+00
-2.980133346929253335e+01
6.467895376966183107e+00
-2.141672783203386032e+01
-4.679957613949689232e+00
1.916190731648809731e+01
1.945945624313276312e+01
2.475191981885083692e+01
-3.758299715450192480e+01
-9.973862927192989503e+00
2.519595656271854978e+01
-5.722185918700503748e+00
-1.102564234271962107e+01
3.328918792599657195e+01
2.008618105091531447e+01
-4.892440108932447629e+00
-5.891915529242957916e+00
1.835000969535298054e+01
1.340567196900617120e+01
-1.749900985997840053e+01
-1.951455519868531496e+00
-9.728039183543856439e+00
-3.173044184232221099e+01
2.016738938101973133e+01
1.483757621375202973e+01
5.016095901846284733e-02
5.533469649658897538e+00
2.068029725287317433e+01
2.206772074978459841e+01
3.665843581445456323e+01
3.921062724179932957e+00
-3.704591448222473105e+01
1.692961283697435704e+01
-1.862799626046006551e+01
-3.943693651295895108e+00
-1.452564291713314759e+01
-5.589695203620038910e+00
-3.909151989440978525e+00
-4.205677828478493296e+01
-3.954346447236688533e+01
-8.201361038206279375e+00
-1.819405552357582678e+01
-1.195578826777958170e+01
2.268776668405685371e+01
-2.827375237748690040e+00
-1.370960042816439284e+01
-1.804833877659277519e+01
-9.860751040525961741e+00
3.472098444164262787e+01
1.375504174486218290e+01
2.280873244144542866e+01
2.506629010248997247e+01
1.087853228421577967e+01
-4.204932669053499694e+01
-2.785082606648821013e+01
-3.053348616075544086e+01
-1.940694320224786296e+01
-3.201273455747650587e+01
-7.875893514983403065e+00
1.242654585155765545e+01
-5.414116239327817937e+00
-3.462841463683782450e+01
-8.034063308534697967e+00
-2.069576376762162795e+01
1.843023454000378081e+01
1.829826419729315035e+01
4.420077336426750492e+01
3.377584157584695390e+01
2.579962864019688595e+01
-2.292778455936283066e+01
-3.870482769043717752e+01
-3.219288615609745818e+01
4.248305042207910276e+00
2.884474211926362841e+01
-3.796393839975559104e+01
-3.991909639384088138e+01
1.173520552895745794e+01
-2.089308156218622869e+01
-4.442784602848099951e+01
3.055575071482657279e+01
-3.122048718474204065e+01
1.630975577499656026e+01
3.638178835885391038e+01
1.327387536700093307e+01
-1.729737313230975815e+01
5.033407262822890971e-01
2.931825948274327232e+01
1.490689328397910174e+01
2.286586907495603782e+01
6.105293979652174130e+00
-2.774430200615614694e+01
3.378590306930064457e+01
2.668199797645780791e+01
3.873287557863858410e+01
1.236622727386388476e+01
-3.293738441850730680e+01
1.423903139814478891e+01
1.081388324316569793e+01
3.682750132094810169e+01
2.231420514166413227e+01
-1.166433710356434972e+01
1.571243100078716282e+01
-1.489120155268427226e+01
6.592244119482472797e+00
-1.344007040230642502e+01
-4.443947486727957852e+01
-2.059358551819748584e+00
-1.923568818752669074e+01
3.538487395806814106e+01
1.712262289381499158e+01
-2.793262864921721800e+01
-2.869584063115838291e+01
1.538843484191394850e+01
9.719152943844221682e+00
1.260559232447157996e+01
6.380068658371726542e+00
-6.727930861424624709e-01
2.459203814420352785e+01
-1.110859530785121763e+01
1.505237227821221779e+01
-2.642765101800455696e+01
2.282231062420393641e+00
8.512048223131941427e+00
-1.737739135226021858e-01
-1.172225864513766425e+01
2.311326412321193402e+01
-1.216603135799545754e+01
-5.859092495413221968e+00
1.526788591477230739e+01
2.082314940624756616e+01
9.900124751052771899e+00
4.239826514683528558e+00
1.646355963466881178e+01
3.333743168752721431e+01
1.213967274723061962e+01
-2.231257547148127784e+01
1.050879981404177954e+01
2.997809966761080602e+01
-1.671738233056311884e+01
-2.629583145348922102e+01
-4.037776459406074991e+00
-7.691593381837890320e+00
5.189650700541925232e+00
-9.285723497197373888e+00
1.386250799992541971e+01
2.044576202236589779e+01
-3.968548574769965853e+01
-9.808745871026566476e+00
-1.941636498361911833e+01
-5.052324538227225048e+00
4.073780479203624338e+01
-5.497106425531356422e+00
-2.472300766211323264e+01
1.944962923549495315e+01
-3.224357917974474219e+01
4.403278870773064568e+01
1.245361073554254006e+01
2.379681860821510497e+01
4.599316059474952567e+01
1.832022917594287037e+00
-2.350238586078375391e+01
-3.422683390550907490e+01
-1.305953689206423718e+01
-3.964962076734062180e+01
2.528820201004336354e+00
4.153824287323611486e+01
-7.409846719606591137e+00
1.639273168666932179e+00
-1.479268967277835145e+01
2.485694374479948010e+01
2.180810116482746253e+01
-1.368093303084053503e+01
-1.877500284241265760e+01
-1.300079069034053703e+01
9.216913124395901491e+00
2.233648314870055174e+01
4.112020145314372144e+01
-1.900160842562199193e+01
-3.472715027439318902e+01
1.885742805094628238e+01
-3.954765126832940325e+01
9.186146492023773646e+00
-4.858898229462937479e+00
1.574623373745086496e+01
7.899254079928731187e+00
-2.758070079282043352e+01
-1.529673656049445185e+01
-1.533499223092920971e+01
-5.816676770630799354e+00
-2.691461007007297113e+01
3.479331958978941941e+01
3.939101339817526082e+01
2.126797075035071316e+00
-1.473734206114703937e+01
-2.727689933073332185e+01
3.242230627206396321e+00
1.416977752639955668e+01
4.911262916122119293e+00
-3.207937400130802530e+00
3.735770173174903164e+01
-4.088564602656540359e+01
1.487942164334529593e+01
-9.951921368812122637e+00
1.003671145788733554e+01
4.487469278130078010e+01
4.064985129686647269e+01
-8.976491315772747726e-01
-3.925197291051645720e+00
1.098093783872224805e+01
4.041730900466471610e+01
1.598277227683210810e+01
-2.263948184271654540e+01
1.270098412683535827e+01
1.619048830716933196e+01
-2.840934826212090414e+01
-1.738653186056801303e+01
-1.360084082151458063e+01
-6.489223534828902018e+00
-2.339092499988480611e+01
2.990407419677595158e+00
-1.605263273351441455e+01
-4.086732067946475411e+01
1.909809195718301567e+01
-3.457087535631277575e+01
-3.277338717135283019e+01
2.706936521607310908e+01
-1.909437844299652909e+01
-5.000000000000000000e+01
-1.624691601932142504e+01
-1.757646687685796394e+01
1.058688350442077564e+01
3.532580501078217594e+01
-4.238805731256189802e+01
-4.635976531358937791e+01
-2.157237677663081854e+01
1.167393504415262839e+01
2.025376214456015589e+01
-1.975782126115530701e+01
-2.150378415752111039e+01
-3.923290687844648517e+00
-1.272700035041958699e+01
-2.748835002902679392e+01
-2.756390725178971124e+01
3.605567808336607527e+01
1.790047167563059816e+01
-1.343536777709248042e+01
-2.588148103544049050e+01
1.653547910574491198e+01
-4.907439397335232911e+01
3.910244408434397201e+01
-8.233370430583534016e+00
-2.017781706204562653e+01
-2.630583459290044601e+01
2.806556127662199174e+01
1.529052285690710278e+00
9.196783392627750686e+00
1.994381423060961822e+01
2.374186028709553398e+01
-1.311458305230973309e+01
3.203649329272209911e+00
3.841438481061267396e+00
-1.255614588591791403e+01
-3.917096296609011574e+01
-1.181288136092224761e+01
1.022683553317236260e+01
-3.298671294557125577e+01
1.681815527032929936e+01
-3.951727106383208366e+01
-2.168219333225421153e+01
9.586036383740001554e+00
1.337429309881855488e+00
-1.530775306001044100e+01
-9.989089333842635199e+00
-2.548362260940174551e+01
4.376251398071350707e+01
8.693353840983618852e+00
9.377954900650777859e+00
-3.116852561316411041e+01
7.751633935319986790e+00
3.316523817460767987e+01
-4.405582195183157523e+00
-3.706020772606759550e+01
-7.485570872165297374e+00
-1.529827366390880172e+01
-2.895673137460505941e+01
1.194600814913891185e+01
5.199294841253852439e+00
-3.081608802578882234e+01
-4.304748371779162142e+00
1.019467624179677046e+01
2.347164812351296348e+01
-4.295697824002367327e+00
2.552713625725913005e+01
2.265137910122440701e+01
1.586621319923821716e+00
4.133931952624159578e+00
-2.057960715469809898e+01
-3.866256441739214011e+01
-2.956528828596268355e+01
3.493135951044398269e+01
-1.882001442689755777e-01
1.204375446362932678e+01
1.283764418860533851e+01
-1.089358104226405999e+01
1.555854796455172107e+00
-3.111603515430019229e-01
-3.839552660676218920e+00
-3.192283002991456087e+01
9.264033855284090180e+00
-9.308504219520798983e+00
-3.709118247429117332e-01
-3.225491084184241686e+00
1.696259674789099847e+01
2.221372553932759786e+01
3.366938181376021078e+00
-4.006798191909101092e+01
-2.239869903372288462e+01
-2.602103021343830136e+01
2.130375541245932425e+00
-2.473477581871713582e+01
-1.827739526629576972e+01
-3.727708723363238619e+01
-1.140736954157050320e+01
1.845110131123908559e+01
-3.315568996964285020e+01
1.097235943660678004e+00
5.524631996708620818e+00
1.303008525265401119e+01
2.997429421718433673e+01
-3.341279639377763289e+01
2.993827450093486675e+01
-1.134027465643672627e+01
6.530895895715602251e+00
-1.921040952351140874e+01
-5.258283441245247047e+00
1.324858463005050169e+00
1.910788647442474542e+01
-1.479124981117404047e+01
1.541297814688462609e+01
8.309817575241204679e+00
1.776487847240922235e+01
-3.378685581151832196e+01
-7.708433775870844329e-01
9.299590409415699810e+00
7.752795917334225351e-01
-1.601778990029320227e+01
2.459218645433867323e+01
-2.855378308508789331e+01
-1.350603639347623641e+01
7.472659400936564111e+00
-7.040662950032015033e+00
2.160050674896531575e+01
8.312412907370593018e+00
-4.160570396579933572e+01
1.321300651737546872e+01
9.590982904095071149e-01
-3.317330421462878576e+01
4.812667386670138114e+01
-1.073381006732523701e+01
-1.738582065211816996e+01
-2.226365587282025871e+01
-2.676527732737736898e+01
8.284000126867788083e+00
-4.587422149410670613e+00
1.104798442561622807e+01
1.521074303577618991e+01
-1.385418922959161137e+01
1.971746691984253630e+01
-9.711527664305499741e+00
1.277878889923016459e+01
4.960101745508836757e+00
-1.930219314252682494e+01
1.196381429851092548e+01
-3.378349418291307416e+00
-4.599540046196740661e+01
-4.072740261132054229e+01
1.493599409825985447e+01
2.843797106887991788e+01
-1.976550914443355822e+01
-1.412272502014957354e+00
2.672635734553971076e+00
-8.900152185852455489e+00
-4.999999999999998579e+01
-3.366003078305759288e+01
-5.302917550142453251e+00
6.815243474202993923e+00
-9.700582232759998647e+00
3.438256693832755673e+00
-2.805796383231290037e+01
-2.803962068520870332e+01
3.347471994591244027e+01
-5.863838892308656625e+00
2.870330068375673704e+01
6.938931653797631327e+00
-5.605395027881222347e+00
-1.017215473174964302e+00
-2.647776247894760715e+01
-3.465423061165016350e+01
8.502586855464187465e+00
-2.759723485204310833e+01
-1.120795581136597718e+01
-5.144539158847756255e+00
-2.890621071926346985e-02
-2.292069995002868765e+01
-3.799537657662583712e+01
-1.504498271314276536e+01
1.236923650321266166e+00
-4.127971778062423880e+00
7.166697430859173323e+00
3.682315330907987061e+01
4.131607422259617124e+01
-2.171581364564665861e+01
-3.927002694707589114e+01
-1.417595237693797117e+01
4.399140087648345343e+01
3.976543492078226905e+01
3.090384671354256341e+01
-1.689324547006416566e+01
-2.290013535320746385e+01
1.664618372353845643e+01
1.149296547258171586e+01
-2.056729879079208345e+01
-7.792797990679858344e-01
-2.776031038317753286e+01
3.398897761661929451e+01
-1.085471411680972409e+01
-9.072875830141754250e+00
4.855730624043694377e+00
-4.189214108836299744e+01
-3.563727274542067391e+01
4.164203713078734381e+01
-6.072467654867885756e+00
4.994176662577775971e+01
3.193255188427700375e+01
