1.773490122802458302e+01
1.342572994154635779e+01
5.013322298917607611e+00
-3.621328285467242836e+00
3.544173263833648946e+00
-2.133053894329495392e+01
1.637781265337855530e+01
2.218323813777304565e+01
2.643645524257377133e+01
3.631797803936387936e+01
-1.663951633354754023e+01
1.891875249224995059e+01
3.353272559159044874e+01
2.934227657990837201e+01
9.376176274466040184e+00
3.327257106461661351e+01
3.946263330648618251e+01
-5.364821478643868602e+00
3.336285645949314471e+01
7.787060681947110652e+00
-3.808956904125836473e+01
-6.102339256364800235e+00
1.102438893897502936e+01
-1.987396176293963990e+01
5.858772362742470818e+00
1.203910870582207338e+01
-8.747253771140961476e-01
-8.573375161937114797e+00
1.887281610466922643e+01
-2.146019909720768126e+01
-3.242848459740281442e+01
2.833713753022095716e+00
3.091055722628270530e+01
-8.625253847867639934e-01
-5.391773116018825363e-01
-1.022468214784038310e+01
-1.537923364201295584e+01
2.847465958094713301e+01
-1.778934261961315144e+01
-2.724311931424598399e+01
-1.870521544285581683e+01
2.856936307214607496e+01
-6.699878823867280175e+00
-3.751340607348153355e+01
2.243518492327768854e+01
-1.800305751278422761e+01
-3.675660183465225828e+00
-1.926574664342653520e+01
4.451679701808983225e+01
2.155329614679089900e+00
-1.802209443036617387e+01
2.387065196896543284e+01
7.555207531597460502e+00
-2.596851135696695678e+01
3.463389919232852776e+00
-1.416107922300433586e+00
-3.226139463413804265e+01
-4.249885546874300957e+01
-1.728570257563949752e+01
1.401265641900914716e+01
-3.800810427850193207e+01
-3.849223346792303602e+01
-1.134965769535220659e+01
-3.413316394969622536e+01
-1.961830323848332114e+01
2.272534679790371115e+01
1.184358583943696885e+01
2.814023682423274408e+01
-2.891290246087225313e+01
2.738941269245859189e+01
-4.727277611444880989e+01
1.587089396851285983e+01
-5.158253302439739230e+00
9.425446907847288003e+00
2.402767815237680793e+01
2.468637280766647280e+01
1.413654644047906572e+01
-1.256746138592539808e+01
-2.874374597818081156e+01
-5.252079555501367736e+00
-1.656178651034132088e+00
8.352592896272803102e+00
-1.082884078252946125e+01
-2.753213056616256083e+01
1.077088799299372823e+01
-1.915528861243334191e+01
1.712966214246890218e+01
-1.151302928853215946e+01
1.201854779755021951e+01
4.859196506201179488e+01
1.896249480237739249e+01
-4.515692339012893086e+01
2.622145598178838100e+01
2.722750161723666906e+00
6.479041199040459276e+00
2.209303076642883923e+01
3.370738875264038370e+01
2.115789445283724035e+01
1.081329982872507856e+01
1.322922376811873590e+01
3.936422222181803932e+00
-2.189950474673024772e+01
1.212311645823347561e+01
2.784332196892901834e+01
-2.734456182641217481e+00
-2.362573686342054202e+01
-7.556750586370277745e+00
2.634182397494041084e+01
9.206404163501161975e+00
8.158280336163734603e+00
-2.868110205958590697e+01
2.065083149944301510e+01
-1.798115310705694014e+01
-2.621097550140483179e+00
2.388764602164545181e+01
-2.034174685628165236e+01
-2.859820333392841363e+01
-1.271015377394952850e+01
-8.015021545650192536e+00
-2.450101516191053364e+01
1.274762267674166338e+01
-7.993710035913160539e+00
4.961488628624181274e+00
-4.069159507642879703e+00
5.726549149889905266e+00
1.324696218213001941e+01
-5.830917076077582806e+00
1.357410542871586756e+01
6.792676107743211844e+00
1.794754346173426995e+01
-1.456372024784864294e+01
-7.292950947304994713e+00
-1.664198418072179209e+01
1.521703117079511003e+01
-1.636052536432507054e+01
-3.068760738066690763e+01
1.246467328614640735e+01
-1.361796840919913620e+01
1.333027746439464778e+01
-2.115860627393431059e+00
1.653871411864933805e+01
-4.087802969694590871e+01
-1.955656428382322432e+01
1.462362990669463159e+01
-2.152793671169601453e+01
3.418577641603738471e+01
-1.664503183257481567e+01
3.132953712007643787e+01
-1.610929839754976456e+01
-1.880920496920457197e+01
-8.415215108169718405e+00
1.775167817700371131e+01
1.473523630433111009e+01
-2.412674300930597937e+01
-3.675486985271916751e+00
3.362958742179799287e+00
-5.792572272832821056e+00
-1.717351175183598855e+01
2.007903801083071471e+01
-4.679901249874461655e+01
-9.513760395416312576e+00
2.879723660705234067e+01
4.705417945108112576e+01
3.287465899364804045e+00
1.715026480361194672e+01
-8.745871948629904580e+00
8.428191604730415065e-01
3.963905277819876005e+01
3.266916801425388428e+00
-1.127771010143386121e+01
2.357290865529738255e+01
5.906336614840888899e+00
9.594524960927216739e+00
2.497597964010429905e+01
-3.446973040487222306e-01
4.859504154072369886e+01
-1.261131354796276582e-01
3.364000329369025621e+01
3.009931578345641867e+01
-2.284612362976296041e+01
1.963533285489545221e+01
-1.565175087626030148e+01
2.783011419037784151e+01
-1.773223138983791358e+01
-2.763816231478199015e+01
1.269340047583169451e+01
-1.023472826981510764e+00
3.615748288700766011e+01
-9.715470187582226913e-01
1.283835761261812536e+00
-2.686569672338413994e+01
-2.040297059526742274e+01
1.107422285958282515e+01
1.940024645071480336e+01
-2.799267529198388615e+00
-1.290285049288657859e+01
4.195714545676896989e+01
1.589315283433653292e+01
-5.193265090402185535e+00
-1.041798142362071644e+01
2.333595614873301827e+01
-1.559651423106159029e+01
1.180570231631249101e+01
-1.027436806823256177e+01
3.362792751074266562e+01
3.062060569943500354e+01
-6.027731747234092552e+00
-2.364141007032965902e+01
-1.442611483488267510e+01
-1.223196998933423174e+01
2.503432560434592347e+01
-1.439405703759234711e+01
4.811897288141253171e+01
3.257261245426076357e+01
-4.822064750137199240e+01
3.038839378483962150e+01
-8.286813275552972868e+00
1.151998927698785025e+01
1.456017140689610301e+01
-1.166774861301449562e+01
-1.617459750716390232e+01
-3.481474793622680863e+00
2.254911137209363403e+01
-8.228655912585566057e+00
2.775725402810260789e+01
-2.193265744958014096e+01
-3.790454366678677900e+01
-1.393208691006523026e+01
6.581239472309732719e+00
4.482809202483591093e+01
-2.128563482065972678e+01
-4.777134225900002207e+01
1.650511865560866909e+01
-3.573517602913990743e+01
1.534598418845894230e+01
-2.042446635210789552e+01
-2.454402343714915347e+01
1.937259699594478946e+01
-2.951906324215563870e+00
-4.624905334999174045e+01
1.259617104972872426e+01
1.718097394175319437e+01
-4.065786289866743175e+01
-2.982156587299056127e+01
1.269772048892126293e+01
-1.532409075436437007e+01
-8.975949010293085450e+00
-1.134899117908880584e+01
2.855236188768330408e+00
-4.747137833766998938e+00
-2.770145483917837836e+01
-1.072592640566256961e+01
2.170799807030007855e+01
2.313391747812845267e+01
6.226343017266913193e-01
1.967217469625106219e+01
5.608396587005479716e+00
-2.268100846537813808e+01
1.169684757744595771e+01
-3.934781322800741066e+01
-1.826507785026670660e+00
-3.362382606659660667e+01
2.261416839193870487e+01
-2.377829656723257301e+00
-8.379158953627715789e+00
-1.818837661526503524e+01
1.971358231050685106e+01
1.193754822918700143e+01
-2.252168236421344716e+01
2.789546177170353758e+01
-2.116887118957819780e-01
-1.886317459345386283e+01
-2.473640793258670811e+01
-1.601601314250572727e+00
-2.073777260422011892e+01
-1.091412934226511311e+00
-1.483241407596934636e+01
-1.353680240766502152e+01
1.240472917877767145e+00
-4.508418561992019846e+01
-2.873230772664449262e+00
-1.974174973441487779e+01
-2.012422180432267282e-01
2.723162969065694483e+01
2.680793918425614208e+01
3.339179126692602040e+01
2.715662015591172462e+01
-2.254667085554281414e+00
1.969155162832647932e+01
2.427706615549656988e+01
-3.270301178353953730e+00
-3.220857439513891762e+01
6.183833963357869834e-01
-1.879645935963628745e+01
3.140708044296090407e+00
-2.794106833264221024e+01
-3.400392939742292953e+01
-1.432063964552831692e+00
2.534529016755551822e+01
1.354979920981265451e+01
-3.160462398176945342e+01
2.541192184559959344e+01
1.512568157117435419e+01
-4.569118833548408531e+00
4.508945195079829205e+01
-3.062343717559222611e+01
-3.157756140727786587e+01
-2.607180614790921425e+01
2.577018816553095348e+01
2.006558125607919862e+01
-6.439320283908379849e+00
-7.874195413528831011e+00
-1.895316254561442193e+01
-1.377978255326850388e+01
-1.500801666620343866e+01
1.578389710008885061e+01
7.372426153235835500e+00
1.104144121693544633e+01
-1.148783031079735650e+01
2.126777779556203996e+01
-6.709737216073399679e+00
-1.198791206810307131e+01
2.466125620295144927e+01
2.586981678120716310e+01
1.606813556127796971e+01
-2.889595253995558721e+01
1.739280130556633708e+01
-3.089735703157927560e+01
2.355643854813038729e+01
3.474609702801340916e+01
-3.813554909564613382e+01
-3.888041463046616997e+01
1.487362595858743930e+01
-1.016371218525828368e+01
-2.580092555189504466e+01
2.108184907752878701e+01
8.109176440989820378e+00
-1.263817034574599063e+01
-2.415324870273776270e+01
1.514440605486099400e+01
5.685471785189797345e+00
-1.381163084002334074e+01
-3.151997356110324233e+01
2.200586609201822341e+01
-1.006924261500763862e+00
-1.184329674211781480e+00
-4.026459325531744327e+01
-3.175923510775334790e+01
-5.104488261138932614e+00
-4.085639639553338043e+01
-1.265777564215184725e+00
-2.491296549310262876e+01
-2.282665312566176752e+01
3.027737337954323493e+01
2.561476151177043903e+01
1.367041587483483056e+01
-4.555272011250636410e+00
1.411978297907887736e+01
3.829915523689703605e+01
3.240827240581114665e+01
-3.177755499518734084e+01
2.179777420851434044e+01
-3.650760712354000503e+01
-2.334920009089331217e+01
-1.476425202248823609e+01
1.872002238250678374e+01
4.414600891240517910e+00
8.153153402633328994e+00
4.569743406938584940e+00
4.300553401543552923e+00
-2.303307473375841852e+01
1.461492355108440222e+01
3.659694320471902529e+01
-2.122022724140128602e+01
-1.250621834355963813e+01
7.272348162010942474e+00
-1.749396395065919307e+01
1.462130206092740536e+01
3.506787307855179847e+01
-3.894198217422437835e+01
-1.258680048605758373e+01
2.428553750021613666e+00
-4.599951451875369912e+00
-1.056279783814780870e+01
-1.102868359513369256e+01
2.116517883447977511e+01
-3.887859034234365652e+01
-7.403252510794700925e+00
1.477274391505359574e+01
-1.983461293960352378e+01
9.305132992247003187e+00
2.282237522161845789e+01
3.048009612617303787e+01
1.474033338228743162e+01
1.819632963971940853e+00
-3.399849824584889291e+01
-3.056233801431388741e+01
-1.305798082253855341e+01
-3.024894253598873206e-01
2.281603543999707995e+01
-2.386352882609838844e+01
-9.281955946636472277e+00
1.533772962485682001e+01
-2.527491301704664295e+00
1.991813722676150178e+01
-1.150099915925746075e+01
1.022704083480817872e+00
1.172227950818156472e+01
-1.339192461307078474e+00
6.773798430450362673e+00
-1.382909371275818700e+01
2.545861848401898442e+01
-3.873783018835947445e+01
3.893148821208907862e+01
6.916032201965279569e+00
-2.415979139294197608e+01
-2.197590566008855717e-01
-9.177844681706694985e+00
-6.641402778178054689e+00
1.982172995675000493e+00
-1.210782382449058048e+01
-1.522427909298896509e+01
-1.264478606554853002e+01
3.527719722902077137e+00
-2.784946800308111392e+01
2.244136043417131532e+01
-2.418419720777998805e+01
1.586563246718419862e+01
1.630467972897960749e+00
3.687020909831768734e+01
2.878152885290050733e+01
3.021998200491661635e+01
-1.447200954523950855e+01
2.532291153705922682e+01
7.116913134757766102e+00
-8.849626290306453313e+00
2.082549898031854241e+01
-1.700861846845413794e+01
1.991121989914947221e+01
9.880109631792457492e+00
-3.235475452505368565e+01
1.291924768819229996e+01
-2.227668690341200275e+01
-1.065552509018756666e+01
-1.039441226373728711e+01
-2.015552651351137925e+01
-9.908729081961240581e-01
-3.271863587842207721e+01
9.461513251369154887e+00
-2.974169628261310550e+01
-2.882659884995382171e+01
8.643349835592751162e+00
-6.668029749077462043e+00
-1.338318061284610394e+01
-2.478623498033145722e+01
2.466989672735387273e+01
-2.544948227209019365e+00
-2.372321144971186868e+01
1.535338382869294094e+01
2.324592840052687848e+00
-3.532321266138420413e+01
-2.866983150495043731e+01
-2.490443408755383459e+01
-4.792009105970230110e+00
-2.526293020378860277e+01
1.511520016926094456e+01
2.777512304054189940e+01
-8.041872529050877461e-01
-1.825659478769945920e+01
3.920203307607754084e+01
-3.505458696661953866e+00
1.490166397323430658e+01
7.253684621641532715e+00
-1.915865172567946573e+01
1.101200007638531986e+01
-3.310807613370886315e+01
-5.170685100247510491e+00
2.233632999448185785e+01
6.275968639367391688e+00
-1.463368295446315415e+01
-2.528898596950243061e+01
2.969767203014616541e+01
-1.485614337746553559e+01
-1.863923811710637679e+01
-6.974495314316762062e+00
-3.550712247002732624e+01
-1.807145998379262153e+01
3.522721625405878854e+00
-2.467118581251931175e+00
1.239467575352895778e+01
-9.140483770662797269e-01
8.887435218158969974e-01
7.448546161838287105e+00
1.498576390418824644e+01
4.179417953284914233e+01
2.427027878902450198e+01
1.404042903697067857e+01
-2.011735775270648929e+01
3.398253650244869561e+01
1.336957201915889470e+01
1.608493725689599785e+01
-2.111269295670808788e+00
-5.716650777197671118e+00
3.424114984762954350e+01
6.272067327810724180e+00
9.139845621097030914e+00
9.985069969595762984e+00
-2.213892912152694237e+00
-3.397067253169019807e+00
1.226151391542186531e+01
-2.834916859235433506e+01
2.780169550410602142e+01
3.023048196614699634e+01
