3.650033462557873065e+01
1.168073280510341760e+00
-9.340276884375207089e+00
-2.401791758050431724e+01
7.432964962124835040e+00
9.644256444029039699e+00
1.797783600162006223e+00
1.538121393843331930e+01
2.346740349975988238e+01
1.085643028078100514e+01
-7.750156693468163382e+00
1.182347506881391297e+01
3.457459617728120804e+01
6.024756554479992587e+00
-6.820960364844665946e-01
1.837849914430825038e+01
4.632791969692615908e+01
-2.836069708127794797e+00
1.384104470505116069e+01
6.354767894454148802e+00
-2.068870267996011236e+01
9.095984981187157814e+00
2.816838869897210884e+01
-3.461395898284420980e+01
2.820291774177745481e+01
-2.511300645907397211e+00
-5.645955663483448461e-02
5.288595285785710587e+00
1.038742217879764240e+01
-2.017055598231850055e+01
-3.074710285838648716e+01
2.718516474862333610e+00
8.944197531222975783e+00
1.311118489708427148e+01
8.009289600192623482e+00
-1.390356900556916742e+00
-6.846192944788768386e+00
2.202301066702401044e+01
1.464057126124340869e+01
-1.930801345916261624e+01
-2.005417613812194944e+01
1.668260583107803541e+01
-1.849008768212080867e+01
-3.951672600148252457e+01
2.597253347494351772e+01
-1.577923647476285396e+01
-1.788971019901288173e+01
-9.147535215509677187e+00
4.395190130369719839e+01
-1.396099323537337256e+01
-2.860740416094090222e+01
1.272372787623297086e-01
6.107596065997732637e+00
-1.948363391939242817e+01
-1.397097357919952287e+01
-1.617288258141281432e+01
-1.571956780255860053e+01
-4.210808704376326261e+01
-4.730899337858446074e+00
2.058116840446231777e+01
-1.177093427763311695e+01
-1.886564330169082737e+01
-1.065395496817163234e+01
-2.093909753557969111e+01
-1.709298916858510609e+01
1.718048999794285692e+01
-2.534002638496332338e+00
2.217155637196569273e+01
-3.765967954617785551e+00
3.033718354741023404e+01
-3.072958449242341317e+01
-5.012949906747500961e+00
-2.182728454395812534e+01
-1.463330523227903512e+01
1.917940480248226720e+01
7.986770613179530187e+00
2.172681440868640834e+01
-1.338370144404500195e+01
-1.668107193828098644e+01
-2.131366355045642891e+01
-9.970917819623345224e+00
1.130241921286957307e+01
-8.091651475779656266e+00
-1.660653296767196707e+01
5.654148497354640313e+00
3.738270819475651763e+00
2.861035901638149426e+01
-2.646129960612903531e+01
8.634708623671805583e+00
3.305249108583639384e+01
1.348013854941334699e+01
-2.280628679495880817e+01
2.967654465257623997e+01
1.775996803165801907e+01
1.106813963433823744e+01
2.036638473950738160e+00
2.668833759353903190e+01
1.456518695170456112e+01
-1.295649549205763407e+01
-1.628677632356875904e+00
-5.785491886963889385e+00
-3.682087952860281632e+01
2.004485771939729943e+01
2.659699445942891316e+01
-1.788493043209555822e+00
2.425101536640013933e+00
1.400003528687796006e+01
3.641573554285209013e+01
2.394417486291860087e+01
6.989432433298617298e+00
-3.912819603187249839e+01
2.373687507385822926e+01
-2.556941055007835928e+01
4.648344287837268496e+00
-3.132504895631669228e+00
-2.456755893779883237e+01
-1.667220644870536006e+01
-2.784373108063999780e+01
-2.327194059062654929e+01
-2.107089549498881098e+01
1.422587896102953664e+00
-1.486122888357133576e+01
2.326749813857212246e+01
-5.176424238095883368e+00
-2.778223644276280879e-01
-3.626411626559566059e+00
-7.746113431444044295e+00
3.683885738731021320e+01
2.132097190464294556e+01
2.643302243065069490e+01
2.897478674485398642e-02
1.329633210942496646e+01
-2.606832520099814232e+01
-7.145980852415931395e+00
-2.431647955649842885e+01
-3.016840291208476899e+01
-1.690278857244537392e+01
-1.373877393582362316e+01
1.150411222914515008e+01
2.538636173280636399e+00
-1.180159254003436331e+01
-2.202153039818873737e+01
-1.864576316562840219e+01
1.163891322172256793e+01
8.085563162002529225e-02
4.004921631133171900e+01
1.246117851198119553e+01
2.792218753290072186e+01
-2.674012410203327406e+01
-3.501713867016668758e+01
-3.169521334561136072e+01
1.265781590254805167e+01
2.841384291434610532e+01
-3.650790695468046465e+01
-2.644598764177474948e+01
-3.452184041233579137e-01
-1.564245535906134421e+01
-2.690081616726991598e+01
2.142419125373903910e+01
-3.635813999623044879e+01
2.107305535384938366e+00
4.333549048496381317e+01
3.394799084018147539e+01
-6.607685638162571706e+00
9.896118686593304403e+00
1.874556089950478110e+01
-4.511818152328103793e+00
2.764350706043931893e+01
1.643861516350555974e+01
-2.009347635402452070e+01
3.295984828375763698e+01
1.799285576268725606e+01
3.267724888914972325e+01
1.816234338073307697e+01
-9.889781136263700034e+00
3.292533895982833769e+01
1.000130763842466308e+01
4.567828294595319960e+01
2.052084264825261073e+01
-1.775498072537539684e+01
1.908873099017169750e+01
-2.333888252150945064e+01
8.146689409518870661e+00
-4.627754876160459219e+00
-3.735839946175801174e+01
1.043822608273025310e+00
-9.448060545025896317e+00
4.322967456333452674e+01
1.587374227446021280e+01
-1.712456315298327780e+01
-2.501557047910258902e+01
-2.918429771880184376e+00
2.428147009249080668e+00
7.828956186592563427e+00
2.074497217692119477e+00
-1.342225874521217577e+01
2.842484085589873644e+01
1.625247180191500718e+00
1.783488952606447242e+01
-1.676803440888516405e+01
4.878800181375950729e+00
-1.103228250750540695e+01
-2.935567091126628725e+00
-2.437461490200917780e+01
3.023639082955622825e+01
6.964437372332653808e+00
1.897797645030173896e+00
2.413089191036689840e+00
4.403261417139894718e+00
9.286205921017717912e+00
2.509073719911792466e+01
-6.861567446844574647e+00
3.877753630950532227e+01
2.809880978211765523e+01
-3.185945967501301368e+01
1.450313845520055622e+01
7.202443472010010339e+00
-5.157342824415792393e+00
-8.789394353023645579e+00
1.413168474324535850e+00
-1.974664015264465178e+01
-3.093836767316481939e+00
-1.794758255620294563e+00
-3.787235475030435339e+00
1.538625624271412562e+01
-3.692653451395364783e+01
-1.942395259431107846e+01
-2.643649487835539702e+01
-4.035624292284175851e+00
4.527382965823960603e+01
-5.500951685053138362e+00
-3.542126465370283483e+01
1.131382969531000526e+01
-3.635939249022383990e+01
2.651886443483009259e+01
-9.575960319872081072e+00
8.478610024400978773e-01
3.786559173975787473e+01
-4.316400484992840347e+00
-3.372694856681169284e+01
-1.157174752896323611e+01
3.193099374533616697e+00
-3.858377205180989478e+01
-2.038557987385599546e+01
2.296355544329645682e+01
-2.028701962845220663e+01
5.269897508182687318e+00
-1.516495208054931965e+01
1.071065384219749461e+01
8.464334294453898622e+00
-1.460550986458694211e+01
-2.484854087273710732e+01
-1.450645290741334748e-01
2.597044627705038522e+01
4.529066184019278296e+00
3.867188667839754146e+01
-1.923177001693061783e+01
-1.955400391140811323e+01
1.255871805199743108e+01
-4.362833986524453422e+01
9.495223856126358442e+00
-2.702896012339767040e+01
8.496337341604906612e+00
6.247776516923408963e-01
-2.157780089447234317e+01
-2.746521130732419280e+01
-4.392444703109596560e+00
3.829132853674899195e+00
-2.061479946665398799e+01
3.211994498935607112e+01
1.844857246055735800e+01
-1.173030646871119131e+01
-3.063294529532833010e+01
-7.510093032884725517e+00
-2.224930190930045626e+00
4.550270785030932075e+00
3.390230949817564010e+00
-1.401070671784705723e+01
2.905302962203863615e+01
-4.245339017482345412e+01
9.309736924418551496e+00
-1.517522733392357281e+01
4.454253572631884595e+00
4.063603235145436088e+01
3.220868578537060500e+01
1.787015393511462946e+01
1.641307907597166604e+00
-2.375235571407742441e+00
2.401754014184936636e+01
2.061927316547516398e+01
-1.462969356874351945e+01
-1.123703300118331327e+01
-2.728036160343336292e+00
-2.785953120852772003e+01
-1.105850728844730213e+01
-2.384849272600100889e+01
-2.285523914337775864e+01
-8.054208603645243159e+00
9.501110895452256955e+00
-1.149536340257613176e+01
-4.268655136061016009e+01
2.054430676071974915e+01
-1.615899641584094582e+01
-1.659714717606362910e+01
4.083224143681847806e+01
-3.182649899613085154e+01
-4.583003177219339364e+01
-1.707220599735517652e+01
-4.335303634621709534e+00
1.815011009890517357e+01
1.974429796026169015e+01
-3.236759040138475996e+01
-2.888493328089267820e+01
-9.921348458887642607e+00
7.765310445105669146e+00
2.831614595972686743e+01
-6.713753471084856983e+00
-1.706833105980798848e+00
-2.745897949996489729e+00
1.907690813159270249e+00
-2.344687994218938698e+01
-2.280403814825940501e+01
2.308027263206395219e+01
1.665051908043993478e+01
-4.405016734188464511e+00
-2.992433714909211773e+01
2.839441104918736869e+01
-4.025384355880301257e+01
3.572242348892952180e+01
1.371522179224820093e+01
-3.051143038975119381e+01
-3.669627244251115172e+01
2.684395780070789783e+01
-5.172856391948940313e+00
-2.681783465670974920e+00
2.867485194861980347e+01
1.609548802429452508e+01
-2.101448630307903187e+01
-5.978784795966525678e+00
1.522655771936709357e+01
6.469486607492314079e-02
-3.523800215166606620e+01
-2.687645963227356916e+01
1.791177821715463381e+01
-2.002608651082377023e+01
8.162653377266451571e+00
-4.263234586270532134e+01
-3.447348931270157379e+01
-3.971318003045837486e+00
-1.979326835215623603e+01
-1.479609530668748363e+01
-9.152746496250408370e+00
-1.377610478638236202e+01
3.933348563866655923e+01
9.783594736480985432e+00
2.266134077406303504e+01
-2.800433668082029470e+01
5.906529530705604714e+00
3.787407081934435382e+01
1.974103785768012642e+01
-3.841726531599481831e+01
7.467167191873549825e+00
-2.847400653651270730e+01
-2.865858925385346012e+01
-6.001438701543740706e+00
1.004360960152590110e+01
-1.220885990429481893e+01
-2.991859035082292451e+00
2.071598778366215754e+00
1.310220183705217778e+01
-1.758484974096668196e+01
1.682059312765478865e+01
2.341486906598063911e+01
-1.981722012338000738e+01
-1.032493611838035719e+01
-1.153575750351343743e+00
-2.423215370284392733e+01
-2.815312955937699257e+00
3.199322803458302644e+01
-2.239550271529190795e+01
2.084147169599503968e-02
1.061526107122880802e+01
-1.392647543717453118e+01
-1.323122307589348168e+01
-8.107232021872171401e+00
-2.871903038947998255e+00
-3.564655660594880970e+01
1.409220410766461384e+01
2.989331877929380710e+00
-9.071208987730415174e+00
4.844966863540022928e+00
1.375781553696411663e+01
2.559158625040089419e+01
1.495622753839327856e+01
-2.184414061812645258e+01
-3.311601581542063144e+01
-1.880329792152579671e+01
-7.804830136880269720e+00
-1.571478577659041775e+01
-1.233718154771558773e+00
-3.106189832207698487e+01
-6.787989952133614224e+00
1.073856361414438254e+01
-1.903597200079602914e+01
2.096068233119605395e+01
-4.019135459519894482e+00
4.061547470330104659e+00
2.436148538369576499e+01
-1.308246326432090001e+01
1.556613871060805820e+01
-1.786326172247192545e+01
2.147702932452921232e+01
-2.940118387197259864e+01
1.000375535877770972e+01
-2.653206095931437858e+00
3.261012667566099310e+00
-7.368908358975502892e+00
1.009735702096883614e+01
1.147565746571125089e+00
8.488746844955599613e+00
-1.983328672301180973e+01
2.334886329147153106e+00
-6.658090263495438421e+00
9.178718425202639253e+00
-1.654248526386831486e+01
2.907790023419755698e+01
-3.259336420790207711e+01
-8.116591337623439983e+00
-5.608227973122666299e+00
8.820323857423304048e+00
1.915769031492169461e+01
2.033950901879835271e+01
-2.791402282819212033e+01
2.566666045346303804e+01
-7.948579494935117395e-01
-2.608058085059677822e+01
3.465712682163277236e+01
-2.171800337613565191e+01
-1.490007839393847178e+00
-1.893927932120440616e+01
-2.598068508037011526e+01
6.758352351471899055e+00
-1.946363354579643712e+01
1.029233328065956243e+01
2.312004190254810965e+00
-1.368332642149083966e+01
1.615919160830627277e+01
-2.954270006962179096e+01
8.673496823403681333e+00
-8.193138055886365123e+00
-3.401240224598063833e+01
1.011114138879138125e+01
-1.073587202659686568e+01
-3.003915447344465051e+01
-3.078313357914436210e+01
2.634884182191478885e+01
6.019132537494421342e+00
-1.526634966882202349e+01
3.473741367869678243e-01
1.251659939302357571e+01
-2.219761571810235878e+01
-4.506448091527413169e+01
-2.822835511906897210e+01
-7.636636105200054203e-01
-3.735317774819655767e+00
-9.505575933375354225e-02
1.021501668152723141e+01
-9.689256605638362885e+00
-2.479576366037400348e+01
3.447400699349047670e+01
-3.180581204424740349e+00
1.428613526526237365e+01
1.810754162928856204e+01
-2.437607032124653017e+00
5.509296800201632038e+00
-3.363183099599815762e+01
-1.850415147019973716e+01
9.125408685155555588e+00
-2.033223862291152528e+01
-1.598138100409520490e+01
-1.277850008807023130e+01
1.358197767942547074e+01
-2.806011551917169200e+01
-2.592538310779873711e+01
-2.263883147350756531e+01
-1.024867217300492683e+01
-8.279110521728583194e-01
1.155790678650892289e+01
1.721248735279480968e+01
3.454606908585680003e+01
-8.824352178456997819e+00
-2.852888858120391546e+01
-3.120127861169471828e+00
3.301262423852901406e+01
4.650139047149599492e+01
1.798298462492530803e+01
-4.586435872694352156e-01
-3.034758691845872391e+01
2.829547788602168623e+01
-5.292193196946470835e-02
2.002008951703281525e+00
-1.336082163579040838e+01
-1.977226780415190888e+01
2.901131857309664497e+01
-8.372565755660289710e+00
-5.830248786632949987e+00
2.268640289565645674e+00
-2.420798500306410261e+01
-1.823742336428738753e+01
3.374482083004248523e+01
-2.792238903057258526e+01
4.546690675309066876e+01
2.251091462438155588e+01
