3.808830866089805056e+01
-2.716312359130449394e+01
-8.922418385385100237e+00
-3.174632001057006292e+01
1.453837616713437342e+01
1.084384166092060298e+01
9.375974227536957528e+00
1.842937214491955444e+01
1.184538326083400506e+01
-1.215936953320833425e+01
6.089157291026459973e+00
6.797193130218147417e+00
3.815053776418039888e+01
1.228934346031387292e+01
2.257265234818163435e+01
2.454565791235079075e+01
3.842476059214079953e+01
-2.467614277219287189e+01
-2.137622241357419739e-01
-1.584528122958698759e+01
-9.491719796218411886e+00
2.176860959323536804e+01
3.872930730267229649e+01
-4.601355450601181474e+01
2.440729792267124765e+01
-3.018917364680125459e+01
1.118574719701219777e+01
1.780858502573200042e+01
8.445716299297586716e+00
-1.796070811275390611e+01
-1.579065549293403592e+00
-1.377881323259658330e+01
8.375010050540645068e+00
1.847739407508866805e+01
-3.204362808714023458e+00
2.687506039478762432e+01
-2.972943991882189607e+00
-6.072097081327100909e+00
1.786310423629501543e+01
-2.149605371626077499e+01
3.591164199972183724e+00
1.255388825591291635e+01
5.264138922873442539e-01
-4.131242603103510191e+01
1.839445900289599933e+01
-3.675782507260596788e+01
-1.805099513043505866e+01
-2.576484908076181313e+01
3.040024873264070493e+01
-1.607023542505806546e+01
-3.218149081063269534e+01
-1.308245234570854620e+00
1.250038811400594341e+01
-2.306008680801935284e+01
-2.263527751549126066e+01
-1.879506108693191280e+01
-1.513309960949560207e+01
-2.990497913741552694e+01
8.583360321209468680e+00
-8.947677349220668930e+00
8.090439912603166306e+00
-1.296208114859447136e+01
4.022714660598992964e+00
-2.706911144405884784e+01
-1.219244644376200171e+01
-5.677892149780262798e+00
1.132587641521595856e+00
2.097214506027947323e+01
1.800451981081158692e+01
1.712240913420370703e+01
-1.310072916858325698e+01
-2.644874101871335625e+01
-1.719168401832200743e+01
-8.724370636694992243e+00
1.025037536046535536e+01
1.234574661376686322e+01
2.194881007352384472e+01
-2.075418151658864474e+01
-4.029071508743491847e+00
-1.222187878570674258e+01
-8.963212882396753400e+00
2.855151617688582633e+01
-2.096483491473276572e+01
-3.683835324316675042e+00
2.172019547008159179e+01
2.741202930768733381e+01
2.523861948021703938e+01
-2.910376523702618101e+01
1.600147888530365492e+00
1.188934880994308685e+01
-8.311769643051562184e+00
-1.821204656418707657e+00
3.304300349237891510e+01
3.521958575235868238e+01
-1.318694480802302138e+01
9.142126975108631370e+00
8.980329412128597255e+00
1.676698112372416460e+01
4.014394973298294644e+00
-6.271169593454892777e+00
-1.203571119369068043e+01
-1.158616071449938545e+01
3.910022651364361934e+01
2.121912467613435638e+01
1.475658390990058422e+01
2.503322230934713843e+00
2.258217869203707551e+01
1.135397888207781847e+01
4.298631888184959848e+01
1.951707435707980665e+00
-4.457004572441891810e+01
3.032644124457270607e+01
-2.448834553066894415e+01
-9.660979352293196598e+00
-8.732787245097803464e+00
-1.265209167523342160e+01
2.027438382931023853e+00
-3.037465414504431038e+01
-3.746666216148906869e+01
7.593671027431959430e+00
8.952642727966534153e+00
7.702121382360630264e+00
2.950572871669571384e+01
-1.336129113153260306e+01
1.811937621565576251e+00
6.091285794537640186e+00
1.946193184294159551e+01
2.579136872063844521e+01
6.846925562252515363e+00
3.662961413989840764e+01
1.920018210582041718e+01
-5.273782948079322352e+00
-2.445768750252177526e+01
-1.657861464787362138e+01
-2.387785896407759267e+01
-3.261876901273363671e+01
-3.268540859565715095e+01
-2.441880365567418210e+01
2.241265408067616249e+01
4.779381305864859542e+00
-1.758231760846810232e+01
-2.239901178012006966e+01
-1.442401999041429406e+00
1.558760143911233342e+01
-2.855954480783161387e+00
3.794820532036310112e+01
1.732129512798660187e+01
-9.387973734792183222e-01
-3.377717188279655858e+01
-2.229539631265134503e+01
-2.090486404603975146e+01
-1.812296541700144559e+01
4.232222527823198277e+01
-1.544435181937791413e+01
-2.658872022456358764e+01
-9.830173439132927626e+00
-1.260989139352633970e+01
-3.188322566592845675e+01
3.280501622012839391e+01
-3.302227038340608800e+01
2.945038036002370063e+01
3.178373662295165047e+01
1.234853087423390150e+01
-2.950566446404542731e+01
1.783449820089163040e+01
1.458342126908215164e+01
4.076212059643481211e+00
1.768118411993715711e+01
6.808229042438043166e+00
-3.193423601400132128e+01
2.508132883416308800e+01
-1.180067782478957383e+00
1.912169408459116937e+01
2.726028664149120573e+01
-2.289963029207671852e+01
2.179510602621121507e+01
9.287225331404947326e+00
3.726062747051975066e+01
8.868090820508264471e+00
-2.728905819127288979e+01
9.865279480209011354e+00
-2.820076250459404577e+01
1.309542915909865712e+00
3.310224649070079295e-01
-2.393721853082219653e+01
1.981226348294943307e+01
-3.036369520752446149e+01
3.270818582303343192e+01
-4.362394372506855689e+00
-9.166147492662119589e+00
-3.070107706370840006e+01
-7.858392944512168299e+00
1.554343747963056899e+01
-1.462478062346633578e+00
-4.451356416354812495e-01
-7.277958871638034566e+00
1.181851909279865254e+01
7.915602779560671820e+00
8.920506261576313989e+00
-1.059020024506128976e+01
8.816281136327596357e+00
-7.320736604519240132e-01
-2.079572670326422923e+01
-8.673667259167295640e+00
2.870060158900950853e+01
-1.430502877716536148e+01
-7.947266866989508571e+00
1.931936553701527259e+01
1.780077007848275628e+01
1.687303396950974843e+01
1.592490479658376046e+01
2.599038753559725023e+00
2.644277907510553405e+01
3.870464804089600364e+00
-2.395545228983875674e+01
-8.016471574891049556e+00
1.479089316129321219e+01
-1.780515609595013871e+01
-1.924776484255483666e+01
-3.404541192786972204e+00
-2.303007590695056450e+01
-1.184316596121045251e+01
-1.699301808719772566e+01
-4.647619692472957809e+00
4.757665308923542113e+00
-3.348670363940222217e+01
-5.138916098439750613e+00
-3.122341358104602094e+01
-2.044896945971301960e+01
4.251781952016106914e+01
-1.333498204149845634e+01
-2.100818536846743001e+01
-4.510090737426040164e-01
-1.526674253961274275e+01
2.633290161818415243e+01
3.799776897046491797e+00
1.221164511674556508e+01
3.779015162868313382e+01
-2.242457856353666656e+01
-3.221684428945282974e+01
-1.393735759669314689e+01
5.028522167533978404e+00
-3.613814177901100066e+01
-1.321001984948858166e+01
3.694180386630958424e+01
6.988416616689200112e+00
-7.975662908345007907e+00
-3.046554870219253530e+00
3.067663551226394247e+01
8.647612448844633093e+00
-1.565060365664552222e+01
-2.802117940419390152e+01
7.269131252747087046e+00
2.728851031372110469e+01
1.023192784942359168e+01
3.101126206154231113e+01
-4.920206916532656294e+00
-2.235576632316336188e+01
3.211776657254240774e+00
-2.715133697771430832e+01
1.537848441132675248e+01
-5.822932632211070825e+00
1.177196570968649070e+01
-1.552220008140913876e+00
-4.208457082597170285e+01
-2.810905902501166764e+01
-5.072144830467806287e-01
-5.657108866082737109e+00
2.139452955305642945e-02
3.558407513148623025e+01
3.257161595909853702e+01
-1.317125961339401385e+01
-3.240501301693761604e+00
-1.667019967745878262e+01
2.271397033264726417e+01
1.560363774467657549e+01
1.920504151364904999e+01
5.813258021176572754e+00
3.711707567546838504e+01
-2.633670255499011503e+01
2.530904397486366975e+00
-8.237991966748694495e-01
-1.431745008845879852e+00
4.405620212808032932e+01
1.338747812806576576e+01
-1.448919853871583285e+01
-1.581657765292412421e+00
8.047413295801099764e+00
2.995328926857443719e+01
-1.107896168862616548e+00
-2.838070662855347592e+01
-2.170027122848374290e+00
-3.688430541910989291e+00
-1.109915484733661373e+01
-2.043575179101956962e+01
-3.865229351847084160e+00
-1.583902823308064001e+01
-3.105460852433072816e+01
1.472537310510872999e+01
2.107313141937495971e+00
-1.846197770778020697e+01
3.537216764665190283e+01
-2.634365719042561693e+01
-1.537527938125764138e+01
2.343775329758459236e+01
-1.330662969994914135e+01
-3.443780547953912219e+01
-8.526567498661478339e+00
-2.112577799581073634e+01
-1.153002674465277266e+00
3.674625472108897384e+01
-4.068783197145412345e+01
-3.716180904648177830e+01
-8.335713032521944399e+00
9.696133696526231915e+00
1.149803921415802677e+00
5.557691172519419354e+00
3.063645060447647950e+00
-5.827360887527845534e+00
-8.559629868840140432e+00
-1.707353388110847447e+01
-4.082438883450873846e+01
2.753749588123379510e+01
1.941694221311792035e+01
5.487199264534758925e+00
-1.835511767538481820e+01
2.988594073972934950e+01
-2.853853953145446098e+01
1.567023299392620572e+01
-9.724925588017107714e+00
-1.053397629646813982e+01
-3.582399071890742448e+01
3.418446452640465338e+01
-2.550664522086911745e+00
1.086794572532129166e+01
1.451453152665604307e+01
-6.142250596668780815e+00
-1.427926054982848569e+01
-8.567699050569032693e+00
-1.702885771157085060e+00
1.375324216875342387e+01
-1.702339718638612709e+01
-2.420994199097420818e+01
1.794968833267330410e+01
-1.763717803006035467e+01
-1.379512160582953584e+01
-4.545502152347259539e+01
-3.955398786800486732e+00
2.655091490117692388e+01
3.901007425421241237e-01
-6.807637483414950452e+00
-2.262755949376829534e+01
-1.125864135001063460e+01
3.878073654918944158e+01
2.135540995970337974e+01
2.413040294451872114e+01
-2.701495061757987060e+01
-7.899598516050303942e+00
3.928299264819088421e+01
5.796868597591995353e-01
-1.135654558548552018e+01
1.153546654920631909e-01
-6.345748787386227718e+00
-3.310704396934535509e+01
1.947297463067366152e+01
2.211693528162940936e+01
-2.330432088633546073e+01
-1.664038207892368604e+01
2.430170048053675202e+01
1.206598158969944024e+01
-1.416121584850854731e+01
3.724185355513971274e+01
5.242984027253761781e+00
-1.177241914218875962e+01
1.740017035940603307e+01
-1.506529312330588510e+01
-2.380225964262112726e+01
-1.338788029099647048e+01
1.117141371775201009e+01
-1.300843965315735318e+01
8.284643168507699329e-02
2.248383301251564603e+01
6.245387700504743123e+00
-8.100465642483065665e+00
1.714937244776260172e+01
-6.016583987829271507e+00
-3.435762664400303379e+01
5.352956435416487579e+00
-8.230707423732788186e+00
-5.317766315255276766e+00
5.725763879855108485e+00
1.964076041398710970e+01
3.401907422366204514e+01
-1.289302762530333268e+00
-3.151983887198413470e+01
-3.331476465776030693e+01
-1.055733991697195506e+01
-1.256488661372831928e+01
-3.380310216985336069e-01
-6.898657525290964543e+00
-3.439687425792483566e+01
6.677029016603626133e-01
3.274040496695189972e+01
-1.940590246421276532e+01
3.125713646285468883e+00
-3.431277462622574603e+00
1.935561096566063100e+01
3.580290729216746115e+01
-2.848654800607731730e+01
2.335925649578894081e+01
-7.499867235359474194e-01
1.974527469891323506e+01
-2.917776129417059039e+01
-2.432683763528785903e+00
-6.975706073011323838e+00
1.510676332063849259e+01
-1.123142062001154784e+01
1.052013690395908441e+01
-2.026372230222835924e+01
2.494149146063908518e+01
-2.617029242372291975e+01
1.767269814119538296e+01
-8.817471600139796806e-01
-1.616912488747285437e+01
-1.693932403257784358e+01
1.172155277236453230e+01
-4.339235613821428217e+01
-7.847938421868292380e+00
1.974682824184128549e+01
-3.663808552330102941e+00
7.498265804953810232e+00
-8.178130274356618656e-01
-3.796241586595733253e+01
1.350431722557734560e+01
-3.388661698179603832e+00
-4.235783914050436749e+00
3.891405743277790918e+01
3.852741241477673384e+00
-2.354446956766654964e+01
-2.136181069497269291e+01
-3.546361597841006130e+01
7.029934087388603814e+00
-4.472544317182865825e+00
2.625363231012673282e+01
1.741003324015466092e+00
-3.159923517919905933e+01
2.670796255690657972e+01
-2.055873270355115778e+01
2.164456055633642961e+00
1.164205245241581821e+01
-3.090269057408228193e+01
-1.532125795440464344e-01
-4.579180364129058489e-01
-3.102730808557694431e+01
-3.215850319285651437e+01
1.153792778392451623e+01
6.431732926844048848e+00
-2.090530998160658882e+01
1.851027377476214042e+00
1.245824736234606434e+01
-4.082436250424500201e+00
-4.453039865263885133e+01
-1.075015098214895204e+01
3.410587291950825772e+00
7.541645512958417896e+00
-1.487137574277512897e+01
-8.981061864099793013e+00
-3.375992134940176470e+00
-7.359781324838479577e+00
2.192221710390687406e+01
1.117544137162654039e+01
1.282918716984816854e+01
2.380559658799903389e+01
5.214510637387483882e+00
-7.922692832554965037e+00
-3.162007990717059513e+01
-4.013347601914193774e+01
-1.009620561348722845e+01
-1.094742349333861853e+01
-3.343047524613193389e+01
1.126563823674106146e+01
-5.462929692273412741e+00
-3.660021777363180462e+01
-3.186823259720262413e+01
-5.945394594634443308e+00
-1.399368889752203415e+00
1.649513942231664032e-01
1.673395973021807492e+01
2.193721873951930945e+01
2.087380840964448225e+01
4.466482431576011436e+00
-2.175671720652830743e+01
-8.392203527009982622e+00
2.945824776814083634e+01
3.882210261279936958e+01
1.791557020841756298e+01
-2.976674897880126025e+01
-2.166966413733452512e+01
-4.874063395195939563e+00
-4.096683050057983166e+00
-6.802824213354284666e+00
1.145948768701828868e+01
-1.056317928410683038e+01
1.503246814398741549e+01
5.678487033225529501e+00
-2.513672016332810344e+01
1.701196145507431368e+00
-3.181384565796167152e+01
-3.166711933221418818e+01
3.276278265060921058e+01
-1.300329315426837695e+01
3.007294387146600911e+01
1.711907793154442459e+01
