2.906987095710140068e+01
4.423428500927961693e+00
-1.130395758457233057e+00
-1.556070741525370238e+01
7.463476825762214162e-01
-1.458714036848981266e+00
1.673832743306023474e+01
2.574754060563743963e+01
3.680009427311424020e+01
1.579104864478757975e+01
-2.104425255777339743e+01
2.317894643214039263e+01
3.465001864274927357e+01
2.534670454992692612e+00
-4.549896303812147380e+00
1.024566190659298570e+01
4.058047550209636256e+01
-1.321123973536266760e+00
2.712593798471374384e+01
3.840019106796063397e+00
-2.819977498995346465e+01
1.347384182921182827e+01
2.534492571182222775e+01
-2.621105319020416857e+01
2.123423901168941086e+01
5.982706124843517159e+00
-2.520881667020780981e+00
1.602551565268433365e+01
5.084557867537796483e+00
-2.528119335044285521e+01
-3.823594342338934382e+01
-1.711319858843658892e+00
7.142132918759749316e+00
4.211651330896941658e-01
3.984893921788788873e+00
-1.207921939761818209e+01
-5.917654347495819422e+00
1.889028330736050520e+01
5.161876938017350369e+00
-3.096476377422661841e+01
-7.147073953296569471e+00
2.273339776193051875e+01
-2.197729458731906860e+01
-3.653519841496417797e+01
2.080428153737987884e+01
-3.673286957693342458e+00
-8.107106778744068265e+00
5.364095975478591072e-01
4.627164072237654580e+01
-6.797325249028439487e+00
-3.174448162046819633e+01
2.038861773958899448e+00
1.494957110131234401e+01
-1.663370807399859785e+01
2.344770512586862310e-01
-3.781856847303401992e+00
-1.265863941749530142e+01
-4.594961085556694513e+01
-3.324088774540697955e+00
1.630013817420167754e+01
-1.051005557451743755e+01
-1.941681436158837570e+01
3.211213621007502184e+00
-1.809124666345109489e+01
-1.686383729106466234e+01
2.504527725129554483e+01
1.171639709564911414e+01
3.293995317478415075e+01
-7.012727286180577835e+00
1.368614603372340355e+01
-3.490880806772045020e+01
-3.673525400542985153e+00
-2.796041608453673888e+01
-9.642033086254265584e+00
1.074441998361638184e+01
-2.158993146592976586e+00
6.609530547412958867e+00
-1.922244597534683663e+01
-2.760372601113629187e+01
-2.404269800535063695e+01
5.884213057954504222e+00
2.464990498889378046e+00
-7.515882710425472624e+00
-2.231870454144779714e+01
3.386839160543502203e-01
-1.072299118447079280e+01
3.400683688679836791e+01
-2.336708133513247176e+01
2.603525335863933776e+01
3.172637430185815788e+01
2.586895758390082278e+01
-2.208025605307748052e+01
3.196214473934971068e+01
6.532169252727236142e+00
2.440175849885982018e+01
-5.492746082386311457e+00
1.319090900183957871e+01
7.319546458578471970e-01
-1.067441460457716573e+01
1.678736832517998323e+00
7.917388038443952780e+00
-3.670085796218856444e+01
1.916798268340022560e+01
2.042062429722626860e+01
-6.824990097394397992e+00
-3.573361498493333954e+00
1.131749393130465364e+01
3.719548997898451148e+01
1.720299295385483163e+01
1.038242850749979596e+01
-3.164824708797542741e+01
3.200228187991631046e+01
-1.221787608767519373e+01
1.443285257903195884e+01
7.818217482343989388e+00
-3.513729537734312203e+01
-1.698417623911777952e+01
-2.414555151595451221e+01
-8.138555223562789820e+00
-1.723299004363707354e+01
1.241208221090065678e+01
-1.137931227421509561e+01
1.486540556200979779e+01
8.688854537305132908e+00
5.035747968887108073e+00
2.458173289732343392e+00
-1.023706733284561921e+01
3.224323637245387886e+01
3.188990149679584363e+01
1.917494886252598008e+01
-1.415514118914473585e+01
1.331450761637080404e+01
-1.654977689512745798e+01
6.101708828264705176e+00
-3.356661324166474003e+00
-2.179238613170222294e+01
-5.520575105481341893e+00
-1.312062202277552103e+01
-3.354112877447398944e+00
1.896655534450280811e+01
1.222881251212513121e+00
-1.972788274157636224e+01
-1.790033959504005168e+01
3.260485554011324894e+00
-8.636690075733071126e-01
2.267986156706430734e+01
-4.074105637095897237e-01
2.754834848516635759e+01
-1.384544914159255313e+01
-1.864370665441530406e+01
-3.180854195037084509e+01
1.942894007158643888e+01
2.379788591567290723e+01
-2.445773536022615602e+01
-1.477060069807675546e+01
1.514738545631068689e+00
-1.602921083517644263e+01
-1.696850873319730368e+01
2.403631246517221598e+00
-2.631949944693741017e+01
-5.415984971840615003e-01
4.422479249229498066e+01
3.797440640650073362e+01
4.824788811700116753e+00
4.311193358625260430e-01
1.578523235338657571e+01
-1.532319713304731579e+01
2.401450398563038391e+01
1.007084028651189556e+01
-2.288817438018556061e+01
1.463920078692591176e+01
4.081868105054788032e+00
2.433116421701359400e+01
5.946380202876369481e+00
3.338780750405021536e-01
3.668643018111717424e+01
6.925014100618277268e+00
4.348795223010174027e+01
2.469889825679338458e+01
-1.580817789807596085e+01
1.392397803588345795e+01
-2.215435775803761231e+01
6.458926655895716351e+00
7.100430652168846279e+00
-2.035666759493683742e+01
1.363154352403427083e+00
1.138927723086425203e+00
4.545615451158727183e+01
1.703930033597754345e+01
5.604369827987412123e-01
-1.875119162417263752e+01
-1.531627876281203271e+01
7.397369194302619633e+00
6.686860357757076656e+00
1.504405943948484037e+01
-6.061584044311388197e+00
1.914690768565179724e+01
3.891502715093778875e+00
2.254857902572551609e+01
2.261960037322666039e+00
-5.129761528979535967e+00
-2.801776298895362061e+01
-6.015711939434162048e+00
-3.303286748849292565e+01
3.721584486607626729e+01
2.167499969813255234e+01
-5.885407499372291795e+00
2.733431531589438634e+00
-1.309469519004975524e+01
1.487777436999181191e+00
2.837756487861243215e+01
-1.771942314421801257e+01
3.069255187550150765e+01
4.006971744102271771e+01
-2.439536596158430726e+01
5.973065733841465885e+00
-4.021622353363497382e+00
1.312678819413288522e+01
-5.461442722998164356e+00
1.520989417927449949e+01
-1.711982514027381796e+01
-1.452693483107637462e+01
-4.479627362552854208e+00
-1.227395468892145658e+01
1.412835889735021055e+01
-1.950865398859165012e+01
-2.572562344642250665e+01
-1.687330014163496372e+01
-1.635670737942817254e+00
3.798324104041439853e+01
6.556392863944346061e+00
-2.869776201697584739e+01
-3.071548115625624575e+00
-2.293926618996755451e+01
1.127582058775055174e+01
-1.641623568189023530e+01
-1.580292087144415092e+01
1.878425701809547377e+01
-2.967243663877297877e+00
-3.082107787132658672e+01
2.885716392090756699e+00
1.902825533813707182e+01
-3.295532039288013948e+01
-2.689065672944657237e+01
1.068148474372222267e+01
-1.882264967738296235e+01
-2.777811116758641674e+00
1.548463884078167041e+00
-3.812025005441263659e+00
1.168777548831927504e+01
-1.582843027173133521e+00
-1.545733713715549129e+01
-2.694808834167673695e+00
3.078096504676946665e+01
-1.384284494783315722e+01
3.145764871380110606e+01
-1.590337225013791311e+01
-7.679996189966942666e+00
1.990963646829806066e+01
-3.216076593558640440e+01
1.094426332692601989e+01
-3.140334548092801370e+01
5.362140917554270914e+00
7.097449231781780554e-01
-1.753197814528244436e+01
-3.281412585269650606e+01
7.504534762032399442e+00
7.797068627613199965e+00
-7.064517574679641143e+00
2.746726583097964181e+01
2.885400778939064992e+00
-1.094560681727877238e+01
-2.980027933717251898e+01
1.435460276136524271e-02
-4.435865752423552522e+00
1.102002526709916452e+01
1.150944743740330978e+01
-8.134678151125633860e+00
1.854223485852195097e+01
-3.294780820313084746e+01
-5.334866630644953034e+00
-2.001632805169727192e+00
5.100087073720281694e+00
3.385226534239035345e+01
2.532597226657240697e+01
2.453362059156877706e+01
-4.239101875302495159e+00
-1.431559410120291176e+01
9.300916915240506455e+00
2.597390391206151605e+01
2.592117194557843618e+00
-2.223516941400411895e+01
-1.266131874201364838e+01
-1.383956121532619221e+01
-1.851164238696904007e+01
-3.477565223088452484e+01
-2.039227223342626871e+01
9.808734129118320766e+00
6.719998958948067980e-01
-1.110818210129869499e+01
-3.956223994236578534e+01
1.974372914750860275e+01
-5.420415122418795306e+00
-9.652452848279388320e+00
3.994161294097654036e+01
-2.140671523110126984e+01
-3.097065926665129609e+01
-4.142918158965649411e+00
-4.127535432742703847e-01
1.311628208500697212e+01
8.925208253534478331e+00
-2.304610102599088250e+01
-1.175945295381475120e+01
2.395625269479126018e+00
-1.748468753680278098e+00
2.929083073781959001e+01
4.687397274592711938e+00
1.134704240435490874e+01
-2.927027710091451240e+00
1.974678295192909161e+01
-2.368419697045551331e+01
-9.310584272837665765e+00
1.457630780503140500e+01
1.757579524627658429e+01
6.744821358272034217e+00
-3.826061057950404631e+01
3.339207716293743999e+01
-2.855463950324781308e+01
3.466120821961403919e+01
1.531240653727023471e+01
-1.900291626677215362e+01
-2.690250912080969670e+01
2.548221356752719657e+01
-2.224609730846420064e+01
-1.516315141164050573e+01
3.866278664818878497e+01
1.585926682056472714e+01
-1.624141440693801997e+01
-1.646529487513522838e+01
6.213586455141630438e+00
-1.958795663047787627e+00
-3.147908354860709679e+01
-2.386807957975825190e+01
2.200731868850648709e+01
-4.970576665866062172e-01
7.365511680569092334e+00
-3.582745121674724942e+01
-3.906871865522357723e+01
-8.570041667883351977e+00
-2.150020732524360412e+01
-1.317850204694646266e+01
-7.431595876996652805e+00
-8.112210736899783114e-01
2.674457130296514151e+01
5.731174997812672700e+00
2.912507532969013369e+01
-1.869578484099669424e+01
1.500694060308292421e+01
3.490543650205187021e+01
2.743466763178486190e+01
-3.316410270446353792e+01
5.862505232548429035e+00
-3.728448483790450041e+01
-2.662377777731297357e+01
-1.973350870308503602e+01
-1.506389242616258173e+00
5.934909804220758645e+00
3.841366500667774631e+00
4.463855632018599806e+00
-7.305863412210761965e+00
-2.032466115874204249e+01
1.378967410041644115e+01
2.304404567738671972e+01
-3.067387910207172297e+01
-1.826376909354566891e+01
2.215073370120066443e+00
-2.019486142039874466e+01
1.110815493400774301e+01
1.816228316565577927e+01
-3.310640795798397562e+01
5.683243123616335879e+00
1.939494843718961192e+00
-2.021573730444618988e+01
-2.758080660569828169e+01
-1.891029527602580629e+01
1.546408803988306602e+00
-2.102403420065783735e+01
2.179801883433653131e+01
1.986944161962330213e+01
-9.215305734745335542e+00
7.742598361865859147e+00
-9.950090498717969467e-01
1.245254274000630090e+01
3.064884538518823831e+01
-1.880151584181554369e+00
-2.312563132563805368e+01
-9.894577051481654451e+00
-7.146832966543975374e+00
-1.826561195460253018e+01
1.401472037803898729e+00
-1.334111448598353178e+01
3.530437281557354368e+00
2.203120651580761091e-01
-1.891761733018614322e+01
3.501584477355970648e+01
6.334281517420002672e+00
5.640076098851196207e+00
1.051764852099545067e+01
3.590275983933906900e+00
-2.369726884169743641e+00
-5.287616117252539993e+00
1.461219491873723086e+01
-3.002285122899147751e+01
1.134314071988825390e+01
-1.353995725921418369e+01
6.224523898958338464e-01
-1.993015651694328483e+00
-5.702883139139800051e+00
2.471172448925351262e+00
-8.010357862451265021e+00
-1.882076201112509040e+01
2.974054294140081822e+00
-2.016273262081222839e+01
2.136747363174731618e+01
-3.328470945456288632e+00
3.205943160077609377e+01
-3.013485140714238852e+01
-6.748584543608195929e+00
-1.480007831094314952e+01
1.076636656836018346e+01
2.970440378017357830e+00
1.042544508132044001e+01
-1.781226051925999343e+01
3.412343292558477970e+01
-3.705247038644955637e+00
-2.102615631585871725e+01
1.909660995256321314e+01
-2.624258477407405721e+01
1.419139516754617603e+01
-1.386139121192600498e+01
-2.490099853474899660e+01
-2.217882781899710665e+00
-1.319210343979785449e+01
1.374402263297483984e+01
-1.577435305965912704e+01
-1.004931240081955934e+01
1.626616216981472007e+01
-3.385855817050948247e+01
1.903530043799671034e+01
-8.383077306776897331e+00
-3.076831039397048428e+01
3.691815344030402457e-01
-2.650162727439976962e+01
-1.625781885402310678e+01
-2.667345888028231826e+01
1.798744485736413878e+01
-9.796775465559264262e+00
-9.256855313885971270e+00
-1.001400423963602293e+00
2.104624137752233537e+01
-2.910185738830971403e+01
-3.007988492166834149e+01
-1.226999103788638479e+01
-4.354030846004022237e-01
-1.198102744361729322e+01
1.614236860481301505e+01
2.042511189322853227e+01
4.667549686493458694e+00
-1.280285489846437486e+01
1.784055301409183869e+01
-1.465609936522174195e+01
7.294063581050394873e+00
2.146322947897105848e+01
6.532454561330645504e+00
1.576172260785087076e+01
-3.134099046864976401e+01
-5.202051256611198937e+00
9.602004248661877739e+00
-1.438712654492852749e+01
-2.059281629622535803e+01
-1.903549161271156365e+01
8.650101984345369033e+00
-3.042389074605353727e+01
-4.896253635561144790e+00
-2.765507029418173701e+01
-7.402815855561982517e+00
1.195704933035865736e+01
2.639177594553551387e+00
7.598760981526574199e+00
1.940033045372111076e+01
-7.137959595058347873e+00
-2.040769130863957415e+01
-4.599775643372048251e+00
2.716286234723082771e+01
4.231489306819634066e+01
4.197967667396731883e+00
1.305824731885266488e+01
-3.954004398037083945e+01
2.430695899555304607e+01
-4.925493963288126054e+00
1.769278348141428125e+01
-1.921582258802530063e+01
-1.537413534890255562e+00
1.674683785781897427e+01
3.973727800055158355e+00
-1.051978251801664044e+00
1.417690606094559769e+01
-1.338566635137442518e+01
2.711540472902676413e+00
1.578060930851611943e+01
-3.622694126177731988e+01
3.365667136545178550e+01
1.447346793593825964e+01
