2.111746259239598089e+01
2.457857950563179372e+01
-2.207577698054139503e+01
-1.015121494311653549e+01
-5.596092001898270496e+00
1.840394899157692521e+01
-2.872901822886335665e+01
-1.764979690907366461e+01
-3.124343198993592807e+00
1.997249091573382884e+01
8.754166499011262204e+00
-1.409459807614607030e+01
7.757884813061544094e+00
-2.665599062080580950e+00
-2.358174462867896892e+01
3.687647817870967515e+00
2.686265597861033427e+01
2.601058754879042567e+01
1.830079283641630639e+00
3.379016934140544492e+01
-2.547965767304368967e+00
-1.316153363514390406e+01
-3.947710864166467104e-01
-1.081679769888880571e+01
2.684548861682681320e+01
1.280088440163575569e+01
-1.113791900223570508e+01
-2.568405812827571211e+01
7.426606518433601423e+00
-3.388441826189492190e+00
-2.855351181935058591e+01
3.089970977533764085e+01
2.213149575223717136e+00
8.095948182274156579e+00
1.540218994111106099e+01
-1.858497547269571015e+01
2.146781697990348903e+00
3.728124442991254739e+01
1.433804001674947415e+01
1.426917056594308519e+01
-4.697316591993360646e+01
6.986339378227910402e-01
-1.336397330740831535e+01
-8.674342530500354087e+00
1.235925867238071163e+01
3.061615369155092026e+00
-1.626284452767126965e+01
5.275517272546039749e+00
2.027146074382135055e+01
-1.851008743088559072e+01
2.889084421753977949e-01
3.538215758223671514e+00
-1.213890296057093821e+01
-1.136831755123419896e+01
-1.801919134107149034e+01
-2.576201306733934615e+01
-1.124659823757606603e+01
-1.785255350456602486e+01
-1.812305536424906194e+01
3.914229148584009010e+01
-2.185050439846085624e+01
-1.301316454322344640e+01
-3.201413809662513188e+01
2.750399505508752895e+00
-1.427997752409998355e+01
2.349449139097569628e+01
-1.830594299294166660e+01
-1.139452413878835557e+01
-2.019055052315625787e+01
3.964963057188595030e+01
-1.487332259415035907e+01
2.181770284832064988e+01
-7.972280066103238028e+00
-1.210314481681809440e+01
1.990551780350384092e+01
4.301486923955287978e+00
2.765760612515947514e+01
1.922175661560437732e+01
-5.507563410158752504e+00
-1.544028019270106000e+01
-2.402218228366719899e+01
-1.422445125677143096e-01
1.646703730473898020e+01
-1.870338185328307645e+00
-1.551586604664134939e+01
-6.611741546739224873e-01
7.340941205503391132e+00
-9.252511467849330984e+00
-1.407383756649281281e+01
2.796291599009276752e+01
5.876254762944242316e+00
-2.641805298167290772e+01
-2.560297717712728627e+00
2.347567267078630948e+00
1.198306832838073177e+01
3.987222097308908531e+00
4.248598235595741812e+01
2.435100469100606801e+01
-2.383675160466331988e+01
-1.002447601493285134e+01
-1.029821301810433454e+01
-3.421914899299569868e+01
-1.018938259242356992e+01
1.701599662528762735e+01
-1.599851215901003343e+01
1.373619777905909700e+01
-5.978134614665229662e+00
3.602695888901305921e+01
-6.720174046157502801e+00
-6.361299473008728000e+00
-1.184105951629555875e+01
-1.074796517760157144e+01
-2.764589139477703839e+01
-1.323111750782665297e+00
-9.442757009786603817e+00
-5.184712459707277787e+00
-2.859692946319603024e+01
-5.517613011006794466e+00
-1.333847275979825753e+01
-3.708723667463598161e+01
-2.034474973101618644e+01
-2.601865790193335215e+01
1.814550330673363021e+01
-1.693207576559235861e+01
-1.312999993946581156e+01
-1.286711709922774105e+01
-2.233368410725851305e+01
2.639140698947682040e+01
7.253431514883324382e+00
1.199849545754134539e+01
-6.064346972560379356e+00
2.675860722049037577e+01
-1.282209625456081881e+01
-4.272959845748616203e+00
-3.305889981452605753e+01
-1.597228736376684566e+01
-6.136408534864784770e+00
1.137873815687456869e+01
9.001482877804313887e+00
-1.984756740195631153e+01
-1.285321452675395903e+01
-9.074492175741639244e+00
-1.374226721618123293e+01
5.036679686575951109e-01
1.679940647074460003e+00
3.593946109384572196e+01
1.318456434709707281e+01
3.162180559936724933e+01
-2.093259922780557147e+01
-4.646239386314181985e+01
-2.158589725677093440e+01
2.643571351939252168e+01
2.993025753521251886e+00
-4.884571534772445744e+01
-1.628136405214616644e+01
2.911412395198432534e+00
-1.183237192613616884e+01
-9.645658361297513750e+00
1.609701238823086555e+01
-2.455412703360646631e+01
-2.205858082018498223e+01
2.168430479808192501e+01
2.710015819222351752e+01
1.183673030693391581e+00
1.123446256531719456e+01
1.590836091411189557e+01
-2.132419560263222991e+00
1.337025892265965865e+01
2.810638938422049193e+01
1.487754766429173969e+01
4.340375862826930131e+01
4.307178724624556310e+01
3.610624668532280168e+01
1.271509912442212453e+01
3.135566720592343870e+00
1.263327696314111392e+01
6.075123797356951627e-01
2.313934533427473639e+01
5.978897282654315859e+00
8.048803716343378767e+00
1.296094632502683197e+01
8.145226996636267813e-02
1.197818354135845453e+01
-1.991951598773511023e+01
-4.063572174492060185e+01
-1.526355115589058897e+01
-4.192836614762853742e-01
1.927983127437777000e+01
1.931163272755679827e+01
-3.883441577478900797e+01
-1.154815841576979096e+01
1.725747706789387337e+01
-2.517585188444422784e+01
2.861936544649068992e+00
-1.767494410820952311e+01
-1.999528383150846977e+01
3.594961308044464943e+01
-1.319697712483058893e+01
7.584981159711048804e+00
-3.817215700054963179e+01
6.053524085380999509e+00
1.010826753615473450e+01
1.437111868411646753e+01
-1.289657788501929048e+01
-8.773674604785668407e-01
1.120601709573556093e+00
2.590831216837270290e+01
-1.336492464987635742e+01
7.790259311507782058e+00
1.283828756750284583e+01
1.261086403086653007e+01
3.004110337321840518e+00
3.294292516877010257e+01
1.491380125735008733e+01
-2.235574320298973205e+01
3.378879378958721702e+01
1.570384945906923235e+00
-1.739061090476754146e+01
1.469548783749907273e+00
-1.429252451764217824e+01
-1.314657901461519884e+01
1.694815446546601834e+01
1.325174998057324416e+01
1.271660182880095391e+01
1.289381241467453520e+01
-3.917719066219984114e+01
-1.089110564140637649e+01
-1.863890931410378116e+01
3.798207502686366865e+00
2.063449598602029766e+01
-1.041362671521489602e+01
-2.726862922731985250e+01
2.726140597500186402e+01
-5.000000000000000000e+01
1.982525416000441965e+01
-4.867375750649721056e+00
1.168396676146895885e+01
3.396246404705614452e+01
8.114628502789066999e+00
-1.383231068274486120e+01
-1.974541585732116289e+01
-2.479732580949568543e+01
-1.302694924902043283e+01
-9.299776548668198473e+00
2.789735111033579074e+00
-3.405371276608443054e+01
2.839484560109025324e+01
-3.848968681887070176e+01
4.904598641863010755e+00
-2.366314963573486807e+00
-2.186563693609279824e+01
-1.707599976716865342e+01
-3.534073318715599044e+00
2.950606657878061867e+00
2.037550920293543300e+01
2.249094205460589535e+01
-2.805797396384231490e+01
-1.236398913367212771e+01
-1.936080121864037551e+00
-3.819371218768468168e+01
3.095371469924380392e+00
-2.800277472312017579e+01
-5.757619502496368113e+00
7.764096909798524848e+00
1.192635541850884806e+01
8.374901406603143528e-01
-2.005897303358692341e+01
1.342555619824534574e+01
-4.153874273379566517e+01
1.341592989753927867e+01
1.168982060660388811e+01
-1.067722290040777722e+01
-4.015690676513779778e+01
-1.634446932857848367e+00
-1.682947965806116031e+01
-2.510061662774478819e+01
-2.427914567035398008e+01
-2.931913168177947426e+01
1.318975708611329622e+01
-3.320738171226156510e+01
2.546334718120017726e+01
-3.327505113785519342e+01
1.190776821293906096e+01
1.675219458032348996e+01
3.222302516630854541e+01
2.579063171624528650e+01
7.242607434166700386e+00
-3.534311766463979154e+00
1.754938194506058835e+01
2.203149180077042502e+01
-1.765050885575028872e+01
4.065836250300222332e+00
8.855882071570562175e+00
-3.860068982423611317e+01
2.025773974956128143e+01
-6.269986243094678002e+00
-2.209007004149190578e+01
-1.045855918450278921e+00
1.214935396579677018e+01
-1.706978634284268281e+01
-3.645087709349937199e+01
-7.575986996268269991e+00
-7.164251928300899408e+00
-1.570801203308243288e+01
2.439290072626380379e+01
-4.237767179345382829e+01
-4.346754418032534062e+01
-3.342642451871708431e+01
9.352208127229680201e+00
3.744382558947133077e+01
1.789085483721208902e-02
-1.450240738354434455e+01
-1.758983205003935524e+01
-1.133519193832154315e+01
1.256968581999539936e+01
3.662712080495023770e+01
-3.191308154785856743e+01
-2.286368780233841846e+01
-2.616748152391387805e+00
-1.342104330843572768e+01
-5.587673928236220888e+00
-4.374112310793790925e+00
4.978857656382650987e+00
-8.917233242313884034e+00
-3.037819656313403982e+01
-5.654634779503211917e+00
2.337714613701933786e+00
-3.102983526768587907e+01
2.851771070745073189e+01
2.475705825665700388e+01
-4.479103104577738748e+01
-2.431214785461717298e+01
6.119642091573204823e+00
2.178786100006820448e+01
8.613588500885462906e+00
9.944948879933804164e+00
2.270160612670495937e+01
-2.737803167218463329e+01
2.124039754977216887e+01
3.840184930852090872e+01
-7.640179281785350440e+00
-3.078910874523743146e+01
-1.967562904715182270e+01
-8.240716409474444504e+00
-3.621841692600477813e+01
2.305508657211106538e+01
-1.590915819307694790e+01
-3.175600613015776474e+01
-2.684802413241247976e+01
-2.584170780537520073e+01
-2.195881849393420637e+01
9.862724946887539090e+00
-1.615948535314828405e+01
2.108623418049617726e+01
-1.014248932633622502e+01
1.322477526725528207e+00
-2.680805897712634334e+01
-3.610358634798437549e+00
7.129476423300395993e+00
1.244032125934008093e+01
-3.937224272491890531e+01
7.361638224934743846e+00
-1.898677734668914496e+01
1.575763249307570391e+00
-5.869981785347619052e+00
7.731481590276430893e+00
-1.902591466197331371e+01
6.889808012309472929e+00
-2.556282249248530292e+01
3.406174072595553071e+01
1.135717316270536514e+00
-1.642243055887412595e+01
2.164958978834044956e+01
-4.129295325518654636e+00
-2.546143269090413952e+01
1.739533489992922455e+01
-6.937286729695912868e+00
-4.368014452074163501e+00
4.406360183152310128e+01
-3.592055077097668914e-01
-6.154548436024661839e+00
-2.670227274794299888e+00
-1.025181185452098731e+01
1.203961385902621117e+01
-1.553443043270920043e+01
-5.525555297641709274e+00
-2.742919825553437008e+01
5.415470667452716214e+00
-7.766536030906422639e+00
-1.320054199849297305e+01
5.331022368640162767e+00
1.911727233861559228e+01
1.669200282165925842e+01
8.801434250738751075e-01
-2.277189311986362696e+01
-2.408486013932920144e+01
-1.710236359322649946e+01
-6.669821830680959351e+00
-1.271202735785654880e+01
6.903265432351822994e+00
-3.089104615094496609e+01
-1.477027060407418446e+01
-9.261671597708399872e+00
-3.219166261815175289e+00
6.923003814588092553e+00
-1.639444457358483476e+01
-2.465222272041720686e+01
9.059199336878350550e+00
-1.057737013779240698e+01
2.301712753625011487e+01
-4.247994318985821138e+01
1.744236694256113651e+01
-1.369303213857797630e+00
1.019934794172043979e+01
1.127960002316120836e+01
-3.766180224317672298e+00
3.753168605293197402e+00
2.808747646873437986e+01
1.983869687517612590e+01
3.767860473723651182e+00
4.908279417807548839e+00
-1.354132900381346616e+01
3.504933844290434308e+00
1.233314202423936479e+01
-2.379892970335346192e+01
2.508495860624624640e+01
8.172861812118981106e-02
-1.153020747945468827e+01
-1.874386345129043363e+01
8.094328036085066458e+00
3.611875596173933900e+01
3.984214802688187262e+01
-3.492398861715528824e+00
2.315683585890170093e+00
1.233425077714650797e+01
-3.210913462928429851e+01
1.914832318563802005e+01
-3.078670782875349587e+01
-2.664692436194563641e+00
-1.066866188984265307e+01
3.856190191589703886e+00
5.263502275809948117e+00
-3.512479621539152674e+01
-1.559102860049231509e+01
2.871236707235924257e+01
7.389864800378667553e+00
-3.219388953287278810e-01
-1.634727567895915001e+01
-1.029232812127752794e+01
-1.601208176463948263e+01
-2.072908492247928081e+01
3.236535564063977688e+01
1.053818692735192997e+01
-1.799110534098377201e+01
-4.741914541528345239e+00
3.058227420481499337e+01
1.907948814459339815e+01
-8.314913269499150772e+00
5.278885245163799311e+00
-3.305811921706762746e-01
-1.790657449138533508e+01
-3.000748230342710343e+01
-4.077150185451650088e+01
5.347406840160360275e+00
6.608857743019648012e+00
-1.219087838975438842e+01
2.876422615491726731e+00
-2.106023612536015577e+01
-3.335733889131745400e+01
4.123603033427040998e+01
3.886397420607437425e+00
4.870483377770476352e+00
-4.928534685284006400e+00
-2.064386413014267063e+01
6.251533022660183292e+00
-7.654287764529961180e+00
3.657388873432154242e+00
1.223368943716107538e+01
-2.023659258622912915e+01
2.047005897286656761e+01
-1.153235395900747307e+01
3.335588100244409304e+01
1.551887526014070318e+00
-2.483499783162592678e+01
-1.390380511234548777e+01
-1.035921118925544704e+01
-1.399998542968277349e+01
1.823950770679394395e+01
1.341582971838703742e+01
4.372574676425099938e+01
-1.700808192869125435e+01
-2.527094625174007447e+01
2.084431419311371769e+00
2.029139155668180194e+01
2.662255715967857839e+01
1.911969324824394789e+01
1.242986548920592327e+01
-3.540797226550381538e+00
4.481123028124605412e+01
3.392310159248047796e+00
-1.319941929047610785e+01
-2.407227030540257573e+01
-3.602615019266307428e+01
3.662658744816340572e+01
-3.325330642808632575e+01
1.381246593750036311e+01
-1.945618039268070376e+01
-6.942007630792019768e+00
-1.946939258352610835e+01
3.215069450946313623e+01
-1.191043918296048076e+01
3.984840546200167921e+01
1.769547359340040771e+01
