1.809677953657164551e+01
1.937823650225752203e+01
-2.554331951810532075e+00
-1.712664105378499357e+01
5.471239898665913870e-01
-8.745062837641263798e+00
9.153183768726037783e+00
1.629382344682632322e+01
2.704487334625011385e+01
3.114088396652381618e+01
-1.959150895389985436e+01
2.206687525112984360e+01
2.935502763630411494e+01
1.297365185870727089e+01
9.612995918018043540e-01
2.085177970555315596e+01
4.564992420054775835e+01
4.773038838419978447e-01
2.414524817424903347e+01
1.232369216357359676e+01
-3.868228461929160034e+01
4.768456427185199686e+00
9.864527061764469806e+00
-1.940617825607958125e+01
1.466240801460185139e+01
9.084280556236876691e+00
8.586853140860959854e+00
-2.313458946014485207e+00
2.515891209162923303e+01
-1.119009615404497282e+01
-3.416412061024468017e+01
5.078546362961546379e+00
2.690364321469381537e+01
9.789505974586596437e+00
1.576364971543885929e+01
-9.488670357050999371e+00
-7.622089235307562660e+00
3.637086522017629875e+01
-4.179786121300452351e+00
-2.212925980006725268e+01
-1.943139831416074870e+01
3.219118322282760403e+01
-1.792931733918120329e+01
-3.920591635598121627e+01
3.057950543988977188e+01
-1.129881970717365647e+01
1.854728566581478333e+00
-5.450696041013102899e+00
4.756419713324632426e+01
4.523977229844653891e+00
-1.499046009537718049e+01
1.241761405067839519e+01
1.281045434194663102e+01
-1.581337970854199426e+01
7.631824230044855994e+00
-4.682858995634362032e+00
-1.626810771320733551e+01
-4.465388766417541433e+01
-3.243729913010298560e+00
1.854979539960093859e+01
-2.848527094147305760e+01
-2.498973593644097591e+01
-1.773252304331168006e+01
-3.018503349344459252e+01
-7.693834754169124324e+00
2.167756941152683225e+01
1.653634027781222926e+00
2.493224913690637834e+01
-1.845093610690121722e+01
3.332486036540281304e+01
-4.543273097861272447e+01
8.712863973141104168e+00
-1.420136259840591464e+01
-6.894611669670617005e+00
1.351349570808891087e+01
1.464726144676200192e+01
5.706902501427975949e+00
-1.494288568224262548e+01
-1.895515567921720645e+01
-2.008549237682100141e+01
5.197684987071852447e+00
1.092068793460354925e+01
-5.972994808698146585e-01
-3.219818615382817484e+01
2.057122929695196945e+00
-1.490061805835240705e+01
1.696789409516284763e+01
-7.074435668828684243e+00
1.817095828659896029e+01
3.983152553252197947e+01
2.873616179643596524e+01
-3.428456041969711521e+01
2.112890926271606418e+01
1.070706791702720295e+01
1.638105791887903706e+01
1.284171357191161889e+01
3.448871498289231852e+01
1.243475766861229204e+01
-3.840433685347740322e+00
1.147493382325263411e+01
-7.042684416996571883e+00
-3.251414466624949995e+01
9.116894122707982717e+00
3.663956818954849837e+01
3.431371717447504466e+00
-8.483800284881354514e+00
6.365410554273275068e+00
3.719732630359420966e+01
7.758716848360101892e+00
1.695704757000294194e+01
-3.417201227689673715e+01
1.869073592569822040e+01
-2.614536676175877972e+01
1.215686680222344052e+01
8.122126214441394154e+00
-3.061008990952223741e+01
-2.031696339476777879e+01
-1.108612195569090630e+01
-2.738734306237041949e+00
-3.381734601038268551e+01
1.400941770927713037e+01
-2.139387284709927073e+01
9.249734565095238281e+00
-3.887629917592100526e+00
1.490712060390092120e+01
3.074118191124441068e+00
-9.165590504918455395e+00
2.844134098780224917e+01
1.641756485648919295e+01
1.658659518048564507e+01
-1.485175213849906584e+01
5.331873168689746478e+00
-1.605301762907194529e+01
6.328096263858661530e+00
-2.021320613871679939e+01
-3.503100889077220614e+01
5.551756296241109112e+00
-2.009994130971604065e+01
1.518651713100037171e+01
-1.696470608985315209e+00
9.880029709751504186e+00
-3.132071763558493416e+01
-2.414142998751552227e+01
1.624125499189391064e+01
-1.590431908705062369e+01
3.063565566051453004e+01
-7.516201308815404047e+00
3.119504880324537055e+01
-2.094325799084698758e+01
-2.370409336513172960e+01
-1.728664055407244149e+01
1.649970364532143208e+01
1.493036624279703517e+01
-2.727423741502684251e+01
-1.471182097384125598e+01
-5.775901801888906562e+00
3.635115792233492016e-01
-1.181926753315665479e+01
1.668020591343113779e+01
-3.826115431371808029e+01
-1.581751683012851117e+01
3.645415998889815512e+01
4.350949623819064982e+01
9.615416362616400647e+00
1.477427305025031501e+01
-1.566863587875474195e+00
-9.337627955523736034e+00
3.797142998856006102e+01
1.607292761047258978e+01
-9.515459628242361134e+00
2.627208851652730459e+01
9.537460150849419449e+00
1.603679646444217610e+01
2.191620877689996405e+01
5.358534174768870173e+00
4.500191413993609046e+01
1.379620445367717707e+01
4.113369076678988279e+01
2.048052498337375482e+01
-2.526923411655793217e+01
2.870322860425612532e+01
-2.658441752811458514e+01
1.058728295251866314e+01
-4.074525059772717839e+00
-3.247334237402142776e+01
-7.214367162528816380e-01
6.638612990263524694e+00
3.721515615851917858e+01
1.341567949128932469e+01
-3.931105792751125705e+00
-1.426330951299505756e+01
-1.238652417275159934e+01
3.070681405840574030e-01
1.551728901201443023e+01
-3.478884908569732204e+00
-2.361808762985580046e+01
3.141365222146799852e+01
1.801429332794700144e+01
1.099581518347822851e+01
-7.400294544948160080e+00
1.680776977283879603e+01
-2.191114131577989355e+01
7.894604931850160767e+00
-2.282886621249776837e+01
2.772402621957910185e+01
2.509393196004296556e+01
5.011119929909490622e+00
-1.891651859379857115e+01
-5.703601689232250749e+00
-3.367431265979817567e+00
3.517387923988582088e+01
-2.376296246357318864e+01
3.879483382830734683e+01
3.426394221593062639e+01
-4.170858592379807561e+01
2.587005859540094832e+01
-5.587465414012882547e+00
8.608197251558792118e+00
1.493683064186338072e+01
8.423944255666171443e-01
-1.659214716941681900e+01
2.031518306081402159e+00
1.690713657485476062e+01
-1.780257857239665498e+01
1.377028912726230203e+01
-2.546782578354296334e+01
-2.466449021207877834e+01
-2.238679629147989303e+01
9.516138804155445996e+00
4.385105941381259242e+01
-8.951334551667038397e+00
-4.681295590952013441e+01
1.524030032975251459e+01
-3.506140714961891547e+01
1.586219925537523068e+01
-2.918018075633875341e+01
-1.952221507833646896e+01
2.590602596839384830e+01
6.658590963715909083e-01
-3.708319229316482790e+01
1.026936562533227004e+01
1.615391766811707441e+01
-3.744436797522138960e+01
-2.900063136814515730e+01
7.861585578536846697e+00
-2.915559515868747553e+01
5.668178528992307008e+00
-1.764496054283923598e+01
-5.794473732832550184e+00
-8.676438503713313821e+00
-1.588773386878116156e+01
-2.305426164348456908e+01
1.414753507749630046e+01
2.732248319854366514e+01
-7.734459540775773689e+00
3.189916774601751115e+01
-8.353343439264371284e+00
-1.146513264739571980e+01
7.037639902596026786e+00
-4.588021436972788081e+01
-4.874094499280786863e+00
-3.472819797311774437e+01
1.243442116188901991e+01
-1.243354749912711554e+01
-1.064005506753542107e+01
-2.785355870700672654e+01
4.638661706201283152e+00
2.954360671543241779e+00
-1.918766893540558982e+01
1.917040495704675607e+01
-4.133142003909121343e+00
-1.318669283636788236e+01
-3.446323592238952216e+01
9.919101050026512212e+00
-1.716561598029521463e+01
-2.033481599898031789e+00
-7.501290119529521405e+00
-2.590772953484774987e+01
1.299687925223543061e+01
-4.496939001374332889e+01
9.408698433587247223e+00
-2.521162207063031246e+01
-8.421328886566314509e+00
2.535729830573313848e+01
2.399730120227796704e+01
3.537722526109016030e+01
1.694821351532813480e+01
-1.114992681943981268e+00
9.495220530710483331e+00
1.761203651116251478e+01
-1.425601694374613260e+00
-3.117914708968784865e+01
-9.666305394050326072e+00
-2.954077807559537661e+01
-1.127470471328990698e+00
-3.117680918849505645e+01
-2.793239032758368978e+01
2.650238356980430865e+00
1.415129053625143740e+01
-2.143002254983009891e+00
-3.793413076280482699e+01
1.494441729978383648e+01
5.104423224745559651e+00
2.528089101756322066e+00
5.000000000000000000e+01
-3.791221106153038534e+01
-3.353507046346858544e+01
-1.626537940461991383e+01
1.445492241150503787e+01
1.640385082830518115e+01
1.682709360983722036e+00
-1.139189533624082173e+01
-1.421536693952373298e+01
-1.213055372812019073e+01
2.210991265634255853e+00
2.449755634816486349e+01
6.642890072181430128e+00
1.353710528341562735e+01
3.921626077325669257e+00
1.271893110051476583e+01
-1.889052458424940184e+01
-1.551108699363793875e+01
1.683563628946316726e+01
2.207609358136714661e+01
7.974833238864043494e+00
-2.637367262691426362e+01
2.436878200831027641e+01
-3.284539946162898616e+01
2.605636658859155830e+01
3.444166920910708996e+01
-3.679148374597587434e+01
-3.893220499773220666e+01
1.137084803251071463e+01
-8.115819285524892734e+00
-1.976936605605597563e+01
2.365884434252913593e+01
1.044653851484146401e+01
-1.367515621180812246e+01
-1.822376359856086481e+01
1.988593113896030218e+01
7.818017066045044317e+00
-2.391193748077392556e+01
-2.835623327695110873e+01
2.731532361148099142e+01
-4.444918920992726896e+00
1.560027119186855771e+00
-3.724942360306071976e+01
-3.924833801663106669e+01
-1.485570188721590767e+01
-3.458354539992406274e+01
-8.506964255299607203e-01
-8.744140766589715952e+00
-1.371843646734613742e+01
3.507929168454606383e+01
1.797705899991824197e+01
1.856404177335745942e+01
-1.073833344650655164e+01
9.585577254812648107e+00
3.866683552232966292e+01
3.869527137584623233e+01
-3.788491374259803024e+01
2.664166368316307398e+01
-3.141084505977765318e+01
-2.827218331742411550e+01
-2.246491964507225703e+01
1.379731638852169340e+01
7.894023948871399909e+00
-3.943254752985424716e+00
-7.537953330648747396e+00
3.560752593061145888e+00
-3.093349351612487652e+01
8.228664364379326912e+00
2.500542070070426348e+01
-2.473676295827873517e+01
-1.435234035223488291e+01
8.655988286561132838e+00
-1.104930734269792936e+01
1.565099516037193439e+01
3.188228998259612013e+01
-3.636061891186614048e+01
-1.612179866722514987e+01
1.216150326708093132e+01
-1.696040436684578623e+01
-1.959020880732941805e+01
-9.076154195130783364e+00
3.294932313020424886e+00
-3.794240425398148631e+01
5.957496242986017876e+00
7.015076382986897841e+00
-8.172863772759605183e+00
5.047043029360196442e-01
1.114036625213898901e+01
2.513158515036317908e+01
1.545230331414819602e+01
-2.116585762683975247e+00
-3.470601855169508809e+01
-2.167943906108945740e+01
-5.636044851571519132e+00
-5.480078776018416420e+00
1.178608177810966140e+01
-1.914070685020406515e+01
-1.460905937178315384e+01
7.739754066276717026e+00
-6.057129617081571382e-01
2.702101479264572959e+01
-1.512063203772431308e+01
1.760216087968615284e+00
1.943762042167381310e+01
6.326622104180657402e+00
-3.876598964352879761e-01
-1.986913810167557770e+01
3.105268495886762992e+01
-3.801755803517091437e+01
2.923032908342626968e+01
7.731410601643716518e+00
-2.006881264597597436e+01
-9.189481229064348611e+00
-7.555756489369969131e-02
-4.994460051387676458e+00
5.583063902698711445e+00
-6.316338044563437393e+00
-2.033659931543567723e+00
-8.046962087270223662e+00
1.058809451675627145e+01
-1.622867868801579760e+01
2.027520149158250717e+01
-2.715856981963074546e+01
1.000881501932057205e+01
-9.253662003339336195e+00
2.971517752137404500e+01
2.228670622145540392e+01
3.226507339086063553e+01
-1.676273679640237191e+01
3.382845871481625011e+01
-6.464938462912158457e+00
-1.765343691140167692e+01
2.334927812338307263e+01
-1.959305873291600264e+01
1.664062969573643613e+01
-6.646932473881285830e+00
-2.153736327099333181e+01
1.666143805273134149e+01
-2.402956950492910337e+01
-1.475006020843750321e+00
-9.124052238641887413e+00
-7.997347000659949856e+00
-1.754673046930285807e+00
-3.302736330110624863e+01
5.628122846039183003e+00
-2.899025506895110027e+01
-3.367281422837947957e+01
2.680620766731742322e+00
-1.217056925708540405e+01
-1.798663412294152408e+01
-2.222440154176856808e+01
3.594880184853231242e+01
-7.863384071839377043e+00
-7.743143696962448530e+00
-1.092746769949670238e+00
4.886172011679569493e+00
-2.571489998456129555e+01
-3.384874937430916475e+01
-2.840329839757073671e+01
-8.887430694879874693e+00
-2.220425152985838935e+01
1.234403925579656658e+01
2.028767860707580439e+01
-2.675814622421988531e+00
-2.731725785542449714e+01
3.645642120657448970e+01
-1.537193234529595998e+00
1.093085710088984541e+01
1.929096247186356550e+01
-4.799984357467309337e+00
2.739768659731488754e+00
-3.868333309750549631e+01
-4.832011754196635422e+00
2.049047354066510707e+01
-1.006769949214244519e+01
-1.361569277970509972e+01
-2.638217530359938578e+01
2.325112925463076863e+01
-1.835926717128084817e+01
-1.830389554999919355e+01
-2.305809964541396084e+01
-2.872868135081724361e+01
-9.441739306403427179e+00
4.332210045528682940e+00
-5.820723111040820186e+00
2.154927048794615985e+01
3.433445615839133325e+00
-1.015414558622983776e+01
1.495519350041070084e+01
1.367576685800969472e+01
4.005119259663919706e+01
1.178202518596819459e+01
1.310199395145098578e+01
-2.579235689140440968e+01
3.755095160142504085e+01
1.631308949184031576e+00
2.078978828303233684e+01
-1.566210897240456745e+01
-1.540627739633470128e+01
2.449022318790433417e+01
-6.758667604075455415e+00
-1.670657243692431848e+00
1.653931026021759010e+00
-8.610090394712905493e+00
-1.407396745699600160e+00
2.253696306250850512e+01
-3.755937910854370188e+01
3.566128530446792411e+01
1.721523012907435657e+01
