1.893656247212408061e+01
1.796605070267496274e+01
-3.024095527936331962e+01
-1.662083187938476669e+01
-2.347918906211763357e+01
2.639868113853781040e+01
-1.948558164605391596e+01
-1.712689341145975419e+01
2.640229857520083101e+00
4.205039308425774891e+00
6.905867005356078892e+00
-1.136737380455249280e+01
5.328331455888765333e+00
-2.843843036021469928e+01
-3.543334141255380842e+01
-2.718317027576160427e+01
1.706947604638827443e+01
3.302868189250662567e+01
4.403122078397316841e-01
3.167175617183072234e+01
5.150578090308641777e+00
1.244247279344546797e+01
1.157328760272704926e+00
-7.658665332120492053e+00
3.487589412984293347e+01
3.042720648939493344e+00
-6.996957990304643715e+00
1.175276523896449987e+00
-5.047673366897356573e+00
-2.307458272279781397e+00
-2.585718104212269708e+01
2.915605856890995540e+01
-1.586961272873747220e+01
-2.880799821153921414e+00
1.586387495451772622e+01
-2.260984668140760334e+01
2.422942698165560671e+01
2.251366288935558657e+01
2.446446023680967130e+01
9.166213998239470584e+00
-2.152532594112782505e+01
3.196942577652784223e+00
-1.420419041650983161e+01
1.543916994482771088e+00
-3.200773646229549740e+00
2.072665342003192279e+01
-1.917935953848456165e+00
3.029501935673570756e+01
1.305711809883703012e+01
-2.134724600915381387e+01
-3.569823964387637716e+00
-6.137000775339245706e+00
8.757076794413102050e+00
-4.199918169627167686e+00
-9.811517327972907765e+00
-2.542232057607645146e+01
9.067351918925545817e+00
-1.436740108489613732e+01
1.465775259465019076e+00
2.439134645246831212e+01
7.910374348109961318e+00
3.990429154631350173e+00
-7.383376634589197351e+00
2.091971783719596090e+01
-6.309865029003709935e+00
2.779062654423348988e+01
-5.228961585270795354e+00
-9.710665678585186811e+00
-1.296180318269549048e+00
1.102178884347970467e+01
3.249821576526869649e+00
7.438862233839060423e+00
-3.050082466232619183e+01
-1.722961612063479464e+01
-1.128169745959292669e+01
-2.893908513556814910e+01
5.367372655598877884e+00
1.726606830579012808e+01
-5.059281594875081112e+00
-3.420198509276283971e+01
4.660198777227719802e-02
-9.131163983818453289e-01
2.872911351241538114e+01
7.251254410751137414e+00
-3.396318579814888494e+01
3.773208262217863762e+00
1.798821739328131741e+01
-6.755331465020852022e+00
7.212217707998661353e+00
-1.246226223926285570e+00
1.338431453636405877e+01
2.388486254428400457e+00
-8.468469861461592529e+00
3.653676205779134989e+00
3.020788516151277747e+01
-1.654046067925199281e+01
1.333251479950045848e+01
2.234486581566649477e+00
-3.264760590453849431e+01
-2.519239913224429017e+01
-1.938993751269393329e+00
-3.246393796044819879e+01
-2.997785932003132814e+00
5.551014999358905300e+00
-1.803463425696098099e+01
3.181463634894122094e+01
4.486538330648905060e+00
3.755419505380864109e+01
-9.879899185078556911e+00
-8.963290967279498034e+00
-4.077290674419359107e+00
-4.296474503351532803e-02
-1.798034391020135558e+01
1.387767284932615297e+01
-1.768065752415688507e+01
-2.102633033487935066e+01
-1.676215340871223702e+01
1.612022873923358190e+00
-1.198714183619244977e-01
-2.179773049284904474e+01
-5.550196065357845043e+00
-1.758641023300963013e+01
2.480182562743542007e+01
-7.880226866080050740e+00
-5.975983518701447395e+00
-7.788330397844703157e+00
-1.362638220079404050e+01
3.059323714472516542e+01
2.641091970529180344e+01
1.195072264137038331e+01
-1.834778264600716113e+01
4.013249040931403044e+01
9.131504588195284100e+00
2.053884496210990562e+00
-7.065152537758372375e+00
-4.675560941761105482e+00
-1.383085054031436556e+01
1.119941973079271236e+01
-1.000500884888729303e+01
7.729584686829426232e+00
-1.018780360445808952e+01
9.223518581552383466e+00
3.416070298441276520e+00
-2.111656949564033070e+01
8.541886912221571038e+00
8.364564462686395530e+00
1.164785809756290291e+01
1.026664234393363984e+01
-1.548573411937950084e+01
-2.938989098277251344e+01
-3.188138802294468022e+01
2.109948233817266328e+01
7.878996110152073129e+00
-3.076712438094797619e+01
-7.640206005346151130e+00
-1.025328001765578279e+01
-1.480090786520159440e+01
1.067031888238971504e+01
-1.222477245290186687e+01
5.375231472647826081e+00
-1.423074200567342729e+01
2.417472779322017118e+01
1.521076372309939018e+01
3.382027814699803514e+00
1.008573667663078766e+00
2.695064813694683892e+01
-2.880398344674711808e+01
-1.356799387041461102e+01
3.462219654795070767e+01
1.236315304714582197e+01
2.147957014932406139e+01
2.400208570888709403e+01
3.302466317305778887e+01
-5.453091256250765184e+00
1.997198871631155725e+01
-1.251591922756908559e+00
8.584752861050120032e-01
2.137098246564825388e+01
-1.168554868545345471e+01
1.590104605938510929e+01
-2.445635611923520969e+00
-4.497710705154979394e+00
-1.193346522069561644e+01
1.373276207136407123e+01
-1.076006976949240368e+01
-1.753539579666512083e+01
3.217717870357716947e+00
1.704496454488023005e+01
2.372333113509471048e+01
-2.506587257613669806e+01
3.933538985493910900e+00
8.190804758303094957e+00
-3.176110776022884608e+01
-2.117623099349945548e+01
-4.811141897032911174e+00
-1.485818023900839080e+01
1.916374354632431221e+00
-1.701890635598601875e+01
2.827073225291043457e+01
-1.257194748645301985e+01
-2.246379526514122205e+01
-8.297012383149514392e+00
-1.164316059135335735e+01
-3.184330917447799436e+01
-2.550905646097000101e+00
-4.087567744631620315e+00
2.851307216142271272e+01
9.756924233308474470e+00
-7.814322058410070326e-01
2.729465010112967605e+01
1.882115358294176133e+01
-1.031722412459262017e+01
3.347542113290259636e+00
1.666830822567219172e+01
8.724197402578191429e+00
-4.730311326416796192e-01
-1.176051910525345079e+01
-1.125158142266978700e+01
-8.191928443165330975e+00
1.358286948244298031e+01
-1.903949648955300944e+01
-3.568231733310518905e+00
-1.424103985125535132e+01
-1.055616432271285987e+00
-1.244950533064955778e+01
-2.267107860361662830e+01
4.655704725207968409e+00
-1.979260559335021696e+01
-1.009163778411168266e+01
3.622343645389065614e-01
1.626167265693348440e+01
2.106916044490084516e+00
-6.987839507052726162e+00
-2.239134827397462146e+01
-6.779014727248942052e+00
-7.276192221205064925e+00
8.250988374423606331e+00
1.496167613720974998e+01
-2.275750128473305267e+00
5.784502499812880671e+00
-1.134461999901981244e+01
-1.334877933644100523e+01
1.044633598527969554e+01
-1.458064353905093924e+01
-1.617490085691143520e+01
-3.057183577589207957e+01
3.144775950913016516e+01
-1.684576050517171097e+01
-7.424487113157084650e+00
3.031372773572272195e+00
7.099977161943982651e+00
-1.844044522819678278e+01
-1.688430075517071316e+01
1.478943263586383239e+01
-5.224955686534102028e+00
1.592383683517637394e+01
-4.002680815982534313e+01
1.934744419609432953e+01
-5.665718693539851358e+00
-1.287572308803507326e+01
1.766731993858377336e+01
-2.715497936885034136e+01
-3.180896831761651455e+01
7.543583469036285294e+00
8.374137532107660320e+00
-1.276909589387991417e+01
-2.139106717259491219e+01
1.465422533117674675e+01
-8.455463407946503196e+00
3.200424326979920409e+00
-4.855444527218111261e-01
-1.126968060065682664e+01
-3.842119734301364531e+01
1.243007780643645788e+01
5.615318047481622443e+00
-1.930487594907873117e+01
4.970372739901840475e+00
-1.927184392114491374e+01
1.742699808979834586e+01
-1.612388797734496393e+00
1.250442859496941850e+01
-8.516280225720812780e+00
1.267210161544972635e+01
8.930356100990799462e+00
8.200614613833757005e+00
1.317830032538347496e+01
-2.299210119289018905e+01
-2.339407781636940697e+01
-9.868719530773944371e+00
1.488744904662372903e+01
-7.246119668253655277e+00
4.916389355270624151e+00
-1.728997756466896618e+01
-1.740996903654165351e+01
4.687907118257953698e+00
-4.674487183570889215e+00
-1.189137657125940706e+01
1.663956414948471263e+01
-8.404491155189816709e+00
-3.033270832351067270e+01
-2.359685176762054226e+01
-1.364634216344943951e+01
-1.260243327690693604e+01
-5.191082073142403885e+00
8.337557495670075980e+00
-2.584311676589182838e+01
-2.201375005625755321e+01
-5.333742917901943770e+00
-1.155890659752224536e+01
2.615320679307201601e+01
2.651010616245329743e+00
-1.568015498391751805e+01
9.153909697352126784e+00
1.911035771428008445e+01
2.031274760118226652e+01
3.905024493633632687e+01
-2.097090422163707757e+01
-7.699896126315792344e+00
4.249961166313177330e+00
-8.557090713127635695e+00
-7.978403226622418742e+00
4.195544299222618179e+00
-2.179349650365208291e+01
-2.519272362385349595e+01
-3.032138396591117413e+01
-4.242221642079073263e+00
1.824975357974432200e+01
-4.304992605513334070e+00
1.935903989535394487e+01
8.290570993157984958e+00
-1.711813444484309343e+01
-7.279837896832852095e+00
1.125335970708324140e+01
8.263295911533028004e+00
1.782851799808410931e+01
2.054343186953094857e+01
1.242921665404750087e+01
-3.011869097183443955e+01
2.556577796433852257e+01
2.835557663731505329e+01
-2.160057695388253762e+00
-2.830782111982035332e+01
-1.450856393872091843e+01
-1.142530892712706247e+01
-2.051890243778540324e+01
1.610359950186376921e+01
-4.129763407252653451e-01
-2.665948161300695318e+01
-2.888659559538133692e+01
-9.182490680769475944e+00
-2.901710187336304969e+01
2.637503834699741390e+01
2.066344593735342983e+01
-4.583785602229824008e-01
-3.076634686128626939e+01
2.031367659434491202e+01
-3.120831515582749915e+01
-1.162455216740514174e+01
-6.509371998946477333e+00
1.056043691880466184e+01
-1.960108863448762762e+01
-4.977496447074486241e+00
-1.357499933543883230e+01
8.826216660831697425e+00
-1.204333561804758546e+01
-8.386419805723541288e+00
-5.536319444938392564e+00
2.059331572326719595e+00
-2.458531895466165196e+01
1.166165294969709976e+01
3.863616325010710284e+00
-2.331370243689421784e+01
-4.612180762712128512e+00
-2.058937412026201486e+01
-3.098923634495936952e+01
2.380656248312379830e+01
8.910658492332103719e+00
8.842332123458682247e+00
7.733726219132066149e+00
7.644472069852170648e-01
5.085460666610032376e+00
-6.723052214080958322e+00
-1.535775213388506444e+01
-8.257951740372440952e+00
-1.957114856897636912e+01
-2.422391050259299305e+01
7.459427535516169883e-01
3.126313576135855499e+01
2.638150898188527549e+00
-7.126261779014534170e+00
1.101755579656612838e+01
-8.565711816474156137e+00
-4.448877870642263588e+00
1.559228807313340326e+01
-1.006118577690420324e+01
-1.026139810136017161e+01
1.888935261446434311e+01
-9.195535286089530302e+00
-1.405150779225765945e+01
-2.548524412376998782e+00
-8.175440524995060798e+00
8.468272903383514461e+00
-2.740204054036464854e+01
-4.162980930538637381e+00
2.370050061903013727e+01
-3.212818856472445361e+00
-2.524452256785572501e+01
-2.119294726463593292e+00
6.967980218866479447e+00
2.824722404884695948e+00
-2.815698735922959628e+01
8.881021753894337678e+00
1.184402913389206446e+01
-1.480575491654612108e+01
-1.464458529150126509e+01
1.414494627834666574e+01
1.137311064457996679e+01
2.580819989043929752e+01
1.752222396204994936e+01
-1.183447992194685838e+01
1.297996120687626842e+01
1.049240634152535279e+01
-1.327080830684487722e+01
2.539963412474881466e+01
4.478285844065098331e+00
2.477213377134093264e+01
-8.646328317460216795e-01
-3.002008412822232231e+01
-3.536879820746270298e+01
-1.511845067464494718e+01
-1.469139718048410259e+00
1.490598552820523537e+01
1.048871332866681172e+01
5.580421878894469501e+00
2.384084580308211798e+00
-2.341663553588044877e+01
-3.463349056328027586e+00
-3.445931736994200634e+01
-4.737377939259189930e+00
-2.652314641383078353e+01
1.752883731823395408e+01
-1.588683217483778520e+01
-2.701170977884966362e+01
1.014711795671929906e+01
1.471865174033462154e+01
1.543607471529142572e+01
1.464460975875192617e+01
-2.015274331188214774e+01
-9.305821976774574011e+00
7.048505235149818304e+00
-2.165181811621562602e+01
1.880229268383165220e+01
-6.872866362934729523e+00
1.472650590040714746e+00
1.143209585416518337e+01
1.716015646055676314e+01
-5.559241879277884379e+00
1.094286220682613475e+01
-7.274444137573674141e+00
2.330905030644854037e+01
-9.567540611124272232e+00
-1.255515750531591834e+01
-8.332131120417017200e+00
1.755380034789195065e+01
1.974398363361031272e+01
-1.048624394006365890e+01
-1.011328579564042229e+01
3.834084186901286273e+00
-1.004750511588471085e+01
4.923555701608492541e+00
5.892363151000523658e-01
-2.003404971930047296e+01
1.214265823112118170e+01
9.498547599239039130e+00
1.173829851778667432e+01
2.966990705342453793e+00
1.525122893493013976e+01
-1.133870647288276245e+01
-2.532120437904359989e+01
1.147944858307114657e+01
3.226217393619620566e+00
1.274851067659002979e+01
-1.179437968913433821e+01
4.855665247226916392e+00
-2.610657174406705749e+01
1.745737294654242078e+01
1.992155618268836292e+01
2.056191260037432755e+01
6.962626118399015240e+00
3.090035893425017832e+01
-8.068487132094958270e+00
-2.796235074239825735e+01
-5.149388389558382073e+00
1.392646881558113847e+01
1.494959883451531368e+01
-1.597975763979149377e+01
1.430009530134816487e+01
-1.530875076649368793e+01
2.334617939411141663e+01
-2.536275289158349722e+01
-6.099290487318924647e-01
-3.836652969053051265e+01
-1.600750643713271160e+01
2.426156250466860342e+00
-2.642525944396278348e+01
3.234883932901119863e+00
-1.867426333977396524e+01
1.242273040953797647e+00
-2.661053009781966239e-02
1.823117157858793291e+01
-2.069719785658477562e+01
2.226707933117447169e+01
-1.376392855451627639e+01
