3.245094256517660369e+01
-1.059084886370222023e+00
2.127720216599747971e+00
-7.646660353390785758e+00
3.030192881783499104e+00
-9.025035682013331950e+00
2.083696848228512977e+01
2.963860751142732397e+01
3.583558777317932709e+01
1.951223714949628629e+01
-1.662559586049444960e+01
1.919125122727743360e+01
4.049420218208413758e+01
1.560114626595017739e+01
1.931877558762366220e+00
2.105742283958633720e+01
3.897837498880296891e+01
-5.593997817039436882e+00
3.378584595308053906e+01
1.455994732512763790e+00
-2.736465361499115900e+01
5.879665629880307165e+00
2.849674208936370690e+01
-3.016521020565065569e+01
1.781432443260835896e+01
6.296722131127538091e+00
-9.965435081350115354e+00
1.073154116329284591e+01
5.754333058175546967e-01
-3.445017372190500993e+01
-3.774261559009529776e+01
-2.055167267654063323e+00
1.035228488757833532e+01
-6.660759332121571674e+00
-8.506372530342012794e+00
-1.174409202287863252e+01
-1.108161130485915891e+01
1.370896815883730113e+01
-3.171971300961139661e+00
-3.480129057514406554e+01
-8.793551614011967388e+00
2.020312294070370740e+01
-1.293327537144441663e+01
-3.746110818545707133e+01
1.515907924091541759e+01
-1.108779200164893552e+01
-1.445904048981590506e+01
-1.143183538531133081e+01
4.591971771846155548e+01
-1.146734288375146349e+01
-3.577272358238401750e+01
1.125772492295670446e+01
1.108915794682625489e+01
-2.695764086309640462e+01
-6.175353463726928283e+00
-4.693255304874966782e+00
-2.666957716948314427e+01
-4.626811885085274412e+01
-1.466682262476219023e+01
1.377440231014067962e+01
-1.784580275816429662e+01
-3.126350408853970109e+01
7.051583816318974129e+00
-2.190673073693007566e+01
-2.786175941159948621e+01
2.668260545522744565e+01
1.883289085453465361e+01
3.515536186596932566e+01
-1.477907917119374304e+01
1.178699783790268896e+01
-3.665869358672664902e+01
1.426048148519107883e+00
-2.254677988423931012e+01
2.258396841677111411e+00
2.004738708266853564e+01
6.112648758271468807e+00
1.640137384435324464e+01
-1.668894709838389900e+01
-3.538220506094924644e+01
-1.409547016577025857e+01
-1.597171411750096581e+00
2.666977740766853344e+00
-1.538016901513382351e+01
-1.770350854710846278e+01
7.126020454798741355e+00
-1.141727087592133927e+01
3.598168002194161375e+01
-2.911263451353978127e+01
1.989807779418404721e+01
3.975975520762686699e+01
1.700172603643537173e+01
-3.131287858021406478e+01
3.712758390637422679e+01
2.925189662260095247e+00
1.603832413281689639e+01
2.620584513694957707e+00
1.513296647009605067e+01
1.040247407284010706e+01
-1.975000649614671033e-01
1.008415454724023164e+00
1.512111407987302414e+01
-3.027062464383193330e+01
2.362120382602765289e+01
1.515435636308941980e+01
-1.181242063112252083e+01
-1.373918308794156218e+01
1.216131594708571129e+00
3.088952596299459685e+01
2.053582072718302243e+01
2.244776429276939211e+00
-3.027543955326197533e+01
3.446831962455294729e+01
-9.035457164020641585e+00
1.463831941664331282e+00
1.864336663908048308e+01
-2.756500816724876302e+01
-2.490554091556120753e+01
-2.710983232309157742e+01
-1.575959455308853308e+01
-1.075687344278681934e+01
1.068648060847632308e+01
-1.072131984096870383e+00
1.505603419677372301e+01
5.988675699246940098e+00
-3.274790051443588368e+00
1.048284999723437494e+01
-6.900063257153696838e+00
2.328707451964797315e+01
2.472751399612099021e+01
2.364840832870099518e+01
-1.292313823442192700e+01
4.786425555965067247e+00
-1.843085958746281250e+01
1.181470853354331751e+01
-3.687712375901298856e+00
-2.101489253339811114e+01
-3.130871322041969051e+00
-8.404550805655894408e+00
-2.913627852582109767e+00
1.782444092844627903e+01
4.348533016332687851e+00
-2.873839275410532323e+01
-1.389691030927419035e+01
2.165456551258849061e+00
-5.385298254468985135e+00
2.968119850399598647e+01
-5.533613849672036622e+00
2.817950214953222599e+01
-1.372099129658910499e+01
-1.888599268080287530e+01
-2.723083805618091802e+01
2.016573502881031743e+01
2.670841818843653925e+01
-2.548528764165340377e+01
-8.235455518625578009e+00
7.717431931822069657e+00
-2.259080738454601445e+01
-2.317738155389609389e+01
7.944565843891993495e+00
-3.585468872758609393e+01
5.551488845750164103e+00
4.077268140427430865e+01
4.227219520283458110e+01
-2.821579689898086940e+00
4.453928021715960028e+00
1.221258938229497915e+01
-7.447734024967900268e+00
2.587075661432196227e+01
2.426952467252363022e+00
-2.489747408777593307e+01
1.664177088122482928e+01
3.565017181466934915e+00
2.251386155201294059e+01
1.085460530346365715e+01
-5.153512166902565639e+00
4.055726871518649546e+01
-3.973600946860742056e+00
4.061674040307279654e+01
3.205437284845218926e+01
-1.449477810722670057e+01
7.164029853120510438e+00
-1.488663265575240757e+01
2.046379071701034036e+01
-4.551228463153037751e+00
-1.963805552198899562e+01
1.266302276672445259e+01
-7.603100862682040884e+00
4.705743206016938984e+01
5.934320632302814147e+00
1.447046712503905042e+00
-3.122092445506606850e+01
-2.101129745148007189e+01
1.480204614123414331e+01
8.631778978049986506e+00
1.397640387996948164e+01
8.337173080251858437e-01
2.960172526751347277e+01
1.465056172288093705e+00
1.061235875916445082e+01
-3.251347578742766586e+00
4.860977854087309424e-01
-2.180593396853648969e+01
-4.261532194863448808e+00
-2.407156189689619907e+01
4.286458171332371592e+01
2.410292753561181200e+01
-1.303978878165340660e+01
1.677353762594009368e-01
-1.804515944502531610e+01
-2.718277604823740035e+00
2.169080472844653684e+01
-9.545655080299120243e+00
4.085800886578137181e+01
3.878475253839813774e+01
-3.136775280346617123e+01
1.014116452344448049e+01
-5.430853034966602877e+00
1.234133089567342267e+01
-7.355391217716331198e+00
4.044091954599608130e+00
-1.947630775384109469e+01
-1.899063948240059574e+01
-1.127972775229302727e+00
-3.933940935168642739e+00
2.539443799103828781e+01
-2.120166474910433152e+01
-3.629022752155373865e+01
-1.354420217759147960e+01
-6.003166608592799491e+00
4.170554387605622537e+01
-4.711930865928550816e+00
-3.116793372955937258e+01
-1.196827619021519240e+00
-2.687894613857672965e+01
1.300438566843274657e+01
-8.876787148765863833e+00
-1.756287352622407383e+01
1.781806796882912636e+01
-7.542030770213244750e+00
-4.019882246149904859e+01
2.355296807080343058e+00
1.802864808838862132e+01
-3.736175027920586444e+01
-2.874807350750319657e+01
1.662944336344027363e+01
-8.877745039856328901e+00
-1.283074073321709108e+01
4.098653719037884002e+00
5.847752801021513847e+00
1.510992723326535270e+01
-1.315384091370324171e+01
-8.597859100231609375e+00
3.465199237103156804e+00
2.925862331437400599e+01
-5.044989910308572689e+00
2.431646936765918099e+01
-7.067013977437383687e+00
-1.803636783811010602e+01
2.281280927271545522e+01
-2.989914422357649215e+01
1.520616351760199336e+01
-3.216607612289501361e+01
1.283541349399984455e+01
9.417004040072463056e+00
-1.762497265797051682e+01
-2.649478302601113100e+01
1.787679334740403192e+01
1.563935593984201944e+01
-1.152592674709539722e+01
3.719385221850288303e+01
9.067588005325944778e+00
-1.730740577656948176e+01
-2.425866268243144930e+01
-1.026473246135745399e+01
-5.734383648593883720e+00
1.072649548786633034e+01
5.850069794576448601e+00
7.647579623829301454e-01
1.249324594405840827e+01
-3.533902955404196433e+01
-1.345889112543468258e+01
7.489119363059515422e-01
1.252920752168999741e+01
3.877157361423222426e+01
2.932944502383871566e+01
2.240282810892178134e+01
3.529498324309102486e+00
-1.523562023352197059e+01
2.001487034750809357e+01
3.186076736257371067e+01
-2.427289679471144268e+00
-2.212805033171762403e+01
-4.516637655875435087e+00
-7.693988542228247240e+00
-1.489045131066865224e+01
-3.152230864562161017e+01
-2.742077387893182561e+01
4.194125186977956332e+00
1.127997679754020055e+01
4.563860466681788353e-01
-3.680210714251919057e+01
2.964576166735022866e+01
9.810984346949425117e-02
-1.714828836948713331e+01
3.768245066022495848e+01
-1.859457082855073651e+01
-3.369948652072196182e+01
-1.436373088392230812e+01
7.085786735371733869e+00
1.820687730852183961e+01
5.001421175030074551e+00
-2.385658310882691779e+01
-1.851777248624718553e+01
6.895373873092367489e-01
-1.364518418057028271e+01
2.425437413619140159e+01
3.440590594992386286e+00
7.954130298355252648e+00
-1.589200625356305352e+01
2.441150048025652097e+01
-1.467265977201098792e+01
-9.456130111300808494e+00
2.190389666115214595e+01
2.013905042848371352e+01
1.108908301554956211e+01
-4.074432860301331516e+01
2.977986617346726916e+01
-2.957463339690455939e+01
3.447389059814935308e+01
1.562283254107543939e+01
-2.285725705197458169e+01
-3.016633582108855194e+01
3.094226471332622452e+01
-2.201837265660739718e+01
-1.752079859851760801e+01
3.752975506626017932e+01
1.416432445481341063e+01
-1.841517539671650283e+01
-1.946628022212824050e+01
4.793934069648599916e+00
-2.776722183776080044e+00
-2.576666524016943782e+01
-2.907822287521920046e+01
1.746505905639365608e+01
-1.428078610956838190e+00
5.207642545418188718e+00
-4.136675853140353354e+01
-3.416245264210562027e+01
-3.843484861068091618e-01
-2.733495581004580188e+01
-1.571053326104640036e+01
-2.078745622961636386e+01
-8.897398857360151680e+00
2.578148778502371385e+01
1.183974181345210752e+01
2.697428200427165734e+01
-1.756174092217815996e+01
1.676904174792028357e+01
3.652527954746967964e+01
2.230604297795999003e+01
-3.018973755107288071e+01
1.829481956945336663e+00
-4.192222496952890509e+01
-2.382436301424023384e+01
-1.181066031639443992e+01
4.470389644572271948e+00
-4.258108317836928336e-02
1.259845050646119091e+01
1.413240151288533752e+01
-3.542775458270966737e+00
-1.405891923383357778e+01
1.988503219923519794e+01
3.274918221293225429e+01
-2.872424671437838839e+01
-1.699875475615662879e+01
1.592272943831027021e+00
-2.646775102525879930e+01
9.058893942348689166e+00
2.308534365254661225e+01
-3.509402077813646059e+01
8.248495301368677701e+00
-4.656525447954336983e+00
-9.780895880155476618e+00
-1.966772680613090429e+01
-1.981335387582517527e+01
1.439445020434365574e+01
-2.494880644987754081e+01
1.197453102687228466e+01
2.461018563138559045e+01
-1.979023100195701446e+01
1.590543985875687838e+01
1.070928235041250787e+01
1.973584191082365180e+01
2.947521272840344864e+01
-2.481676751232988920e+00
-2.591801182405423631e+01
-1.750441423335156088e+01
-1.477006156330647713e+01
-1.433954078824363165e+01
1.012274290213279926e+01
-2.116706066360902838e+01
7.626945662936023496e+00
7.615622171648951166e+00
-2.157244394328382597e+01
2.943705272347303037e+01
7.880365338504326189e+00
4.270918310607271451e+00
7.011407252344881158e+00
-5.270793602721219884e+00
6.566933981454070590e+00
-3.169250703598933683e+00
1.228426207049358254e+01
-3.145305176123897439e+01
1.851944935813966708e+01
-1.445073957560754963e+01
-1.130497205807692751e+00
5.219786760327082220e+00
-9.823399136002507248e+00
8.124730143038476626e-01
-8.948508060711262146e+00
-2.415834350488175630e+01
-6.568780791160989452e+00
-2.373221925761495044e+01
1.496470260414943709e+01
-1.496817072701674789e+01
3.563833971196055472e+01
-3.018407667740088485e+01
-4.061935814761916674e+00
-5.952140838586544191e+00
1.567188103332543392e+01
1.021556178741361975e+01
1.059726852741278691e+01
-1.799757841539700820e+01
2.727590904407298922e+01
7.930735482999473618e+00
-1.554578923581294703e+01
2.006379409177208117e+01
-2.553334160321731261e+01
1.408382163880847315e+01
-3.073758352468097144e+00
-3.484832358578540834e+01
-5.099895587672186537e+00
-1.429834516585059845e+01
7.655046430266374102e+00
-1.429163510670330339e+01
-2.134403620876387109e+01
1.909135721180130929e+01
-3.562952614683406694e+01
2.072259145749056586e+01
-8.096571660856724861e+00
-3.002217034999426559e+01
7.374637356802224986e+00
-2.083103185212826958e+01
-1.498371945258723770e+01
-3.002390703847041920e+01
1.101448059949605351e+01
-4.092009175269964771e+00
-2.362436585217075802e+01
1.263899904388998863e+01
2.019829339657674439e+01
-3.738243660424265613e+01
-3.008632587923839452e+01
-1.177757626664826773e+01
4.262620926851511172e+00
-1.229642500184766618e+01
1.559588379318735463e+01
2.469058979936488640e+01
5.168345745244742773e+00
-7.212484434074930562e+00
2.311971578166304653e+01
-1.450943582755578376e+01
1.056485409122869612e+01
1.309905066696621390e+01
-5.512204950233304146e+00
2.205157789427514103e+01
-2.836677812406272992e+01
-7.745394244141166951e+00
9.865338906620422676e+00
-3.150478491490972033e+00
-2.211301330769640572e+01
-1.676412567222039485e+01
1.514119649714689331e+01
-2.987539535409232272e+01
-8.390016841350323773e+00
-1.553557754399921720e+01
-1.252806373292245468e+01
4.698407967066152935e+00
4.961497281093294021e+00
1.261823062215421487e+01
1.591784075289487532e+01
-1.099041878230635660e+01
-1.449676762692507737e+01
-1.136065870579944459e+01
3.097000038693322210e+01
4.707096045812684793e+01
1.580748087427647874e+01
1.200205581464424398e+01
-3.593081754473183764e+01
2.286971493498680275e+01
3.533831992787696663e+00
1.210110257266035916e+01
-9.038816513771038785e+00
3.491286383096067425e+00
2.691016155622476447e+01
1.251999783681336709e+01
6.475322746382225603e+00
1.895612543526563343e+01
-1.037175954951581502e+01
-2.402056515975289130e+00
1.150432850548423858e+01
-2.978929510912715628e+01
3.090706334452819704e+01
2.608382098179838238e+01
