3.853431314645811767e+01
-1.234860119026713932e+01
-5.103874703442805583e+00
-1.931947586091968816e+01
7.771396264718575253e+00
9.210845528493408096e+00
1.074106382512668745e+01
2.257954267321518671e+01
2.707947377667694866e+01
-6.956726266689798877e-01
-7.425442290870279294e+00
1.224571402770545347e+01
3.605505489273066644e+01
3.037013360334960055e+00
1.327480352031351174e+00
1.304916966116258692e+01
3.685796049215601045e+01
-8.282012698521874938e+00
1.546938975948853567e+01
-3.894421710628172661e+00
-1.281046087487933960e+01
1.440972969930433578e+01
3.594876644749254524e+01
-3.631726490422578024e+01
2.628732057472227268e+01
-7.017800432671698729e+00
-5.721672767450357355e+00
1.784182147737280388e+01
-3.204869729272864731e+00
-2.813873280903661112e+01
-2.636155190474086041e+01
-5.337501809645218032e+00
-2.017747492262699893e+00
4.491587022329710521e+00
-3.948018726634209941e+00
5.815965089112111741e-01
-5.919488549526064958e+00
4.288710908739631122e+00
1.544568507562487980e+01
-2.576481165497511228e+01
-5.412350067770745454e+00
1.013122635454381282e+01
-1.488678876827410846e+01
-3.478973447475573266e+01
1.554369587831257604e+01
-1.330043913509970110e+01
-2.108884826711718929e+01
-8.760441264587285559e+00
3.751973825353742598e+01
-1.831971785215138482e+01
-3.705129234277669070e+01
-3.743124589785395528e+00
8.575292034786308193e+00
-2.001655680365933065e+01
-1.655424936200229524e+01
-1.219715420059843325e+01
-1.432952117477272225e+01
-3.780033750116339064e+01
-3.842515996187159999e+00
1.114791566697556391e+01
1.016307540317093583e+00
-1.546916230544677973e+01
7.199725965749358636e+00
-1.425605086557089862e+01
-2.147519480185515306e+01
1.493496085978944166e+01
7.532544262822106873e+00
2.697819334655847001e+01
4.466277229477825017e+00
1.156354831762482860e+01
-2.074168809923065027e+01
-1.389161386074032833e+01
-2.628254774078890321e+01
-1.074711503338004803e+01
1.490614909341468319e+01
-8.781270416582529492e-01
1.926749004490912398e+01
-1.680021080867606997e+01
-2.103367528499225969e+01
-1.835588923430578845e+01
-7.015367376522718246e+00
7.114716081743210907e+00
-1.506899876601686117e+01
-8.207479892046180225e+00
7.775683417310318646e+00
6.797549324091946232e+00
3.583267654894865473e+01
-3.378032404694621960e+01
1.297309760626808384e+01
2.360639176433278408e+01
7.731794041792014127e+00
-1.234059240339055208e+01
3.508758420628591068e+01
1.424390007003286485e+01
1.089274203274705854e+01
-6.535382908700221094e+00
7.724303110677269046e+00
6.482169892114285403e+00
-9.993811835955966671e+00
-6.539671748857010414e+00
5.412689445043938008e+00
-3.017495420130133965e+01
2.759856125829595896e+01
1.269583574412813931e+01
-5.807102398895203521e+00
1.486349613260195213e+00
1.470886778161079178e+01
2.764306669449470633e+01
2.976228949208925201e+01
1.499584031990487176e+00
-3.381221894217006252e+01
3.194977744523174579e+01
-1.249444041946301098e+01
2.479813485896684710e+00
1.426126012553652345e-01
-2.325470417833903625e+01
-1.144386241854019914e+01
-3.289646163219732955e+01
-2.515938348981866568e+01
-3.481851052134167901e+00
3.475319239662113091e+00
-1.853451581889913768e+00
2.343255899995928360e+01
2.896491548987313536e+00
-5.532900928637914717e+00
4.979091667197224069e-01
-2.839337345069239404e+00
3.113696295384956159e+01
2.572019500745919629e+01
2.652970361466580584e+01
1.601765231980877502e+00
1.123740142404719222e+01
-2.274104564054042399e+01
-4.971661139099246896e+00
-9.313267837985513609e+00
-1.923116416411813034e+01
-2.137643992056439401e+01
-9.948965744013015922e+00
-3.369115121481769393e-02
1.644540080857562714e+01
-1.340897490272884340e+01
-1.528231308603220384e+01
-1.020945058939620509e+01
3.090156297424648812e+00
6.627660951576295645e+00
3.000295400440047899e+01
1.269635158527261609e+01
1.875557571787292943e+01
-1.922607704404584794e+01
-2.383217082290390465e+01
-3.377884157617964433e+01
9.042631766170281082e+00
3.265051701152404462e+01
-2.591657792979001229e+01
-2.102172572580417409e+01
3.629462198252717542e+00
-2.355570654680809639e+01
-2.776848335756343999e+01
1.159572790724300262e+01
-2.627107631510854446e+01
1.549763606506799363e+01
4.118050612397750854e+01
2.574366395294964605e+01
-1.169506765510028146e+01
1.589600285591849627e+00
2.422343376102477919e+01
-6.002615680769793016e+00
1.615053735517109601e+01
7.155254125068623239e+00
-2.870522713258117875e+01
1.929417636009684145e+01
7.356080195178982706e+00
2.978057849986785754e+01
8.280955302862111012e+00
-1.342272071047073467e+01
2.524835817622452794e+01
3.000109303021581297e+00
4.052417495598004393e+01
2.140753955196157676e+01
-1.252752041662175486e+01
6.051610625267457522e+00
-1.833781044084905076e+01
6.374270544531469795e+00
2.496778095349760918e+00
-2.217658156811780756e+01
7.441872711912253635e+00
-1.468824399317748686e+01
4.272355237175355569e+01
1.110266267506177229e+01
-8.162499328873941806e+00
-2.733602248675368429e+01
-8.393172315925120586e+00
1.097965803919272076e+01
1.453533026102448389e+00
1.373965088920597566e+01
9.240033879807754147e-01
1.676712078500493419e+01
-4.740486313020056741e+00
1.944632880274103570e+01
-6.405488379074760985e+00
-7.119808321503633408e+00
-1.358025486803347093e+01
-1.315834174134520396e+01
-2.472681102217525861e+01
3.486625740934958628e+01
4.169914195059121198e+00
-8.920309236881642789e+00
1.611639132804127428e+01
-1.671922531930846390e+00
9.739307326546040144e+00
1.696013101750888552e+01
-1.866383005687957564e+00
2.935947834221362029e+01
2.654040462119662891e+01
-1.859889544178143694e+01
-1.955602243485444092e+00
6.715293245177399228e+00
-9.969555018321187845e-01
-2.034983285313250434e+01
8.616598381214920721e+00
-1.847392251804171792e+01
-1.592030397583462076e+01
-1.532560434630636337e+01
-7.584352325601457778e-01
1.446185195788642375e+01
-2.681517239361192040e+01
-1.902107074505070727e+01
-1.941309954367320501e+01
-1.249855715774251053e+01
3.725125083552964611e+01
2.005062529371279822e+00
-1.962349810919999271e+01
-3.548617010973600827e+00
-2.115725823927915172e+01
1.954583868068660024e+01
4.635448033584381733e-01
1.216318323066943208e+00
2.702997555083923942e+01
-9.358641895945751799e+00
-2.847934333799555517e+01
-1.226898768517267513e+01
7.730404900370622556e+00
-3.253963331454158947e+01
-1.756257616870696836e+01
2.402380643781312131e+01
-6.037943095616491007e+00
-5.642225267990852444e+00
2.187946637672041561e+00
1.332761227296229833e+01
1.987611486009420503e+01
-5.576051120654376803e+00
-1.604482520603329476e+01
-7.105709949824060345e+00
2.623112703037335791e+01
6.562951549404516527e-02
3.122123549553926125e+01
-1.650653914071161665e+01
-1.635366086637346683e+01
1.885952359971220460e+01
-2.725786003243142375e+01
1.881614011502107076e+01
-1.988067367822983300e+01
5.851798574059266400e+00
8.601059479201630609e+00
-2.636952447453251125e+01
-2.765636452920565702e+01
2.426849911134574711e+00
6.262953428302829195e+00
-7.128810135622941857e+00
3.524104845036326594e+01
2.129295873389314409e+01
-1.046385000147446931e+01
-1.925193604396739389e+01
-1.435176188749382220e+01
8.199535875497900861e+00
1.455551880618159544e+01
1.639502731498265575e+01
2.901183344885538418e+00
2.776151759201673030e+01
-2.850495068699507328e+01
-4.738106849025705003e+00
3.940418650990139326e+00
1.149616948022767104e+01
4.187154413038123835e+01
2.646025573089750083e+01
5.806714940471145781e+00
-9.760758587857914392e+00
-9.394578901916453617e+00
2.225826040552834684e+01
2.149511900949934784e+01
-1.111456096382488568e+01
-6.049383542342759768e+00
-4.356415264637803375e+00
-1.047326348183954536e+01
-2.191936440648165529e+01
-2.188430003357898102e+01
-1.622576069282680322e+01
-5.381770741066219443e+00
2.639116033060339817e+00
-1.056466531101292361e+01
-3.459594286387707029e+01
2.565717144176463194e+01
-1.910686895925198669e+01
-2.149934694259961887e+01
2.850228662754854270e+01
-1.440558232023376917e+01
-3.616041196990100559e+01
-6.980842334036488239e+00
-1.259423265485419563e+01
1.111029662180125399e+01
2.220043721520067947e+01
-3.552094870422312312e+01
-2.479624157009078189e+01
5.160745644493403006e-01
1.232126833645132535e+00
2.266217215702442900e+01
-2.935863197667600843e+00
-3.080640205605789106e-02
-8.974090500521704428e+00
7.961449874504687330e+00
-2.147101541233532984e+01
-1.824873394332565724e+01
2.084405913744788563e+01
1.442627340040615991e+01
2.537498913229399022e-01
-3.380810792948494736e+01
3.110951659083593768e+01
-3.071024677869493757e+01
3.353373569254057429e+01
-1.422937648614649220e+00
-1.334754355891332267e+01
-2.568808988106768965e+01
3.389253538101532115e+01
-1.513820097635418449e+01
-7.411833554368882915e-01
3.327936325346811941e+01
1.347394559247426571e+01
-1.844977502840649919e+01
-7.866370807509035501e+00
1.381032188337329103e+00
-3.426122033121558275e+00
-3.125426448623062115e+01
-2.183001400563553318e+01
1.381270768872801824e+01
-1.209838488044364624e+01
6.194560987274712716e+00
-3.852625163646576567e+01
-2.600789528040627374e+01
5.883535670739682644e+00
-8.865261066077387397e+00
-1.845260547247375982e+01
-1.234235371169315698e+01
-4.708281751050634512e+00
2.912796952189255251e+01
5.190671691934866772e+00
2.713033988239608618e+01
-2.734772886745253828e+01
8.245216371595510907e+00
3.284900133982004888e+01
9.212179074372897958e+00
-2.644921694937091772e+01
-6.417599058643894239e+00
-2.773777645983934548e+01
-2.551772046025213569e+01
-7.565704128700616593e-01
2.029679786191309177e+00
-1.171278563673151041e+01
1.831831055424139265e+00
1.456130181738689089e+01
2.718323388956136455e+00
-9.397753630703668648e+00
2.274723275515759724e+01
1.908159264494115348e+01
-2.127186391821031464e+01
-7.605252670152360395e+00
-6.820879236613698993e+00
-2.761524170280867452e+01
-4.808327553385346675e+00
1.672468367760389185e+01
-1.952170501226419930e+01
1.313335094992468299e+01
3.682759071150620400e+00
-1.032675763407659275e+01
-1.671630532438869210e+01
-1.027984724652996107e+01
-6.933737482801376473e-01
-2.142929427744457271e+01
1.917265682246468828e+01
1.158486590199567701e+01
-9.887271870014878061e+00
1.012822027704174133e+01
6.506923145621115623e+00
1.697397893750228093e+01
2.156035030452460433e+01
-1.783978620738026422e+01
-2.264399574013788907e+01
-9.600033529644477426e+00
-9.703558819315276196e+00
-1.833063927706881557e+01
-5.717559851772278989e+00
-2.388344666474729294e+01
7.126040956790511416e+00
9.317524616944659499e+00
-2.775902017899370477e+01
2.173797208702481498e+01
1.016564287670638578e+01
8.921665181587400184e+00
1.642543084261333775e+01
-1.463966639535498615e+01
1.270409656141797683e+01
-2.534119475617657713e+00
8.762033486754418732e+00
-2.323632520241123345e+01
-7.902637566574028938e-01
-1.642262275835501839e+01
1.505954306713279323e+01
-1.608358298627649674e+00
2.262179666800598454e+00
1.170328935579590279e+00
2.987110225753610848e-01
-2.697293272075721404e+01
5.694807804620104719e+00
-1.442987179941427200e+01
1.068655819763005610e+01
-7.929185732760501537e+00
3.081836480779944054e+01
-3.285912692461047868e+01
-1.514632706339472890e+01
-3.434653159231004338e+00
-2.715698059701551870e+00
3.571779019336219108e+00
1.352640433573647272e+00
-2.629361902241911153e+01
2.200270835205577669e+01
1.673559117494718862e+00
-1.989337159138419153e+01
2.767689376652693056e+01
-1.930794115415136503e+01
-3.427088455044405180e+00
-1.845312578416034555e+01
-2.903562478429644500e+01
-5.690521713506953461e+00
-8.053169225640722573e+00
1.969594731801834087e+01
-4.859215834485745233e+00
-1.813953002448397456e+01
2.647862023749560478e+01
-2.674102207860154579e+01
1.646142416043042545e+01
6.727925627266550634e+00
-2.799661704200870815e+01
5.366105100253271587e+00
-1.765515916848740119e+01
-2.417196022217685325e+01
-3.095062671412911470e+01
9.065345963492468684e+00
2.777457896046598762e+00
-1.727337439702004929e+01
2.763547484141668065e+00
2.110866467605217167e+01
-2.163064193732546059e+01
-3.631798390900785733e+01
-1.123197484598348694e+01
5.010111326726097047e+00
2.003992121353135758e+00
2.570720060687001762e+00
9.039873600486750149e+00
-1.328438837586077170e+00
-8.797763089489841093e+00
1.733167783339668233e+01
-9.689703377781071936e+00
1.062230732000071498e+01
1.770859026588000518e+01
4.566570369457153333e+00
1.250573343537610072e+01
-2.575137590506005481e+01
-1.910108142699679235e+01
-2.899942505155195249e-01
-1.602774833138046517e+01
-2.262049626725925933e+01
-4.633051667377628746e+00
1.375743766158933568e+00
-3.376926466655046966e+01
-1.445702059883068102e+01
-1.889318701389247579e+01
2.862601785628207551e+00
1.163730587144664241e+01
8.904201208473949691e+00
2.278933224410346270e+01
2.439315109952083560e+01
-1.179396975450073626e+01
-2.761771148173725976e+01
-1.555823028739533243e+01
3.630331691912593328e+01
4.238113308257004519e+01
1.218173230624545056e+01
-3.312306432705298676e+00
-3.459792316791817512e+01
1.194796453015551663e+01
-3.205037942750514901e+00
6.192501729685986334e-01
-8.687914015890882524e+00
-4.735651745787727407e+00
1.958823119916401367e+01
4.575827395501477213e+00
-6.167116991458755138e+00
1.205720391372558709e+01
-2.365524907891545325e+01
-1.382109090860254952e+01
2.288287782312299612e+01
-2.246555054968928999e+01
3.511370701600100119e+01
1.906187459524329597e+01
