3.397220746050490447e+01
-1.442422717346549632e+01
-2.099282725538770222e+01
-1.752557062801410837e+01
-4.157187480367753096e+00
7.228407303293337804e+00
-1.112438384564320870e+00
1.388560339557756151e+00
-1.869219586391110965e+00
2.107031144411685375e+00
2.122268600039754460e+01
-1.351693558636555537e+01
3.288443070469628537e+01
1.578175522348679749e+01
8.720374633818074983e+00
1.834059279388054620e+01
2.797827216679348794e+01
-3.649862595307148183e+00
6.393462742667978205e+00
5.901416155479452641e+00
-8.908517285328514390e-01
8.541456506256587033e+00
2.267659237560708618e+01
-3.674476280141112738e+01
2.676703517378476249e+01
-2.182370485649266101e+01
-2.826162936650447932e+00
-1.936176741392436895e+00
9.576181530278802256e-01
-2.001218038553591683e+01
-5.774255818493095660e+00
1.008299298946472078e+01
7.532429114845164975e+00
-1.492679794498528167e-01
-1.156533524173324423e+01
9.334998590873766489e+00
8.465924740042950702e+00
8.283538642144279152e-01
8.022487803622837532e+00
-8.988602243748793796e+00
-1.161692051614377874e+01
8.068874810145800325e+00
1.561927909286488614e+01
-2.328915041588094326e+01
-2.245104608330649398e+00
-2.772465844697869031e+01
-1.580145053412508105e+01
-2.068093186695486452e+01
1.983045255282672770e+01
-2.697355302693156176e+01
-1.986855876189732584e+01
1.615230132789842799e+01
8.938656387832487837e+00
-3.426081553807561164e+01
-2.860163004476132897e+01
-3.037403279939683998e+01
-2.721911960538200148e+01
-2.125819745585516429e+01
-8.913062373921846415e+00
-2.909599607063697135e+00
-3.379365484025598221e+00
-2.523066776615910456e+01
1.035247119670458460e+00
-1.322672824746397424e+01
-2.398636601060561446e+01
1.051318701035688719e+01
7.855301974411453614e+00
4.221859966600447933e+00
-2.540607870183627881e+00
1.559048403849642739e+01
-5.600198325678185540e+00
-1.549519076551071350e+00
-1.396446393230388594e+01
8.552172990863994073e+00
9.816197858232115436e+00
8.297412272863823546e+00
3.046863401117572323e+01
5.211046976566912292e+00
-1.149041578257946838e+01
-8.631944336694289177e+00
-1.576524699562050813e+01
2.479373349679153193e+01
-5.120783849317675163e+00
1.175571510217054083e+01
4.717723664737135891e+00
2.179355242365927836e+01
2.068748240565346919e+01
-2.278654237236962388e+01
-9.446703692281325004e+00
1.430441878335574302e+01
-1.640232325865655838e+01
-1.269249608389475981e+01
1.603340030816640649e+01
2.240277675591157447e+01
-1.169693116546262246e+01
1.807352052329784442e+01
1.941062623592588920e+01
3.263695039663491571e+01
7.322818841493258901e+00
-2.007941634917458984e+01
-3.063636088532106783e+00
-5.816161514559787804e+00
2.875408231532969694e+01
1.056966997424694199e+01
-3.409954073966616761e+00
3.797485470953198217e+00
-2.403152249700831078e+00
1.208334565417968065e+01
2.302436285305984143e+01
-1.883160651561748722e+01
-2.596773489633252296e+01
1.711816917447883668e+01
-2.512612146407438729e+01
-2.379851973612235483e+01
8.484882455298574655e-01
-2.702336148362817880e+00
-1.950743821045269755e+01
-1.360524471674479230e+01
-3.429568893398236185e+01
3.613157799095581879e+00
2.818416473606497163e+00
1.436880985579603021e+01
3.288507437836571512e+01
-2.566400542710035637e+01
-1.193793270117285488e+01
1.699905514927735339e+01
1.762993902532829793e+01
1.284649470089039625e+01
-2.085521522700148012e+00
3.790251924465513866e+01
4.181556977023518584e+00
2.386438578888743223e-01
-6.714787493652899286e+00
1.186065227399232924e+00
-2.361135044167605557e+01
-2.538997763591869727e+01
-2.254931932689665075e+01
-3.571273629646952941e+00
1.674600953430831396e+01
-1.019176575945778040e+00
-7.427499346343637399e+00
-2.636394332034530663e+01
1.346287989770347338e+01
-2.854870173877785078e+00
-1.212743354202804369e+01
3.903612334396606798e+01
5.203416344826742090e+00
-2.308121706434576481e+00
-3.361131668347844936e+01
-2.886259836320951777e+01
-1.453844541496614795e+01
-5.877053959177224840e+00
3.370918882332985334e+01
-2.365417735863709581e+01
-6.037741197880720279e+00
-9.155859197473517952e+00
-1.988656646631977765e+01
-1.757773672221484418e+01
2.703174080752062025e+01
-3.315604427267064125e+01
1.900516285468987121e+01
1.946536200600510824e+01
1.950071320412794762e+01
-3.221593436439703595e+01
2.650541970525371482e+01
1.042547926082539789e+01
-2.496987777530037533e-01
4.329639049051849042e+00
1.390242195205379971e+01
-9.307109144968130465e+00
3.262473728553459296e+01
9.184148800685910885e+00
2.026448064332588217e+01
2.897064252688335273e+01
-8.169806561755976304e+00
1.700825719851772533e+01
-1.147585860297311910e+01
2.486234142390134139e+01
2.292705661742658663e+00
-8.176942992235730401e+00
-6.214528763885219576e+00
-8.894277798287355097e+00
1.572690299246029610e+01
-1.231578200844059268e+01
-1.705534663868668588e+01
2.430027435264821634e+01
-3.364464927941298811e+01
2.402460188756023740e+01
-1.471067685629260069e+01
-1.846889368330735337e+01
-3.446746955165007620e+01
-1.039246536966081891e+01
2.327519947883160967e-03
-1.298974344375495349e+01
-1.448580260294424704e+01
-7.753506051590406400e+00
2.402301065518905432e+01
-3.034313181863133480e+00
-4.607426735728964218e+00
-2.446070583487286498e+01
9.045022554785262514e+00
9.788229874256636265e+00
-1.739375742686421233e+01
-1.589492341143596832e+00
1.834819940725857634e+01
-1.153562171556227156e+01
4.826164763454478646e+00
9.059381072039428773e+00
6.765582954882731315e+00
2.147018211927762366e+01
1.022593791086045201e+01
7.813904987134570490e+00
3.195287010246367743e+01
4.400601387619431648e-01
-2.246744076782998434e+01
2.180985124053350432e+00
-2.900917155715717399e+00
-2.430620274564001093e+01
-1.320455926110357581e+01
-1.903498650263372127e+01
-3.118745866754078122e+01
-1.374308174879863031e+01
-9.561731379783047657e+00
7.525156578255653983e+00
8.314908139156926836e+00
-3.643707003022918656e+01
-1.222052907712991043e+01
-2.847460939497173271e+01
-2.708255935923646263e+01
2.943496207176559665e+01
-2.437591595208677830e+01
-1.555130424185684745e+01
6.106503010837371903e-02
-2.696956329750731385e+01
1.158930884577637244e+01
8.431567093570613736e+00
1.010794036114246808e+01
2.983879678722760787e+01
-2.722536221592296002e+01
-3.103818701892359044e+01
-1.198934042267551803e+01
-7.850822294684689950e+00
-1.889967415336074552e+01
-1.993564534845275915e+01
2.028666624470092472e+01
5.142663350942314082e+00
-9.316531322322134656e-01
-1.188947332061135853e+01
3.310685860595545194e+01
3.088061443472376766e+00
-2.934780206121878621e+01
-1.984298115689576747e+01
1.339632308689121487e+01
2.183635465155767008e+01
2.017399211123438363e+01
1.093692978094664880e+01
-6.416884208990836669e+00
-1.692196184058946073e+01
-6.989946697311602009e+00
-1.774867386436006456e+01
2.363090199305457872e+01
-1.794957758120339975e+01
-4.270815742140854354e-02
1.300750807841779277e+01
-2.016311717153786276e+01
-1.111835405382154818e+01
4.063652160653305145e+00
1.628138423078971186e+01
-9.752712642936138820e+00
3.474837222095708000e+01
2.784668923001169105e+01
-2.833629826619668535e+01
-1.110250967739033001e+01
-1.554723674170458736e+01
1.758610750708969306e+01
-8.098100034320680152e+00
1.726293754476834863e+00
4.814264028539028573e+00
2.050624672648785918e+01
-1.674764081287893447e+01
-1.336147338774374305e+00
-5.632451027646212083e+00
1.292420433306156013e+01
3.434767117623714228e+01
1.046622881487186874e+01
-8.917842345583146368e+00
4.287370998613418749e+00
-5.668029828499733469e+00
2.777166398110810519e+01
8.358452565496733655e+00
-3.465478552349078001e+01
7.383526063266288020e-01
-5.502407877475832265e-01
-6.539795761754000125e+00
3.346271197709292267e+00
9.360023434950093701e+00
-3.014690355907487174e+01
-2.453491088066612136e+01
2.811863116954637576e+01
9.417472160519203328e+00
-1.054298000504876143e+01
2.942952340983654835e+01
-1.069233683480154440e+01
-1.763278689934818289e+01
1.160627716320068714e+01
-2.016924930212776701e+01
-3.346852753161674343e+01
-2.744025194818938118e+01
-5.272312213164603634e+00
2.095847899287639393e+01
1.594311450304260802e+01
-3.053203875079211116e+01
-2.670497982055565700e+01
2.147824906661440991e+00
4.608318933529673700e-01
6.987014994401654633e+00
-7.421847784390514846e+00
-5.429395707560992435e+00
-2.098298812854642037e+01
-8.130304381862465846e+00
6.625132293799062211e+00
-2.703512001283680988e+01
1.266740358058760307e+01
-9.455028158273321992e-01
-5.904713930072446715e+00
-7.137595440810578395e+00
1.930850561173336644e+01
-1.514953263101060088e+01
9.107367455235063858e+00
1.577304094308495053e+00
-2.401765735539254010e+01
-3.402108636335736946e+01
3.163947073849169556e+01
1.133092455640640850e+01
1.665463083055621496e+01
8.527151451723788966e+00
-9.193547811362215327e+00
-2.911104558112229057e+01
6.144604724756952407e+00
1.637015530881600966e+01
1.451142363429256932e+01
-7.584078807259800215e+00
-3.339592378115746385e+01
-4.411167072408453294e+00
-2.451206167192950858e+01
-1.130186864854581330e+01
-3.448032061536115833e+01
-8.252239632845146389e-01
1.586264720189527111e+01
-1.532428074213986235e+01
-2.006428804296484358e+01
-2.189211832149370451e+01
-8.336189419326245797e+00
1.996705635601351503e+01
9.265995888674808612e+00
1.997525223603331312e+01
-2.963697301238283188e+01
-1.715145473547128319e+01
2.013167311033747353e+01
-2.531616819738722768e+00
-5.201044516639171889e+00
-3.873039675166666029e+00
-1.046796240843997339e+01
-7.657454375992713835e+00
2.289398813702800339e+01
2.709589821086215977e+01
-2.820153242218018619e+01
-1.052144167069144487e-01
1.509504791934300272e+01
2.402924233555586397e+01
2.731374845508803162e+00
1.796377619255825664e+01
9.700621278741870412e+00
-1.304429072229197573e+01
6.420519997449289917e-01
6.876187564542533437e+00
-1.133184278144473467e+01
-4.239841031206687205e+00
1.643267740080564465e+01
-8.645861002196603806e+00
-1.718394426092686444e+00
3.655202271464538910e+00
1.988798750596087928e+01
8.185254041955971616e+00
6.784327885693883786e+00
1.837419257266134309e+00
-3.002883463345537152e+01
-2.048371940839352590e+00
-2.756458367900712858e+00
-2.499031742330361539e+01
2.305537085841143607e+01
3.128345921972703536e+01
3.537188559545320743e+01
-3.581946761948763935e+00
-2.638935598389711146e+01
-3.435995335090478164e+01
-5.958360946632431876e+00
-2.828978512150738212e+01
9.046911014363459458e+00
1.338636962492083171e+01
-3.978778631901844420e+01
9.580309545905805635e+00
2.119693982522039732e+01
-8.716112838046527145e+00
-3.957711201633102860e-01
-1.058281444145735151e+01
-6.799278098892685307e+00
1.794744222819261381e+01
-2.824859194001627571e+01
3.208777252188843931e+01
-1.611265235069267732e+01
1.922389138484423654e+01
-1.251674327680623122e+01
4.289518784415221830e+00
-8.872936744783991969e+00
9.582064276926573143e+00
1.126584578259046765e+01
1.836716827004420338e+01
-1.294455849112383561e+01
1.385710785836481307e+01
-9.426201284609348363e+00
3.991946714771898996e+00
-1.010499454884635639e+01
-1.534904272439462147e+01
-3.109504080239036838e+01
1.807278057796662551e+01
-2.571911163125923849e+01
-1.311093295673529724e+01
1.179599055470151825e+01
-6.257673479223768709e-02
1.825997070361189856e+01
1.168041604613703299e+01
-1.422430953152446165e+01
-5.496954298419467477e+00
1.809665527439396726e+01
1.849906117293599550e+00
2.085898293685451677e+01
-8.981770675250118074e+00
-2.199908162670756795e+01
-8.270108223054570828e+00
-2.498943254988376594e+01
-5.174444087691021821e+00
-2.282554137599672828e+01
9.812266979617234597e+00
1.535992782574541593e+01
-3.100258965339573081e+01
2.526776339022458728e+01
-2.517665512697728047e+01
-1.109762572657539437e+01
9.955704575578039339e+00
-3.047252651415390901e+01
2.214658434413094312e+01
1.434014248209103926e+01
-1.185827375393092353e+01
-1.157357488080585028e+01
7.836530862635250116e+00
8.359876404518274740e+00
-2.910113865470446015e+01
2.040470834730028571e+01
1.542115387771754342e+01
-1.557603868123638335e+01
-3.186529806555693511e+01
-9.310762824711062535e+00
2.105484647080055538e+01
1.682963378391839626e+01
-2.263719701983239929e+01
-1.157648095881839367e+01
3.046094209195970848e+00
5.561508885775126032e-01
2.611237478692225977e+01
1.771457916333048388e+01
-2.466080547695007397e+00
8.103802093152893349e+00
-1.301833418762827677e+01
5.132496940597853552e+00
-1.105496264333368828e+01
-2.090719849433394373e+01
-1.602692389952127172e+01
2.534760169817261044e+00
-1.576694062309943689e+01
1.814844795325052473e+01
1.698077587287055223e+01
-2.452784274802478137e+01
-2.537606725205731095e+01
7.912337799258651216e+00
-3.276628267068005584e+00
-6.558067477317443661e+00
3.016127058706285879e+01
1.945813176621479101e+01
2.086217631464523947e+01
5.770126753630080430e-01
-1.239859859800125008e+01
-1.294756231784423051e+01
2.326100853295157833e+01
3.461969680134922100e+01
1.987561559155692237e+01
-1.713259680354036618e+01
-6.667325904050379393e+00
4.347736675627245972e+00
-5.154897326734484864e+00
-1.412931595605130042e+01
6.905353962010032376e+00
-8.997300865301411932e+00
2.397569463878953400e+01
6.232665487046347152e-01
-4.873496359680807188e+00
-9.624721615941908226e+00
-9.288926742302948014e+00
-3.044830021547228327e+01
2.336629601805988443e+01
-6.024407264564970887e+00
1.997116021090046445e+01
1.716648041425024473e+01
