4.442949288468953739e+01
-1.970542211868295723e+01
-1.810364073856959521e+00
-1.633670489691536432e+01
1.515053813404951200e+01
5.811578315086876501e+00
1.218298919726053953e+01
2.659692060807041969e+01
2.569866085861600880e+01
-4.394663239798290988e-01
-3.195029911341357831e+00
9.480115625415194813e+00
4.222450198423850054e+01
1.525350813381398041e+01
1.002470675037808689e+01
2.626915114326945400e+01
3.899714672580881825e+01
-1.579452143431196731e+01
1.742997298888373336e+01
-8.763709893464415757e+00
-1.189095886693001347e+01
7.891814032937304546e+00
4.235425485044223137e+01
-4.347771320875343548e+01
2.456721451201839557e+01
-9.275796453045842327e+00
-1.010971715537362314e+01
1.320871575540323306e+01
-4.777047217401033663e+00
-3.517096683535704926e+01
-2.432846981578925138e+01
-8.400849654930027555e+00
1.394762571013899333e+00
4.519917873514955886e+00
-1.267119748078493302e+01
5.853039843904106476e+00
-1.355056100008290798e+01
-3.576794499948476869e-02
1.197161785147910251e+01
-2.845273341548551471e+01
-8.564487352167212464e+00
6.832301600040977974e+00
-9.245319026250129468e+00
-3.963482604461329117e+01
1.581313169889962467e+01
-2.420436703156772040e+01
-3.035996144233759253e+01
-2.286558116426907716e+01
3.897947273787372069e+01
-2.253774800955176261e+01
-4.225460932795016333e+01
9.395165759597432498e-01
2.698732120994328909e+00
-2.806428705041457050e+01
-2.500539044684635925e+01
-1.394793452091589359e+01
-2.598995948082357543e+01
-3.905949158150253453e+01
-1.226978749625163090e+01
1.017603539691012315e+01
-4.795350336349471831e+00
-2.423877739083156158e+01
7.101105871492244148e+00
-2.077935903309608534e+01
-2.992392852332895714e+01
1.217926322045480703e+01
8.888617342899998164e+00
2.937564420466563320e+01
1.074027117513054463e+00
1.496872543682724199e+01
-2.328635435877084348e+01
-1.333090763905242682e+01
-2.026567607476958344e+01
-4.505074466659344523e+00
2.656644579062790967e+01
1.016435250775882082e+01
3.100576809975690651e+01
-1.746216616072467787e+01
-2.453894100857650429e+01
-9.162840463403597369e+00
-1.725953339381855045e+01
9.374847450915126501e+00
-2.523388646975548255e+01
-5.708537148368449721e+00
1.821129456252042189e+01
1.006690081498378930e+01
3.726469323986816562e+01
-4.125733821056748241e+01
4.809032583678053641e+00
3.193927057482372334e+01
-1.578035136995630694e+00
-1.997513321570771438e+01
4.248157773842976326e+01
1.535556257979611416e+01
1.862206759382516452e-01
8.782594250741126984e-01
1.176019255577040212e+01
1.603429646392386587e+01
-2.229542186594848374e+00
-5.205465927926951508e+00
7.216759890586345705e+00
-2.636009235848317189e+01
3.306466491482564152e+01
1.138029659119666093e+01
-6.549477188439404074e+00
-6.740094654449244160e+00
1.030046722459865549e+01
2.231645863640140703e+01
3.771644708011996272e+01
-2.936632360650101248e+00
-3.765662023044872342e+01
3.420760701984657715e+01
-1.274010903596213495e+01
-9.056551989208031728e+00
5.786196679869227921e+00
-1.551759433514979492e+01
-1.544063927642606870e+01
-3.993753546356494155e+01
-3.644169415602362250e+01
1.237610416254938173e+00
-5.276246173046530430e-01
4.676448310390533436e+00
2.483226676950238243e+01
-4.597939659687497738e-01
-1.247741614327047444e+01
3.717516235296550065e+00
-5.096024576360491665e-02
2.681854010648916642e+01
1.850348995926161422e+01
3.182386700026704318e+01
8.764790696743339993e+00
3.009408611783406684e+00
-3.066843935652675412e+01
-6.258908531391362828e+00
-1.519694466429363189e+01
-2.170988076786316512e+01
-2.347853067401795002e+01
-8.979271619530869941e+00
4.762357069721382175e+00
1.199430658509307079e+01
-1.585729360805375876e+01
-2.335050384494471842e+01
-1.029970884601908665e+01
7.618618366475296000e+00
4.823030168792371342e+00
4.104005096362945437e+01
1.360684454033918200e+01
2.105251342620996979e+01
-2.205497122365135354e+01
-2.771259002919041592e+01
-3.117016888419298937e+01
7.015662073353347239e+00
3.755116122458538541e+01
-2.947615345499571760e+01
-2.197533711930079647e+01
9.536786742506528469e+00
-2.851092742696834037e+01
-3.894473009987217438e+01
2.241256846883024423e+01
-3.788367333577935625e+01
2.283305453558415365e+01
4.045978563560829855e+01
2.808311961629948428e+01
-2.042308200544291452e+01
5.632624242363789335e+00
2.279495997638215954e+01
4.942543531513230448e+00
2.174297538875664770e+01
5.343878243518531690e-01
-3.371784366006302491e+01
2.486575912738987881e+01
9.566724559638927872e+00
3.076246090542224465e+01
1.518634071751522185e+01
-2.378441682112718425e+01
2.903676445046417598e+01
-2.515488253481215963e+00
4.097352575538391761e+01
2.909595669938353524e+01
-1.482931785810610847e+01
4.423118653718837834e+00
-1.505435403361305902e+01
1.758655723469141208e+01
-9.505238972997240410e+00
-2.793997591270209568e+01
1.620750571593130474e+01
-2.420315858622609184e+01
4.567008507872047574e+01
3.284629552185180046e+00
-1.069594544839105055e+01
-3.978356043058469993e+01
-9.534231337186859889e+00
1.910939373079023085e+01
6.280516312808856583e+00
1.224507559285055436e+01
5.549460950504148116e+00
2.743283841787398103e+01
-6.074587075151406168e+00
9.920622675714710681e+00
-1.434710837256095317e+01
4.638930372715535100e-01
-5.493225596175797421e+00
-1.045416490958449884e+01
-1.592667032897750090e+01
4.029892260523268988e+01
2.833339069328687287e+00
-1.573386196585803987e+01
1.497264232759452796e+01
-1.088447639019420876e-01
6.565964154577009992e+00
1.096226581160097879e+01
7.603190007528290550e+00
4.047700779442754992e+01
2.378166905839411527e+01
-2.757944090518439850e+01
3.249291719980021753e+00
1.164833935245493990e+01
-4.812553064610924025e+00
-2.394298005172309374e+01
-2.368327608453341782e+00
-1.946578407050605364e+01
-1.626634824968270010e+01
-1.228713631255850913e+01
7.341121124596774905e+00
2.533017703712414459e+01
-3.255193213249729212e+01
-2.653702979206953216e+01
-1.890407984799700358e+01
-1.521570854165219799e+01
4.515669487246307767e+01
-9.254198071999255149e+00
-2.521143292600688923e+01
2.525610025854142293e+00
-2.705564124669075809e+01
2.819438803232469581e+01
8.202801913576585946e+00
4.098758229367206241e+00
3.267714369676451724e+01
-1.213707682013875910e+01
-3.818010520835256472e+01
-1.714405259017004113e+01
4.769614849590496419e+00
-4.152849407154146633e+01
-1.631413730796003847e+01
3.558798484300679377e+01
2.223238453938577663e+00
-1.380223991780297155e+01
1.386683000949084033e+00
2.500154414318751606e+01
2.355145352177028428e+01
-1.717869919661893618e+01
-1.328184808582523146e+01
-2.386405548720510694e+00
2.423328488502059486e+01
1.124662145758114917e+01
3.054763130030291052e+01
-9.441130239024666082e+00
-3.032478232000309504e+01
2.219021552430764643e+01
-3.056924143661699134e+01
2.062149183919397899e+01
-1.781673424727939903e+01
1.589630860090916542e+01
1.427459098489245548e+01
-3.075781365139231838e+01
-2.328870837853564524e+01
7.898861305861402116e+00
8.782476276980531793e+00
-1.407509252256700449e+01
4.564741844627218370e+01
3.170844637002421962e+01
-1.348953014457926969e+01
-1.379835449409373638e+01
-2.609668753881961933e+01
7.415900267523845457e+00
1.672570801088784265e+01
1.154300305244520786e+01
9.205959374571015985e+00
2.766226144801341036e+01
-3.575785587943117605e+01
-7.475943973005314547e+00
3.457605486751461399e+00
1.600806939003034302e+01
5.000000000000000000e+01
3.360838461673296251e+01
2.254192675167246307e+00
-1.983376625886251077e+00
-4.872395643703150370e+00
3.655757273558468512e+01
2.484400364033876940e+01
-1.857494052112973293e+01
-3.679568505787280230e+00
5.659221465995898370e+00
-9.961370399465934611e+00
-2.074073325131886492e+01
-1.928168976612357355e+01
-2.083403791655663539e+01
-1.566350977625433671e+01
1.201388665477583118e+01
-1.881656406050034036e+00
-3.542629517760011026e+01
3.558113976729066508e+01
-1.946097711057836932e+01
-3.027152350872141540e+01
2.942687168547840315e+01
-1.380625426021771318e+01
-4.336154249171557495e+01
-1.676615204089821276e+01
-8.959467015857555339e+00
1.382713445816334996e+01
2.467212886154446494e+01
-4.038195003034760333e+01
-3.745487625885594696e+01
-6.514686829656490374e+00
-5.812360542895923743e+00
1.773034906293293034e+01
-5.415996770227202717e+00
-5.562721010865807614e+00
-1.816166950201126795e+01
7.932240029449744156e+00
-1.776696560921829615e+01
-2.367830339681419716e+01
3.275597945984223713e+01
2.033192412132616766e+01
2.992014543444085461e+00
-3.660810982495787869e+01
2.814006787949323041e+01
-3.792539750696201395e+01
3.589429039144737033e+01
-2.938080173960457842e+00
-1.817300154476759744e+01
-3.148343642951078536e+01
3.954406963111435402e+01
-1.315981138511664028e+01
-1.281515402682991578e+00
3.130320471048368347e+01
1.371622196873813948e+01
-1.911732860751052954e+01
-1.048393120396237066e+01
-4.352047091464612549e-01
-4.699411477888318700e+00
-2.956664129555081644e+01
-2.564663013733300900e+01
1.255808052146407761e+01
-1.704802489085939499e+01
5.103285162928209218e+00
-4.737991403034909865e+01
-2.203443727672337715e+01
1.557127554057241525e+01
-1.155600068528830349e+01
-1.915253804788366665e+01
-2.487774919297099885e+01
-1.653843631160235361e+01
3.511287734408709582e+01
1.369204389837035762e+01
2.392579593059821264e+01
-2.828861503723186743e+01
1.000412360705639969e+01
3.860245030033418345e+01
3.479911292122729094e+00
-2.743479751526373178e+01
-8.968183422597185483e+00
-2.989734303887408018e+01
-2.799606115963923614e+01
8.691655205233047354e+00
9.027741017804160606e+00
-2.088746908746830755e+01
5.840453102023602128e+00
2.387226824709630080e+01
9.490296356886830154e+00
-5.903154833029013560e+00
3.208229657342369023e+01
2.834064286084438322e+01
-1.641509039540353854e+01
-2.288398273114800929e+00
-1.208719229725218014e+01
-3.719479504351424737e+01
-1.201118861949174743e+01
2.497959874961163962e+01
-1.952226756779990424e+01
1.464728251918630519e+01
2.718257374708976215e+00
-2.364146856186962964e+00
-8.628033075109122763e+00
-7.474106312437747590e+00
8.927774243287622369e+00
-2.970161631467217589e+01
9.669230252036939532e+00
1.100191159195574642e+01
-1.613405854367271530e+01
1.362568317175328048e+01
1.890886440476408836e+01
2.649852692311893065e+01
1.742973612048221810e+01
-2.436959415382090199e+01
-2.745148087541305415e+01
-2.045025368967343127e+01
-1.369008391048169671e+01
-1.664489346029446182e+01
-2.033139508350139124e+00
-3.475210247295278521e+01
6.216607056297405620e+00
2.024837767471305483e+01
-3.254368760463003696e+01
1.403920421033582500e+01
1.045150677308951259e+01
1.158210467131658561e+01
1.960052999111918837e+01
-2.694496007229243517e+01
2.397438251650044094e+01
-1.581450800593202644e+00
8.251623466604527835e+00
-2.739757105445410446e+01
4.683578954258848626e+00
-1.385113648288800903e+01
1.484517519182577416e+01
-3.806373966865308489e-01
1.038782703003768404e+00
-9.588061862083065989e-01
5.121389818194941768e+00
-3.536633261184628907e+01
-1.670025154372837051e+00
-1.258023663809095183e+01
2.433953119253487785e+00
-1.959807509762051581e+01
3.298564780915216943e+01
-3.628588681080429268e+01
-1.208798015916529067e+01
7.778620030669358698e+00
1.042111773268885599e+00
1.313319365491104662e+01
2.508312028397533311e+00
-3.330491697799238437e+01
1.732383801671991819e+01
9.491722433353444899e+00
-1.835276027619580219e+01
3.603109181793773530e+01
-1.609280412984877273e+01
-7.078019400875724898e+00
-1.200982145383795796e+01
-4.022386026971839357e+01
-3.786428143262426715e+00
-7.705794713184637601e+00
1.542387180337077268e+01
-1.123306721298845900e+00
-2.897588557108312557e+01
2.894851398459931602e+01
-2.651446854007596343e+01
1.827383771792831624e+01
6.650040326925335421e+00
-2.810319294747079510e+01
1.079472680327261713e+01
-1.141361057506918542e+01
-3.036704430142089706e+01
-3.915901343207661967e+01
5.851765708315781467e+00
1.223293092745441868e+01
-3.062310947213502388e+01
1.236245925648726995e+01
1.739228667771412518e+01
-2.612762502382463126e+01
-4.268372402394381027e+01
-1.607731135543987477e+01
5.748653281520574865e+00
1.725040458798368093e+00
-1.179359111691056228e-01
1.172303781957941027e+01
-6.385604413770515464e+00
-8.999825304308274099e+00
2.637861447421227012e+01
-8.570532820762679194e+00
1.871025500923292384e+01
1.145764904946492635e+01
-6.072639268690942060e+00
1.386639490499383953e+01
-2.738777477117629999e+01
-2.779407654148678830e+01
1.861626289436124182e+00
-1.009248631681469988e+01
-2.527986576794012308e+01
-3.197896095099565628e+00
5.200991168430945777e+00
-3.442714387532039666e+01
-2.431027804382008384e+01
-9.465974313860769485e+00
-2.562416300030875504e+00
2.676061359542259765e+00
1.053176931827359653e+01
3.058367718510486100e+01
2.578872619520259946e+01
-1.599188849620324504e+01
-2.642146100538176867e+01
-2.063645386688682848e+01
4.293473601280931007e+01
4.898755160661472985e+01
2.652818207006077955e+01
-9.051510930434773172e+00
-3.195240515748966104e+01
1.126605286780857540e+01
6.613508676185688273e+00
-7.280811207293481857e+00
2.295228567551475862e+00
-5.564717143485673034e+00
3.139273840068935328e+01
9.689565381175611947e+00
-3.256353345575348612e+00
1.570761967538155091e+01
-2.779666148836712480e+01
-2.392246379252266308e+01
2.543519431728756786e+01
-1.591257250177160643e+01
3.828714508720163678e+01
3.248631586267325133e+01
