3.567095589087242047e+01
-1.271682653881322267e+01
-9.513505094249865124e+00
-3.094181259718105537e+01
-2.917390911768805495e+00
-4.744207741209486073e+00
2.712926796943510510e+01
2.908775757845604915e+01
3.120946994627217919e+01
8.635215177221297722e+00
-9.264000820868453445e+00
2.152195020592317576e+01
4.999999999999997158e+01
1.230012831057180023e+01
1.582700231456767881e+01
1.901531242338836591e+01
4.936259199010370935e+01
-1.639553797973453442e+01
2.394223967881181636e+01
-6.443143689737475199e+00
-3.174700715832230458e+01
3.179589117907592311e+01
3.382014396608093421e+01
-4.381478557847514566e+01
2.637860910994591279e+01
-2.128024427948974662e+01
1.401107356482414446e+01
2.604139831389444737e+01
1.409914299010739569e+01
-2.532241362193337508e+01
-2.116918562609717469e+01
-8.514135308659753321e+00
1.911834776851762285e+01
4.168089832661927119e+00
-9.521931781415347018e-01
9.422994590613498644e+00
5.361417416302394656e+00
6.895470957074934404e+00
4.461692038185063325e+00
-3.949967655938328193e+01
9.651187731903988265e+00
3.571425779874225270e+01
-2.672411551207900970e+00
-4.979703709935159850e+01
1.779900135213704004e+01
-2.739635504616935791e+01
7.339667266329286122e-02
-1.371955979668796033e+01
4.903873419368601105e+01
-9.300662208692216382e+00
-3.627621644020262437e+01
1.246814049848479300e+01
3.352298138849918985e+01
-3.065948501890865074e+01
-4.227495794101471915e+00
-1.396561884304514933e+01
-1.929577611221698774e+01
-4.999999999999997158e+01
1.037773113937356584e+01
-1.046995082949703004e+01
-1.077356122810336103e+00
-2.579095438123864525e+01
1.246547321781239503e+01
-3.304333767615305817e+01
-1.467125593491850566e+01
1.564345371987703004e+01
2.055301289340634696e+01
3.656515300202249819e+01
4.811556641682159352e+00
1.104658357093991583e+01
-3.163838875614673540e+01
-1.682937648321821911e+01
-3.228740174716544686e+01
-1.126611005361560558e+00
-1.796440814075403125e+00
2.886669137658735451e+00
6.138956712722162479e+00
-2.551960510023499396e+01
-2.271174535883773160e+01
-2.732593578798168110e+01
1.418785370459320916e+01
2.896530609900476350e+01
-1.162612254783047661e+01
-1.749080057199467575e+01
8.786231867216152125e+00
8.112324636533827515e+00
3.624879662431172278e+01
-2.321445888773647681e+01
2.742516581088092664e+01
2.113766732125255032e+01
1.489961827883557532e+01
-1.300279235323461791e+01
3.607515789613874801e+01
2.958562862064688659e+01
8.404413716049283778e+00
1.083631448710201539e+01
1.036804515058893372e+01
1.174416219053494359e+01
7.187674740453296351e+00
-5.392023598591066502e+00
-1.150445361389820675e+00
-2.027970955983047219e+01
4.228192074306488735e+01
2.960219219545446379e+01
9.677992971638715858e+00
-2.668877188518308685e+00
1.776248857358733346e+01
2.775677230589046474e+01
3.318171831023322227e+01
6.326505490857947223e+00
-4.725415712809361679e+01
4.446137330374210705e+01
-2.536417933842963279e+01
2.758767816556662922e+00
6.055346812292569325e+00
-3.692261607823469660e+01
-1.044759069343938762e+01
-2.146890404136225072e+01
-2.002221352800990317e+01
-1.840621942700785496e+00
3.090367063899317657e+01
6.562559957312942061e+00
2.917079356154229686e+01
-7.954006772014665216e+00
1.461774309353197054e+01
2.092127681256631888e+01
1.928365633839086968e+01
2.982765000287876944e+01
2.216541574392576308e+01
3.970002519242170536e+01
-8.416393485874237967e+00
-1.359173367049848480e+00
-9.756990930241457249e+00
6.401245603867685929e+00
-9.669306784552354372e+00
-3.995234852543833171e+01
-1.757725174208631813e+01
-3.014574838582638350e+01
1.409470213526113014e+01
2.182630933423435238e+01
5.734918687358771194e+00
-3.482059035488190801e+01
-9.110126444775232812e-01
6.112443144718007204e+00
-1.726532390704124964e+01
3.016053813775373271e+01
-4.769620881318097361e+00
3.511537519734567070e+00
-3.319520827935308915e+01
-1.470531654964329960e+01
-2.553884135200005900e+01
-6.233658596208371705e+00
4.418989835430110702e+01
-1.220415865383236564e+01
-1.268835804834037617e+01
-1.826490691120905652e+01
-1.193014379262453417e+01
-1.636916692577671029e+01
1.730971291035861270e+01
-3.591614042679053398e+01
1.839559981827140689e+01
4.390768649236329679e+01
3.516105477510561172e+01
-1.651354613950509531e+01
2.098685927710238275e+01
8.016581801883951641e+00
-1.828396025797535174e+01
2.203882087692240077e+01
1.335213893652601769e+01
-3.092439744374545896e+01
1.815052515528090282e+01
-1.393219265205542001e+01
1.445422864986510092e+01
2.698397643160556925e+01
-5.928425260943228636e-01
4.260017474119402436e+01
7.482171738178024611e+00
4.927121332302650103e+01
1.251704674449864996e+01
-3.289022378759382548e+01
1.093043338283217025e+01
-3.706616670385467671e+01
2.652404817251920122e+00
1.376781409867936645e+01
-1.291058728991212234e+01
2.334778829849449266e+01
-1.897037345800809405e+01
4.641056069906267112e+01
-2.993221205461431111e+00
7.169368201923262518e+00
-2.835700563633910676e+01
-3.015340124027707702e+01
1.332298610563506713e+01
-5.798017212787456742e+00
4.412170655872039049e+00
-1.403177481839350804e+01
1.283638030756561932e+01
1.865949913045523090e+01
1.647486721869528026e+01
5.791067591241706225e+00
4.801806188601197789e+00
-2.723143179027503891e+01
-2.637387428213122575e+01
-2.710247710210168393e+01
4.291372677986385042e+01
9.433105138877728280e+00
-6.504679601026786884e+00
1.113256202724353017e+01
-4.739320181159570211e+00
1.393713154550238187e+01
3.718185666170190018e+01
-2.229884747686574542e+01
3.111226149123622520e+01
2.690938162808875234e+01
-3.067822911044693157e+01
-9.104126741523486999e+00
-8.663397678355302389e+00
6.763749070002518238e-01
-6.071786547125626043e+00
9.239165518371962094e+00
-3.427907983690197113e+01
-2.653834638951682479e+01
-1.430771299471314961e+01
-2.342542543086018725e+01
2.044455794094524492e+00
-2.644987017148417863e+01
-1.893234175631600280e+01
-3.499169719609420781e+01
-2.012277984643703377e+01
4.784043987940214038e+01
-6.916089631837351703e+00
-2.926089671078713295e+01
-1.474739357157932318e+01
-1.519941108272735875e+01
7.074313646430830715e+00
-1.771638604233312009e+01
-1.477070613324389114e+01
2.547516477966547654e+01
-2.799452083253525814e+01
-4.313258748425306521e+01
1.007125499018906112e+01
2.723473514929057160e+01
-3.697618502989384126e+01
-3.783485371973584677e+01
1.877270911719584490e+01
-4.027621574961841588e+00
-9.553274994025940714e+00
5.117875033655550965e+00
1.354101339751450439e+01
2.134605786069641908e+00
-1.067073343858585588e+01
-3.062107296015326341e+01
1.539620499254471042e+01
4.716247744529756858e+01
-1.356711420594248807e+01
2.990287554341392706e+01
-6.076558195739202972e+00
-6.178891841991060119e+00
4.403641660511105727e+00
-2.877364734379709432e+01
1.906642826849042649e+01
-2.927309744643161338e+01
4.892451186618714587e+00
-6.177278508428258874e+00
-3.863785847857855060e+01
-4.467287824801757523e+01
1.461133093147577711e+01
5.284833638675515033e+00
1.073633518550990118e+01
3.602696405950520386e+01
1.053724311311431450e+01
-2.567384859891693338e+01
-1.895618608175019304e+01
1.382555515822566861e+00
1.812814039276780420e+01
1.279221053592844726e+01
2.420586204001249087e+01
6.995311626562283891e-02
2.897929958385175553e+01
-2.699775499066342022e+01
-9.907506632745985087e+00
1.879229190456008780e+00
-3.931313282199212722e+00
4.310091066648691083e+01
6.936863481358855665e+00
5.333947140315551394e+00
-1.416073682347295914e+00
-1.039194417167473006e+01
1.221447216252860102e+01
8.638356521233234275e+00
-1.473479813328123811e+01
-2.815486439814709385e+01
-2.483005770934397916e+01
-5.322127550323827450e+00
-2.193317823533200794e+01
-2.094256860969570511e+01
-3.043245998550279197e+01
-1.007342197273235485e+01
1.596370415305428025e+01
4.308413740202745146e+00
-2.354428437188669676e+01
3.958810791598416756e+01
-8.557600057397330318e+00
-1.727552450190628974e+00
3.842674238016248012e+01
-2.083301522972027442e+01
-2.888715822930431187e+01
-3.849423833873501621e+00
-1.000754449537759427e+01
4.398834096638601920e+00
2.156678652228178805e+01
-3.283280786080680969e+01
-1.766985779341641205e+01
7.531178398513006300e+00
1.988821070611010100e+00
1.183161382876932777e+01
2.130590736394383100e+01
2.570429676701016319e+01
-6.200894224748246586e+00
1.348965428015245038e+01
-1.695283131342305438e+01
-3.258562252450744978e+01
1.543612701019661415e+01
2.070864418825144071e+01
1.824569111154248446e+01
-3.067833743699497973e+01
4.653954370683517539e+01
-1.988259727866673643e+01
1.732653301047506034e+01
9.075786824297985333e+00
-1.538172743084179928e+01
-4.310164779629018028e+01
3.727899118979507875e+01
-1.865295751923838807e+01
-5.196541013921809338e+00
3.153594416901890440e+01
-1.040748142562515000e+01
-2.118841418646658781e+01
-2.226258850254642141e+01
3.607695937781983275e+00
2.248820597347004480e+01
-1.658473851903242746e+01
-3.822714943431447665e+01
2.813996030699495066e+01
8.941263620636377141e-01
-2.016702661330840129e+01
-4.999999999999996447e+01
-2.073678559577032487e+01
1.359989888116004408e+01
-1.923402032344237966e+01
-8.405146035144362315e+00
-2.259352443075458439e+01
4.229968637022764710e+00
3.294097562382238209e+01
2.069957849194462085e+01
4.214335027333132189e+01
-2.379531183230027480e+01
-3.678469322748952663e+00
4.621078344107036173e+01
2.567970801149512283e+01
-1.385268820680849444e+01
1.067650613483793620e+01
-2.567807303753822978e+01
-3.532348674165952218e+01
-2.426320129343245924e+00
2.048245869324904334e+01
-6.116452916849723920e-01
-1.175815947774705705e+01
2.059866129860461115e+01
-6.149075194593656590e+00
-2.771360376726183361e+01
3.150831896296028845e+01
8.487147337461500740e+00
-3.788280649025924163e+01
1.412219066820128432e-01
1.820362546728802045e+00
-1.379726324882238231e+01
1.493034997828937094e+01
4.411686057693067653e+00
-3.935140754545475517e+01
-5.063136452375630370e+00
1.669943555985186379e+01
-1.032188218639788602e+00
-2.978228001574507289e+01
3.624988274920347919e+00
-3.199615185740505297e+00
-3.312273675291820041e+01
1.606237648736214396e+01
1.200608347616798710e+01
-1.400412988898201405e+01
1.528744694334915266e+01
1.050076813841018719e+01
3.253554366677425946e+01
1.926704063104071452e+01
-9.111074258323704100e+00
-4.034493404222864399e+01
-1.507706918073843383e+00
-2.177858660021444948e+01
3.027867201239786255e+00
7.632315270982246602e+00
-2.384871896481725173e+01
1.061175515231692401e+01
2.217080963344054112e+01
-1.169492301934396039e+01
2.971508950879952238e+01
-4.676578463080986126e+00
1.377660581797621830e+01
2.648426061973950141e+01
-5.428053767000093899e+00
4.395241366052204057e+00
-4.576937347735068329e-01
2.984762367650542103e+01
-4.102287488507165847e+01
1.065101190682470644e+01
-1.802960990937229013e+01
2.909149610100122629e+00
-2.572188479318938903e+00
-1.266462635469046916e+00
-2.505027783803972596e+01
8.951491899789154161e+00
-1.789980816723918622e+01
2.125655993666879340e+01
-2.285114705689437287e+01
-1.384718713739673035e+00
-1.188646363871013278e+01
2.148542889346933293e+01
-4.999999999999996447e+01
-5.045405663466596025e+00
3.588661931464464772e+00
9.935489843373233043e+00
-1.988099259254184403e+00
4.518561958275860491e+00
-2.524532966463191030e+01
3.110978277470832154e+01
-5.975544994155853828e+00
1.031056703742805780e+00
2.393386419606009952e+01
-1.049974813228553217e+01
-3.040808140061578513e+00
-1.879576135420108329e+01
-3.820066212609113876e+01
3.942125468545967237e-01
-1.493139689194787678e+01
3.004190335465639805e+01
-1.843915070819231516e+01
-3.199454222207963028e+01
2.757325418922840754e+01
-4.289571293660418405e+01
6.274667882989426460e+00
1.613154849482697273e+00
-4.540401162202061158e+01
-5.574327194113152473e+00
-1.692736850262519965e+01
-1.443664503031720159e+01
-2.622202025235875666e+01
1.817153242462141804e+01
-1.946264475728596821e+01
-1.657295612945785734e+01
2.992755404411298059e+00
2.787556542771618240e+01
-2.166576241722031781e+01
-3.816763695065337458e+01
-7.938885303125431392e-02
8.085332165247770320e+00
-4.901336097047639839e+00
1.507041073381756746e+00
3.024709455160270011e+00
1.863446436544357709e+01
-1.152109948386268456e-01
1.699792911094797887e+01
6.187683632012294765e+00
-1.087905911331155551e+00
3.711613656492907865e+01
1.289306527677044301e+01
4.481536862743261906e+00
-3.992841344808454096e+01
-2.269222059978503836e+01
-9.317507217078620840e+00
-4.457374035584393823e+00
-4.261801160495386398e+01
1.091389643802578746e+00
3.652968171084616245e+00
-4.672510539642802740e+01
-1.344098519762717814e+01
-1.755768129486442319e+01
-8.961007889823527250e+00
1.097257212591328113e+01
1.721884036973919763e+01
4.283760574837188528e+00
1.145468513482234840e+01
1.406216114036004683e+01
-1.296779916216382134e+01
-2.264877418852428548e+00
2.274568128113887155e+01
4.834235959565864960e+01
2.090886012643963454e+00
-9.721134950645961226e+00
-3.734771209502414280e+01
4.727698665665023725e+00
-1.653598980927247908e+01
1.965132304261793195e+01
-3.368859442025637918e+00
4.274921781571059398e+00
7.719120284843505431e+00
1.428117892479119178e+01
-2.077478701950591500e+01
7.120575802878526872e+00
-1.516094160891181986e+01
-8.804890367155849162e+00
2.063018783098954145e+01
-3.840846530788817859e+01
2.566220461237335826e+01
8.045924390653148350e+00
