3.346319264694874107e+01
-1.563013522216592577e+01
-1.439696125359397882e+01
-8.096728983131569635e+00
1.181825078953011854e+01
1.537428606412032650e+01
-1.711042518906278076e+01
-5.552421544449885005e+00
-1.187942927450205133e+01
-4.219900457039507558e+00
2.601828027245396413e+01
-2.268401857485814332e+01
2.014811217444420777e+01
1.800630448082935686e+01
6.715418673158623619e+00
2.482605437533737813e+01
1.835727470589634436e+01
-3.994113303211584309e+00
-5.194685612697739430e+00
4.383360444366914521e+00
1.327912799209389760e+01
-1.169440741511383663e+01
2.242456342417882809e+01
-3.124813526626393312e+01
2.101800856762545777e+01
-1.289831630382823136e+01
-1.453016359625011944e+01
-1.663465912683611236e+01
-5.845001360917670752e+00
-1.776337181644444030e+01
-2.113845217779761754e+00
9.821671566469071024e+00
-1.247766365558248935e+00
7.118457992225415865e+00
-1.345729246393901235e+01
1.077239381283796860e+01
-6.740371413423147828e+00
-5.431754605641145872e-01
1.321646433234033680e+01
5.702035963346197889e+00
-2.720086715951585532e+01
-1.315204237699191481e+01
1.037170706130739006e+01
-1.384973349392053166e+01
9.199389023505020191e-01
-2.670033432767188231e+01
-3.443164654156228721e+01
-2.791425367715113381e+01
8.288574861135124650e+00
-3.035922637550311265e+01
-1.578755329388897621e+01
6.070331302709355725e+00
-1.672156321476768426e+01
-2.621711086621838049e+01
-4.032179740255264733e+01
-2.849120843357334110e+01
-2.762335989525029234e+01
-7.779931821983346651e+00
-2.180674403784826509e+01
1.224002835693851665e+01
-8.239654629782130257e+00
-1.945596964955118580e+01
-1.124144586053940742e+01
-6.333469337444277869e+00
-2.706133565342107161e+01
1.383943830325996771e+00
-8.612099342875588093e+00
-6.450690132737037175e+00
-4.387406361305060898e+00
2.439444406307551105e+01
9.133824295204178156e-01
1.730324438312877078e+00
1.934381384063307507e+00
3.125288863232320580e+00
3.000310788582514476e+01
1.868042412264378527e+01
4.580598004329613104e+01
1.152099197850456846e+01
-4.158179491098429992e+00
7.273091581567015851e+00
-3.908193144968396382e+01
1.214424583391474499e+01
-1.285980770555079289e+01
1.732348338875850402e+01
1.328504745870198178e+01
2.387593763628119348e+01
1.182128188018614168e+01
-2.827432821768985249e+01
-3.030878957497967363e+01
1.989695884406232551e+01
-2.842488144475648326e+01
-1.645714294493713226e+01
1.462540810828221538e+01
1.404120756401236747e+01
-2.201021955724603529e+01
1.408652523355509345e+01
2.450583944190803720e+01
3.573542266739340789e+01
6.318839215306084611e-01
-1.485877345659685034e+01
-5.107824176115485670e+00
-7.139453196370425303e+00
1.595449163040541407e+01
1.732035260759666073e+00
-8.685921829400811589e+00
1.377909713204161335e+00
-6.020515215701280454e+00
4.787941463781983487e+00
2.301833482074641779e+01
-2.070605926823985854e+01
-1.805161127866916715e+01
1.762544962541859661e+00
-1.898500469304828897e+01
-3.089536493714887655e+01
-3.723470954329471283e+00
1.696334549069003117e+01
-1.821509153883361520e+01
-2.237574546435392620e+01
-4.309853662901228688e+01
1.380298921273805490e+00
-2.189260601944905105e+01
7.579708208535762992e+00
2.522705028520691428e+01
-2.278893418045033314e+01
-2.708434670160582769e+01
8.396935542908323669e-02
3.208552866571068307e+00
8.990990313545268009e+00
-1.122448297596169908e+01
2.726042343550621183e+01
2.072843552188601279e+01
6.893826870142376606e-01
-2.297224014686257831e+01
-1.291561241959266226e+01
-3.322969805865588455e+01
-1.388156285042212801e+01
-2.448278873890239282e+01
8.783213142563170095e+00
1.656584737823280307e+01
-1.708328368978578027e+01
-2.364830056109176226e+01
-1.636800467805910131e+01
3.152280641476764345e+00
4.900326936091111918e+00
2.557221184952105375e+00
4.594713190443383155e+01
1.999976555014370661e+01
9.767921535113678999e+00
-2.550919913395161487e+01
-3.781628478753668077e+01
-1.215179201869931092e+01
-1.916704976486656165e-01
2.294446256256742345e+01
-3.421580113687402047e+01
-1.563044898886344214e+01
8.839309912399073710e+00
-2.319603094832487500e+01
-3.209106543685562940e+01
3.503503445379074321e+01
-3.351731248698214927e+01
1.719876436430041622e+01
1.121253232147331147e+01
9.537358387356540845e+00
-3.205830194698874180e+01
1.709753471567788097e+01
1.568646440668297259e+01
2.075985307750090669e+01
7.318769580909268768e+00
5.402539477499409770e+00
-6.608968514720373832e+00
3.875672404675415805e+01
2.805884732621591127e+01
2.778422959287766503e+01
2.295206763820985429e+01
-2.543882743109945821e+01
4.546920215682149546e+00
-1.286116825716250389e+01
1.454895890362057287e+01
1.035871702128245886e+01
2.157034466930873862e+00
-4.434801014350739479e+00
5.675041161865955530e+00
2.332797288976095729e+01
-3.124299766990664651e+01
-3.173055986986137356e+01
1.459678322900043668e+01
-3.355678135951650631e+01
1.603605917441248607e+01
-9.112511947282783353e+00
-3.323778527213805489e+01
-3.648889181841674656e+01
1.034561230851248581e+01
1.573927393413562470e+00
-1.160187379258843521e-01
-1.429950436182648588e+01
1.047896272003988827e+00
3.371218286862817592e+01
-1.641073933372650373e+01
-1.201066051030948501e+01
-4.099110514281405671e+01
1.236309069804113392e+01
2.962402858746281709e+01
-3.813810847299947682e-02
1.168754542307676303e+01
8.710873668158434668e+00
-1.889849700099037122e+01
1.907504411348995177e+00
6.174638570770085266e+00
1.686717036498548339e+01
1.406743363253902146e+01
-9.371513238772436694e+00
2.902598148279687962e+01
3.559142100291322208e+01
-7.888151154416981115e+00
-2.167485556141087244e+01
1.593534126808893348e+01
1.562507202119887495e+01
-3.062870339547986731e+01
-2.005733294442443437e+01
-3.042775847651189025e+01
-1.563986250669196210e+01
3.009870501677539778e+00
-1.743247719832076825e+00
2.809962127762240414e+01
2.210257032707187363e+01
-4.019830536242386643e+01
-1.170609444350259309e+01
-1.660681769457450940e+01
-1.729056823668798160e+01
2.561268865246665882e+01
-2.832266232183311416e+01
-1.530170426333547340e+01
1.990477936749215360e+01
-3.549681180905793099e+01
2.999715253111796187e+01
2.424526314442894659e+01
2.622033901772117304e+01
3.689736402113604186e+01
-1.133098642603822270e+01
-2.365531703322274382e+01
-3.147046276424674360e+01
-2.701683404893944740e+01
-2.132500537549393371e+01
8.132825436458333002e-01
3.206816163270868003e+01
6.709234883565514451e+00
2.791348537057771750e-01
-2.102574974943964747e+01
3.937219841545216070e+01
1.170709378618867191e+01
-3.485609720291829206e+01
-9.337075075906930977e+00
3.163321301438394073e+00
-1.558797992182192615e-01
4.028762120398474167e+01
1.199307263439991544e+01
-6.451369529177952700e+00
-3.479668774437639911e+01
1.095090752478775187e+00
-2.176484146056986546e+01
1.615911211759603816e+01
-4.690754684260191709e+00
1.027533813605708701e+01
2.091533115422006972e+01
-1.210402014605209331e+01
7.876383937360117216e+00
-5.978008772739720200e+00
1.203707697665996790e+01
-3.057125458847123056e+01
3.420895246516614918e+01
4.100532554511543992e+01
-1.479748080000310750e+01
-5.434552112165249582e+00
-3.176730377820610585e+01
6.066048601428519760e+00
-7.709774665790277481e+00
-1.276337496626030088e+01
5.044270118358795685e+00
1.872236958963013365e+01
-2.461789706386912258e+01
8.520113112525763199e+00
-1.208344037811203009e+01
2.010526988587496078e+01
3.299984633048403282e+01
2.772671507269126323e+01
-1.061313730218026308e+01
9.100573740398189670e+00
6.749866527322723186e+00
4.386802027898897904e+01
1.291863093490785985e+01
-3.733754779325218465e+01
1.926858116030405199e+01
2.393731048333053479e+01
-1.590255614828729591e+01
8.633277800934237689e+00
1.349589011750016709e+01
-1.934455007603703081e+01
-3.196861593321942507e+01
2.540054524413525883e+01
5.329778464447485931e+00
-1.644572760935905364e+01
2.074796318896929392e+01
-1.821499899883668405e+01
-3.301905922295526352e+01
5.235562227834066107e+00
-1.749251413455171189e+01
-4.167276793761841702e+01
-3.667605443160471168e+01
-2.879685920303444391e+00
2.416530268870012321e+01
1.824318451230917049e+01
-3.083552370327456060e+01
-4.156300915111120275e+01
-1.514509657272859755e+01
-4.197927189465886499e-01
7.078218574970307486e+00
-2.662046301069389997e+01
-2.899191802265394102e+01
-2.299185299613928279e+01
-1.824385821696561294e+01
5.403075404520322422e+00
-2.253935627674598763e+01
2.565315009204438468e+01
1.990730756857601591e-01
-1.792049612432872152e+01
-4.207395256868004196e+00
-1.872979116244266606e-01
-2.902287861183810946e+01
1.776347954481704505e+01
-4.617699839816502561e+00
-2.754685377246187272e+01
-2.518238409061037686e+01
2.466808455520620669e+01
2.126585126660208402e+01
1.966122003159057385e+01
-2.450149990515200216e-01
7.097135734216472258e+00
-2.232519476236990386e+01
1.562411218803066504e+01
1.517117517931063730e+01
-3.490798890723858960e+00
-1.410500413775616124e+01
-1.979810414077237724e+01
-1.373213854407261181e+01
-3.889921336192275447e+01
6.171284909454755052e+00
-2.875234240345272241e+01
1.063398333149947916e+00
1.566237062901875277e+01
-7.976705329220926899e+00
-2.062350617400117159e+01
-2.033075077034009936e+01
-2.766612466018867167e+01
2.390245334289616608e+01
7.301330945037101117e+00
-5.231779475014377567e-01
-2.815714172663571091e+01
-9.037158722120302912e+00
1.327553079919434253e+01
-1.790662655989520147e+01
-1.520917440695558298e+01
-1.164229441623976413e+01
-5.989355418880940363e+00
-3.048225140639118536e+00
3.075568883117908570e+01
2.134463051759884422e+01
-4.225762861044918139e+01
6.820125434183296420e+00
1.198641061106363281e+01
3.859515548894447079e+01
1.528417213916446826e+01
1.585406849650922823e+01
2.077173964002309958e+01
9.303414768103792198e+00
3.878211657851281302e+00
-4.775408532697049679e+00
-2.455662689208418925e+01
-2.598185693629982396e+01
3.357881025031363720e+01
9.707920961242464841e+00
5.492748603298672094e+00
-4.406557667357517971e-01
1.817847692986509855e+01
2.708073900978362758e+01
4.911146897835941161e+00
8.072586664285083202e+00
-3.021671981380596606e+01
-1.192806357652624882e+01
-1.191281318247142451e+01
-2.042525660170192481e+01
1.435928726690769963e+01
3.806373887480424401e+01
3.154940754479419240e+01
-1.316636239522674856e+01
-3.874192132751296214e+01
-2.454244210311390262e+01
-2.274121160278499332e+01
-1.680582439459931265e+01
-2.180211447226881205e+00
4.638749741064962961e+00
-4.633497987647372440e+01
-2.545229955398276900e+00
2.187619726057920388e+01
-1.753002594677194281e+01
-1.789217013571116155e+01
-6.048699157521411962e+00
-6.999469929371585408e+00
1.719670586846861227e+01
-4.274021858290606701e+01
4.539121091879371761e+01
-1.991793681642405289e+01
6.522056298957387810e+00
-2.659218308617397497e+00
1.941401872602057210e+00
3.727266713769076034e+00
1.293629065176806847e+01
6.389306470425424322e+00
2.264907068708480153e+01
2.893068674339673407e+00
1.786295583511707719e+01
-1.768523781043814580e+01
-1.250046920647879034e+01
6.444332374245021811e+00
-1.703891103003179808e+01
-3.680163188485833814e+01
1.788120259710565563e+01
-1.239944450616201976e+01
-1.210806391601065002e+01
1.764839362726618788e+01
-3.402578339446769462e+00
3.353030614444635660e+01
1.475117200325819056e+01
-2.101405596320933356e+01
-1.657593509896388895e+01
2.458205117663193562e+01
-1.196185931763939436e+01
3.162668976990397596e+01
-6.723000412876757537e+00
-2.604706570833533164e+01
-2.787254426908269522e+00
-2.156011514982234090e+01
3.542319073360147286e-01
-1.671172160631186898e+01
-5.256018120745423516e+00
3.112549181973953694e+01
-2.418242071622028178e+01
1.778327817756921547e+01
-6.962139049852197559e+00
-7.031318996909504904e+00
7.964344281692248728e+00
-1.430391558751150427e+01
3.152861487152507891e+01
2.351010146914434529e+01
-2.580477660577641430e+01
-1.899231036926229876e+01
4.106233626988995411e+00
3.376506416318679271e+01
-3.436783366268571882e+01
2.255206051057285777e+01
-1.061935340946632778e+00
-1.134361690114161547e+01
-3.470661073214726144e+01
-2.637220029900775842e+01
1.307955628581860452e+01
1.882828553862556475e+01
-2.589566393371945452e+01
-7.621033746624576111e+00
-2.076713122351737795e+01
-1.220666221869224444e+01
3.609115479609860699e+01
1.123891713066898035e+01
1.480900112372373201e+01
-1.172887045198568501e+01
-2.774568515816129377e+01
3.335929560845649178e+00
-3.145023939466121021e+00
-2.591368646331765291e+01
-3.787931162098786331e+00
-2.971454122655210028e+00
9.942298904848101415e-01
1.297607642299944786e+01
1.797043716106992406e+01
-8.652873664340411608e+00
-3.792748798689654421e+01
1.464524437510890209e+01
-3.258006733202499561e+00
-1.935997089752035194e+01
2.284613242594930682e+01
3.398975735102465023e+01
3.145113608872274824e+01
-1.753863838259493946e+01
-1.964876123621830573e+01
-1.821711458693406982e+01
3.139359368269951744e+01
2.883823796281819796e+01
3.848667507516297803e+01
-1.929326868410026208e+01
4.222027629802227011e+00
1.047850276518951063e+01
1.430112679713036528e+01
-3.427543495478199986e+01
1.306468890690189255e+01
-2.264108702192765321e+01
4.006145670805246084e+01
-8.430321161440282651e+00
4.835971889123314327e+00
-8.341587625819990137e+00
-1.952927656513237409e+01
-4.304229501483578701e+01
2.967880612601602763e+01
1.325727821862403744e+01
2.859701656738215547e+01
3.320023565372505914e+01
