2.817899989402128824e+01
-3.192060935035842562e+01
-1.121751894064735211e+01
1.352357705916837460e+00
1.435099584451037913e+00
1.799494875276086248e+01
-3.967079011602685057e+00
-1.082743005529920310e-01
-7.371859578535193691e+00
-2.600208444669871355e+01
2.510555442012237393e+01
-2.314265612639217906e+01
1.269680145461060761e+01
-1.614207447215562752e+00
-1.484369988099196291e+00
-2.453084131628386899e+00
-7.132449164346375881e+00
-2.638630251115529290e+00
-4.824906231464623829e+00
-7.093034035830960704e+00
3.095130018739445177e+01
2.832271742819827409e+00
2.633295332730318705e+01
-2.298560096630220073e+01
1.802910607987948310e+01
-1.760339560665904202e+01
-2.315327341637181036e+01
9.178619692190878254e+00
-3.260810896184048602e+01
-2.426901542696392866e+01
5.555688478268841379e+00
1.200934986203009203e+00
-2.767090208694823872e+01
-1.284341307066624438e+01
-2.857760901714728874e+01
6.257341538712111628e+00
5.455317997662298524e+00
-3.052104158092285147e+01
1.695509280165636312e+01
2.632904675521530180e-02
3.012351968436362881e+00
-2.483149910671683713e+01
1.419046746747201837e+01
6.318659997692222419e+00
-2.427473123231356666e+01
-7.233348980573026665e+00
-2.965740151552186532e+01
-1.008702122899777009e+01
-1.063245401023511505e+01
-3.531071564820381781e+01
-2.263164801238404067e+01
-4.699140024938493809e+00
-7.204315062505820322e+00
-1.838652603981735112e+01
-3.663696132624851032e+01
-1.983432588471894675e+01
-1.250806628389079833e+01
6.448488637787129107e+00
-1.330566939695073359e+01
-4.673192504111156609e+00
2.227717251764848072e+01
-3.253088978637649120e+00
2.323774994249441761e+01
1.785518907572259195e+01
-2.691822095581415297e+01
1.150373244945221529e+00
9.756939083895858289e+00
-4.320683005005840016e+00
1.276281203034565692e+01
-1.756504669766385973e+01
2.673494179982269259e+01
-1.214252459357590652e+01
-1.129584392786017588e+01
6.684008499917901247e+00
8.000334872437299794e+00
-1.191482242519460044e+01
2.853462242836197049e+01
1.075524623409636860e+01
-8.306572484398920153e+00
4.877293906339055241e+00
-2.327576325577266303e+01
-1.551627154549848342e-01
-1.222260234003471879e+01
3.464515917419093682e+01
2.905573705726993694e+00
2.552079701370982434e+01
2.158531088766268624e+01
-3.187385920057188571e+01
-1.582528861189405234e+01
-9.518316722519593043e+00
-3.177461555660726589e+01
1.236303725960126343e+01
1.230743152838691401e+01
2.861665599088468070e+00
-1.112012436367641044e+01
-1.001768878603760271e+01
-1.673024263208563411e+01
1.096059194975968865e+01
-1.624678143902833938e+00
-2.801118031471541769e+01
1.607287457086606253e+01
4.387890210222700205e+00
2.129731804528302064e+01
-2.737499897725522757e+01
-1.851858007269696671e+01
9.198504238018067269e+00
-4.245423068749630602e+00
-8.499229915896634679e+00
2.102068710066605206e+01
-3.015520989793578011e+01
1.998300499959391630e+00
1.110746858596530728e+01
8.183206845617284841e+00
-2.481553079949628682e+01
-2.641113704474030044e+00
1.455541618720471320e+01
-5.677150415478593004e+00
-2.046542302775059596e+01
-3.274723418042579226e+01
3.085694449835540354e+01
-1.552640494723944897e+01
2.709746887208207511e+01
2.311627324058230215e+01
-4.937674470133842419e+00
-3.224363775460415127e+01
5.535212265271397314e+00
9.284344127357094578e+00
-1.287397964208359724e+00
2.561121807555856833e+00
1.985662035739872522e+01
1.423871655019904381e+01
6.305672651116978500e+00
-3.957396852759757166e+00
-4.916766710430536591e+00
3.500365451722018406e+00
1.349415124847546110e+01
-2.873876348826892624e+01
1.957621754360218347e+01
-1.277734193546532282e+01
1.328710013055520989e+01
-2.274596984320480075e+01
7.145633905191232316e+00
2.277346589755320849e+01
-2.012530484845910905e+01
1.667251200310016657e+01
1.213689880032862334e+01
1.777733653162184169e+01
-1.219199497719407788e+01
-6.009031354890467469e+00
-1.123126287604591056e+01
-1.643613739974023247e+01
-3.720584930947865132e+00
2.241172073932528974e+01
-9.282393871032908805e+00
9.106853398770198282e-02
1.058805681510180818e+01
-3.341042307311569459e+01
-1.799871905369311520e+01
1.957058625593724344e+00
1.447170172443925651e+00
3.330751712636502759e+01
3.158001753780560250e+00
-1.056682075384392760e+01
-3.233733928745754582e+01
-3.211981435245881755e+00
2.672199388494259154e+01
5.857509429066197981e+00
-2.513960295784159626e+01
-5.143019006867966425e+00
-1.293249210782926184e+01
5.546313213890321947e+00
6.328916197222376638e+00
1.985652066689792150e+01
-5.096542135241705296e+00
-1.851827100405269277e+01
-1.808731762894835882e+01
-2.399309870398794686e+01
-8.924099314631988022e-01
1.243239371935935367e+00
1.939965599529394069e+01
-3.152756337934174979e+01
1.653138641564014222e+01
8.999776972378924711e+00
-6.118467301859418228e+00
6.875730876009413350e+00
1.728818837543262532e+01
-3.313629807466205079e+01
7.522775314607784480e+00
-1.174666548627026685e+01
-1.425870829043591925e+01
-2.610760943647643728e+01
1.823697906207065955e+00
6.350558115313212681e+00
-1.993447366478518035e+01
7.712839801161727848e+00
2.470725774059440027e+01
-5.901083393738062455e-01
-2.976269178066423393e+01
-1.323698164756301310e+00
-1.383419173618337084e+01
-1.983327904873792136e+01
1.874960387963615460e+01
-2.182153747988597203e+01
4.015631081650759882e+00
7.678361717428273892e+00
-2.350513508723434697e+01
-9.491625971739900081e+00
3.259953881423047051e+01
2.040578451993255271e+00
1.876953340140234161e+01
-2.154337628061427523e+01
3.021059343179730661e+01
3.290227059257375686e+00
-1.050626858489801663e+01
1.660668666474271049e+01
-2.089636718378037372e+01
6.846661420709544643e+00
-1.952222050284576227e+01
-3.757081385533940221e+01
-6.888826660420534154e+00
-1.164003426848569944e+01
-2.096512430322816556e+01
-3.023741273924055051e+01
2.782320785394425400e+01
7.980083479569941574e+00
-1.273633778696214591e+01
-2.045036829507814957e+00
-1.309420473224008674e+00
-3.128720801971820364e+01
-3.788027137442199432e+00
-2.437532547888061174e+00
2.485639889134786529e+01
-1.572128609672961375e+01
7.006598630224090130e-01
3.665355326491678056e+00
3.708870529961076556e+01
2.433389521973910519e+01
6.542667627221440796e+00
-1.796171526225640491e+01
1.408808944825850062e-01
-2.742551297628404328e+01
-1.803979896650298542e+01
5.521049561317859400e+00
5.988601690789408849e+00
1.771793922958237033e+01
2.602118727508410245e+01
-1.065548153558371069e+01
1.266067395402148321e+01
3.145007639379696229e+01
2.880832132858988359e+01
-5.576605486162442560e+00
7.561643552393263690e+00
-1.535299536715054103e+01
-6.008898869405783216e-01
2.116705596394412225e+01
-6.888437382240105933e+00
-8.538778951466476030e+00
-1.143901887075097079e+01
7.457368062648363605e+00
1.764992669642252565e+01
3.282998938003021294e+01
7.222056560412781323e+00
-8.368965117461243608e+00
3.256993106337941413e+01
-1.165171629272411025e+01
7.490968973209156445e+00
1.324325447714123527e+00
1.683073379396830660e+01
2.415186475711891489e+00
2.651239258754966954e+01
3.374499567570336467e+01
-1.001311900900195440e+01
1.129835676592971794e+01
-3.188299423436872715e+01
2.641617324588142424e+01
5.349546840101815803e+00
1.473113258460305985e+01
3.146619695164878294e+01
1.234196909754815863e+01
1.446627593271968237e+01
-1.625444826822163691e+01
2.553425878034192920e+01
3.097988409873082105e+01
2.241138827488980212e+01
6.782845541457113825e+00
-3.060061901963183573e+01
-2.115046247823410397e+01
-1.347040197332931655e+01
2.323629393006018518e+01
1.112505658622797711e+01
-2.255211444301134094e+01
2.883235668401886187e+01
1.101297133215963697e+01
1.918162860932103797e+01
-9.365655953403759781e+00
1.818949335739037565e+01
-1.587991671266443916e+00
-1.414997282837715886e+01
2.758165595759329847e+00
-1.289804530101093860e+00
3.694290729606976242e+00
1.694516544616499232e+01
-2.087538293702250058e+01
-3.273739571807345783e+01
-2.439759099380298579e+01
1.657062132244175245e+01
-1.238373964013945994e+01
-8.229140169568438523e+00
-2.064428580086966747e+01
9.881274706782420481e+00
1.628587103442882267e+01
-2.832376815733740472e+01
-1.671417415561212039e+01
1.467665077892320369e+01
-6.742462698309672930e+00
9.898842398805101084e-01
-1.903792699476385408e+01
-2.180527904798167427e+01
-2.688475281572404896e+01
-7.242571392360339644e+00
9.939272156891355792e+00
-4.102979291297629061e+00
4.627530415254568652e+00
-1.507833654924547773e+01
-1.424037690090531783e+01
-4.859344180861839391e+00
4.480402058984992664e+00
1.528693843772288119e+00
8.102737846495067231e+00
-3.192083390583713864e+01
1.091600259118671090e+01
5.543952629775560581e+00
2.988142316639641649e+01
2.692323323006142743e+00
2.562314672086294820e+01
7.961618134375015643e+00
9.380946890870518473e-01
-1.752918706429589690e+01
1.822597421994960598e+01
-7.775445458758575512e+00
-9.409372248102393144e+00
-5.173014552636232111e+00
-4.960044658882573287e+00
-2.528535775358198379e+01
-1.865770330581630887e+01
4.202596760008368904e+00
-6.342436472462743779e+00
1.570488326436334603e+01
2.250995413924516697e+01
1.561132101341620171e+01
-2.831870140897715871e+01
-1.146302878344133092e+01
3.956451822393525219e+00
-7.680356337777908493e+00
-1.395308099533112056e+01
9.100389265466745314e+00
-2.484819702143978404e+01
-8.182153048961460229e+00
-8.515550400043700563e+00
-3.436680067503353087e+01
1.200686148688776456e+01
-3.728554571067231649e+01
-6.884896582398809528e-01
1.165697544342473435e+01
3.169317437860458142e+01
-2.191095079178538185e+00
-3.181258621494531624e+01
1.447801606646261519e+01
2.403765424245361260e+01
1.261859868618411440e+01
3.150296815012596596e+01
1.278319021447364889e+01
1.374447557040440415e+00
2.891719281392859386e+00
1.386888286367657486e+00
-6.897485181725912184e+00
-1.747444373424047370e+01
-2.122624774994869412e+01
-5.891980413517849513e+00
1.829103009511895550e+01
2.936672634117081770e+01
-1.638441595661877415e+01
1.904333048634198633e+01
1.526823848178550236e+01
-3.540080629294465098e+00
2.716468138690316891e+00
9.535410705835900558e+00
6.533686207221542475e+00
5.517964718636505950e+00
-1.717769354742520704e+01
2.270983169755287179e+01
1.118281470701051461e+01
2.600907802741936337e+00
2.603883169126099517e+00
-2.235342974322069409e+01
3.377969625959430289e+00
8.765626411170266863e+00
-1.751398122548733483e+01
-7.313545131427204637e+00
-5.636255799809717359e+00
-1.952053973908356355e+01
2.686881579688702004e+01
4.366760474872023678e+00
-2.678109134271100089e+01
-1.023417902682148650e+01
2.050881340124414010e+01
-4.865035518474591925e+00
-5.842014509218962814e+00
-3.183780655249793767e+01
2.824285713629018346e+01
7.217435357218761283e+00
-1.945698892600283259e+01
1.889478934993316273e+01
-2.525907871838424157e+01
-2.568007998179757223e+01
3.555536986792286314e+01
1.986068984224451128e+01
9.935207994748175508e+00
7.054704503667842630e+00
-5.394080682739897270e+00
-1.866318460995029938e+01
-2.822278753982061517e-01
-1.102249833497720033e+01
-5.311529125766277559e+00
-8.241624870231582634e+00
1.808814727676657697e+01
-3.962868774400988059e+00
-2.984507730264071412e+01
8.504696862319427453e+00
-3.055195558076518836e+01
-6.519689230916370093e+00
-2.270479532799464906e+01
-5.031462639204995924e+00
-2.340699365129264109e+01
2.410704280964390023e+01
1.276461518782099347e-01
4.370205519995010945e+00
-6.287248891180531984e+00
-2.591162992041375901e+01
-6.140960494829883487e+00
-1.145381156136364353e+01
-2.813424147249404683e+01
3.604884121699946320e+00
1.437581974043803257e+01
1.581460976227828041e+01
-1.939461117647708477e+01
3.381154686050858516e+01
2.602897660338499009e-02
3.509698606967106116e+00
3.751785360385578372e+01
1.281503694161614249e-01
1.946497018101339904e+01
6.374877809480828716e+00
-3.390702632464041244e+00
-5.326517156318011814e+00
-2.810111317297409173e+01
1.784885605669911968e+01
-2.367087428283334916e+01
1.918121402504011996e+01
1.902653322829692684e+01
-5.226269820590701443e+00
-6.218590886897565895e+00
1.332744285032681830e+01
2.604763008226377963e+01
3.240171117478544716e+01
-1.933175924108558874e+01
-1.414192914815113511e+01
1.730266884880663270e+00
2.125246404232301245e+01
-8.483524042631593431e+00
-1.590749862450444141e+00
-4.055808792804228347e+00
-9.583541261747733131e+00
-5.183389925082096283e+00
1.688639923424666733e+01
1.954243298686388641e+01
-1.358769494170622494e+01
-2.576010704329879175e+01
1.458836381886840172e+00
-4.574657947519241930e+00
2.908702672138085177e+01
-7.543130992636093879e+00
-1.501172788800715097e+01
-2.613432778619007024e+00
1.490699848025700192e+01
2.900091299438557257e+01
1.366808332112094604e+01
1.716412161420745974e+01
3.543898890951962244e+01
8.803485359727069692e+00
-1.938960469022507027e+01
-1.672585144638448895e+01
-3.750036631380874041e+01
2.788786581698485634e+01
9.765215965080599858e+00
1.089880345877950418e+01
-1.674053571627104020e+01
-2.508946425090059051e+00
-2.065746334761394110e+01
-2.531382236485647752e+00
-3.032882897141172052e+01
9.975538900810917653e+00
8.176606389917537854e+00
8.629664334717659813e+00
1.008887434303851194e+01
4.518069925323729308e+00
4.508743681176831331e+00
-9.515988498965178621e+00
-2.255392276297608589e+01
2.796397301252852685e+00
2.001367247542457051e+01
1.154985052947822055e+00
1.049511226762444949e+01
