3.984391184708562150e+01
-3.404577228155246615e+01
-1.604493002981911332e+00
-9.136134743902708522e+00
-1.824471038179062532e+00
2.781911351359610762e+00
3.120811593767528791e+01
3.424068065729971977e+01
3.308933883634757933e+01
-1.577689176063972099e+01
-4.538035255121926070e+00
1.113776257919730028e+01
4.142723681917979661e+01
-7.926616024968424767e-01
3.810611581648380763e+00
3.432174976585429249e-01
1.875093513389731470e+01
-1.392217961372873702e+01
2.447886618942922610e+01
-1.769030279144103446e+01
-1.327942359016994089e+00
2.732032362996991992e+01
4.533110432378850874e+01
-3.811710154240746817e+01
2.344745063877829239e+01
-1.652118357032612295e+01
-1.519364466209244569e+01
4.064869645881839233e+01
-2.744254360109783519e+01
-4.376236701963270548e+01
-1.906362144516292645e+01
-1.479683071504693714e+01
-1.820292516980756048e+01
-1.930402793838476683e+01
-2.844643414461378583e+01
-1.382145242498467042e-02
3.629927820536437366e+00
-2.719799231959719066e+01
1.067658383555405521e+01
-3.983863852900104519e+01
2.439829985740765039e+01
4.565302543360552079e+00
-9.346974458456074331e-01
-2.422776772510098908e+01
-1.076966103387969298e+01
-7.607239771868918865e+00
-1.890044598440944057e+01
-5.441129537403313066e+00
2.586702556003733378e+01
-2.682185329552905273e+01
-5.000000000000000000e+01
-1.673681849474448313e+00
2.131016365599720075e+01
-2.681519404149013042e+01
-1.788308345268985988e+01
-7.434854513878299542e+00
-1.538745499696869246e+01
-3.127081342812514819e+01
-2.275602320070909457e+00
-1.179450857295260136e+01
2.275347325696532153e+01
-1.492981716592846908e+01
4.420426746764240988e+01
-1.616672611298632489e+00
-3.112037906419777400e+01
1.713687753148927584e+01
3.441915602820692754e+01
3.527820856417729090e+01
1.455375966727424952e+01
-2.750697113928979931e+01
-2.561771672213318141e+00
-2.468307975858954251e+01
-3.763931023041693180e+01
4.463393040766874265e+00
-3.597555674891808053e-01
-2.070046988614195271e+01
1.084666834526053236e+01
-1.881813341358568437e+01
-3.337344721580210205e+01
-1.586094548118107639e+01
5.416416242507395395e+00
3.205074352705693741e+00
-2.184157362450778095e+01
9.298350569468297522e+00
5.357966156774118360e+00
9.863449008852775535e+00
4.978484697085806943e+01
-4.260287519395981803e+01
2.514715826485404193e+01
4.497511631737339144e+00
-1.486849714078175566e+00
5.339093736550658775e+00
4.076692647178221307e+01
7.026515418063695506e+00
1.305987004519957395e+01
-1.723039534191052979e+01
-2.697015392487938712e+01
-5.198001558356345697e+00
8.758930744941082480e-01
-2.010192095453626848e+01
2.934061888306018773e+01
-1.360664434546218615e+01
4.332329912495342228e+01
-1.300472168440698084e+01
-1.526798775087642213e+01
-6.579109144308148416e-01
9.881636404387208472e+00
1.205789368504643733e+01
3.502960537272572594e+01
-1.338140035871953160e+01
-2.115455309931274641e+01
4.876877196946259119e+01
1.012421818764497061e+01
-3.686970062676728332e+00
1.154607335047634820e+01
-2.402387776064688296e+01
-7.361045290050554968e+00
-3.377504701356330941e+01
-2.415074624596950059e+01
2.989722573916833426e+01
1.517747560861656098e+01
2.760623741661166264e+01
2.605250119528159303e+01
1.346861004713102261e+01
-1.297104416214474298e+01
1.807852930455503326e+01
1.202931994492330148e+01
1.638145235845345837e+01
3.294948340781115803e+01
3.022334560208850007e+01
-5.032470850173979215e+00
6.499462695357614450e+00
-5.593163673652910006e+00
9.358783577091479344e+00
2.247508577459255719e+01
-9.799673260755170645e-01
-2.506365451888227369e+01
-2.256402632889042081e+00
-2.219996049674216465e+01
4.585895738910909358e+01
-6.630090314219053482e+00
-8.143632377515345411e+00
1.349437766231915958e+01
-1.972930234508804404e+01
9.884148164758002508e+00
8.422294347511879664e+00
3.302104670355490157e+00
-3.979283714923141702e+00
-7.437957197897013373e+00
1.517292883174476970e-01
-3.455450553518749501e+01
2.355101460197737140e+00
4.133858058059927032e+01
-2.742351545086272324e+00
-8.874815968911491382e-01
4.743732917873941801e+00
-3.784409923404179210e+01
-2.003142116202248957e+01
-1.058372767244911472e+01
-7.599067249259896073e+00
3.852245546525603004e+01
3.501527285171930259e+01
1.527921407282093469e+01
-2.203851329424865213e+01
-7.655111312302778970e+00
2.936833483386975274e+01
-1.631695237373762808e+01
-9.437191346404105730e+00
-6.620631198979701537e+00
-3.947574535450584676e+01
-7.399764835574217159e+00
-1.786039001308933649e+01
1.975677344778938505e+01
-6.862721748539094335e+00
-1.011686086699279485e+01
1.422496783240885065e+01
-1.535607795301223888e+01
2.978006984185294925e+01
1.840744887481004355e+01
-2.135304344917990704e+00
-2.316422648758859992e+01
-8.739905703074377641e+00
4.874002881151561439e+00
1.843418281971584349e+01
1.416292432930225687e+01
2.510996156816975144e+01
-2.539555553414489708e+01
4.089291209550968631e+01
-4.241454654056099116e+00
1.272865772565415909e+01
-3.182920847239630291e+01
-2.742128357098550140e+01
2.328497245793077752e+01
-1.738594676688713747e+01
3.117812393741807853e+01
2.461844013956293509e+01
-5.231477248067179175e+00
-1.349310549425648276e+01
1.958196128452331664e+01
1.572998930959417407e+01
-2.906847610675704630e+01
-2.214327965065738724e+01
-3.688636631250923159e+01
-2.633577295884661496e+01
4.380219281422137101e+01
2.684669499730475195e+00
-2.550455221036585129e+01
3.884375379233875947e+01
-1.969891607924478194e+01
1.317264867262025518e+01
6.592972583677770615e+00
1.361254065394824408e+00
1.166261609814984723e+01
2.454430881237668416e+01
5.686117304559680008e+00
-3.458095150203863000e+01
-5.688438252720274591e+00
7.739341398314067533e+00
-3.664546964214619607e+01
2.087113013994668620e+01
-2.316355227436594433e+01
-4.607015684443463499e+01
-4.018107941898975355e+01
5.283386865339281258e-01
8.980784907589558941e+00
-6.113448417043279903e+00
-2.045409447524186319e+01
-8.977008638133945340e+00
-3.306862314389893953e+01
1.975718510267839179e+01
1.321664238712039463e+01
1.106107870041959274e+01
-3.790224491131933604e+01
8.218950283355333397e+00
-4.342832042708153040e+00
1.467697670003266808e+01
-5.225204516941502675e+00
1.053988717420061505e+00
-2.589807511939159568e+01
-2.127386549972513663e+01
-4.857921601054094651e+00
2.030078349302277729e+01
-1.575096459621393308e+01
-2.116522446998700957e+01
1.738896259437257186e+01
2.085855397082467277e+01
-2.581656345609652092e+01
3.595416608743819609e+01
1.679167926991287629e+01
3.559346725931207800e+01
8.878960955516568276e+00
-3.710574143588942775e-01
-1.324088668951070957e+01
3.242509920384441102e+01
-1.263311231663124801e+01
1.014476003788145420e+01
-9.520992803979055452e+00
-2.980953399610790200e+00
2.448687107703500487e+01
8.122989922259669981e+00
4.001451938308088074e+01
-1.346538811013219572e+01
-4.664539907801668051e+00
2.390250692520100984e+01
-3.221745199597108211e+01
-2.937432173070881447e+01
2.120907037747987545e+01
1.771677906083830578e+01
2.340916143161865648e+01
4.038157468160032693e+01
2.002049636895777951e+01
-1.690054720340948080e+01
-3.323267388956026025e-01
-2.098144185439860365e+01
3.000152833804369834e+01
2.693625484679532178e+01
4.043153927332878084e+01
3.469882035641809637e+01
2.011227969116650627e+01
3.356433582912941915e+00
-3.604818044219499740e+01
4.062651225651640630e+01
2.497344507708625372e+01
4.093721414929470370e+01
7.664947320579109658e+00
-1.505816433859344983e+01
-2.954727132840310588e+01
-2.952589594117222660e+01
1.258219384074396174e+01
2.292584918701822971e+01
-4.983403018042778854e+00
-2.871369050070633477e+00
-1.479208615916496683e+01
2.746990380185678760e+01
-3.713502401445293088e+01
-1.546408865980954772e+01
-1.137938304745724594e+01
3.278207239729738376e+00
-4.669164451928878634e+00
-3.408476501599864150e+00
-1.344388145392628786e+01
3.715698456099181612e+01
-1.635390014855705232e+01
-2.477525448044098866e+01
4.021775687011164280e+00
1.626596860330131733e+01
-1.334866124413887434e+01
1.007743969344719659e+01
-2.347572611734606340e+01
1.655231503913242364e+00
1.958398894175658711e+01
-3.709543137893423648e+01
-8.889976048048829682e+00
2.824932001203954712e+01
-1.416247498855697273e+01
1.142850734162510662e+01
8.804437649904784280e+00
1.000971247802480946e+01
-2.412404727816011984e+01
2.336172041403787603e+01
-9.899079432164633374e+00
-7.748456245923286190e+00
8.491091519630664664e+00
5.272010699224814800e+00
1.178523060288733859e+01
-3.817755664064142707e+01
3.916139838708136267e+01
-3.430518747925617618e+00
2.282770647092245042e+01
-2.420225669202016405e+01
1.684927662621976197e+01
-7.612188630458540217e+00
4.781338771723206094e+01
-3.351097439972815550e+01
2.465319504986560162e+00
4.181384125407856800e+01
6.648306816677305164e-01
-1.870337703209243330e+01
-1.201472413993238320e+01
-2.005295896368166808e+01
-2.560364887067734685e+00
-1.679890360686342632e+01
-1.930947666257668516e+01
3.880108097972446046e+00
7.216264505960481301e+00
-4.388348465504357421e+00
-2.956676320009515990e+01
-8.400426463212731676e+00
2.263819378265233695e+01
4.628701317262496673e+00
-2.695023599996288510e+01
-1.991433980647473589e+01
1.910447438564176537e+01
3.186175673237798378e+00
-4.323382676717997697e+00
4.055760426472441793e+01
-2.547115450846055751e+01
7.268937923745291130e+00
2.071990871999904016e+01
-5.948916441802595045e+00
2.591989971085041589e+00
-2.981938745991615392e+01
-2.810893415697833220e+01
-1.442155548843519597e+01
7.650137466531859332e+00
-8.606313024771971243e+00
-6.485333030559317535e+00
1.258947665434049412e+01
3.731520048931832889e+01
-1.913764796115536981e+01
5.625409964973002275e+00
3.001126995267652831e+01
8.117049991688787713e+00
-3.141801360758463701e+01
-6.748925529253654076e+00
-7.796377252560986904e+00
-2.539556462365699474e+01
1.936425279490862295e+00
-1.705694053546859834e+01
-1.973474295989203853e+01
3.355331426310010556e+01
-1.250571663752599960e+01
1.874297367198728637e+00
-2.498877180492535643e+01
-1.523464889225287067e+01
4.464906240698141460e+00
6.221575312471053110e+00
2.821977164674116523e+01
3.209286669539908132e+01
-1.822977907456090207e+01
2.739420101214831504e+01
-5.658307136028788875e+00
3.058542390238962128e+00
3.552241374516272288e+01
-3.628547749004738421e+00
-6.621288548884528780e+00
1.415284725979118718e+01
-2.147201049565137154e+01
-1.515291737653310378e+01
-4.664823759393591729e+00
-9.049213715151907422e+00
3.935479639555182985e+01
4.609899535782147950e+00
-3.684476922983917291e+01
2.720607683069937366e+01
3.252293124297646898e+01
1.177242464837198099e+01
-2.995018932050101057e+00
-1.220550404727232774e+01
4.625274333347647371e+00
2.430597593339646778e+01
-1.050961290492590194e+01
-1.125144075275237299e+01
-1.708035607852429649e+01
-4.610954154446007891e+01
3.302212617866101141e+01
1.665312036197606460e+01
-1.291781558852427025e+01
-3.768043227126462114e+00
-1.873236639241629575e+01
-3.258058280782390881e+01
1.368105478578927148e+01
-3.673361885017003203e+01
1.273138274911289614e+01
5.875340577513121332e+00
3.414200419503589501e+01
-3.298673011921180631e+01
-2.817672276893674521e+01
-1.887187253866208891e+00
-2.084547940371682628e+01
-2.782057572099991916e+01
-3.205090074844891035e+01
-1.425701825841066750e+01
1.343678803373153841e+01
9.724897438091126389e+00
5.006681617458497158e-02
5.483806433358019206e+00
-1.721887603496068664e+01
-4.827209436504190876e+00
-1.429072043397252401e+01
-3.360328365348462398e+01
-3.324374057396011040e+01
6.954499886204992265e+00
3.731800900121106679e+01
-2.086631050300768564e+01
-2.945070527574336694e+01
4.684291593623765948e+01
-2.840579899426248289e+01
2.571000654106715899e+01
3.407104195778696010e+01
-2.147054230752149095e+01
-1.661270530057493033e+00
-2.900499365096528237e+01
-2.416456050619515850e+00
-2.281382846105103468e+01
-2.342930100231198765e+01
-1.201684728280010006e+01
-2.171212261310005331e+01
1.205119830122330882e+01
4.252381383728791775e+01
-2.462961001967337538e+01
-1.445476155798769469e+01
2.755839687230738377e+01
2.272208159398670091e+01
1.342962799784297090e+01
6.941884786646909333e+00
4.971447181918655644e+00
2.476321074874888950e+01
2.843769228174409136e+01
-1.729182616732214939e+01
-1.716897706571921844e+01
-6.110440903677044844e+00
1.920302017390453386e+01
1.730566607517616262e+01
2.893881845231634031e+01
-8.248059203065935208e+00
-1.350122104334270290e+01
-2.342892221782974360e+01
-5.934649069734589943e-01
-3.657963185100255998e+01
1.427174250434741509e+01
-1.580947158076609327e+01
-4.586840126206308810e+01
1.312215558017535244e+01
-8.917200348701605606e+00
2.549741006068693139e+01
3.629929402046560938e+01
9.473164881382842850e+00
2.619742254197063858e+01
-2.867904608896694185e-01
-1.084604013347540530e+01
-1.867339529551546207e+01
-3.728759988079329446e+01
3.631039690304885426e+01
3.448019849549275762e+01
-4.283131291957317899e+00
-4.995903973456982783e+00
-4.100104997246765492e+01
-1.933644489151870616e+01
-1.532779171405899632e+01
3.620575360116831121e+00
-1.475930781873181274e+00
2.948161063339405530e+01
-1.712619182522580275e+00
3.178997724440644390e+01
-4.884196162121064333e+00
2.717232904543811856e+01
-1.214285700144861835e+01
-4.777259696479774220e-01
-3.401209632594238030e+00
-1.633363013933082186e+01
8.254657735785798423e+00
7.128001324154276119e+00
