1.106341258469645084e+01
2.212827459720965351e+01
-1.239241728221652039e+01
-1.562248272944463423e+01
-5.234414103513685745e+00
2.125551161916447995e+00
-8.093780305150445997e+00
-3.479446114517955380e+00
7.277029214726638884e+00
2.381522047675505860e+01
-4.723623803161004275e+00
4.957193135826507557e+00
1.373999202050262625e+01
3.948969007078531490e+00
-7.013770088061924923e+00
9.388408790984506425e+00
3.179658587528091118e+01
1.094039300713608753e+01
8.504211313573463826e+00
2.056511030609676993e+01
-2.161016187897549656e+01
3.469787870373011174e-01
-1.625691841812034966e+00
-1.028930905814083729e+01
1.595238209165754029e+01
6.043186849439230457e+00
7.537884220147859082e+00
-1.230461189246951648e+01
2.178328955821187662e+01
1.231651895110253747e+00
-2.211574932597484278e+01
1.564311018030846867e+01
1.866038247240564374e+01
1.105962753005228194e+01
1.915455797560269957e+01
-8.690246260468029504e+00
1.850409373645348410e+00
3.459293824068603840e+01
2.468193497936830738e+00
-1.750256185683035426e+00
-2.547083359906536160e+01
2.027692592642360125e+01
-1.107052709304124960e+01
-2.116143108832190123e+01
2.044547487375557182e+01
-5.319295480928168729e+00
2.740414748110275411e+00
1.444114880111378341e+00
2.827336478762335048e+01
-1.229559786118983311e-01
1.744275917321402858e-02
9.024893326044832520e+00
5.661331989555641542e+00
-9.374432225311096545e+00
1.548694071513736503e+00
-1.271711741076422442e+01
-8.129058137605881029e+00
-2.558785308720099039e+01
-2.120637920376758245e+00
1.942903439481479211e+01
-2.156265622082688083e+01
-1.424690058324314634e+01
-2.442641905760217824e+01
-1.530237400864912445e+01
-1.758361875872481050e+00
1.638741590396239189e+01
-8.631019919284902642e+00
3.711546305889257269e+00
-1.515173204217844471e+01
3.330090172120367242e+01
-2.660052482884636049e+01
1.282821088910567653e+01
-8.190154302278010334e+00
-8.357326733567226995e+00
7.227644016424996209e+00
9.143407645869494615e+00
7.485535889889916916e+00
1.000171091984171312e+00
-5.065545973059911944e+00
-1.765742053390730604e+01
-1.385870671876396898e+00
1.048873728423790652e+01
1.137982745469363977e+01
-1.791006744775506832e+01
-7.188785662369511442e+00
-6.027495895943388859e+00
4.687976592975140022e+00
1.421319874523788940e+00
3.835870546900864042e+00
2.466892241295413157e+01
1.757929138513458156e+01
-2.331771854908694053e+01
2.608352369974298313e+00
1.019538951878396205e+01
1.097775647414606937e+01
1.176436575251741345e+01
3.480809312086792318e+01
1.545745883887673244e+01
-9.140020899403069166e+00
2.586888895231979291e+00
-1.383205076941906242e+01
-2.462823642742604235e+01
-1.430306663065898931e+00
2.911834156862376233e+01
1.804820021967302068e+00
3.762344157908891873e+00
2.369280638347618151e+00
3.016619075181459664e+01
-2.469224422945480057e+00
8.399460411020363892e+00
-2.101210053476481221e+01
1.120635063504352047e+00
-2.777907251860171201e+01
7.244763971407827796e+00
-2.962228252372725024e+00
-1.730337048565467484e+01
-1.727669218806444462e+01
1.631267957541950864e-01
-1.849805278531327701e+00
-3.285869158901325449e+01
3.417383345174428655e+00
-2.200436287168857064e+01
1.076760502209784676e+01
-1.287358446361744058e+01
9.027376580079895518e+00
-2.071346906982476810e+00
-8.468910767347054502e+00
2.265858587418914283e+01
6.715402859309982375e+00
1.183597359046338937e+01
-1.054653268339629335e+01
1.104476881872314209e+01
-7.497746476258868142e+00
1.293320492618441619e+00
-2.477609342162087103e+01
-2.690776309026315261e+01
2.058174033179128060e+00
-9.856113073413027337e+00
1.634421712202288290e+01
-1.205826639750357998e+01
3.395519665398140319e+00
-1.911252041564452497e+01
-1.489273641412418669e+01
9.930651768478746533e+00
-1.226534037857587123e+01
2.557868994154873121e+01
-1.088563925236414320e+00
2.154664269624599626e+01
-2.088758177296284302e+01
-2.685434524055041550e+01
-1.139687761746962025e+01
1.263181693695598540e+01
6.175051272509399780e+00
-2.735846694472845542e+01
-1.213967006155247219e+01
-9.198850457773012579e+00
3.486405487430218386e+00
-2.643340069718441043e+00
1.545834629979393071e+01
-2.577046158157719091e+01
-1.951507419780654118e+01
2.185469142965207823e+01
2.877951717215154304e+01
6.267022624015481824e+00
1.624665034430523747e+01
-3.684928419789841314e-01
-7.934683932784771798e+00
2.297035608126530803e+01
2.247592695924774375e+01
6.001701639062737570e+00
2.921254911952189559e+01
1.805859217158023000e+01
1.602959502140932102e+01
1.934725396337293546e+01
8.851435643291139854e+00
2.578567780607765769e+01
1.100945895936709462e+01
2.650580172492337283e+01
4.613781950464442616e+00
-1.264976116838665376e+01
2.208887653768701398e+01
-1.673762565613707665e+01
4.627549338481962593e+00
-6.283995712493116059e+00
-2.940848303691004872e+01
-7.025959187847554688e+00
5.153802535134602181e+00
1.969355718878553319e+01
1.225589148562649910e+01
-1.550181500367449416e+01
-5.291303890506767971e+00
4.023556997956063697e-01
-1.373808656548251150e+01
6.531157057201774307e+00
-1.455717882426243648e+01
-2.610931178790893270e+01
2.490157601894044603e+01
1.000120781421299654e+01
7.397497592362455521e+00
-1.638533044434158370e+01
1.441343937725335422e+01
-7.064794275163663428e+00
8.530570108988591471e+00
-1.439708051554779189e+01
7.367107930166824303e+00
1.058510105362351084e+01
1.776975135223989355e+01
-1.755047492744846949e+01
3.728579286485114608e+00
5.245165190824053525e+00
2.577534312399410510e+01
-1.554339744464767392e+01
2.665516127936223256e+01
1.753312452000037069e+01
-2.861864219818757249e+01
2.497520942213128592e+01
-4.649302071597269048e+00
-4.611939595728436814e+00
1.429127893051173714e+01
-5.410426284742129610e+00
-1.401238018986344969e+01
1.058184751027464188e+01
1.561741572584088544e+01
-9.800214674480642429e+00
4.032150232079189323e+00
-2.613423522954403211e+01
-9.833117293858613550e+00
-2.140985451415555829e+01
7.157241209840712770e+00
2.670522160354016705e+01
-9.598878247742447911e+00
-3.349133292596181377e+01
1.791899892035743846e+01
-3.355092964332769867e+01
1.166719426255416181e+01
-2.159320950511834880e+01
-5.899404515396263093e+00
2.492423699454626274e+01
1.738512035687833190e+00
-2.073777855996769048e+01
2.181626875113650499e+00
-6.606332530611069842e-01
-1.938336285881315746e+01
-1.855438052699750529e+01
3.418369312237174995e-01
-2.948384709071482135e+01
1.796732826654863402e+01
-2.681713013703931736e+01
-3.356413991401836938e+00
-1.365720047183173591e+01
-1.562781154057986299e+01
-2.232125905892937823e+01
1.047468550262009757e+01
1.520814437052342782e+01
1.467789365193972628e+00
2.267388580120855579e+01
-1.332593620308758631e+01
-4.701980116142223665e+00
-5.306596874570011835e+00
-3.635822251281663142e+01
-5.288517059297099365e+00
-2.660181547632582877e+01
1.146678066508812321e+00
-1.006952956689759304e+01
1.033713361418477916e-01
-1.406777522689291970e+01
-7.832186245114712619e+00
2.950203413700648980e+00
-2.161014004398170840e+01
7.723357165621223430e+00
-2.446438341284256524e+00
-1.106141604971577408e+01
-3.165992642222741793e+01
1.168608398283744521e+01
-1.344142514672805788e+01
-1.446666394478346973e+01
-1.368961682560338033e+01
-2.880113408176065448e+01
1.094342013906496192e+01
-3.149210550145992116e+01
1.864423293331496723e+01
-2.940630733431094512e+01
-6.758474915302009833e+00
1.281985800673041354e+01
1.613772972354145452e+01
2.633526280405278897e+01
1.335039731629066040e+01
1.197123183243419930e+00
5.263951609988637870e+00
8.918073345698296350e+00
-8.048008157018891495e+00
-1.631614511675876145e+01
-6.035160715459312541e+00
-3.089132109050700237e+01
1.091294462159295620e+01
-1.364447978304372810e+01
-2.184084618598087957e+01
-4.482245859392861576e-01
1.287632198685305696e+01
-6.067630707438190996e+00
-2.669720549151195499e+01
1.108867892098288621e+00
1.881406931211671463e+00
3.756771644668454257e+00
3.308449712915088980e+01
-3.716016463487740396e+01
-2.817873861489634280e+01
-1.868467012911080261e+01
1.072324631638403503e+01
1.916515266428201869e+01
-5.542517871610641578e-03
-6.586468851683768833e+00
-9.312925050537202765e+00
-1.028136638967613692e+01
1.070088521098856660e+01
2.202099866407644413e+01
-4.786220165780449065e+00
2.469085849943233768e+00
6.407757023768908766e+00
-2.875954073478389716e+00
-9.679587214029453435e+00
-1.184726364932709686e+01
5.149210297613628029e+00
5.748874584931087384e+00
-6.910537534664342729e+00
-7.566729444414654893e+00
1.205686995274154327e+01
-2.287911213018843881e+01
1.566602164208958925e+01
2.913490965552081491e+01
-3.507227334706547595e+01
-2.953983171177098654e+01
2.452835877504867312e+00
8.580699713815711505e+00
-4.748826013017747982e+00
9.084008783771722051e+00
7.198639235749368481e+00
-1.562600231956423613e+01
-2.745136682106092962e-01
2.711148270823130702e+01
7.770100481556887928e+00
-1.810202718973377145e+01
-2.132046914169987772e+01
1.200268408298993705e+01
-1.443109988480992456e+01
3.696877489143155060e+00
-2.101982181818659967e+01
-2.754634682342722485e+01
-1.869378190644419391e+01
-2.655240189834275455e+01
-3.664777804563499330e+00
2.507486336855905051e+00
-1.012818251101816003e+01
2.427087388987030181e+01
6.503664252571674353e+00
8.687972480967090405e+00
-1.273093931706811333e+01
-2.494487654151406275e+00
2.000230511649994014e+01
2.667764691173431402e+01
-2.907190871222601913e+01
2.225515046444830602e+01
-1.587064384485246649e+01
-1.275866822035690262e+01
-1.382456796406803790e+01
1.385638632374182322e+01
-4.185008529622891160e-01
-5.946377801641652638e+00
-1.768102129285987445e+01
1.484600887444833006e+01
-1.886038818739717016e+01
-5.122368605985236911e+00
1.307628240895225247e+01
-1.339880636427093208e+01
-1.350393315242141057e+01
1.389076066886588734e+01
2.200865605439048522e-01
9.744234376645600548e+00
2.861470254333346475e+01
-1.756470699924535239e+01
-1.804721032978122608e+01
1.039668235000375063e+01
-1.067588839818461821e+01
-5.390921401682042813e+00
-4.127437430396796003e+00
-5.182073545599344300e+00
-3.014287129305871105e+01
3.055708491455376929e+00
-5.020065423519085357e+00
-5.866035658305555955e+00
-5.897136893557117787e-01
1.201741631084125572e+01
1.998311609038599101e+01
2.241797166601180891e+00
-8.186787350493098359e+00
-2.804867055968393075e+01
-1.342369955579683705e+01
-4.780990379543972324e+00
-8.195086241876765598e-01
9.727368787841619735e+00
-1.860840681212796355e+01
-1.595710544582107815e+01
1.179476875462157182e+00
6.964936209391026978e+00
1.410790242744727152e+01
-2.083246910524810147e+01
-9.058611939264302748e+00
1.598216538534899200e+01
3.184464681116949691e+00
5.364142313499719705e+00
-2.827686089340612341e+01
2.739177315057830242e+01
-1.936978125779578264e+01
1.905446456476813921e+01
1.222226704876018033e+01
-1.556246537321719359e+01
-5.736330596311908891e+00
1.343642342472038109e+01
-4.689975982788041620e-01
8.835535864294463693e+00
6.277709953109102514e+00
-1.193669756331559029e+00
5.942621629329707389e-01
5.733608498466814751e+00
-1.596307957981088066e+01
1.182911407791819869e+01
-1.267991134094351224e+01
3.978929817254595491e+00
-1.097954917658058349e+01
1.954654334524229853e+01
2.395381665833225782e+01
3.369421555346443142e+01
-6.872609302289106381e+00
1.699079073824671582e+01
-2.995278803256198330e+00
-1.594185298120515881e+01
1.611720817040993836e+01
-1.655512472942336188e+01
5.481472371209640926e+00
-8.505562899727912907e+00
-4.265423770020021266e+00
1.462775677438609989e+01
-2.682685437123956262e+01
-6.376132245700340206e+00
6.806414178055263164e+00
1.092555936349882018e+00
-5.488973179821890369e+00
-2.136983792051217534e+01
-8.104080643918990745e+00
-2.288592840897868541e+01
-2.531404498744026554e+01
1.043927054969717716e+01
1.778792691187824460e+00
-1.251743563570973095e+01
-6.789513533563727776e+00
3.372928134164361325e+01
-1.026059969589070420e+00
-1.353747991576724985e+00
-2.295374854967299427e+00
-3.429271843562133881e-01
-1.332120175648480398e+01
-2.578449801108344985e+01
-2.845495213336463181e+01
-3.602577729305032506e+00
-8.887892751499236965e+00
-1.628972132265801065e+00
5.757384959385483114e+00
-7.160562327633073210e+00
-2.670008017470820860e+01
3.270303972262249204e+01
7.513467976826262884e+00
3.167889345139037971e+00
1.110463716439538473e+01
-7.410007974839217582e+00
-3.061596974657447845e+00
-2.261839077318322921e+01
-1.150681438970551085e-01
1.279528755459149636e+01
-1.188564685250717901e+01
1.356800223262830229e+00
-1.528427210140785775e+01
2.402728856896058574e+01
-6.131692675681151172e+00
-1.861938805091955018e+01
-1.631825507130493236e+01
-2.043212988276507147e+01
-1.201334377383913932e+01
1.065075927440657466e+01
-5.136167191035731605e+00
2.457528060914977175e+01
3.398511992725971709e+00
-1.036607658300432888e+01
1.561831709949140645e+01
6.094258943503575665e+00
2.466697769032856513e+01
8.136816692199190015e+00
8.762953136489848305e+00
-9.196461702097749935e+00
3.388600435034538805e+01
-2.011380627462692416e+00
8.474695859202455495e+00
-1.670742450578210025e+01
-2.319195654656624939e+01
2.003343348030183790e+01
-1.916807934860190343e+01
-4.680920198001672361e-01
-1.291631831461141644e+01
-3.898597324189069013e+00
-6.891935582480115841e+00
2.374076018196869597e+01
-2.406804666889053124e+01
2.848061879581979383e+01
8.164978473168694961e+00
