2.212056588872695784e+01
1.479830169304001686e+01
1.300112409176561812e+01
-3.804717643381785308e+00
1.219781591868036230e+01
-1.060625153144724209e+01
1.581288473806051798e+01
3.045007377862174280e+01
4.194218750935829121e+01
2.782581551199128000e+01
-3.257078967546397053e+01
3.044353963597694701e+01
2.906712776784479502e+01
1.217948693735711885e+01
-3.702724243159863704e+00
2.209372813894101739e+01
4.008137839788135182e+01
-2.822603262087639564e+00
3.292666811246525072e+01
3.944509102205408624e+00
-3.619109637099117549e+01
-4.594969318981171114e+00
2.000554251090423463e+01
-1.689834670405206651e+01
8.860305815235889781e+00
2.412962574084529876e+01
-8.310412886569956470e+00
3.688170044321061880e+00
9.194282340869897041e+00
-2.539742302905964166e+01
-4.639200717544009933e+01
-4.286919274915256040e+00
1.386793240074450750e+01
3.021523472069176819e+00
5.774690262282192066e+00
-1.883998176339742869e+01
-2.403751818531875628e+01
2.922928846065340736e+01
-4.706544884547056995e+00
-3.077984741948027647e+01
-1.887603084949465071e+01
2.021683860002964650e+01
-3.132627858581433244e+01
-3.754653305482072767e+01
3.159225888942674487e+01
-1.172677264852296730e+00
-1.314427912442879176e+01
-5.186187724108989983e+00
5.000000000000000000e+01
2.932901607812901545e+00
-2.842421758467783377e+01
2.487020198669910087e+00
5.635747932671648641e-01
-1.113516968916302119e+01
6.328458250673449470e+00
8.416256382249351020e+00
-1.769935128812223013e+01
-4.730291644459096290e+01
-1.526683133945795134e+01
3.019335142057282440e+01
-2.920567183511369080e+01
-2.429637453650788714e+01
-8.526354208588657002e+00
-2.430971541806593450e+01
-1.807922295758107012e+01
2.527874392484361010e+01
5.669689180248681737e+00
3.674477304171522007e+01
-2.061187203650328570e+01
2.362515808166658360e+01
-4.897011751973588645e+01
6.721341176262200179e+00
-1.439627986561868056e+01
-9.496675798432363536e+00
2.838724538342297876e+01
1.222300728657144475e+01
9.599511419360680975e+00
-2.218988444327194642e+01
-3.152590095776569967e+01
-1.243241306104854971e+01
-1.726407006588679849e+00
-9.828393869720578380e+00
-1.462797145154591050e+01
-3.472044667082565184e+01
8.404947882668366788e+00
-2.626810302817342802e+01
2.719956492137936266e+01
-2.152359883886861169e+01
2.223223864724674570e+01
5.000000000000000000e+01
3.220342022540070559e+01
-3.928070333693429461e+01
3.534911197576624886e+01
-5.936183832899857293e+00
2.418458948078068715e+01
-3.112509493303939223e+00
2.311990071082703935e+01
3.566895013335766862e-01
-1.014499272922198259e+01
1.798722097528859365e+01
1.002181332331900876e+01
-4.202446042980453456e+01
6.208321485236126591e+00
2.276384749310560096e+01
-9.467847904150524130e+00
-1.788686346238367975e+01
5.111660017728461014e+00
3.777814594798577730e+01
1.159906632804747062e+01
1.893694407161594029e+01
-2.844153711959696551e+01
2.508575129096361422e+01
-6.542885486000685091e+00
1.655469532193960447e+01
1.670281313845461568e+01
-3.031252341600523437e+01
-2.159748633725718747e+01
-2.772661233280030402e+01
-3.170811759220946158e+00
-2.926621799422990478e+01
3.648060848989963745e+00
-2.227702477609078002e+01
-4.619395695308909922e-01
1.728671387786400260e+01
3.461223051954242180e+00
-5.949350072975654768e+00
-2.601478764523820075e+01
2.844029867373282627e+01
2.825285065142621477e+01
6.491866451575347696e+00
-1.304252654486301566e+01
8.345960001235354753e+00
-2.883855831825755800e+01
5.683676478008003130e+00
-6.453358903814851999e+00
-1.870024968347510708e+01
8.621720186295455335e+00
-1.035835438297132782e+01
-3.490653174087050559e+00
8.782250466879013118e+00
3.759162011201588882e+00
-2.282756781899903942e+01
-3.568587164219638908e+01
1.467420229003543852e+01
9.218553129025295334e-01
2.594062420120651780e+01
-3.104315011630738752e+00
4.713950408279907833e+01
-3.201075041676858746e+00
-1.942801595942083637e+01
-2.616705304875737070e+01
3.150521624319426905e+01
1.069085235761635033e+01
-3.019311277197647314e+01
-1.728205025443850928e+01
1.619611532666557707e+01
-1.218869084443625894e+01
-2.480445236711206647e+01
5.623113878664135257e+00
-3.434646599785891397e+01
-1.261696787391672814e+01
4.234204383213514689e+01
4.486938903416267976e+01
1.781394292707787486e+01
-6.283436517123881515e+00
8.908640150598387208e+00
-2.383602133895116992e+00
4.061843218095754082e+01
4.870938791809678037e-01
-2.164847495404056943e+01
1.519458933228338537e+01
1.250333676845234265e+01
2.284382632605145602e+01
3.287957376348252581e+00
-5.913784157904714789e+00
4.401628396793556419e+01
9.039411118157893554e+00
4.082095844642191196e+01
4.073340485998021165e+01
-1.668719323194400772e+01
2.464538847846759495e+01
-1.627579438100449494e+01
1.798280528733195638e+01
-7.545512217975790747e+00
-3.244146211092149201e+01
-6.102105025966594098e+00
1.280958200209711606e+01
4.574264081887903899e+01
2.283597244760483136e+01
8.393207307536556527e-01
-1.871690252876496174e+01
-9.685033623308150652e+00
1.344548203100200112e+01
2.687704560913157081e+01
1.824381843008261228e+01
-3.497041334402773316e+00
3.381268319314428084e+01
5.110955679523989659e+00
1.542827710842935574e+01
-2.176541114577645430e+00
4.733742752539818355e+00
-2.637407497413784441e+01
1.555389948590160998e+01
-2.724400228314398120e+01
3.865374487949029003e+01
3.525995785418471939e+01
-1.223952235700803470e+01
-1.361883168600176219e+01
-1.682675842367329011e+01
-1.670605481413389981e+01
2.342094263137107646e+01
-1.461911806177378992e+01
4.121541914768022252e+01
4.776932102957700010e+01
-3.652036483288020463e+01
2.613385399639821571e+01
2.759797692942278502e+00
2.362879018293062927e+01
3.130391320553052026e+00
9.243030700424249346e+00
-3.693155792363086221e+00
-1.733364640520228761e+00
1.425078739979032605e+01
-6.889063980009609622e+00
3.078949675045666368e+01
-1.624595723450325835e+01
-3.744645279936187166e+01
-4.780168639878816350e+00
1.652636854433102087e+01
4.301519624384641816e+01
2.593027517234013146e+00
-4.282673265155948172e+01
1.497728709215617471e+01
-3.211909815610574270e+01
2.253656357430948276e+01
-1.922928354562082376e+01
-2.194947029030438301e+01
1.833483103484341825e+01
1.401132891736469332e+01
-3.515453235145453448e+01
3.232043584290892113e+00
1.882897140903148170e+01
-4.370699363290552242e+01
-2.074667251761935916e+01
1.443406082025761350e+01
-2.483749816100162988e+01
-6.684211991274338516e+00
-3.618432737436322100e+00
-1.093748810239799951e+01
1.214097276623563459e+01
-6.837489954515689305e+00
-5.665207930120907065e+00
-2.234897513147728887e+00
1.955886818545677386e+01
-9.340355963540986295e+00
3.390843598479705179e+01
-8.892065333627407142e+00
-2.108698880989257063e+01
3.094838818812685588e+01
-4.300616682132164215e+01
-3.177299801672972990e+00
-3.116672526374141228e+01
2.135073712425833037e+01
-6.145215349157169271e-01
-8.242829832352960295e+00
-2.434556410399905246e+01
1.041510227286654100e+01
5.106138071178520477e+00
-2.418618241676362501e+01
2.561699139110307044e+01
-9.529159425619369017e-01
-1.711914147488379001e+00
-3.145729087396505363e+01
-3.889767869074148621e+00
-2.647433323255376081e+01
1.297769699722959302e+01
-4.740374877115044683e+00
-1.472783026837694109e+01
8.361240955057866131e+00
-4.916391448137637354e+01
-1.549357629620956800e+00
-1.182823458750853973e+01
4.014289783160585046e+00
3.051554994400848386e+01
4.098295444206664229e+01
4.063281629307365961e+01
1.013923275306797223e+01
-5.981746285046675382e+00
1.615662342082148939e+01
3.500559649938807638e+01
1.245100620201902331e+01
-2.643501947077768932e+01
1.905260899695605303e+00
-2.317150978348533741e+01
-1.396701536420882661e+01
-4.641370754439370216e+01
-1.823393410785558189e+01
1.366122620038046165e+01
1.121339896024139193e+00
-8.663276345939742384e+00
-5.000000000000000000e+01
1.523240717183115578e+01
2.837558863840648371e+00
-1.276050088806329086e+01
5.000000000000000000e+01
-2.464407076516140904e+01
-3.483854835087080914e+01
-1.097252141476895559e+01
1.552157921680034747e+01
1.551174479908247861e+01
-1.021651859402794571e-01
-1.345159091568326915e+01
-1.749416546948373963e+01
-1.386630503497421074e+01
-1.032509271542898688e+01
3.139451668767976855e+01
7.656193109136353314e-01
5.478187586669932330e+00
-2.186790504480363495e+00
2.663970109011152942e+01
-2.738400591187316024e+01
-1.444582357713244392e+00
2.727274907748463306e+01
2.942649633906599149e+01
1.027559534626030313e+01
-4.486760426411122893e+01
2.136340735815787184e+01
-4.204308256925438769e+01
4.391957506210398776e+01
2.659902018367384358e+01
-2.817908771179695648e+01
-2.564183528770398013e+01
1.529371285800857549e+01
-2.466309484671963403e+01
-3.114017818887148792e+01
3.780642944321519394e+01
3.011838516782022168e+01
-6.479200171349511095e+00
-2.428697149705421765e+01
5.746980991526463356e+00
-1.399079234347230027e+01
-3.544075471661447096e+01
-1.746047650727325617e+01
2.712701976482104271e+01
1.162685084203907593e+00
1.931425898307665534e+01
-3.616250026405786855e+01
-4.923548165218935679e+01
-1.581290078930661736e+01
-2.980264887159007614e+01
-5.622225043416648305e+00
-1.041898952236011411e+01
-1.862235058523214093e+01
3.298215919497241089e+01
1.313465858550879517e+01
1.506511944442297590e+01
-7.166293918867971513e+00
3.135274280770475741e+01
3.898687880346012946e+01
3.317674441050928635e+01
-4.826391119345315417e+01
1.270050158030200294e+01
-4.564637118936512650e+01
-2.991238423945717528e+01
-2.927855021284952031e+01
-5.559956941372917072e+00
1.076972108011094065e+01
1.174537136071675292e+01
-2.646396427090067505e-01
-6.334021483979810796e+00
-2.360413892811638092e+01
1.208104673518365502e+01
4.110365697847734623e+01
-2.176960868540803773e+01
-2.127952120968251748e+01
-3.144529699545557833e+00
-2.972273583272751551e+01
7.540446536838004477e+00
3.588741774930142014e+01
-3.630176015170265202e+01
4.012129660943010379e+00
-1.225252744839075092e+00
-2.845100158462626894e+01
-2.332402850478432299e+01
-2.634708267871346266e+01
1.489237465930189330e+01
-2.634945252024186146e+01
1.167864505563143496e+01
2.217656933052415980e+01
-6.796341399873881528e+00
-1.015106314489926831e+00
2.090159764847520307e+00
1.073587228448874242e+01
3.170496490834815972e+01
2.999484325603816615e+00
-1.921187012976344022e+01
-3.021852469761056525e+01
3.323128193514236273e+00
-2.590015222857873312e+01
3.112160344947014323e+00
-1.210517716181590941e+01
-1.044926756722976080e+01
1.112338849487670700e-01
-2.005949806668404634e+01
3.250203789008361355e+01
7.082804384219251403e+00
8.050342583829049659e+00
7.500576423174244667e+00
5.470466091719352164e+00
-3.881810845950482758e+00
-6.839812405416516583e+00
1.126230093099043472e+01
-3.606647359175409662e+01
2.637914330433144983e+01
3.387042855699249344e-01
-1.277573200822327237e+01
-8.048307889023710970e+00
-1.484318382176298456e+01
1.210962453462210675e+01
-9.968786135046556751e+00
-2.408098782392428205e+01
-1.509642635734254412e+01
-1.264849031418918912e+01
2.596149215513270292e+01
-7.959980962320578612e+00
3.342489503188186006e+01
-2.245258079180435473e+01
6.882505512398850556e+00
-1.378163857623373900e+01
2.585043715018441901e+01
1.744233852729098544e+01
2.074098818414047685e+01
-2.113830283765784657e+01
3.923782296442936968e+01
-2.723056791413263511e+00
-3.080412811881972956e+01
2.480430358679825531e+01
-2.759037697096943376e+01
2.883932230975983657e+01
-1.293065412528790148e+00
-2.760287737098816763e+01
8.413279220194780805e+00
-1.078111057157240538e+01
-4.190477253451547313e+00
-1.724619365637395418e+01
-4.273395427219448095e+00
1.356324276379524463e+00
-2.780299585223702863e+01
2.853499940530650747e+01
-2.637304786482850716e+01
-2.187291142225690876e+01
1.235836872014196786e+00
-2.803816379705020267e+01
-2.360261335205400357e+01
-3.578673288020765142e+01
2.253475059303382011e+01
-1.082879880747853463e-01
-1.235000480542334600e+01
6.894775981520808728e-01
6.246809176829337673e+00
-3.600584463339569652e+01
-3.028860962489907749e+01
-2.790138089816992562e+01
-1.431613406070886185e+01
-2.831335930351426811e+01
2.901787880143679388e+01
3.868908791134741421e+01
-9.207344796175888746e+00
-2.646796591195225190e+01
3.015965408490548327e+01
-2.533477145236530603e+01
2.363634646627723157e+01
9.297471057430193753e+00
-6.384681248960504263e+00
1.746075322378266037e+01
-3.581693324582289506e+01
-1.868197354646873976e+00
3.165090472276801847e+01
-1.314577603177542642e+01
-1.141603886541822277e+01
-3.878230307259146059e+01
1.636355243804337078e+01
-1.753231284378508548e+01
-1.002204428117800461e+01
-2.739702335997264271e+01
-2.250253703196433719e+01
-1.889501274365059658e+00
-1.103509222960524738e+01
6.217615157044320995e+00
2.072148147576652377e+01
-1.681895715595239693e+01
-1.684815868616601620e+01
8.635967632177212749e-01
2.762938642233902442e+01
4.275791123606484234e+01
1.795262961214592679e+01
2.408318574525011968e+01
-3.756923956193354286e+01
3.960215359432976356e+01
1.423992645386313427e+01
1.859492767972537308e+01
-1.743486869211208301e+01
-7.024512458445940410e+00
3.123735780992063837e+01
2.557020120700592258e+00
1.080205434834907408e+01
2.257974706642382046e+01
-1.471637080860498514e+01
5.867854405172799659e+00
1.406751380152223874e+01
-3.405032683737145760e+01
4.048471449805157363e+01
2.999246282475156988e+01
