4.816926384904978420e+01
-2.484271293949882420e+01
-1.545393427301041811e+01
-2.642155220766797541e+01
7.972108412336979200e+00
1.726413700177580779e+01
4.223022249520191451e+00
1.563074089652982934e+01
1.435158610082550013e+01
-1.033425474509185449e+01
1.025695002574534698e+01
-1.403819857377257563e+00
4.128863728505044151e+01
7.079494323545567624e+00
8.040329865698545575e+00
1.757505198003168800e+01
3.815168869697326670e+01
-1.211801905432886883e+01
6.158770365926514501e+00
-5.442371321214359625e+00
-1.840510755370836193e+00
1.746883072696194006e+01
4.262193250929267663e+01
-4.855005716151462281e+01
3.450084852058583351e+01
-2.318967890906594675e+01
-4.795914450718349542e+00
1.556475658092981007e+01
-5.261336817268471577e+00
-2.932450138488230706e+01
-1.468972789435513704e+01
-2.739736862623530556e+00
-3.579217133727553346e+00
7.552574078941276525e+00
-9.971809637260015791e+00
1.283434340412740937e+01
2.342000761601212844e-01
-4.464015916244775894e+00
2.247878797584567678e+01
-2.016118661159641690e+01
-6.434595374731664208e+00
5.017376707433697902e+00
-1.853763162331247827e+00
-3.570919469943799385e+01
9.196049029833666566e+00
-2.689068997606692335e+01
-2.824224720198961336e+01
-1.900309923953065905e+01
3.192935304982229638e+01
-3.043442184520720062e+01
-3.885806564183236844e+01
-1.031394655634066737e+00
8.204575520461609983e+00
-2.962491307364683024e+01
-3.265406454874800346e+01
-2.651304456085952310e+01
-2.042828447069351228e+01
-3.296022521255949300e+01
-3.720656287404928264e+00
3.330225814017609309e+00
7.942246014515760066e+00
-1.766680977690944587e+01
7.895066366724833529e+00
-1.437356829739967168e+01
-2.626860239269385744e+01
8.723652684797258416e+00
5.490762652903825369e+00
1.884444821747318599e+01
1.127524521552189185e+01
1.421312354282740387e+01
-9.625488904503612275e+00
-1.902545860022912905e+01
-2.586089763119351304e+01
-7.376238987996877938e+00
1.534789392007232323e+01
2.325151650918776625e+00
3.222208836508140450e+01
-1.051233403268967947e+01
-1.501903676288787182e+01
-1.622030217038205535e+01
-1.716273387388000060e+01
1.953030841012028418e+01
-1.686618902482414484e+01
5.659746897495395501e+00
1.157985311318914512e+01
2.517337952123379807e+01
3.638806455755093339e+01
-3.980932617058019218e+01
-7.409591177935226369e-02
1.705990141852667819e+01
-9.909458872471276436e+00
-6.647561104092503115e+00
3.445347414580942313e+01
2.639280402880302745e+01
-3.539107880791419802e+00
1.034249268486320261e+00
1.000805617476773079e+01
1.997909557272457448e+01
-5.263332691241451755e+00
-1.772900166661994348e+01
-5.802681514470862112e-01
-2.196103204213718385e+01
3.793307058520827013e+01
1.121517639937005129e+01
-3.064648265877025324e+00
7.414698234245229003e+00
1.475216677532516485e+01
2.108150371671094092e+01
3.963494816243895968e+01
-9.864244425343450473e+00
-3.883545589914412233e+01
3.153406856544584969e+01
-2.112920327230034445e+01
-1.255750287676048771e+01
-6.179175236057275811e+00
-1.360427420196769077e+01
-1.125544195152393456e+01
-3.505927004912297207e+01
-4.196510389503969662e+01
6.276836214012163850e+00
6.068438194250092010e-02
8.717951412562911173e+00
3.661331597116794967e+01
-1.169169713673968403e+01
-1.275999761386448483e+01
5.421777873214097099e+00
1.015231280626445454e+01
2.994984589959859989e+01
1.606574023014110253e+01
3.989359867391092962e+01
1.225597097920552159e+01
8.109594091681536554e+00
-2.315918548913588637e+01
-1.097905560215377818e+01
-2.038258253435092371e+01
-2.469099536650244531e+01
-3.561276079944194350e+01
-9.344835239779939684e+00
9.658775882390955303e+00
1.100151923054337999e+01
-2.203646500094844640e+01
-1.884772922201162260e+01
1.925876165704018206e+00
1.843268975313620217e+00
4.488756028161112965e+00
4.189323764747430801e+01
2.013899039281166381e+01
6.978218888919606400e+00
-3.233463590347050598e+01
-3.240303769153235436e+01
-3.322793044164222920e+01
-3.139298451923302480e+00
4.413246810964729150e+01
-2.913501598182898888e+01
-2.344829728331239238e+01
-1.938761410861204126e+00
-2.861711162596304803e+01
-3.344902941541171515e+01
2.492777564908169552e+01
-3.214911195296112112e+01
2.860663088839004331e+01
3.822053748713905463e+01
1.942038339683182357e+01
-3.098670018927477443e+01
1.282645087300983988e+01
2.768659397634560548e+01
-8.179807455494625401e-01
9.397316465223546800e+00
1.085911019242525555e+01
-2.929194676148819099e+01
3.024871588477562057e+01
1.017815406371439479e+01
3.369771539407851435e+01
1.957742399447566584e+01
-2.065388453815160119e+01
1.924862535328256286e+01
-2.171593277878606898e+00
4.018708588053070230e+01
1.343657543856311065e+01
-1.246567326507619100e+01
-9.679933012842738549e-01
-1.781935115709624995e+01
8.155579676213356777e+00
-3.065729666424402922e+00
-2.471928805842351551e+01
1.793203331929429112e+01
-3.316506581934369535e+01
4.048800281923053035e+01
2.606202387038152324e-01
-1.833071862166775290e+01
-3.774027225890626625e+01
-6.285753171186911459e+00
9.590755680901693836e+00
-7.886223238257493051e+00
3.646515579537798146e+00
-1.900929179408379355e-01
1.869521404073837800e+01
-8.288544817675067122e+00
1.319671074832224633e+01
-1.831825847394947360e+01
-3.299566982205661247e+00
6.366116399371790635e-01
-2.247852910986339836e+01
-1.609290464300079293e+01
3.197050226891602165e+01
-1.261208040436792999e+01
-5.463408943483614166e+00
2.454092370826313640e+01
9.568818011366474252e+00
2.210251483332832834e+01
1.230884534419450915e+01
8.948510434518254897e+00
3.256924462653003616e+01
1.219903853895733903e+01
-1.906540138379796545e+01
-6.763350190768839809e+00
1.039925664866678545e+01
-1.906291442345176534e+01
-2.900653546544553052e+01
-2.972728413339808640e+00
-2.772546600843309861e+01
-1.813726998147693337e+01
-2.286022070452854038e+01
6.700510095130930210e+00
1.179140499187327862e+01
-3.930959085840505196e+01
-1.314519110964322834e+01
-2.933715746753210496e+01
-2.663709577906099923e+01
3.988302460886536949e+01
-9.446107679907463250e+00
-1.577765420925209128e+01
-3.808126292543995817e+00
-2.468988583602275000e+01
2.402306386859957854e+01
1.181800739083696072e+01
1.513541035624351139e+01
3.801889195104529051e+01
-2.212312854933270856e+01
-3.182422233680719614e+01
-2.236448092363676565e+01
-2.933157793171993433e+00
-3.186632601775715656e+01
-1.618634553615693505e+01
3.370293484405195272e+01
3.727836664335967498e+00
-4.899145385292314359e+00
-2.996001273543342336e+00
3.238693771934359233e+01
1.991328179401460829e+01
-1.656186170496911814e+01
-2.277360195794025799e+01
-2.724208011595344203e+00
2.736526011574298423e+01
1.441348982829262582e+01
2.960226140648259729e+01
-1.652523006869671462e+01
-2.237334061693669796e+01
9.693763577885064819e+00
-2.556267925953896025e+01
2.776362216535947880e+01
-1.532329309241654158e+01
3.568277347603185490e+00
1.402880280878508756e+01
-3.467773710233741724e+01
-2.461274269980217611e+01
-1.042474494264077123e+00
8.478855782509285177e+00
-7.545028877212537566e+00
4.390891898091180678e+01
3.727727576303814772e+01
-1.846548841337790492e+01
-1.342099876604725495e+01
-2.342524610634636062e+01
2.199626553273105856e+01
1.031746356709464152e+01
1.786157588985889788e+01
9.186164752424808455e+00
3.657483892915037416e+01
-2.538050141090401013e+01
-2.406497201055941559e+00
3.783050880118125292e+00
1.546496029790557714e+01
5.000000000000000000e+01
2.335108122303992673e+01
-1.054809027428957791e+01
-1.011555464025476425e+01
-5.931411491544878345e+00
3.378120571162197905e+01
1.496736239876271668e+01
-3.017575623947517727e+01
4.532560746998179013e+00
-9.442576658706940407e-01
-9.522590298808125908e+00
-1.843451937496741877e+01
-5.577413363243657329e+00
-2.114724021817993460e+01
-2.284732988342256377e+01
1.317272082841582659e+01
-5.315704053330883028e+00
-2.752462893792656473e+01
3.407320476735627324e+01
-2.806843450085224489e+01
-2.835702290893732780e+01
2.041008228027729388e+01
-1.554051031728197785e+01
-4.339919262696408708e+01
-1.585454351957761787e+01
-2.074545751939387372e+01
1.400344550452561521e+01
3.261594708633217010e+01
-4.695033220685785835e+01
-3.636322997732865758e+01
5.004465795983321641e-01
5.381869347750843247e+00
1.614494589830326277e+01
-8.258439809715966362e+00
-7.196544971717685257e+00
-1.624919487117899308e+01
-5.193855538916857029e+00
-1.407726746142623142e+01
-3.136305138609771603e+01
2.352909626172470325e+01
8.864156952999280747e+00
-5.892988213298636424e+00
-2.532845969257564533e+01
3.162669027104182362e+01
-3.032297169651499402e+01
2.773396007898163873e+01
-1.049951766948122156e+01
-1.557193061540447587e+01
-3.291233033967010613e+01
4.294041119378456983e+01
-2.895804867893282619e+00
1.523298139370012905e+01
2.553060797765658663e+01
4.139709385664943397e+00
-2.662758126480242282e+01
1.396511049822933614e+00
4.770391091897586477e+00
3.871566918976078853e+00
-2.709555342721650106e+01
-2.856927049401639707e+01
5.606758065534933166e+00
-2.538871824076833050e+01
-1.633048448180758783e+00
-4.468327294853595788e+01
-1.263739734773933776e+01
1.895775833570749569e+01
-4.305030481782338825e+00
-2.413729334048423425e+01
-1.939791986499503906e+01
-7.554620901039740488e+00
3.244747626355228931e+01
7.317910623137450443e+00
2.863913197258281684e+01
-3.809248716478467145e+01
-5.680909886052134539e+00
3.257816140243768643e+01
-3.481635722563481750e+00
-1.804358988452761281e+01
-1.230098589117966412e+01
-1.830005075190341302e+01
-2.328452761585927533e+01
1.889966430017678078e+01
1.454736976093215617e+01
-2.953771306698033783e+01
-2.544748679525142165e+00
2.211284545370875776e+01
1.672026495678616698e+01
-1.676282445052237335e+00
2.979108886692421265e+01
1.355896776530524050e+01
-1.673843544052379428e+01
1.616647621106338306e+00
-7.841184464572705792e+00
-2.851095250069238318e+01
-1.403854061758893579e+01
1.689324071777605241e+01
-1.061747976099022850e+01
1.244408618201246952e+01
7.633431901242914819e+00
4.698773212765892993e+00
-4.997632708869289786e+00
1.431401401994158107e+00
-3.792278471225671410e+00
-2.872575852440446553e+01
1.379468095170989272e+01
1.516053350149235257e+00
-1.595252478991186962e+01
1.692791909539748474e+01
2.018412671962499871e+01
2.952774693884869350e+01
9.331588209567200920e+00
-3.370676022337415390e+01
-3.124012463842537457e+01
-7.853158854255681831e+00
-1.934158477374581864e+01
-1.003312501141856217e+01
-4.591372947010945893e+00
-3.930428610406664802e+01
1.070828614702604398e+01
2.087908825378460165e+01
-2.891592472033437389e+01
9.537254995457900009e+00
4.807803712556491860e+00
7.031980336409418442e+00
2.494859395043764039e+01
-3.180335889153433726e+01
2.981111356137017765e+01
-6.797674898032404656e+00
1.238938556554676040e+01
-1.948577225116918754e+01
-7.183393700367716406e+00
-1.763912536185360835e+01
2.400649390754003321e+01
1.759925790310091998e+00
1.456651739396602352e+01
-6.375701291044109098e+00
1.189589430145141336e+01
-2.818536462954845945e+01
1.040860021926663848e+01
-1.103121182038401571e+01
-4.264361974166789082e+00
-1.934839905067862631e+01
2.864079938044876883e+01
-3.824669814153682523e+01
-2.183507973683753534e+01
8.160581548541713914e+00
-1.070712734111881304e+01
8.760802669744002458e+00
1.090689080864990501e-01
-3.135458608314299767e+01
9.006827899741786325e+00
9.015058151292350885e+00
-1.367736873611086423e+01
3.479099947782674462e+01
-1.338902604171188671e+01
-2.245672359717953981e+01
-2.241915275062745749e+01
-3.357145238312710234e+01
-7.424013748799232815e+00
-1.201841256127566027e+01
2.451320387383174193e+01
8.135237317867627382e+00
-3.001183119171057001e+01
3.617793612591917451e+01
-2.648432968068255633e+01
5.756571583589590091e+00
1.816792675954664560e+01
-3.292352341360131618e+01
1.390739056211386071e+01
-3.299685886980192606e+00
-2.818149167644925512e+01
-3.035812214179653523e+01
6.397075126837059145e+00
1.111162003577030788e+01
-2.706879154916166996e+01
9.877301997694132751e+00
2.268350924957400139e+01
-1.633919696561353874e+01
-4.471118316230335665e+01
-1.127281937642711540e+01
1.465145960247814116e+01
1.652592061834519654e+01
-1.549152563225242574e+01
-5.952111258740828248e+00
-2.729292639508244633e+00
-4.753491061775044102e+00
2.244416518414529094e+01
3.634653076917636838e+00
8.242052146132728296e+00
1.719744250705426225e+01
-1.124389536667109724e-01
7.682106004461033422e+00
-2.223839010888728396e+01
-3.169811140907024694e+01
-1.321842874049681882e+01
-1.385675000965395043e+01
-2.586729490334774439e+01
1.251323724160992867e+01
1.972841420550494718e+00
-3.859005737196598318e+01
-2.669787017196638246e+01
-8.071040676383979928e+00
7.503451160443788126e+00
7.300059786216962721e+00
2.263496534013864903e+01
3.275732518620323219e+01
3.006179802819100644e+01
-9.468084742147411248e+00
-3.093558429811967869e+01
-2.178497292652127726e+01
4.133664524255748063e+01
4.574517118385634262e+01
1.962739624006782435e+01
-2.001470630771999382e+01
-2.691021914440271345e+01
2.921561490735413713e+00
-5.630148382086893832e+00
-1.373102474474658408e+01
1.266931712056738490e+00
-9.781315981708260665e+00
2.375427997006640624e+01
3.081138939035085400e+00
-1.234611355425126789e+01
2.963641130355156861e+00
-2.862890685358008369e+01
-3.196645483465518822e+01
3.213161418589849916e+01
-1.306197041064290687e+01
3.587215443793422764e+01
2.160626562777802917e+01
