1.341091516344932444e+01
-1.210314189714564748e+01
-5.384906235391305529e+00
-4.372808504414138042e+00
4.097465041808248998e+00
4.238142566016769308e+00
-2.099697436797306693e+00
3.015897504842186549e-01
-4.928326846743061651e+00
-5.266714594876816591e+00
1.186501792086123430e+01
-8.499586471492428075e+00
1.040109190228840674e+01
8.589301777285015760e+00
7.508279782376483524e+00
1.028363203483250032e+01
5.893814405528331690e+00
-6.065604778200821556e+00
-2.156344648027719302e+00
-3.029354599502951828e+00
5.803011811608350001e+00
-1.544564501011223001e-01
1.122359104077816028e+01
-1.486165117478314102e+01
7.437231230093011902e+00
-1.086128688829766986e+01
-3.300176646904503741e+00
-1.856214857623349701e+00
-3.169425909293067889e+00
-8.093491103077397497e+00
4.024855858513276985e+00
1.699786442451696189e-01
-4.705364519457333472e-02
1.442411676381873065e+00
-8.813103121897967185e+00
8.859650797933596778e+00
-6.054333107315059692e-01
-6.639584516464104524e+00
4.172570037936829124e+00
-9.289303260462986600e-01
-3.376068005043308062e+00
-3.841181880170083218e+00
8.756669711077272211e+00
-6.458002932678482466e+00
-2.528263078723810509e+00
-1.423211378641389047e+01
-1.164590316094156464e+01
-1.357934006289830364e+01
1.766564058112173541e+00
-1.208324808224526237e+01
-8.142346520422471201e+00
3.745889476947297680e+00
-2.349704310809336505e+00
-1.239264217001428392e+01
-1.599091486090917869e+01
-1.106314319849144567e+01
-1.144350946025986815e+01
-2.248366630719317527e+00
-5.406589874377388583e+00
-3.119142115666811321e+00
1.107411245107833508e+00
-7.854005145526123499e+00
1.457631635894884425e+00
-4.163103290097062370e+00
-1.034944762620092717e+01
-2.302581108561938095e+00
7.768856594452842046e-01
-6.530290269574976492e-01
2.174682225147826387e+00
4.286763891479807853e+00
3.045762830811014510e+00
-3.631929607623810341e+00
-2.141726935983214730e-01
4.178169313124101336e+00
7.995059574576870887e+00
6.671676037493377009e+00
1.615236097636130808e+01
2.177201205800571415e+00
-1.401663089354585168e+00
3.555729951155129243e+00
-1.221946395858872592e+01
8.637305233140160965e+00
-7.476778482040081997e+00
9.001875525745852258e+00
7.590006848382202520e+00
1.284660588559960104e+01
5.718309173589517513e+00
-1.158828655085441994e+01
-1.028014855479582934e+01
3.354663559799917039e+00
-1.414258061159695501e+01
-2.295654766945865788e+00
7.263338893228961979e+00
8.605479443663043071e+00
-1.192333001950941451e+01
7.028302813739472299e+00
4.315986509211256816e+00
1.365340422076899074e+01
5.101237101437639865e+00
-7.326890934084019591e+00
-1.178349259328946630e+00
2.782273210766263105e+00
1.176529321676995465e+01
-7.323958271512083229e-01
-5.878573222314003033e-01
-2.820259232918260750e-01
-1.204529230878819135e+00
-2.809797099500336515e+00
1.271419945618744407e+01
-9.494758104988576974e+00
-8.187405433408393662e+00
4.543795479017035177e+00
-6.338376135147719026e+00
-1.450713202219566966e+01
-5.080821860877335894e-01
6.810008643303966380e+00
-4.140701532765476145e+00
-8.578873534162184455e+00
-1.842205868074585595e+01
7.574976011391896691e+00
-4.017140277856370290e+00
9.390293559337024476e+00
1.142368672989292122e+01
-9.818011716823498602e+00
-9.179664346480485904e+00
4.700504155051312694e+00
8.151069239923394605e+00
7.451055340879761957e-01
-5.848647858810302580e+00
1.363401897822804898e+01
9.342277231778936653e+00
-3.922258433183309023e+00
-6.475915455186900260e+00
-4.115475597974089794e+00
-1.013354796498614974e+01
-6.101172099022662110e+00
-1.175320004661293183e+01
6.956017961900897717e-01
7.233948217994154106e+00
-3.135827100059771055e+00
-7.792535008302792221e+00
-7.745884189557038724e+00
6.217396453582601623e+00
9.205619148596753121e-01
-1.151310009013407409e+00
1.599795019223104475e+01
6.144575426359885739e+00
-3.187893319594067520e+00
-1.110944835117118856e+01
-1.014193122420023485e+01
-2.801228804807990969e+00
-6.134210575140691901e+00
1.287214800892189004e+01
-7.330845082737134533e+00
-3.812315058205172136e+00
5.394787830609857338e-01
-9.039236646355597316e+00
-1.193638407641793719e+01
1.392117478991738722e+01
-1.215909853091702075e+01
1.292182040544964394e+01
2.839291990825607570e+00
9.280092106766204552e-01
-1.699463846615041973e+01
8.552052467745561160e+00
4.670943080639297307e+00
7.429146232843585551e+00
1.213473036117989068e-01
-9.284726080456806585e-02
-5.779929697363797914e+00
1.160953805828363983e+01
4.175359382347480164e+00
6.879495046867333485e+00
1.055196213587817766e+01
-1.058038294491361597e+01
1.160901626912902884e+00
-6.284455358593874053e+00
4.681440165719429558e+00
1.849490676865407579e+00
-1.580732925741990869e+00
-4.990974762243958196e+00
5.900962418684017052e-01
7.896372987093471352e+00
-9.197439194014442876e+00
-6.742922284417907974e+00
1.134123265039237083e+01
-1.733827824779514515e+01
5.400462193074318407e+00
-8.855232470059640093e+00
-8.565382995031619373e+00
-1.580780684845458950e+01
-3.711566159027910317e-01
4.084612362582909384e+00
-3.335658800207703223e+00
-4.919058396186173354e+00
2.176851359811251996e+00
8.819331461453302268e+00
-4.200673523086848604e+00
-6.092808617087101197e+00
-1.206548332253247935e+01
4.530197088585588006e+00
1.083595822207553994e+01
-5.672109188620829912e+00
6.241909714047544355e+00
5.150006714390165996e+00
-9.740927567310691870e+00
-2.208890139327337465e+00
6.336475840948260441e+00
6.460423386949777580e+00
7.001253136533833299e+00
-3.980123875378424714e+00
1.112569431741865600e+01
1.113817240663698271e+01
-6.218793679903988902e+00
-6.599453682801161847e+00
-3.067306702729695189e-01
4.864270273277405465e+00
-1.256105814133535858e+01
-9.579049987117002729e+00
-1.133087076218031797e+01
-8.343523597213476251e+00
-3.736601148850105858e+00
-4.863852476916186163e+00
8.961590681780194245e+00
5.936243448898871122e+00
-1.344224368308051254e+01
-3.069003979365717782e+00
-7.574034050883547309e+00
-1.142523676798403898e+01
9.446566098336838024e+00
-1.193919931963625203e+01
-2.440887750859189964e+00
2.201652124521977782e+00
-7.958981657846621260e+00
8.777087854536446798e+00
1.095152501905764808e+01
9.685244347525646447e+00
1.211754002250557960e+01
-9.958561123350868627e+00
-1.004523162908167677e+01
-1.001950142406882094e+01
-7.233091595409369745e+00
-7.396719976547025510e+00
-8.873161511916833888e-01
1.374673950189708904e+01
8.969394235611936494e+00
-4.133954582920750909e+00
-3.142649012838184319e+00
1.850506684171850225e+01
4.669531954165776710e+00
-1.297668195767991506e+01
-3.958705108374218185e+00
3.666013605367012929e+00
2.669077247042160650e+00
1.415860250863050851e+01
1.943484601717891280e+00
1.060306440425954122e+00
-1.223453745569071316e+01
-1.250559923141622676e+00
-3.527105224901347924e+00
9.025523101741207199e+00
7.399317411419161772e-01
3.797242809053969381e+00
7.952627255495947622e+00
-9.421858877790135978e+00
1.108059353958715576e+00
1.128258668645599982e+00
4.282875498143432935e+00
-4.926672471097553796e+00
1.470418243049596185e+01
1.704835233364296698e+01
-7.840127030167145961e+00
3.318266669701053218e+00
-1.309177458354734114e+01
8.489713303868953176e+00
-2.079646993861032911e-01
1.026626667934422699e-01
7.364121474596807104e+00
7.978848070255750713e+00
-4.856536242985875163e+00
-9.724366690210004549e-01
3.978526147871761509e-01
6.920515052902466380e+00
1.376808049937042711e+01
5.218135003288068674e+00
-1.033454670396869801e+01
2.166599915643843133e+00
2.241530792366333458e+00
1.649758615026900088e+01
1.304845582331225273e+00
-1.616970513394117859e+01
6.936832533843038107e+00
6.595355337006104435e+00
-1.464726960969073843e-01
4.262065791286531180e-01
8.282917486072868485e+00
-7.476839647668654720e+00
-1.533158941093096672e+01
1.116798308008007723e+01
5.923571878771873855e+00
-6.057735651194846582e-01
1.270386004599982499e+01
-7.413271242478025158e+00
-1.148844500067242791e+01
-1.270543855123058563e+00
-2.135984920837408652e+00
-1.231433520187168540e+01
-1.137715203040398393e+01
-4.141040770749242483e+00
5.313752450150964535e+00
9.327516732373638320e+00
-1.331252894460882885e+01
-1.564327719237477510e+01
-2.801923792599851026e+00
-1.372318460323057820e+00
-2.837628903264857172e+00
-5.433507349899841188e+00
-7.457260082348561525e+00
-1.058970357391888939e+01
-6.452123209308702201e+00
4.133099194136647725e+00
-1.173234141525086471e+01
9.487658674261091107e+00
6.127225823418527284e-01
-2.794567769675381896e+00
-6.317544920630879801e-01
2.404631480181109282e+00
-6.758050634772793330e+00
2.173244077640447358e+00
-6.103017291892896878e+00
-5.578785664924048149e+00
-9.841251131422353637e+00
1.241562671582623523e+01
6.401261184211989530e+00
9.149421423323445879e+00
-1.117032571854217338e+00
-3.305830327846308592e+00
-7.992892067863508032e+00
3.771955475924904988e+00
1.697871586699619684e+00
2.733873839098578173e+00
-6.831584368139047569e-01
-8.673365017423741108e+00
-4.674272939981058528e+00
-1.193753642026460682e+01
-3.778477204495708008e+00
-1.224859578799276960e+01
6.363153526895814593e+00
1.261808313045912655e+01
-1.539598555476331398e-01
-6.805077748928290760e+00
-1.164201010804118397e+01
-7.803766496195862601e+00
7.648588240704512486e+00
5.225198565671227868e+00
2.634804337739737434e+00
-1.040199221856566680e+01
-6.225698561944824405e+00
5.925754171904671352e+00
-9.389081241580598203e+00
1.149173071905515542e+00
-6.126002083462033454e+00
5.080959198542558397e-01
-2.067807627621952804e+00
1.601766632627625597e+01
1.064097417381908173e+01
-1.656835186049291053e+01
6.224932959182112313e-01
1.055153333597617404e+01
1.208640647750890196e+01
5.973190451831975167e+00
1.078278094209574789e+01
4.081134216778259827e+00
2.268834900524133502e+00
6.114534218103038654e+00
-3.362338423821803701e+00
-8.552931118811301303e+00
-9.350367643110431004e+00
6.397154850722216679e+00
3.022251063062640242e+00
2.505096558464359191e+00
1.209748851133007008e+00
1.160842177845884748e+01
9.195922328127259959e+00
6.060350992284050164e+00
3.175811278365124224e+00
-1.042589064241648344e+01
-5.297754443175719530e+00
-4.140674992350163564e+00
-8.583228983212549679e+00
7.684022681691956791e+00
1.499702539407553559e+01
1.374686203861562461e+01
-6.090519221561251584e+00
-1.446865506514380684e+01
-9.870613954276130642e+00
-5.259429241494487428e+00
-9.269459494380683395e+00
3.190316446834486896e+00
2.233461901579950393e+00
-1.736543378952472949e+01
3.150791917946584419e+00
1.248496949013229340e+01
-6.611056968774654763e+00
-8.076554209617960112e+00
-1.408211261002925596e+00
3.398925952941027617e-01
7.589907463568380308e+00
-1.789346776332495637e+01
1.737447874948682625e+01
-2.688880986107143656e+00
2.449536264209328351e+00
-1.901191741857765294e+00
-1.217683240168689451e+00
-1.958825694161795639e+00
7.199932567973164055e+00
3.361294268240079930e+00
6.994905947545682068e+00
-4.551389383395878951e+00
8.300901617617562067e+00
-7.908860286683975005e+00
-8.028612793838192374e-01
5.143452133193449072e-01
-1.092844788060094174e+01
-1.361245739330389881e+01
4.311935924121499397e+00
-8.163584470421184847e+00
-4.863662189179670747e+00
1.124192710329911904e+01
-3.379427385091226199e+00
8.292498972463057783e+00
1.292064119720848225e-01
-8.796795042151359212e+00
-7.774793245700983846e+00
9.249597059818491118e+00
1.756827667422335537e+00
1.097535243316413300e+01
1.787852960689093607e+00
-1.312730416953188950e+01
-1.064330032224766853e+00
-1.137421534147166113e+01
-1.654112884705462250e+00
-3.620295016538143784e+00
2.684844866241832051e+00
9.227330829956272851e+00
-1.433870767559866266e+01
1.040640751647398332e+01
-3.213188594181204394e+00
-3.341586046625963036e+00
7.713050095151771757e+00
-6.231945550263688460e+00
9.213779577403570897e+00
9.379324860459362867e+00
-7.740082783352853824e+00
-6.960893157323091884e+00
-2.488300364298098089e+00
1.004239632746741506e+01
-1.475625796169485682e+01
9.896228611547201126e+00
2.108358111207053298e+00
-2.468726090125052508e+00
-1.200874171788775158e+01
-3.622356949349708088e+00
7.353241786310057648e+00
9.056371467372834161e+00
-1.158393056961136836e+01
-6.159837813728422873e+00
-3.270619176709935516e+00
1.571078673280737803e+00
9.457744217396481190e+00
6.833982619547882109e+00
3.413004969631195706e+00
-1.876274778155121226e+00
-7.948250356540427219e+00
3.279358533764238359e-01
-1.007247856733449964e+00
-1.314682266296024693e+01
-6.725818883856128139e+00
2.465120876183554799e+00
-5.287224225317899595e+00
1.028667611035582041e+01
3.030083864468949173e+00
-7.012144138405552951e+00
-1.323904255961172538e+01
8.883350331077075168e+00
7.589037909039078045e-01
-5.302517267041842786e+00
1.024276456999682239e+01
1.277494155163631007e+01
7.150287830907743114e+00
-2.826512892877630634e+00
-4.793343622916964364e+00
-8.703182964390599352e+00
1.091101989225933266e+01
1.042311846234278505e+01
1.293292302516074699e+01
-1.225517937732064411e+01
1.667916733837252252e+00
-3.763916180176281046e+00
3.002576993489292079e+00
-1.256156383573600976e+01
9.701216944725011615e+00
-3.696099978426843791e+00
1.104622209986161607e+01
2.130898125248450015e+00
-1.938358722560948877e+00
-2.066278906957307981e+00
-7.180307897792864935e+00
-1.707155681908407985e+01
9.021183212689955155e+00
6.189361087592324395e+00
6.148700036983086648e+00
1.056594709426082801e+01
