3.133671788370548938e+00
3.209636023842818986e+00
4.502064815513776352e+00
-2.100595074606850687e+00
-2.411464727617484982e-01
-1.535652762984227593e+01
1.440247957285350822e+01
1.301410488442365221e+01
1.241067868824809750e+01
1.570376582805420185e+01
-8.987799044207385180e+00
1.211861086668805854e+01
1.572252575823928566e+01
1.526801552316166521e+01
1.031054324232133723e+01
1.514727068502962481e+01
1.556354392878778015e+01
-7.284056962053256257e+00
1.608545784126611977e+01
-1.418720025630868520e+00
-2.049010044750759363e+01
2.312545012827690982e+00
3.278058028478980646e+00
-7.734712713322984712e+00
-1.862911583782505431e+00
1.012074670333227289e+00
5.549976864052531766e+00
8.394991490162553305e-01
1.131898459808119384e+01
-7.582990800689174193e+00
-8.864952289320726209e+00
-3.393279382941791766e+00
1.814682725365605620e+01
-1.691231732960638112e+00
-1.402707497598967734e+00
-3.534967472436605362e-01
-4.584487421991731537e+00
8.304520317248119454e+00
-1.277573468427487313e+01
-1.626768987456424043e+01
1.344384660473508575e+00
1.794058554608686507e+01
1.710085899578295709e+00
-1.771622941342894109e+01
8.460896058810483567e+00
-1.087572938500331077e+01
5.876404079116738899e+00
-9.930636830705232398e+00
1.854436253181791017e+01
6.121521275914268756e+00
-6.703384800475852501e+00
1.374660278452171269e+01
1.012465519325169794e+01
-1.159325773933037595e+01
7.354332264127890539e+00
2.981089260233396487e+00
-1.340442391842626790e+01
-1.809216160628085035e+01
-2.076026840426415276e+00
-3.873606546748831647e+00
-1.460893035256218297e+01
-1.712780677617282521e+01
8.104317509999248159e-02
-1.919770971501711898e+01
-4.611180100530532400e+00
6.770701937211576649e+00
1.030101889139451998e+01
1.538701478562209957e+01
-1.034943705818491821e+01
6.445985763845506256e+00
-2.095370130405792963e+01
4.037568173727102305e+00
-1.727239007462856080e+00
8.160108847464478288e+00
3.959261145019041805e+00
1.122379518385510266e+01
-1.010618622361491248e+00
-9.603875934688367977e+00
-1.184405959990656498e+01
-1.704026812550686998e+00
7.412413934156404594e+00
8.089559323803143798e+00
-5.754179699402712345e+00
-1.397453682364614735e+01
6.774532929513519264e+00
-8.621850540149452513e+00
5.608470446547755728e+00
-4.580243174963953834e-01
1.013079883845616536e+01
1.674474446469142208e+01
9.234430864345185341e+00
-1.643745806245973995e+01
1.113595080626722478e+01
3.626554077858571645e+00
6.202319444498698431e-01
1.317556529638261509e+01
9.687202027096390111e+00
6.939222253800750195e+00
1.193820415825654635e+01
7.836165438531594418e+00
1.588892790754627526e+00
-2.248425545523417668e+00
8.921575910274825105e+00
1.345174235817697905e+01
4.420425384861800921e+00
-1.336153995668099270e+01
-2.355049175452592181e+00
6.214333700450168863e+00
4.663303162351105868e+00
5.650394505886389140e+00
-1.300085896267957253e+01
1.233508643467955324e+01
-6.636669979180389589e+00
-7.850321126958377249e-01
1.323863730312091747e+01
-1.075038770700890467e+01
-8.361467267229436118e+00
-1.387653635404340946e+00
3.396870720764226803e-01
-5.680301261874248553e+00
1.426367576132345505e+01
1.607225792367692918e+00
1.321457001025621025e-01
-1.811776680540098994e+00
8.950492288950393061e+00
1.193826491668465195e+01
5.068278435009801797e+00
1.318821017089057079e+00
6.241782492713880970e-01
8.239418214630397586e+00
-8.048222558795629311e+00
-9.829571553639105730e+00
-2.182432267739329745e+00
1.003541917791451965e+01
-2.547728266259028373e+00
-1.537688854028439778e+01
8.051343916836415815e+00
-1.166440189649013348e+01
7.686179968596171364e+00
2.407702105088162625e+00
1.375531572420236870e+01
-2.070666493176507217e+01
-4.730922133900385518e+00
7.034658236978344803e+00
-1.516877212480105186e+01
9.390538368644271827e+00
-1.344053189125673242e+01
6.032602905898578172e+00
-6.652565811376568661e+00
6.218482366562625430e-01
1.948456460484806030e+00
9.680000154882151264e-01
7.484419487282508499e+00
-4.416817041358243046e-01
3.004909271314872399e+00
-3.684313730118340402e+00
2.333130681355854108e+00
-2.946103448879860309e+00
7.505196853003937463e+00
-1.877223517108912532e+01
-1.361235094180131000e+00
9.299090017595403879e+00
1.868362016773444623e+01
9.042788982515190810e-01
1.015178469042301401e+01
-1.032572295429387310e+01
-1.893615648969394272e+00
1.675421863498952746e+01
-1.190389292142008060e+00
-6.567018983875136939e+00
3.746343961955197699e+00
-7.962080577703041229e+00
-4.822561013233581662e+00
1.308187740312798297e+01
2.736649254838219747e+00
2.302388040738709662e+01
8.343698288813001795e-01
1.255504920191425100e+01
1.011526929961647170e+01
-1.527753296170121189e+01
8.011694435263585490e+00
-1.049241486958016623e+01
9.757464175054444411e+00
-2.803385722894596199e+00
-4.194830095583242269e+00
1.073297453332213536e+01
-6.026153148488759825e-01
1.303836438512760054e+01
-6.233095417697271046e+00
9.436563147520516281e+00
-9.640438411085085590e+00
-1.584960167518656249e+01
8.444144054701574476e+00
6.775886549200848208e+00
-1.222517068224163950e+00
-6.370040919832447912e+00
1.250881455350415195e+01
1.411092680082390416e+01
-4.472744249993894528e+00
3.432710014500131024e+00
1.235022272369252505e+01
-1.102289544554707135e+01
1.030373555319854972e+00
-2.734249453877829694e+00
1.577843108692266583e+01
1.472707635793759096e+01
-5.352103845993106290e+00
-1.046246128568032674e+01
-8.211147387974456535e+00
-6.711075992209494245e+00
1.340910112453587288e+01
-1.134305350264201451e+01
1.647273953263983515e+01
1.197581498208434425e+01
-2.054470113421397315e+01
7.634702627962177246e+00
-7.488038361910213325e+00
8.076865449067483382e+00
1.015133658118142534e+01
-3.267562478647228374e+00
-8.178835599677533708e+00
-5.556727662226919051e+00
9.093823958702117238e+00
-1.035955747677304117e+01
7.530153587811760474e+00
-3.487319469450191889e+00
-1.488889763138896427e+01
-6.377378186067907961e+00
1.371253409896688424e+00
1.832728932070189387e+01
-9.931350988879813713e+00
-1.919783518775092190e+01
1.430708278934922362e+00
-7.284839539976680101e+00
8.345610594244448066e-01
-1.257978362885366863e+01
-1.617355234341426495e+01
2.800989432986888517e+00
-5.955221599582905867e+00
-2.099753365016482931e+01
1.359642417977517681e+01
1.507479269429445878e+01
-1.633628997150666606e+01
-1.591125958852508404e+01
3.259086842310395582e+00
-1.837073112645057904e+00
-8.428086242128429717e+00
6.742018744272684216e-01
-2.282024971596285923e-02
-6.282435254747660736e+00
-1.020884943255657618e+01
-5.095071805770714946e+00
1.517712219604956658e+01
1.361644423793774195e+01
-5.587710061642539472e+00
4.554781012226037262e+00
8.987850569895336150e+00
-5.653533236124147265e+00
1.859774701025038723e+00
-1.197380025940528014e+01
-1.895454325100324411e+00
-1.273821895643551017e+01
1.047248785411692040e+01
-5.656710022179112229e+00
-7.036842671141876338e+00
-1.108780169958127715e+01
1.403649603373142440e+01
3.081100064376997238e+00
-4.206740206612025190e-01
9.579764818364978396e+00
-4.869870147507135982e+00
-9.836637061994736086e+00
-5.115072412802931012e+00
3.505023691562570320e+00
-5.300930193525466905e+00
2.061284928969520536e+00
-2.224984247594107956e+00
-2.953011078918393650e+00
-1.911081235850033977e+00
-1.450803521762259862e+01
-5.640711182377835087e+00
-4.963853944811418728e+00
-5.446436441127687544e+00
8.746287546367156551e+00
2.645663234284825194e+00
1.139936886332167632e+01
1.325375272442731500e+01
-4.941329719084919248e-01
3.400317715496690596e+00
4.507612647322645216e+00
7.117337890396058242e-01
-1.963752215458833916e+01
-5.257356057818832085e+00
-1.840483008883495586e+00
-6.534324634871992998e-01
-1.095309569131168814e+01
-1.471365360203488137e+01
-1.107968208648131281e+00
1.233062043286301446e+01
1.176897307496558653e+01
-5.867746729769777403e+00
1.441216771098397942e+01
1.068769012472073143e+01
5.115971883727468139e+00
1.823064240677641124e+01
-8.959635365327528689e+00
-5.494039629888760601e+00
-6.151246331303511283e+00
1.129780515537731844e+01
2.121145243768808086e+00
-3.837426109487068970e+00
2.691065092588544871e-01
-3.626911827336257943e+00
-3.137566485899725421e+00
-8.262184705920425642e+00
-7.906018860356240907e-01
1.294000123284516945e+01
1.363436987307442649e+01
-3.764780631682121737e+00
1.237093532772938431e+01
-7.126651391371439104e-01
-7.124744266309427587e+00
8.458500824355574821e+00
1.369513506968304739e+01
1.515809737077363195e+01
-1.049396017720201968e+01
9.804938464702331657e+00
-6.349782296844857399e+00
2.225735576976873631e+00
1.464471309208161642e+01
-1.104174260777931238e+01
-1.697013807447180511e+01
5.350907973912669036e+00
-7.867252192429084801e+00
-1.379467601878621963e+01
6.753796613499893908e+00
-4.869061821713629001e+00
-1.897245870966351333e+00
-1.657552012833715338e+01
2.052203644490859347e+00
9.176860467373479935e+00
2.025012075150335988e+00
-1.420432013793821824e+01
1.369392266756563714e+01
7.729957887165063823e+00
-9.386793544323325023e+00
-1.701987715529237732e+01
-8.169131889628758358e+00
2.585184950660355696e+00
-1.679970414298677639e+01
5.192747938506371952e+00
-1.412752496193092355e+01
-5.897660654346026377e+00
1.057083241061319256e+01
1.592557118304873143e+01
8.297840437456230234e+00
3.299867422732816635e+00
4.111671533255091049e+00
1.799108190400453111e+01
1.625361853843878635e+01
-5.498551385965100735e+00
1.273635529784695564e+01
-1.254814104245122763e+01
-1.197767211465651371e+01
-6.416524492578993488e+00
1.107820146605911305e+01
7.514291607516476290e+00
-2.452523711395002692e-01
6.158422355144253402e+00
-4.800564407134224609e+00
-1.420931581757341888e+01
9.772629236930562513e+00
1.059922033210869330e+01
-1.190113772238773038e+01
-3.989103567879652701e-01
3.032367818081759481e+00
-2.990950729725447843e+00
1.164956127522401630e+01
6.582347849902468795e+00
-2.110719295491476544e+01
-9.150446435959956659e+00
4.107009883579493703e+00
1.428212545444452530e+00
-8.780605181350495059e+00
3.322832441851417684e-01
9.662278482323138462e+00
-1.545040504713583829e+01
-5.209289584340403678e+00
7.461624747478865061e+00
-7.565998991533128049e+00
4.128435459306047051e+00
8.094842280841717752e+00
1.403150931678386826e+01
5.438320206604842610e+00
6.495110860241382511e+00
-1.496435639863646827e+01
-9.311616147998044823e+00
-7.100401233290149605e+00
6.640171882312763785e+00
1.229374180170799491e+01
-5.560612701325304386e+00
-1.708735359356587935e+00
1.039388823287762165e+01
3.677578163905479869e+00
9.173778308861898267e+00
-6.422933349166484618e+00
4.529102827191579195e+00
5.584553632633650011e+00
3.507312100574800695e+00
-2.478731531810396405e+00
5.310268721285638094e-02
1.328635501201608093e+01
-2.025914338956683736e+01
1.857831211928146331e+01
1.779203274263586820e+00
-1.349532986001925394e+01
-8.184934821785816439e-01
-8.808399647205853000e+00
-1.120981360879095234e+01
2.102705712412941352e+00
-3.207311079242259666e+00
-1.841062972921662322e+00
-7.504421632496082850e+00
-2.808528843442040568e+00
-9.691496301093195598e+00
3.700383251428171150e+00
-1.340041927666062804e+01
1.135596269795188107e+01
4.676313555340428252e+00
1.828782201484571601e+01
6.641055046150455610e+00
8.846983604284645253e+00
-4.869438066702578283e+00
1.244868745409083743e+01
-2.977047849749823172e-01
5.381849643108672865e+00
4.968644913494038917e+00
-1.056042816461022937e+00
9.672908065760857710e+00
6.358114697899388545e+00
-1.592713599523018786e+01
6.593450149993770992e+00
-6.450532109536212033e+00
-1.113401961908685678e+00
-1.140710763851796372e+01
-1.221609083171107102e+01
-1.133915912693439054e+00
-1.507153359168389528e+01
2.995482445341238531e+00
-1.260977470560630564e+01
-1.292522159009371308e+01
-3.110281280705031293e+00
-3.856449604292762956e+00
-6.619412232905119708e-01
-8.424661409836950554e+00
8.679901047188522512e+00
-8.691794251065260823e+00
-8.617108461432323452e+00
5.982610997570112943e+00
1.856946261167813361e+00
-1.274715936483150358e+01
-7.947483276977294508e+00
-2.926952557893805817e+00
-2.479267968848866133e+00
-1.389284452964023586e+01
8.284225610970977982e+00
1.060224548726048965e+01
6.816351540943919929e+00
-1.623558996671178534e+00
1.131155863516529791e+01
1.491944605060538720e+00
3.154351444885392652e+00
7.558519801703170060e+00
-4.056028601423044222e+00
1.993081934660743570e+00
-1.606040172700262758e+01
-2.798682172249023381e+00
6.561484850118461054e+00
8.442348567607162124e+00
-1.281415971363743722e+01
-8.590943280388593450e+00
9.241437717198650148e+00
-8.507375420218451723e+00
-4.174274168082490633e+00
-5.472107553957883397e-01
-1.716131041103349020e+01
-6.641721095126293051e+00
4.826946962205198588e-01
-7.750492983583079365e+00
-3.915457783169237871e+00
7.801587056997874470e+00
7.826052879189113298e+00
6.514374445699921523e+00
-1.686444426976123623e-01
1.500082033297499606e+01
5.593514403903718346e+00
3.545858603903731421e+00
-8.111307639483946730e+00
7.385654644532579027e+00
2.740785442996681809e+00
1.322696878141827170e+01
3.529692225634015301e+00
4.386081220274796522e+00
7.141516578586305286e+00
9.167958007574853241e+00
-6.651321744057412388e-01
5.693439645383961079e+00
2.576241245112811384e+00
2.839166305002308377e+00
-1.195369035382825018e-01
-1.394057043218152359e+01
3.949910453386983988e+00
8.086091800646897809e+00
