3.336960259159884590e-01
6.716581000132952894e-01
-9.023478685533667942e-01
6.893760700242124173e-01
2.173137710937043110e+00
7.597221240956830712e-02
-2.953825226220192501e+00
2.540002100878499647e+00
2.857622961449585830e+00
-1.976501616480810686e+00
-9.073436540347810109e-01
-1.179069671931590513e+00
1.591959662867695968e+00
-2.567483585612902353e+00
-2.087302386528422371e+00
-2.372535190817447237e+00
-1.498599864109312563e+00
-2.676068896825778864e+00
2.848998180529442870e+00
-3.859211889877841806e+00
-1.800778435984684123e+00
2.771563623048727720e+00
-2.240525302557898613e-01
8.183813948968943208e-01
-2.071194846298511916e+00
1.032718698298287663e+00
-3.212891077326389677e-01
7.145810801254723899e-01
-1.540562754971206871e+00
-3.895483364885663491e-01
1.784706352880997215e+00
-3.561745144983223810e-01
-3.357939664619400855e+00
-1.088316633246421805e+00
4.058442020110650361e+00
-2.417964931239349191e+00
2.832914352397999380e+00
7.767559920155520103e-01
2.522915447578881754e-01
1.054590355399570356e+00
-8.017812963442114693e-01
1.330903402324311813e+00
-1.038154148987648462e+00
-1.916695252573246133e+00
-1.170360885033380427e+00
9.655674739089317171e-01
7.157309850588600142e-02
7.195500535524246288e-02
1.906961988828202337e+00
-2.097480870948740694e+00
3.243426259871968753e+00
1.543331731054445655e+00
-2.639675196678233249e+00
-2.552164331477144721e+00
-1.351685838081239766e+00
-1.175920934741114809e+00
5.849056310859062080e-01
2.500950534958105820e+00
-4.839263565575144810e-01
-1.444089392553931539e+00
1.043479913431180961e+00
-4.452235768380690573e+00
-1.930385561882027368e+00
4.722164124470983992e+00
9.750554881383575179e-01
2.094746163357782187e+00
-3.619276499574439754e-01
-1.727289295832603599e-01
-1.706704915518827192e+00
-4.723599089724508815e+00
-4.467890841550171466e+00
-6.943353371012852548e-01
2.575616816099226547e+00
1.035254514813526150e+00
1.378899245790787376e+00
-1.552655352186285143e-01
-6.234385472059020827e-01
1.631212455562565111e-01
-3.881468814955178814e+00
-3.269419549618388654e+00
-2.250857494855325047e+00
-2.863882032327541793e+00
3.107236950187747482e+00
-7.196991106356440682e-01
2.803794047651269494e+00
-2.984936434602965427e+00
-2.189314539844575691e-01
1.820174234118050904e+00
-2.574994673842810222e+00
1.568707664132844570e+00
3.813850573721511594e+00
-1.700821526138761364e+00
-2.217095303880902701e+00
8.833509294155037495e-01
3.817789175614912267e+00
2.674526452734840021e+00
4.646640435662256152e+00
2.180604333555274721e+00
-4.467309237176946723e+00
-1.598776138996695906e-01
4.892293810172285262e+00
-1.652867772592256923e+00
-2.698464137503729265e+00
-1.256783446371377622e+00
-3.395159723870793123e+00
-1.346317224345817465e+00
-1.375664819278914042e+00
1.337946153913360803e-02
-3.704437121961202450e+00
8.059459633303545090e-01
8.488803654849705893e-01
2.260901164079751169e+00
-4.084096775479312491e+00
-4.410194963414095781e-01
-4.228686272707911975e+00
-1.440991181339134286e+00
-1.924493441644337111e-02
-1.274418467913531750e+00
-3.199389226395575214e+00
1.736264434784154709e+00
-2.984080435381494922e+00
1.327908955756305076e+00
2.005431788691240946e+00
-2.332305158260592481e+00
2.651658518822419097e+00
-7.258579826601359031e-01
2.670030699962824272e-01
-2.785077252226665578e+00
8.460822549036315365e-01
-1.677922886904044120e+00
3.410389690584967326e-01
-2.078721025845887915e+00
1.606496838176564523e+00
5.203015470588479019e-01
-1.436247326079827413e+00
6.549527525382004001e-02
-1.347985022673538147e+00
-1.242401835151178968e+00
1.887955889034884649e-01
1.238682051729441902e+00
1.572688695450580099e+00
-1.614803114222249647e-01
-3.020396428604855465e+00
-2.666578714622671598e-01
-2.100699309857161801e+00
2.024538023435617617e+00
-1.616245466639972150e+00
8.688598860684493275e-01
-1.045726055085025585e+00
-3.251148644351603778e+00
3.268489891245964785e-01
3.710820660791425141e+00
-7.151316273377519295e-01
2.096918115985380915e+00
-2.808205973510560227e-01
8.077707001267580011e-01
1.437422100421501980e+00
-1.807857313421932233e-01
1.087263004522251997e+00
2.496109994452252678e+00
5.975006744522080027e-01
-3.354138954458779409e+00
1.352324794659893747e+00
-7.142451982186406312e-01
2.232507424185747880e-02
7.426292369361764401e-02
-6.265700307932373647e-01
-2.155820175079997902e+00
-2.974569232654812545e+00
1.257023214623790963e+00
2.176521636523425229e+00
1.820529767540336685e+00
-1.180080154318359220e+00
2.585863293420000986e+00
-9.182954329274606309e-01
1.498283375112911209e+00
7.039285167065667537e-01
1.036907941263791599e-01
1.697815740546509744e+00
7.816484947868973521e-01
1.965761977692626061e-02
4.802895651742250749e+00
2.279654662236955787e+00
2.327859212977879899e+00
-2.960795483503062542e+00
-1.489812313051714021e+00
3.718961863813067481e+00
2.783041307361702188e+00
2.077285060969078501e+00
1.820634518499034016e+00
1.032789620612009074e-01
1.671883058536511868e+00
2.484230741073769622e+00
-1.524108112542650328e+00
2.675309226450476530e+00
-3.053689987969705477e+00
3.889411636707682973e+00
-5.735835123560431015e-01
2.922395856918722501e-01
8.930030334722536267e-01
3.044543498752123156e+00
-1.551645406841623220e+00
-3.288657320136927353e-01
3.168455001741302013e+00
-3.421514739686569051e+00
-8.441384076976845563e-01
-1.596095167264620862e+00
2.035179301031256216e+00
-2.249758014754235091e+00
1.415905020960916971e+00
-1.750201562261395338e-01
1.137735697162394644e+00
1.434348589098748405e+00
2.484607810904432057e+00
1.087885994256755140e+00
-1.174185336628067233e+00
-3.452620221619068897e+00
4.220654247416907978e+00
1.030281615995942701e-02
-2.516923436544385773e+00
4.155749894011631085e-01
-2.928617330370768546e+00
-2.965714017182155438e+00
-4.008791066652107382e+00
-8.583924786414973696e-01
-1.025733589650269728e+00
-1.052111450593173902e+00
-2.156547274226706890e+00
7.950366101905252947e-01
-1.559365335686504483e+00
1.971761443722721552e-01
-3.260144078260165390e+00
2.525854933640109934e+00
-3.513402077599799611e+00
2.054654266308498123e+00
-5.198894185883169428e-01
2.788562776477421679e+00
-2.833740587149664591e+00
-3.075757481298193596e-01
3.815595245197762608e-01
1.607208450077981965e+00
3.354830118341725509e+00
-1.915809199304446153e+00
-3.118455722260252472e+00
-2.009491785388219931e+00
1.420467754769125790e-01
-1.253323179596202319e+00
-1.143576769549481398e-01
2.755929900812913225e+00
-5.974466343347382136e-01
1.435911363331841883e+00
-1.230007853901060599e+00
3.073499378847646568e+00
-6.319365300219637049e-02
-4.588294174174720297e+00
2.730372887582451114e+00
1.551905618749696458e+00
2.273767296702285279e+00
-1.972272008894921935e+00
-1.332575322803223994e+00
1.819752036760293734e+00
2.610658182332965538e-01
-3.680246200058796102e+00
3.178851129019031774e+00
8.437898048191430078e-01
-6.466901728130540761e-01
-1.585001361343962856e-02
-3.696264670356446125e+00
1.020549210075873958e+00
1.982766310387390263e+00
2.451975086536979376e-01
-2.869909070644283133e-02
1.817230268683942995e+00
-3.500891377589577580e+00
1.198007174370738781e+00
-3.816962257776758793e+00
1.558492126527499799e+00
2.090270470422090021e+00
2.114203310001405711e+00
3.648489356498982872e+00
-2.895782985390848996e+00
-1.558527576248177837e+00
-2.108708527807918731e+00
-1.476671894546076835e+00
-2.231097133789986309e+00
2.410515622762673615e+00
1.756396125094848770e+00
2.133226158218305635e+00
2.335489611347583150e-01
1.905095985477177400e+00
-6.527183742061666294e-01
1.510087185351014938e+00
-2.958127022753789248e+00
-1.427499465435051462e-01
5.007213693932088816e-01
-1.302194037342360389e+00
2.818751699070380923e+00
-1.650034447883821365e+00
-3.600141009192756147e+00
-1.871998830161505367e-01
5.366483623798163904e-01
-1.523135257629586015e+00
-4.551905107718781096e-01
-1.838498111833736903e+00
3.248442244565149295e+00
4.828572657197232942e+00
1.679060745423338830e+00
-3.239814165556222481e+00
-2.624707856553846419e+00
-1.207732119068978260e+00
-2.952152237530387691e+00
-3.613827668941966831e+00
1.090090294706138607e-01
-3.129004119140283535e+00
3.474217544555397552e+00
-1.511237544236010422e+00
-1.156559943747392794e-02
3.161701169986203652e+00
1.195980261325715333e+00
-6.840438283349552506e-01
-1.075730920460444828e+00
-1.587720169270294246e+00
-4.265497152425671956e+00
-7.644528990507470922e-01
-1.898237623216369130e+00
2.979855546422571777e+00
8.790132762144242662e-02
-2.992685393170100294e+00
-3.051030347869141846e+00
2.824520200636737144e+00
2.959621976905423502e+00
-1.002133591750740127e+00
-1.212295094737386947e+00
-3.817533174759493164e+00
-1.128991259190716967e+00
-8.918263168875739666e-02
1.102053693330744544e+00
-1.249993380428020551e+00
7.369631604660682456e-01
-2.144493259176524447e+00
3.506184172123989029e+00
-1.014963171319559265e+00
3.948261080703957759e+00
2.687666206825403137e-01
1.520258074173734819e+00
-2.594666004254807312e+00
1.995858880475083197e-01
-2.707096339450425049e+00
-1.486203740049208299e+00
1.663252227593768673e+00
-2.242181997171439622e+00
2.359739164334724748e+00
1.636896569459658224e-01
-3.454870331060316158e+00
-1.889574771152275900e-01
-6.632743941465761850e-01
9.109308222981047365e-01
-2.684123086743658959e+00
-1.699628594666167114e+00
1.749408682460185105e-01
-8.210827853543412047e-01
-5.920885096678434323e-01
-1.414096641500251383e+00
-4.273244532815114738e-01
1.062260106639342894e+00
-2.475007096258630135e+00
-1.452280451469017297e+00
9.367200640648398746e-01
7.657381170907537893e-01
2.500633197319375611e+00
-3.699008046748067713e+00
-7.659419444866886195e-01
2.469083218823358905e+00
-1.676783565275376198e+00
1.258195149329521811e-01
1.674907076308875808e+00
-9.793622578055725114e-01
-2.797675181587926829e+00
-1.280436265155435738e+00
2.120685036930122891e+00
-2.839587527110078558e+00
2.808550196803491161e+00
-1.508896204386837692e+00
-2.189955969277014969e+00
2.411173408743508162e+00
5.678107148900028989e-01
-1.500930198171616325e+00
-3.390714018332774415e+00
1.312380983087971131e+00
5.730826773820973941e-01
4.273940958192952166e-01
3.851723509778254950e+00
-1.800495039453060997e+00
7.315444004624325203e-01
-2.425620839422534480e+00
-2.277975241067649037e+00
-2.536929192726224969e-01
1.523266678937581275e+00
-1.968062839614582060e+00
4.353062687862463420e-01
-4.674287420685994121e-01
-1.686511217002417684e+00
7.863714680675260027e-01
-2.668966704510111754e-03
-2.636415781742146081e+00
2.410399082418416938e+00
-1.135408800914857963e+00
1.762412606330256537e+00
3.904573662621970698e-01
3.049049684870237087e+00
3.518601638078465044e+00
-6.983254585842342266e-01
-1.829986835036570447e+00
-1.577219069036098986e+00
-6.403188109144206663e-01
1.098172014592901924e+00
-1.309915895697906230e+00
-2.663909687828174722e+00
-5.000000000000000000e+00
3.449568591438120890e+00
-7.049540535273912667e-01
-5.168110513815609153e-01
1.712354774902237864e+00
1.948373042139175837e+00
2.507616288078123645e+00
-1.966848554641786873e+00
7.986242576392479364e-01
-7.255766710176478895e-01
-8.269110029182620281e-01
3.903963440996385259e-01
2.507447504065880572e+00
2.902577793431319719e+00
-1.917498384252613874e+00
8.671788432632085986e-01
-2.501284775101106916e+00
2.073884232521184146e+00
-2.406405296286502793e+00
-3.092087732288515411e-01
-4.335766988747025152e-02
-7.403703909224237378e-01
4.708552029293011643e-01
-2.772326222887562253e+00
5.491167546407922373e-01
4.098257481251845746e+00
-6.388332558798621719e-01
-3.252485932257613399e+00
3.133272083089284621e-01
1.147489263514493096e+00
-5.621402955268521850e-01
-1.690602852375949094e+00
4.550278280014651955e+00
-1.107832495638577441e+00
2.268189674530551869e-01
1.059747896249302102e+00
8.859673888964110233e-01
-3.480402675674624469e+00
9.090442238193894298e-01
4.048638869429328935e+00
-4.138608945150682672e+00
1.902300261583000918e-01
-1.586542965286348306e-01
2.106058615598085382e-01
1.223368923294712474e+00
-2.684332433083448599e+00
1.509151595906566889e+00
-1.732253297188494301e+00
-1.639779824542310749e+00
1.047742839620209310e+00
1.491449414521525796e+00
-2.286506175709072330e+00
8.418954263471079003e-01
-2.957907670705912206e+00
-4.564872822245446216e+00
1.267349260608385819e+00
5.556442455807477643e-01
-1.546987834458137812e-01
-1.542773429782772432e+00
-1.792089843819502093e-01
2.965927406633415586e+00
1.527244510019370338e+00
2.170404184416100613e+00
-2.616896824158415846e+00
-1.099550394613393323e-01
5.252751240762858487e-01
1.573678900335977460e+00
-2.521107233492520638e+00
4.516620457120987808e-01
-1.520983637054686977e+00
2.758490164921044929e+00
3.965938563464632693e-01
7.329714314434054856e-01
2.284696626002444830e-01
-2.298452177043068367e+00
1.410038741869765744e-01
-2.926154468824370802e+00
-1.644025564326212052e+00
-4.117640426669386677e+00
1.112962076871209405e+00
-1.934489283475591126e+00
2.491967614604964965e+00
-1.937194484554466634e+00
4.009176903449237273e+00
-3.349075124649782964e-01
-4.842529317971742131e-01
-1.250123882423882726e+00
3.330548961780257500e-01
3.712296294187309442e-01
4.945256324562654626e+00
-2.110483829202145500e-01
1.564469770375009894e+00
4.230788447900080129e-01
1.362237992336524428e+00
-1.277030797127323147e+00
-3.753888383930807038e+00
-2.006770535206714889e+00
2.980457099765576601e-02
-4.304159342583149694e+00
-7.243560859964945919e-01
-2.963724395539779621e-01
6.850600394519439362e-01
-3.131834568432275034e+00
-2.554706012150413930e+00
-3.385613691780042345e+00
-2.428291158917697423e+00
1.139693688236739888e+00
3.451378205654027198e+00
1.122728112293504665e+00
-2.269538656231113727e+00
-1.867027399220494210e+00
1.429404059954713091e-01
6.190622780460399710e-01
1.339197831539554961e+00
2.328902075469403421e+00
5.442788094432522428e-01
3.176754966749133047e+00
2.233144059067049270e+00
1.125351611622839698e+00
-1.786357304052774264e+00
3.441413023158027329e+00
-1.669180249063615395e+00
1.152713900568164362e+00
1.683654988407834452e+00
8.610268317061180454e-01
1.563223709046045684e+00
2.200231467902158400e-01
9.763899306521750532e-01
-1.921280587591448707e+00
-1.915822615016038011e+00
1.506665530573529033e+00
3.758105414536982991e-01
-1.605492142282839652e+00
-3.991805904028788987e-01
-2.069711449074898013e+00
2.878830205118175556e+00
1.179380346904082444e+00
-5.861935421848780692e-01
-4.353344375053573856e-01
1.309317148315352064e+00
-8.052920327474275553e-01
-3.751205546859104345e-02
-2.260499690019134977e+00
2.981323321390176417e+00
-1.647384745432859177e+00
1.641037571412695684e-02
-2.897066874966362615e+00
-3.088302712474369383e+00
-1.951607318234756416e+00
3.265809148351230817e+00
3.072199214160505676e+00
1.694594110106243612e+00
1.482760247916030671e+00
1.284542660684500071e+00
-2.121001871754354617e+00
-3.312909963662366231e+00
-3.986941738769214538e+00
-2.169823844830511383e+00
1.277687276804636340e+00
-2.947310622926906376e-01
-2.859534731340085845e+00
-5.729882766793394921e-01
-2.228651081005828871e+00
4.139061775192448778e+00
-3.097023263328618103e+00
-2.922512749705978852e+00
-2.642534239855552691e+00
-1.218797383355209707e+00
3.218222422763536983e-01
2.761059700806427486e-01
1.748817325972300551e+00
2.426920029347408025e+00
-6.039131158700872248e-01
8.902936606263551766e-01
3.644731312176521243e-01
2.671154448893656941e+00
-2.156825490333408979e+00
-3.351847950165387502e-01
1.346719900716522034e+00
1.310178181745540016e+00
-1.058225052174504022e+00
1.436403616080660584e+00
3.662361114694837383e+00
-7.443597369955989862e-01
1.419539808717090956e+00
-1.580731114920437275e+00
-2.161918144635748273e+00
4.632711695433577859e-01
9.393233208718410054e-01
2.888443006972226001e+00
-4.001940577385491693e+00
2.358812843283715210e-01
-2.864675070549762559e+00
-1.809524650641709531e+00
-2.900186513692839529e+00
-1.209531723897683264e-02
-5.971173126765263461e-01
-1.525971011490258711e+00
7.337629248417094630e-01
2.950467994843831931e+00
1.104089840937225730e+00
3.620523119461436679e+00
2.594152402013003567e-01
3.577865112069256170e-01
1.500610256771053308e+00
1.339935086964719524e+00
3.067540427885555587e+00
-3.331353792851960982e+00
1.939597571016616229e+00
3.388820342041940492e-01
-4.453956323678660567e-01
-3.490195218995228110e+00
7.976290248490203183e-01
1.223885376894928712e-01
-2.382429774086594065e+00
4.113048330640580730e-01
1.404641270075210002e+00
1.488899345041319933e+00
-1.417110796536038109e+00
7.961422110420084408e-01
-1.315155671724558495e+00
6.609326607333096959e-01
-9.429521856961411430e-01
1.222172406093696928e+00
-6.666824990180399979e-01
-4.083781994495716106e+00
3.639579446566168386e+00
1.187400971779656089e+00
-1.378441551166685208e+00
1.074386561486222469e+00
3.824540377044467476e-01
-2.903159764772920148e+00
-3.664181785132756275e-01
4.943092441875887033e-01
-2.426925109207094255e+00
4.752144687094695286e+00
2.107416724861891133e+00
3.404925492571122092e+00
7.767871836943793795e-01
-3.448704707228191335e+00
1.008104601505107389e+00
-1.837623069855049529e+00
2.728731954197096243e+00
-3.110459355566614903e-01
1.772084903870915440e+00
-1.636784264101568631e+00
4.501808839523045336e+00
-7.081322897022497287e-01
-3.688715304603680689e+00
-6.970836346554563079e-01
3.662891444379269501e+00
7.161520113653523367e-01
-3.133957111150920127e-01
-2.191785346322694394e-01
-3.102954925149743026e+00
-2.162226351945155667e+00
1.684740877506456513e-01
1.303382300982560693e-01
2.621807221503303253e+00
4.866685449247176720e-01
-9.861593981351521876e-01
3.435320572791555449e+00
-1.681188477725329200e+00
3.628922944578416576e-02
-2.153469395927923635e+00
9.054605581365384737e-01
-1.931226679117528100e+00
3.024273997890878363e+00
3.829402308589017423e+00
-1.632836019480287781e+00
-2.070359621577694043e+00
1.430645226971519079e+00
1.633293127748784102e+00
1.725751616239046271e+00
3.497021420738786190e-01
2.328082527710728655e-01
2.068501608809512504e+00
2.028982966073650474e+00
2.455354092215826789e+00
-1.503284700926874606e-01
2.621276685547607954e+00
1.956762455711745119e+00
1.226311876491934072e+00
4.352780988242468396e-01
4.644494348168981546e-01
8.404337168973690098e-01
-3.436478337533811711e+00
-1.973902046789404618e+00
6.025493714427998526e-01
3.694636772185200257e-01
-7.846653791007796030e-01
2.002474005653840372e+00
-6.098816210460853426e-01
1.622650396163541231e+00
-2.822079318400846581e+00
4.884128861034628954e-01
-2.119988086491357837e+00
-1.639405173564534302e+00
1.805985240804446335e+00
-1.412660990322315513e+00
2.045007025868499362e+00
-9.386408099030871810e-01
3.101877583787882031e-03
-3.139365100338050052e+00
-2.454052599629559239e-01
-6.276162704648546864e-01
1.435924887544528517e-01
-1.312818658022325113e+00
-4.533247726193869731e+00
2.665700062810296700e-01
2.985777465133637065e+00
-7.424718795129301441e-01
3.980887609457290921e-01
1.208438829000245462e+00
9.465182482271039532e-02
2.493147554465553029e+00
-3.137485727055405960e+00
2.512267648109536289e+00
-7.530102373689917528e-02
1.885481161764807290e+00
-1.183544217745696514e+00
1.410836272741359920e+00
-3.856176393811785452e+00
1.914917566002740656e+00
1.035036354790692670e+00
1.597858585128487441e+00
-2.656844741214201555e+00
3.593534266243702646e+00
-3.115945644026438366e+00
-1.213586219880423478e+00
-2.045949373040514274e-01
-1.263924227308138803e+00
2.639108418128817135e+00
-4.071583945978147767e-01
-1.886607999377483580e+00
-3.164980783430978661e+00
3.216453288806020439e+00
1.812999292516225935e+00
-2.850738529459533765e+00
-1.194205198574078253e+00
-2.299135304372299959e+00
2.749220268143616863e+00
9.462232109498263100e-01
1.313111254964236529e+00
-1.321473709042513711e+00
6.527277012192715944e-01
2.791772789143571742e-01
9.101738779022685577e-01
2.406727818540939978e+00
-9.016261977347452827e-01
-1.685569621613854707e+00
3.001468046170728599e+00
1.735009061273196096e+00
1.070622076800226807e+00
-1.527462848314740995e+00
-2.895756669070921330e+00
3.766415613866287870e+00
-1.110609856452542399e+00
-1.450457936261835279e+00
-2.551308716743782234e+00
1.820520493115035165e+00
2.028412236157076443e+00
-3.709969115725648692e-01
1.456569940859154144e+00
-1.566795453261474069e+00
1.749646010292604359e+00
-3.651162713398108384e+00
-2.953849745612391331e-02
8.552231185878502728e-01
-2.672411337626868999e+00
3.993876920499388916e+00
2.691978486052335029e+00
-9.531400518171881941e-01
-5.818074753664603804e-01
1.868061850953941061e+00
3.606147251257013409e+00
5.111731903855716297e-01
2.428364585277522636e-01
2.600731378793701865e+00
2.842719401464744777e+00
-1.768746001302758053e+00
1.142551910657809700e-01
-8.300876422893637141e-01
-1.243881390066954307e+00
1.349053922134023864e+00
-1.653174514247000015e+00
1.941514472738479213e-01
2.836624419344763837e+00
8.060649562449073713e-01
3.625391574453802335e+00
-2.780405033596455855e+00
-1.813809716721990206e+00
-9.027783545367160656e-01
-2.976243389220521784e+00
5.914641025360545257e-01
-2.765339436080904711e+00
-2.023520987544569660e+00
-2.063610031645660925e+00
2.878761007770116009e+00
-8.003640039996184896e-02
-1.018434753111741475e+00
-1.219540838248300396e+00
1.268174411810708335e+00
-2.309083557230873218e+00
-6.007348209486060853e-01
-3.221190771351336579e-01
-2.137839531310945507e+00
-2.465843995817795786e+00
1.459148543099759721e+00
6.686508806667781357e-01
9.527607564765494530e-01
1.738634711093985707e+00
8.919535157181179841e-02
3.410146739128638416e+00
1.088225070695740371e+00
1.932226997347114228e+00
1.319857335998666059e+00
-1.981591696530040636e-01
-1.101105752637474566e-01
3.535176690256278675e-01
2.341147984688625172e-01
8.833365226900822265e-01
-6.191917951518624008e-01
-3.166675611553668279e+00
1.939655052173298699e+00
3.677197679264986974e+00
-1.715582036205478556e+00
-9.577773521528829548e-01
6.506819000923211860e-01
1.965040037407743689e+00
-1.942650727346623363e+00
-2.387833144204169145e+00
3.318358084651832129e+00
-2.838355924415099096e-01
3.354960865960483929e+00
8.584420580237237530e-01
-3.463086155258622512e+00
1.546040882548991746e+00
-1.119237755656856681e+00
-5.393812082228235383e-01
-2.923609597835812757e+00
4.783762664541367116e+00
-2.469523676330633855e+00
1.523731748203456249e-01
-1.059429520103902789e-01
1.224985659217237455e+00
2.297930363031987611e+00
4.030604839448750809e+00
-2.652711256130056316e+00
-1.508163196559296537e+00
1.935605371652170170e+00
-3.261209920340222279e+00
2.267693013958362869e-01
3.686712839325180013e+00
1.175520252601257809e+00
-3.503498534961834388e+00
-1.275838029544077656e+00
1.128551841650628162e+00
1.479237783745102952e+00
-1.043454043510231521e+00
7.348205652703398982e-02
2.452963494603466188e-01
-1.142020652159651650e+00
-9.227774196401625773e-01
-4.111979998806722492e+00
-1.673676255436553628e+00
-2.430912055411767803e+00
-7.841317536890404227e-01
-3.983565228249000167e+00
-1.000148835377727252e+00
-2.021434629348652923e+00
2.666350647989418121e+00
-1.177797077949042759e+00
2.774202276619996965e+00
-3.453870549169364423e-01
2.785864182092048225e-01
4.703885717937019706e-01
-9.884668266170510975e-01
7.658959151673627730e-02
2.315763946656833383e+00
-4.120535649289871927e+00
-1.073332558779307444e+00
-2.685603582908405507e+00
-1.698370112073481764e-01
2.214186196747491842e+00
1.717288992297069328e+00
-1.254041069724705970e+00
-2.330396972819634982e-01
-9.921692660921186402e-01
-8.947986605963169637e-01
-1.594504263227418672e+00
4.141259415148077494e+00
2.039456192519299549e+00
-1.091794288393432844e+00
1.778657867777346802e+00
1.845733053845042271e+00
2.978838307707376565e+00
-6.202453485890604412e-01
1.269711736127262292e+00
2.214328346456331253e+00
-1.259767930564879013e+00
-1.074500041796977445e+00
-3.457646704538977378e+00
3.153959267276402301e+00
3.659628833651336066e-01
-6.086699208380172976e-01
9.916016780319516499e-01
-7.180534662935942336e-01
-3.452346528165277206e+00
-2.153998284183554102e+00
-2.586441965807630083e+00
3.486535982493228047e+00
-1.836661354232997923e+00
3.409146441084365264e+00
1.367409381177012939e+00
-1.785060013716262439e+00
1.315776038939361570e+00
1.412008827007672274e+00
-3.593549321768039206e-01
6.462648754767048587e-01
-1.748931222517634332e+00
3.262063338700455617e+00
-2.748208815534591398e+00
-3.243917449054571467e+00
1.630574425849342646e-01
-1.544999446895109596e+00
3.509098776099165207e+00
5.072943737986514989e-01
2.066907000187527821e+00
-1.504291331024761202e+00
-2.656403859852493721e+00
1.178253484502417514e+00
6.680114159071521840e-01
3.940206446534633145e-01
1.639297317883293914e+00
2.530094001024066230e+00
-2.427707625252483403e+00
2.447131431731657258e+00
-1.485642079433715068e+00
-4.208625737289567681e+00
1.789762735883062561e-01
6.966057092205959478e-01
-1.023771225019320941e+00
-5.452759905516249006e-01
-2.964237187413018226e+00
2.201260338423227658e+00
-1.961632320952400033e+00
3.208787999050830564e+00
1.950683104407861634e+00
1.793353818213867967e+00
1.043439336710754617e+00
5.065654991851609168e-01
1.818982489524061386e+00
-3.533884323564035590e+00
3.697197001239651115e+00
1.865757314069362849e+00
-1.479688777374672526e-01
-2.510063373013281307e+00
-3.033416892024014988e+00
1.279177355779966163e+00
3.974220159234430838e+00
2.577107832163521017e+00
-8.338141291265497301e-01
2.446161621415566145e+00
1.957526469095112631e+00
-2.310497460184465890e+00
-2.671309210769776676e+00
3.997266440463329573e-01
-8.250298147455090714e-01
1.434311609443934543e+00
-2.373684784845111917e+00
-3.390348388842703287e+00
4.756314322943460127e-01
1.100564274087290073e-01
-4.281065532962831099e+00
9.956158721219789953e-01
-2.370291035356113962e+00
3.819470055216738658e+00
3.030884899697490198e+00
7.786052614343761391e-01
-3.147510632008704512e+00
-1.269883037468042541e+00
5.074488898870299636e-02
-7.844540274078575237e-01
1.284251337065533960e+00
-5.285725081447854024e-01
-1.854677072008917627e+00
-1.931408269442532522e+00
-1.035530813484331958e+00
-1.810574693307516636e+00
-3.147959166587909863e+00
-1.377049203955089673e+00
2.697795561703548728e+00
1.471494837070521200e+00
1.600438262301240755e+00
1.972066898776219546e+00
1.814600171237160886e+00
-1.866220087456680776e+00
-1.272581971599654693e+00
2.838396733229409108e-01
1.780364759236302774e+00
1.716579566084421415e+00
4.777932993480256130e-01
1.980802581150271635e+00
6.672869476308012082e-01
1.732950447348844847e+00
3.147180202502079638e+00
1.722729243337111527e+00
-3.781057646489649482e+00
2.837829238091548412e+00
-3.181961432748666052e+00
6.618493551561579480e-01
4.872074481675001678e-01
-2.200424158176528699e+00
4.404191327418072177e-01
7.515872092257502857e-02
2.032078954737866816e+00
-1.490420403883407019e+00
3.603861861929198440e+00
-1.889252545687968521e+00
-6.198557741604346916e-01
1.331493262860172777e+00
-1.366855975598753048e-01
1.012107309671026911e+00
-2.353690102415519902e+00
8.155016808435551212e-01
1.427637388049473266e+00
-1.444015939643705337e+00
-2.908431249132253260e+00
-2.140366393497580955e+00
3.099715929118715962e-01
-1.388111264600635497e+00
-2.191642277037564313e-01
-2.549903008992053799e+00
-3.376051729428001025e+00
9.460517529712797469e-01
4.155587895672145038e+00
2.178411901427008246e+00
-2.936572151760541427e+00
-4.074203768455362251e-01
-1.809354267791962734e+00
4.240516634826196452e+00
2.872763891206309594e+00
2.898509889605395351e+00
-2.097337259944284771e+00
4.770577580798729400e-01
-4.900559323253173005e-01
-8.411392810537927645e-01
-4.204243208223501505e+00
2.112175124291582051e-01
-1.655748178218263256e+00
3.591853079875855670e+00
2.189390857261256151e+00
2.059721768519438001e+00
2.538304473920334203e+00
-4.788449267588681835e+00
-2.189000429107032630e+00
-1.566658590390259675e-01
-1.640421778697182198e+00
-3.676050126036469745e+00
-3.180723349948697543e+00
1.867289557650391174e-01
2.126856809493418154e+00
-3.004277523819858686e+00
-2.987782011726314302e+00
-2.463471248193960239e+00
1.121395682510763159e+00
3.813949473293515524e+00
-2.486166292223652707e+00
6.958510310925225539e-01
3.034172486998530260e+00
1.633140164253709337e+00
2.604055956395957772e+00
-2.178840373089443005e+00
2.854465745829621426e+00
8.097804805252355465e-01
-1.919509977909056531e+00
-1.067269845063584022e+00
-8.065603647236718743e-01
3.610555537541356941e+00
2.309493158333836504e+00
-9.129207394439511347e-01
2.848249537840180423e+00
5.490000605807026091e-01
-1.110383665928823760e+00
-2.255746521173325192e-01
-4.627998770853153587e+00
-2.062221213519406238e+00
8.923999480148303576e-02
6.666071135969575678e-01
-2.257324837597177059e+00
-3.046732259359504980e+00
1.822620816655501130e+00
-9.098089434559462063e-01
6.585923420675783291e-01
8.232826084952655776e-01
2.795529061313275498e+00
-1.036636018966985429e+00
-2.119609613325797781e+00
-3.488692510653068624e+00
-5.612291515312666235e-01
-2.387201937821390452e+00
-3.574360429830797159e+00
5.017689378504073261e-01
5.330824776706464263e-01
-1.602644421265804642e+00
-1.158833249214363370e+00
-7.636849193713581840e-01
-5.951278493589917673e-02
-3.392165579229504679e+00
-3.079959870252130916e+00
7.553122120761202041e-01
2.766831820169484146e+00
-2.236607771386915910e+00
3.420367137090691401e+00
2.131526721714735118e+00
-2.959298661473947600e+00
4.255933504009593804e+00
2.335880855095475717e+00
-8.052518772361185739e-01
-3.390852122412804093e+00
3.643048388467668985e-01
-3.585377950485881371e+00
1.332375807983027016e+00
-1.439786744728774881e+00
1.368851045146302070e-01
-9.157809267261685093e-01
1.539094929779869503e+00
4.286724513164219985e+00
8.271064067083067073e-02
2.959256522888960461e+00
-4.479639637491104054e-01
1.150575495086125777e+00
-1.928606490258042871e+00
3.188681797664212780e+00
-2.051249980791096661e+00
3.731297355307185981e-01
-3.107917439014020733e+00
-1.674330087607726725e+00
-1.404544380954089178e+00
4.101641442170596008e-01
3.470284180342043001e+00
4.089302367345872824e-01
1.645219904645798259e+00
1.025307468536048816e+00
-1.391509391439234911e+00
1.650294155089708781e+00
3.627605203012810975e+00
1.041656652483927914e+00
3.545251567292170947e+00
8.068295131769964712e-02
3.919744529450195358e-01
4.924344914153389041e-01
-7.418429345727304280e-01
1.076348892078300423e+00
-2.503709927791217371e+00
-7.590133528366749260e-01
-8.745949508306916087e-01
-5.858331560461280674e-01
6.151242915231547315e-01
6.243407421131834667e-01
-8.845535885978978996e-01
-7.103447994708655955e-01
-3.819432164414759967e-01
1.208544881891312706e+00
1.212682715230542385e+00
-2.130433616971737720e+00
7.256583995047556357e-01
3.149626379783558860e+00
2.022614451601034702e+00
-1.829676604362867387e+00
9.844900161417289297e-01
-4.024710810382883253e-01
-6.409906995948961850e-01
-3.815104286054289418e-01
1.608029782551817277e+00
-7.259040857919982770e-01
-4.124687452925893894e+00
1.043885853765999627e+00
-3.185403379521681622e+00
-3.000077243810311156e+00
8.459604558556668152e-01
-1.453644305371375456e+00
2.712385845878766411e+00
-2.227655857425115293e+00
-3.222778221910701291e+00
1.649992033028778948e+00
-3.043999043144054450e+00
-1.694937151911501960e+00
3.914071358785033539e+00
-1.443395912763720368e+00
1.310193651713092322e+00
9.479798171726772082e-01
9.773259654739980817e-01
-1.220345039173140300e+00
1.820673789459537950e+00
3.249011775912606481e+00
-3.381159185295334879e-02
-6.236731676474001063e-01
1.245464013610995124e+00
1.525224361476241519e+00
8.166462662729312427e-01
-5.341533277869920937e-01
8.921481829168431688e-01
-1.360163294570730486e+00
-3.349737554340697088e-01
-1.468794910551119770e+00
1.575063207386929953e+00
-8.983223337760470883e-02
-1.022119217382856604e+00
-1.523827122933440581e+00
3.532180823335991704e+00
-2.602592294925857974e+00
1.419302881956404860e+00
-9.671115846515832004e-01
2.404642762039248538e-01
7.105458273889455612e-01
1.934570691965156186e+00
2.120437613881933636e+00
2.064127268440776319e-01
-1.451779551147217795e+00
-3.574889579741543422e+00
2.468015712805160078e+00
1.124241402059576345e+00
1.792103692118685032e+00
-7.673699493230943247e-01
2.748424123345627024e+00
-3.303088368782258311e+00
2.384609362151385525e+00
-2.278910608179548269e+00
-1.939560782230084435e+00
1.435669032580553228e+00
1.805270523615261524e+00
1.790535940753952282e+00
3.548828715587127647e+00
-3.214630360798718112e+00
-1.917268605219723643e+00
1.516201718095242512e-01
-2.720918595383539085e-01
2.878829791874677468e+00
5.244094045871658949e-01
-9.437991365139488664e-01
-2.114415083388156091e+00
2.467860759203164278e-01
-3.717131892229685430e+00
9.490371101593089165e-01
9.495019505120403380e-01
-4.030946613969907943e-01
2.291308238696529997e+00
-2.542901060173887728e-01
2.991373012147371391e+00
1.078605148670918723e+00
2.389252538487313338e+00
2.489990209159485879e+00
-8.866662382709691315e-01
-3.931403696358975353e+00
9.798834893401418000e-01
-6.892823487489208034e-01
-1.227169409226517516e+00
-3.472496786509470912e+00
-1.098173631864309829e+00
-2.476483321225248613e+00
-2.723161646128424707e-02
-1.229982977464755045e+00
-4.118390348425493563e+00
-1.459524986560816195e+00
-3.341791087392014248e-01
1.731467463232842618e+00
-2.152166138221099700e+00
4.453235365803109858e-02
-2.477095178340507076e-01
4.713068775198738791e-01
2.199136725770620693e+00
-5.135176611539948865e-01
1.373550013503797018e+00
3.276488553298944950e+00
-2.429198304104975392e+00
7.440404275145056090e-01
1.892437690485108348e+00
3.553738745742030858e+00
-1.570047660897847308e+00
5.879302219950837127e-01
-1.402202679994091650e+00
-1.326094451644024286e+00
-3.865518899693380916e-01
2.849181326852018969e+00
-3.202271037407300902e+00
-1.187208819367449042e+00
-2.991722673041881997e+00
1.310118307790782310e+00
7.670994869794647286e-01
1.660538859493171593e+00
-9.583852750794310538e-01
2.871838918895601722e-01
-1.096530318487098921e+00
3.725488322126958352e+00
-3.705912203881408296e+00
4.618632550895807043e-01
1.813448506732770582e+00
9.164240458884904683e-01
3.631478816947542043e-02
-1.591024000095671465e+00
-1.216777574511596960e+00
4.495935418796218386e+00
-1.189653275360606166e+00
1.195193706091576047e+00
-1.959732888676589013e+00
1.013456149443921817e+00
-2.068464505764864292e+00
1.207163122139416345e-01
1.219927234325695053e-01
-3.474725034360602649e+00
-1.309255993434661480e+00
6.389886238589070899e-02
-1.925899419749317332e-01
-8.726263153421696117e-01
-2.252180096654929464e+00
3.580278719315280966e+00
1.084192261951713476e+00
-2.788978223883619378e+00
4.065134898421511878e-01
5.600263126948430426e-01
-2.787914747340758392e+00
3.611220674167729072e+00
1.722658108940572141e+00
-4.565178321155087815e-01
2.378068333846458771e+00
-7.304830911508917168e-01
-1.738304730712209256e+00
7.125105240436386822e-01
9.225720537815007560e-03
-1.379775074789598932e+00
1.870151377455434805e+00
-2.486943559973669338e+00
1.668370590300525258e+00
2.559186439709338678e+00
-1.424355432784128794e+00
-4.215090543158279246e+00
-3.734462652956924700e+00
1.162568597021485850e+00
2.607414372575640016e+00
-3.883574717100781726e-01
9.272680442195335715e-01
-3.067322809174015674e-01
3.753681268523216374e+00
-3.334745851512285864e+00
-1.696793707872173318e+00
-2.034381250614848646e+00
-6.770928044059063566e-01
-2.552007456897389392e+00
-2.494545531922832460e+00
4.286741891316845354e-01
-3.776358448078029895e+00
2.512466372323811648e+00
-3.684618391662550785e+00
-2.511108273744060870e+00
3.093554995878555758e+00
7.320876787665264729e-01
3.651644582069994982e-01
-8.328138858751801266e-01
1.037404210004257976e+00
1.050456753469411808e+00
-2.199465774557061160e+00
3.152139682784124375e+00
3.408513209715703596e+00
-8.350011163597228503e-01
-3.852384821593924258e+00
2.077098721427006467e+00
1.431920089912908090e+00
-2.543197209756877353e+00
-3.082818474635977246e+00
1.429931400366748484e+00
2.202118974803535245e+00
-1.109385023796138903e+00
2.914443122808685338e+00
-3.089657369784506447e+00
-1.101082998408742242e-02
-1.739828303583229818e+00
4.252574508661027153e+00
-3.320815858201779935e+00
2.414330494133656302e+00
3.172238653510216722e+00
-1.407269570875970377e+00
-1.511107628287240878e+00
1.105764103120094433e+00
3.402990191700601130e+00
-1.419067209714395261e-01
-4.173694525329702643e+00
-2.030354515015799777e-01
-4.783578778836473866e+00
-2.006174517039935878e+00
-2.418378072431509374e+00
-3.130932068032725279e+00
4.124610673222004920e+00
-3.039004258628832389e-01
1.584006221908236256e+00
1.530399846962020582e+00
-2.384905251493190548e+00
4.298116762958720471e+00
3.694759098306711564e+00
1.102103552846114276e+00
1.994997461546475392e+00
2.606148816705981197e+00
3.463199457889659882e+00
1.284834389398525900e+00
-3.038280276975591221e-01
1.882931234019620703e+00
-1.991406895816222544e+00
-1.579926529903654231e+00
-3.672008737595154226e+00
-1.175325069070469741e+00
-2.194097251356721401e-01
1.325161920235451873e+00
-8.971946983357792504e-01
-1.008334443742785247e+00
8.557133096635425318e-01
2.181466388064561279e+00
1.851893067686193106e+00
-1.400795621751406816e+00
-1.008411023097506298e+00
4.263400079757760253e+00
1.137029756011962434e+00
1.775201953214797790e+00
3.125173391430013936e+00
-3.425984070628509404e+00
1.574949797731878931e+00
1.560150053252336022e-01
2.703827681078710299e+00
2.620877793245130150e+00
3.906177881680296338e+00
-5.187607337496533688e-01
2.698219282741014524e+00
-1.732487795010003051e+00
3.048129105553627483e-01
1.907377031127808209e-01
-1.250098449989384797e+00
2.846185701761698716e+00
-1.877473679185763800e-01
1.854310631113536445e+00
8.830042673424820521e-02
1.055499180619672295e+00
-4.062436787641345859e-01
-4.114264118057663566e+00
-2.628880805532672227e+00
2.037520170714346435e+00
3.377193248850836937e+00
1.388437677557929462e+00
2.766618477135713405e+00
-3.120156004266778638e+00
-9.978629920466826064e-01
2.324190344109472228e+00
-8.256457687771394660e-01
1.246151309154716280e+00
-5.849812771607609818e-01
-2.012548959349721223e+00
-6.535835861691001725e-01
-5.868884012056865274e-01
8.044675291992238186e-01
1.558875036813638815e+00
-2.004579208474877916e+00
-4.254710579204603604e-01
-2.170635699788971973e+00
-1.663566961615323692e+00
-2.667356247343887432e+00
-2.120731473365856878e+00
2.384952619732216839e+00
-1.397700052546869465e+00
1.409111624817978026e+00
1.922351555437609605e+00
-3.285610364449059517e+00
-2.244170919773075035e+00
-4.252721944366317786e-01
5.484902746264754825e-01
1.200548986298032972e+00
-1.457276038271629215e+00
-1.196923018769409097e+00
3.023997223844517634e+00
-2.312158718442556271e+00
-1.993287891579553772e-01
-1.774855768624590269e+00
-2.762869642730358066e+00
5.174725973034615123e-01
3.580587859731121370e-02
-4.306795813104677961e+00
1.999711386205305530e+00
1.707994895981578054e+00
3.968024164226871875e+00
1.262161683425944148e+00
-2.349979950025200548e+00
2.113004953556380627e+00
-3.952946096963874112e-01
-3.206120186179952647e+00
4.884811968052247266e-01
9.320764537596755162e-01
-3.972475604655389958e-02
-7.750871317922936043e-01
-3.494609513101290421e+00
1.661600458237709077e+00
3.241018943177458311e+00
1.434534246494314047e+00
2.284843766050700609e+00
1.140819631061589234e-01
1.632945458278816098e+00
9.289041814203402581e-01
-3.596920351224591528e+00
1.458339950048320510e+00
-2.406313940810707042e+00
-1.687655877582884933e+00
-2.438349339695148110e+00
-1.612851162485622325e+00
3.104287918073408648e+00
2.509994900360497994e+00
3.470416705411178526e+00
-1.562244341203920861e+00
-3.255425345951820759e+00
6.885244473763449946e-01
4.175610980512994175e+00
1.031539827463462622e+00
-4.314909727883744495e+00
2.289610842484988140e+00
-3.992086295497395909e+00
4.180910189235067520e-01
-2.300883924493244415e+00
2.260661977359363028e+00
1.591518257017405347e+00
-4.149274245968274322e+00
-2.764051447239280090e+00
9.482564697539768162e-01
-2.251818213219420439e+00
2.153660599421960420e+00
7.835252120351610117e-01
1.402900721381295845e+00
-2.116494030185391395e+00
-1.536251926398542800e+00
-1.744342043997480385e+00
2.887855705092032821e-01
-6.235499009115486047e-01
-1.838833173677634658e+00
-2.175049815578163681e+00
2.120187321893637566e+00
-3.996135560136854004e+00
4.041609461863444608e-01
-3.178781089413890371e+00
1.268893678359209076e+00
-4.855479665320432403e-01
4.163731758770987668e+00
3.783670828766519278e+00
-2.649365994094941001e+00
-1.611915077887156933e+00
-2.941626800337075132e+00
1.338586069643463716e-01
1.639123299553613577e+00
9.068220578274797106e-01
1.663923189318188278e+00
4.392636896136927760e-01
6.718706542025989492e-01
1.910634393004286835e+00
1.153145750244959800e+00
2.843431986805469158e+00
-2.458905173243175479e+00
-3.222841098412851935e+00
-1.136714267436304659e+00
-5.932469545219802853e-01
1.325358630260398130e+00
2.042461257471613223e+00
-1.662578287850005054e+00
-4.365292332849266543e-01
2.817528173813295567e+00
-2.507434485478498232e+00
-2.557591554437799175e-01
-4.951661471583488350e-01
4.048478168148406553e+00
-6.063941435801920576e-01
-2.106427343763627835e+00
6.890962415402519525e-01
1.681303233808939979e+00
-9.819213003304652077e-01
-2.785279641300818732e+00
7.372490389994466042e-01
2.545921624282430074e+00
1.202237616531003361e+00
-5.186590170234968156e-01
-7.306702187720448549e-01
-2.019380118390833090e+00
-8.437889724944591663e-01
-1.980044436156045862e+00
-2.770005504996376544e+00
-4.061426994151570824e+00
3.908763614352883664e-01
-1.048890785998440212e+00
1.873397842843457894e+00
-3.262207656665603750e+00
2.718654906206875665e+00
-1.424960429921471317e-01
2.309422982083233933e+00
2.945294820784614132e+00
8.459720215512058772e-01
2.180513770365200443e+00
2.937697944377220871e+00
-2.860294099918358590e+00
2.242709198652489633e+00
-1.395304675421216167e+00
1.974200501365707794e+00
-1.980718257897668089e+00
2.986513619718724755e+00
1.691289782003204678e+00
-2.904691255147691997e+00
5.629744477186005014e-02
-1.562013101092095013e+00
-5.872803446488390477e-01
-3.462904412803242238e+00
-3.093219619058554137e+00
-9.794360500164627226e-01
1.081367416249112701e+00
2.626115158927934345e+00
1.897715121256351445e+00
-1.576359352450158013e+00
-1.871028832269151287e+00
-5.357757101412330414e-01
-1.040486959371872189e+00
3.553386507980427211e-03
3.174964534233344793e+00
-1.479488908395740765e+00
-2.187013365115024310e+00
2.511731776483811629e+00
1.837007966347659504e+00
-2.854765506455323454e+00
-2.563454218291927766e+00
-7.866533371827717502e-01
1.542666797011186475e+00
-7.844235183246697218e-01
1.541661398615535639e+00
3.765947589029169151e+00
4.792446011345985468e-01
7.311314162179938236e-01
1.473683175771450138e+00
2.534588124544754351e-01
2.440155622890019416e+00
-4.797543612922393841e+00
2.720321975072509169e+00
9.987511311700014716e-01
-3.301866756297711980e+00
-3.097631519554658208e+00
-3.599110845639330591e-02
-2.993627638827320858e+00
-1.899295551837585361e+00
1.315343186232857065e+00
9.146380877870088355e-01
-1.414824898102771122e+00
4.545617309882702628e+00
2.070593136801371692e+00
4.477458749357772660e+00
3.942804317867405928e+00
3.401506994452487831e+00
2.200633485238157050e-02
-1.557784300042772685e+00
-3.067992201289422294e+00
1.848588547365067392e+00
-2.447514220214849878e+00
-1.116818014021294658e+00
1.360737379144827841e+00
5.629802029899462212e-01
-6.827962551875419450e-01
-1.758258450315457466e-01
-2.025308937400894127e+00
-1.167641977049787005e+00
-3.762001719802878785e+00
-2.026072170217855017e+00
2.322195303842951475e+00
-1.865654018750670939e+00
2.139914430546321356e-01
2.662881024439420763e+00
7.210384285933288950e-01
1.945697087315876317e-01
-5.150426423408838161e-02
-4.659958882414455772e+00
1.780027060770636993e+00
-1.804604839522715665e+00
-1.990689082300089119e+00
4.548283667741504388e+00
1.122742245066490341e+00
3.044941821276211158e+00
-1.895133216386470920e+00
-2.278050290149483015e+00
2.171158723616858133e+00
-7.204998093841226137e-01
2.310026270067964127e+00
-9.608889203952779567e-01
-5.845338196458920166e-01
-1.766183073886316457e+00
-8.792209836132007794e-01
-1.538734697988235922e+00
-2.412268684462354429e+00
2.766330671464434232e-01
3.454785269754925281e+00
4.120734910728938161e+00
4.118432492535028189e+00
6.036703859444649822e-01
4.798843019012947408e+00
-4.080551564928640573e-01
1.426125602031229178e+00
-7.586494248451485234e-01
-1.088533067152482658e+00
-1.256345436995014442e+00
5.459339803582672346e-01
-4.491519589680028623e+00
5.344627634525789261e-01
8.039693788794721740e-02
1.916707982154257195e+00
-1.918351434928551313e+00
6.705664138369229477e-01
2.099865601138091620e+00
2.752304603978998898e+00
-1.296447271756229647e+00
7.094147989397248111e-01
2.740860295333132690e+00
-1.339206796757194340e+00
-3.651228841461357177e+00
1.625322570009537060e+00
-2.969395396927115183e+00
-5.319004584375157663e-01
1.144678450028679961e+00
2.125953757024349855e+00
1.693863158947604752e+00
-1.467637495894976496e+00
-4.205630707429959259e-01
-5.249468715565086541e-02
-7.748333569688625744e-02
3.630133097509624207e+00
-1.731894029033620441e-01
4.576767856525210121e-01
1.377021909859246662e+00
-8.790480676501433166e-01
1.158743852864398072e+00
-2.555741641525376195e+00
-5.741735574787991681e-01
-2.736329498648516712e+00
-4.168548711239941085e-01
-5.905614340746820901e-01
-4.420493872440802718e-01
2.012262827002480492e+00
4.421624056540270686e+00
2.744864382677736359e-02
4.210492030376133954e-01
2.966140926807797840e+00
-1.683208330244261308e+00
8.664692981609185551e-01
-4.960632217593410331e-01
-6.061393374572787707e-03
6.675359644121918734e-01
-2.851779122174556313e+00
9.615116685480442626e-01
-1.308603373846901619e-01
-3.634547044873079447e+00
8.671096724545046541e-01
2.788609163852784789e+00
-3.931024118924303146e+00
-3.165397810919758914e+00
4.658939984475587437e-01
-2.812616501882931885e+00
-1.642886219448378426e-01
-1.121989818521100801e+00
2.842447053492868747e+00
3.684536807891301891e+00
-1.577045833315893208e+00
5.518456450007036551e-03
4.562760874217419271e+00
1.023493523339080724e-02
-1.882580844362681027e+00
-3.613007954906746200e+00
1.280931599122738795e+00
2.534414527597752098e+00
2.414733806179176767e+00
3.930572210145832912e-01
-4.132345564910266944e-02
3.406362261999067442e-01
2.097557291566541693e+00
3.042679175976829242e+00
-6.668307890162186169e-01
1.162099877278430782e+00
3.340327595554748896e+00
-2.164389480461490489e+00
1.290003665291381552e+00
2.901389806643646097e+00
-3.082334954300285368e+00
-3.294078277942029676e+00
-2.313748881829376103e-01
3.777567389094869554e+00
-2.054789135466606353e+00
-3.428787835240632020e+00
-1.933247599696183983e-01
1.517742206810879679e+00
3.889318527326635078e-01
1.856010809694852881e+00
-1.397322262889291622e+00
-1.912124086241778542e+00
9.216300325887125666e-01
3.502059898292522178e-01
-2.752156857527388922e+00
4.202427572250863719e+00
3.298355057344700469e+00
9.039265488211967181e-02
-2.681780893109494635e+00
2.815666940092379278e+00
-2.562585108610626605e-03
8.829341380770214798e-01
-4.965783731915145438e-01
1.079239059631211362e+00
3.709780043251168280e+00
-4.932023157855667250e-01
-2.696185544591518379e+00
-4.222234283918047559e+00
1.427719383794602059e+00
8.739056631702313283e-01
-1.086027099982755928e+00
3.336918059316515084e+00
-2.903013292874820905e+00
-3.293279432944377749e+00
-2.503572085401994940e-02
-7.166172654907354556e-01
-1.184463638242456263e+00
-5.699062624333564031e-01
2.500119496401151054e+00
-3.422000373051581334e-02
-2.364738427916996955e+00
7.087077415296327842e-02
-3.359973562748836517e+00
-2.274716722812886172e+00
-6.782647963346608577e-01
1.858980476738470777e+00
-2.519889387202554065e+00
1.572123609773909969e+00
-2.143663203191077393e+00
9.282423507156600806e-02
-1.737348934167960657e+00
1.609189897713786621e+00
-4.340077441342504727e-02
6.144900305193363721e-01
-1.648244485229930500e+00
-1.003709702283251737e+00
2.126820300012239429e+00
1.586780392365612080e+00
2.558397850223624204e+00
-1.059259046050512687e+00
-6.836530538689489234e-01
-2.864169301270535595e+00
-4.065996035632136518e+00
1.563094530688054817e+00
-2.272966019872852073e+00
-1.683574466169550643e+00
9.638361127849588428e-01
-3.375248233808869625e+00
2.080337841008859101e-01
-3.367240237002903758e+00
9.889605033913095866e-02
-9.054149579185022390e-01
2.423039202158632222e+00
-2.718026326964171346e-01
-1.586086949715038052e+00
1.717815962031217225e-01
1.706113557749027621e+00
2.821664164165129662e+00
2.584247541769161494e+00
-1.635220739431221926e+00
-3.102651652739234489e+00
7.453134577703384167e-01
2.698105540504720068e+00
1.330487367404955990e+00
-1.200427856483342381e+00
-2.546015472434141280e+00
-5.581764326167473200e-01
2.513527808950536624e+00
1.393375314573816581e+00
-2.218099797796555972e+00
-4.256925546129357585e+00
3.036533905679867473e+00
-1.679501685733236105e+00
-3.654677060388118459e+00
3.709813316777818670e+00
-2.335306480688505992e+00
-3.828103116932666694e+00
-1.064966771848036231e+00
-9.701010528221942764e-02
3.088987385650108664e+00
2.686151436805937820e+00
-2.139661476795114758e+00
-3.448252547939953061e+00
-9.772738454482103876e-01
4.088129237969662100e-01
2.530427132553546343e+00
-3.375761312421528437e+00
6.233170037034660993e-01
1.236525616199866562e+00
-3.333867791381907697e+00
-3.924991100992891724e+00
-9.358222621760603488e-02
-1.705067384173096556e+00
3.795306924143858396e+00
3.602225784380861384e-01
6.982769749544859295e-01
2.345008275892091376e+00
-2.893976957324753574e+00
-1.023236207494674588e+00
-5.442243326280689075e-01
1.827822234527481271e+00
1.635468862207515528e+00
2.807389204766879587e+00
-8.019236283774482388e-01
4.986316064584785934e-01
3.587963978014222732e+00
-5.759466590447015477e-01
3.138122987592772972e-01
8.533545084916447365e-01
-2.678803305852368588e+00
1.914576266250848313e+00
-3.384496633530791332e+00
2.386752349199436907e-01
3.750159668851180683e-01
9.467873664919270738e-01
-3.475086593600624774e+00
2.328164073593635308e+00
-1.206482592935792297e+00
-3.211163711715267155e+00
9.487544821456372901e-01
1.747269194577168783e+00
2.450215084664174370e+00
3.225673972882328044e+00
6.761772132367029897e-01
-8.534995041949073880e-01
1.382574715876515370e+00
-1.447352692516061357e+00
1.288734414961396624e+00
-2.290561494696639055e+00
2.569014243077106130e+00
3.668596162031034780e-01
-1.591172920736555696e+00
-1.846914416103522694e+00
2.433669160018869349e+00
1.657800381352871888e+00
3.233575964395454250e+00
1.396869725385734284e-01
-1.529405973673348740e+00
-1.061630983931846295e+00
-2.589688671377203821e+00
2.991714548610755031e+00
1.142308611596636325e-01
-2.712415702109727267e+00
3.874205293740274669e+00
5.068174319597753552e-01
7.621119826632885008e-01
1.815732021673451158e+00
3.841756541294305549e-01
5.390311999253247777e-01
-1.698442162201731165e+00
2.105067151701966566e+00
2.087210836878118592e+00
-2.667044211925386765e+00
6.393482210114607156e-01
-8.579847543498990703e-01
-1.090631490876194931e-01
-3.021335635438116007e+00
1.742306090161207521e-01
6.730248713052864318e-01
1.474452496619842456e+00
-1.762989159335407230e+00
-1.539961886502138277e+00
3.521648972739745531e+00
-1.641549720011069802e+00
3.124417068679433029e+00
-2.411074297083926066e+00
2.374967290049463386e+00
1.940585348776400210e+00
3.749284731667412274e+00
-2.319285478478831930e+00
1.390207406326380735e+00
4.317744399746700878e+00
2.275156472680825992e+00
-1.905760311575961818e+00
2.323139246844384331e+00
1.881363494451208318e+00
3.986047800545309272e-01
