-5.088015166948624790e-13
-2.552978941384009866e-05
-2.546776307571650597e-38
-3.568800294232729555e-30
-6.567574854778852565e-15
-2.417131409276382630e-03
-2.109562286556253356e-05
-1.155431129067472997e-49
-3.559945410902910976e-23
-3.611406954304383935e-19
-1.410831751922599358e-50
-7.690899375558960466e-09
-9.221414353863672181e-27
-2.793422550084673037e-19
-5.502188901481381754e-27
-8.893162435029490666e-15
-2.551547214060687762e-33
-5.163916738867250437e-10
-1.834951654128854649e-28
-5.811769805990732605e-08
-5.696884474149111266e-13
-7.266386217526846214e-02
-3.482070106961986277e-32
-3.032599036086782914e-28
-3.200011047170586270e-17
-5.117723659191193036e-11
-1.914918833933962924e-23
-8.646587223616888434e-48
-2.855469970779296065e-19
-3.471548517825131530e-19
-9.256841337981070291e-24
-6.141898269548339722e-74
-9.847554332303180002e-01
-2.484871255253698268e-07
-5.939188385775496421e-18
-1.237202189856903135e-28
-8.815277309517522610e-19
-5.293697695809663571e-44
-4.353082901645368889e-05
-1.569784547920529238e-10
-2.677514792944798035e-63
-3.368133920825624508e-12
-4.031577055820545860e-09
-5.184917626900518065e-11
-9.054140042611519985e-53
-4.809243948119032153e-12
-2.867746181727692215e-27
-8.311723505427991214e-15
-1.279127853757335502e-103
-9.241398338914021883e-15
-5.148971713452690171e-16
-9.577737986546072642e-30
-2.714216691661445963e-20
-4.943618005207891119e-12
-5.506662476614397524e-80
-1.842485790663606161e-39
-1.845558503108994572e-132
-1.463228426856155785e-33
-6.814262569850359611e-57
-5.194763545993052537e-11
-1.056411850730735839e-02
-7.763054808591795765e-157
-2.731612943893198089e-17
-2.174285955507455456e-42
-1.372961414164731136e-22
-3.796405377364621041e-81
-7.807415720307228335e-15
-4.027388768954503271e-21
-1.235861004917247122e-26
-6.654866338730904429e-14
-1.364381209293158453e-30
-7.236093706105326392e-15
-7.166458251148254351e-35
-2.391966622983784983e-21
-1.239861112550751884e-48
-4.960335445607429879e-24
-2.083269827815238329e-46
-1.044294708306791075e-70
-1.032195730425045038e-07
-2.924344045297543508e-29
-7.027100416900310195e-24
-3.426203123000460402e-51
-2.540558660779364019e-43
-1.729596960023217716e-06
-2.022048525604685143e-27
-1.249893193873502994e-04
-4.736757312348492954e-23
-1.706414003266928589e-22
-5.950952502032093284e-11
-1.443149641587399695e-02
-2.336918208473261874e-07
-3.405948119745338830e-44
-3.011237053516412909e-01
-1.141348102594965841e-12
-1.144809933398142848e-07
-1.036135574256771413e-01
-7.041670667748977887e-16
-2.744679463618714467e-26
-9.137190702198419686e-07
-4.599093104657178282e-46
