4.358891710194786051e-01
8.132884901293752078e-01
-1.674878362593019698e+00
8.123267686163382351e-01
-1.874158244121911565e+00
1.359514456433652541e-01
-2.557488534534384517e+00
2.135737434328774498e+00
-1.143898719220782567e+00
2.503554961950925417e+00
-2.794671572817720495e+00
2.576549262088936310e+00
2.118219738053842782e+00
-2.195523975518195670e+00
2.635645032162758916e+00
-3.354640874593783906e-02
-1.904984698410605581e+00
-5.463345786123463554e-01
8.186403605635437231e-01
-3.968164915145138139e-01
1.585104714757030742e+00
2.841099058037828584e+00
-2.082416451906853538e+00
3.416947120668369919e-01
-2.669733381499260538e+00
3.147898187476952714e+00
3.977887185478019560e+00
-2.184539232860772451e+00
1.128106237439906678e+00
-1.293140769132806511e+00
4.231181070741865113e+00
-2.428836944382771534e+00
1.649149138381373447e+00
-2.569305056331201431e+00
2.754127860098920522e-01
-5.041953814307902348e-01
1.978353103153369652e+00
2.933457677567292698e+00
-2.330350961933536524e+00
3.260369466036161512e-01
-1.786745283015962471e+00
-1.471359636202456134e+00
-2.302928365385892739e+00
4.643512337020307967e-01
-9.693530180032050581e-01
-2.006040832127620632e+00
-5.007153571027203043e-01
-3.814436907101158347e+00
2.922283415378677418e+00
-5.910025900166901991e-01
-2.954025855413504598e+00
3.068130259874365606e+00
-1.549895832146981345e+00
2.669164225549536695e+00
1.858774896418067257e+00
-4.276227555747105669e+00
-1.699454426308348864e+00
1.306104443854898989e+00
6.248690017079283621e-03
-3.628864188456031314e+00
-1.499190368555841424e+00
-1.280070036740443840e-02
-8.045897068605611935e-01
-2.974994373268024184e+00
1.316659624243083471e+00
-2.732771979193117318e+00
-2.500230119992996602e+00
-1.666684427111552402e+00
-4.435689147843220326e-01
-2.153293076788367344e+00
2.809630445467865556e+00
-2.173312942849335183e+00
-1.343789979082900654e+00
2.345229851468566551e+00
-1.741506284126788540e+00
1.167724069845730739e+00
-8.292610960971904532e-01
1.736079845828642831e+00
1.724500575586166207e+00
-1.759222201336080982e+00
2.160091324888560038e-01
-8.469116027114491629e-01
-3.521145520775483817e-01
1.581406673944368180e+00
-6.524880737206188996e-01
4.207243202852168906e-01
-9.763386139083962689e-02
-4.450115664754514810e-01
4.210781419678886195e-01
8.862204054837068412e-01
3.689906593506531607e+00
-1.749121310689560005e+00
-1.543724358969846389e+00
-2.248023077498544353e-01
-2.485411217935880934e+00
-1.005485238708492268e+00
-3.181927778778272486e+00
1.367482366787232451e+00
1.865128456280946700e+00
-1.503145605416630559e+00
2.424316655900121020e+00
6.384975613443391040e-01
-7.980715438384287097e-01
-1.331480164722577797e+00
1.969665736023468838e+00
2.365244182517987070e-01
-1.622434989520503024e+00
-1.684782832082245552e+00
-1.357806658930062582e+00
-6.200692150479873987e-01
3.297951665197626170e+00
-2.785029319083403010e+00
-3.049940307127246619e+00
3.281719168744690052e-01
1.529075100486775085e+00
2.895114431922893417e+00
6.820827172332455390e-01
1.677663927172233116e+00
-3.640445727201699455e+00
-2.357084963837370761e+00
8.359885942155020899e-01
5.177071245295206126e-01
-1.679590732686046195e+00
1.625300782496166718e+00
2.686341702012313704e+00
-2.847605499024790987e+00
6.137530343079031780e-01
8.710516578391205300e-01
-2.652491167954378337e+00
-2.219509437580882150e+00
-1.961792456275853080e+00
-6.014871330605915389e-01
-1.005783008456273553e+00
-2.157392125481915723e+00
2.833228850364443829e+00
-1.674399924312407251e+00
1.082893887192182270e+00
1.618605612847950681e+00
7.985698015061917232e-01
3.108946361099693689e+00
1.384145157184175190e+00
8.930582265825028898e-01
6.516322538704795164e-01
-3.409857862831488617e+00
2.020610640679970871e+00
2.028909527390352352e+00
6.062875079957930069e-01
2.073084429710535304e+00
-1.373927136560091800e+00
-2.158378433997462764e+00
-1.249074366684361781e+00
8.111048417513337938e-01
1.927692576233789090e+00
-5.565105536421857124e-01
-8.191179703337816420e-01
-5.965127806846277636e-01
1.584220128582536802e+00
-1.588277743172104461e+00
3.231179505185304279e+00
3.190673064113820345e-01
-9.772695638828228226e-01
-1.677463729830774852e+00
-1.864333363241241326e+00
-8.359542220999589546e-01
-2.777953707618387114e+00
7.681743862026682024e-01
-6.912497911344246404e-01
1.241130395392994856e+00
2.780834886734506739e+00
-3.011198723216818252e+00
1.733740300654291744e+00
-9.388713206555880930e-01
5.812873927430839416e-01
-2.745713889769567650e+00
1.462075326872510850e+00
-2.745763058839511661e+00
2.619785124655384934e+00
3.284402433466556914e+00
1.517359186157174022e+00
-1.501841003570252298e-01
-1.070466067146985001e+00
1.407297135978909708e+00
3.006912131092335017e+00
-2.420729605216695557e+00
4.067087474249833079e+00
-1.941921766659119086e+00
-1.134552993155477640e+00
-2.790066917979086458e+00
-1.321887157036477412e+00
2.006528247136326826e+00
-5.601759549251186243e-01
9.435158593842194463e-01
-1.246789287174703720e+00
3.273507256820801459e+00
-1.452477700266454619e-01
7.828895453021011974e-02
-3.152070753318865659e+00
-1.710602805036750773e+00
-5.869278572686198459e-02
-1.057579732646797055e+00
-2.093385302452250851e+00
-1.248392210374431599e-01
1.007181710206794811e+00
2.864338462294533372e+00
-1.035309602311252242e+00
-4.163514387669812855e+00
3.049962185258134895e+00
1.250948625694709548e+00
1.526843572050018416e+00
3.159454720762903790e+00
-2.609081644639044129e+00
-5.277903259959249027e-01
1.162492489343069479e+00
-3.832813709035264083e+00
1.351443159466785282e+00
2.025590644059052536e+00
2.500553908695636096e+00
-2.291843898195908835e-01
1.230480568458651724e+00
-1.493091280379326591e+00
3.307552856851714296e-01
-1.132560274408159984e+00
2.746723234313686923e+00
7.569592236689359765e-01
3.163827862030004212e+00
6.324006132654371726e-01
1.632305788007677450e-01
-1.055955890594146851e-01
1.298644409138853817e+00
1.237935411304434297e+00
1.071420687731640342e+00
1.247062485120435049e+00
-1.431219140940048540e+00
-1.385167208321185228e-01
1.429975838321089654e+00
3.274495930816119227e+00
1.949598452903352097e+00
-1.168066295447491854e-01
-1.193351026913179069e+00
-3.443305054734377979e+00
-2.855052047470995724e+00
-1.266014306501428432e+00
-2.501217502181338759e-01
1.439861129226250647e+00
-2.655755005101060995e+00
-2.965504407249592855e+00
-2.625116571637580165e+00
-1.923493500482460927e+00
-1.290258900702966116e+00
5.397093808154318495e-01
2.061532833931076780e-01
-1.465697152622964516e+00
2.908339959175663125e-01
6.858166803143621593e-01
-3.260754253755147047e-01
-9.383802587676033369e-01
3.993219057733195854e+00
2.690945704342206923e-01
-3.469039816428098000e+00
1.613208334105182828e+00
-4.755747149579807598e-01
1.631429491198628234e+00
-1.590843809459092206e+00
1.161879798185183610e+00
-4.293768722895459078e-01
-1.424972008073427610e+00
-2.137837858092599408e+00
3.242405510307637684e+00
3.604728248168374449e+00
-9.789159247301544298e-01
3.156736998817772033e+00
-1.921341813266441712e+00
1.275552648799687105e+00
-1.600273865071103252e+00
1.029044048101363629e+00
-2.475286293442195529e+00
8.894528828218888350e-01
-4.572738932917363996e-01
-1.618684637972544138e+00
-1.546684446452275541e+00
-5.610925409636049466e-01
1.528754558680712528e+00
-1.092388557707839158e+00
-2.550665636682104775e+00
-1.669195846445567177e+00
4.807992831614047446e-01
9.415793001330738932e-01
1.137868590385560097e-01
-2.758796883618931162e+00
-1.190619157392092120e+00
1.852023119198021206e+00
-6.592322364388660816e-01
-9.119348644275415694e-01
-1.151400219661941726e+00
3.205392027333733296e-01
-1.357787668042811813e+00
-9.132994012978459253e-01
-2.863750065502870257e-01
-2.049366975059892404e+00
9.338160282564489378e-01
3.343846231633680333e+00
-3.101297435690506532e-01
1.335500482314222026e+00
-2.147017409127029541e+00
2.371758035017625943e+00
-5.936613972674695816e-01
-2.826779828373729320e+00
-1.466208339992836507e+00
2.805363609879158560e+00
3.323369571448710147e+00
-3.012206785759528493e+00
1.313585156822468569e+00
6.575929098689483610e-01
5.245610557041588962e-01
-1.427348147035873982e+00
-9.962495070383923235e-01
1.293187271420825013e+00
2.844033308184446440e+00
-3.349225912132016703e-01
1.473741857966093249e-02
3.666710877653599709e+00
3.320913091510355741e-01
-1.611423110059020836e+00
-2.528548833268775553e-01
1.191718701262583835e+00
9.262145672852506451e-01
7.363895277130128036e-01
-8.640783394811730744e-01
3.983561935609120752e+00
-2.332644685801547713e+00
-7.170881268875621828e-01
1.135371359511321288e+00
-1.225479715535806591e+00
2.569722658461542686e+00
1.920499118422017482e+00
-1.813118872235346402e+00
3.932824309184141498e+00
-2.682561618094391420e+00
-4.010286067982158364e+00
3.188202981068233299e-01
6.884757530589800112e-01
6.966032680603531091e-01
-1.992755851144649704e+00
3.064411334357684424e+00
-2.641898946260830439e+00
-1.695107730018021730e+00
-6.112006729223438128e-01
-4.013821319848075220e+00
1.790325675234872627e+00
1.657636703972969805e+00
-1.423931910728334138e+00
2.305967060208116592e+00
6.046556804426561627e-02
9.655820088882922647e-01
8.532489534207154946e-01
-1.542357525188572609e+00
1.705156301626812976e+00
-1.513719332076690627e+00
3.986622371309794133e+00
-5.058965178189449574e-01
3.657235798421433870e+00
1.508200954739253419e+00
-1.605759370653081053e+00
1.902813427636393939e-01
-3.091848235004954315e+00
2.895584769669814484e+00
6.795338868741396254e-01
1.646718788117945920e+00
-1.112479638972340368e+00
2.085800436695222082e+00
-3.432192798012474455e-01
4.161925000767965344e-01
-1.845873068442306142e+00
-1.892784453462859062e-02
-1.865641785477230918e+00
-1.941098511995175357e+00
-4.557682872433774790e-01
-5.286497285754592212e-01
1.700188367306513015e+00
4.811739659477796138e-01
9.183474365532688921e-01
1.322556475084643246e+00
-2.529597838900556894e-01
2.878487605558532891e-03
-1.768083806349163289e+00
2.396200944179912362e+00
-9.195381795303001482e-01
1.079290074853176407e+00
-2.292808496461098411e+00
3.367048158532890412e-01
-2.553036846150557260e+00
-2.006829973833746728e+00
1.141600190090619193e-01
-1.516222974289023195e+00
1.691259196817243904e+00
1.887802343989315901e+00
-3.964550103031507788e-01
-4.227518152573406240e-02
-6.515012787336917910e-01
-1.440943563714858211e+00
2.587593995757421439e+00
-3.841309844760212755e+00
3.423338769673712534e+00
-2.772458867150322526e+00
-1.577945577680091027e+00
2.602478194949727985e+00
-7.079965302537090110e-01
1.117342227905684382e-01
8.543394928612890737e-01
-8.253258121144249060e-01
1.404454440455404907e+00
5.135951446537712073e-01
2.735112510704902355e+00
-9.336222176419806118e-02
-2.203029255184935753e+00
5.390424604692167776e-01
-4.502335419653356041e-01
2.463046210787833701e-01
-2.299219708562077358e+00
-6.151705561035036851e-02
4.446994593998487844e-01
-5.466255581386985085e-01
-1.374635425441004699e+00
-1.113584665784359551e+00
2.634084822672511095e-01
1.963497781601626357e+00
-6.037102496169843846e-03
-9.181773083157551696e-01
-2.149648290990733290e+00
9.109506148091108813e-01
2.032993523166908290e-01
-2.506188298597969322e+00
1.091412532140997094e+00
-4.333485688611631304e-01
-2.559672886844571060e+00
1.480786276996531647e+00
-4.812446428302958878e-01
1.336842181027009246e-01
-1.862803457280737263e-01
1.441604157483044268e+00
5.173685155531240198e-01
-3.285093865381536915e+00
2.755199825710166195e+00
-7.317168280699162253e-01
3.125786919347419257e+00
2.052071964955921146e+00
8.806001685230615550e-01
3.673287049099229762e+00
-1.481735094521720697e+00
-6.776047474628796863e-01
3.159053771489492846e-01
3.942877774165323146e-01
2.486699525565727598e-01
1.635279346314568727e-01
1.126819759455065295e+00
1.762094070617171937e+00
-3.956746315458945507e+00
-3.110515134615540411e+00
-9.430458597468085458e-01
-2.455155055181279522e-01
-2.119599024733998860e+00
3.460393021610951081e+00
1.898336142071679333e+00
2.447377938415762344e+00
5.588142888636529193e-01
3.131692361677160363e+00
1.050335760280731279e+00
-1.941072403346124631e-01
9.293109048996184285e-01
-1.724471637509150668e-02
1.421888467513058529e+00
2.863114835669833269e-01
1.481714990096732798e+00
-1.231037855577388651e+00
-8.889791356425540414e-01
1.840301357517947878e+00
-3.757036741709216088e+00
2.573030050240985744e+00
3.896372633794353391e+00
7.969147483186764802e-01
2.676216475503887082e+00
-8.391621625746186197e-01
1.418757016795961334e+00
-4.051195232750891329e+00
-3.011244300076629798e-01
1.494236120143359159e+00
-2.734006790889509375e+00
-3.584837589806485703e+00
8.504895132396814716e-01
1.503302121284557202e+00
8.070173960374695810e-01
1.828702297130737620e+00
1.093975725779115393e+00
-1.184769780077523205e+00
7.843262834103281733e-01
-4.539251775858685889e-01
1.935286622409285506e+00
-2.902322206620191913e+00
-3.564258309583276052e+00
-2.779297436136756172e+00
6.446529456670671010e-01
2.591857442935767253e+00
-6.561994579833907437e-02
1.596946751346654203e+00
-1.176615213580507024e+00
2.384521314112042489e+00
-2.420359302027072612e+00
3.073535254520344040e+00
-2.752798932517159791e+00
-2.286246015471722348e+00
-3.345957779980843760e+00
-6.498723247219073684e-01
4.282152457647969257e+00
2.294233860302180794e+00
-6.361225609708718309e-01
3.933656251988393748e+00
3.937528049928372909e+00
-1.619657838265189831e+00
-1.451614865659086817e+00
7.458650285178087813e-01
2.673695873884385676e+00
1.008820060658608853e+00
-3.297849465118087853e+00
-8.191374653985414866e-01
-1.139793379559809861e+00
2.401666644545546347e+00
-2.866399931022112213e-01
-4.292021243926900098e-01
-2.287383219518108746e-01
-8.154868448217476029e-01
-3.759963284841498776e-01
-3.955747293731046277e+00
-2.130286389060550789e+00
1.925835224934813183e+00
-1.173633230714484110e+00
2.299113864211401292e+00
1.406476319397964581e+00
-4.640285568540543082e-01
-1.767415331858559480e+00
1.119963719368985977e-01
-1.706828098288191597e+00
1.025257923176949859e+00
-2.758024111763710096e+00
-2.532144106593148258e+00
-2.109463713198999280e+00
1.737720187585106935e+00
1.808108170818181648e+00
-3.124736252027024985e+00
-2.817182768989409780e+00
1.984265072999073176e+00
1.434978711950822827e-01
1.037629731978391590e+00
-1.842625577850294238e+00
4.926180870414498258e-02
1.804147781262962269e+00
2.648101924147621133e-01
-2.076547577017465507e+00
2.450892043301422518e-01
2.196302812690936079e+00
-1.612338694306210130e-01
2.596030808839211446e+00
2.328812354598239764e-01
-1.240458922483020920e+00
-1.067491769065564533e+00
2.360966532831723974e+00
2.657106393217418372e+00
5.367918367879020991e-02
-3.044228915551197900e+00
-2.412330518098256160e+00
8.177784686610962694e-01
2.948713428957669969e+00
1.824843028048556803e+00
2.247009460027897809e+00
2.110787312814487393e+00
4.160232675969766092e-01
5.305437545517062148e-01
2.402824968209031908e+00
2.088780410930812792e+00
-1.616015290708944008e+00
-1.098143723872162525e+00
-1.402896736986953830e+00
4.404646773273954707e-01
9.150292481894801710e-01
1.185474063557572677e+00
1.466319656194654542e+00
-3.738501424699408382e+00
4.148609092655936692e+00
3.122505383198914686e+00
3.074234573387659708e+00
-1.846687788163022148e+00
-4.035842703463750958e+00
-1.767508261292563887e+00
-4.043064060130454607e-01
-9.523436104485814013e-01
-2.483414844189550497e+00
-2.506172085899560642e-02
-2.036094792507752160e-01
3.360088826775157855e+00
-4.764184047285802137e-02
-3.510177291664247967e+00
1.120091014843302979e+00
-9.114951427061512845e-02
-2.408967994810306656e+00
2.415081291396594665e+00
1.155652713494239592e+00
1.074089706528758903e+00
1.316815750238683691e+00
-1.371221554509362228e+00
3.475604003055750013e-01
2.577260039461322094e-01
-9.564408587931527705e-01
2.040472374388476950e+00
-1.981745899985796200e-01
-2.967787520891024045e+00
3.109291906652620341e-01
-1.856412759856278516e+00
-1.992697467254886501e+00
-2.323533727430645790e+00
1.924493986080621610e+00
-6.151830063494703182e-01
2.680307876630294572e-01
1.541891947965460474e+00
3.128514138091141206e+00
-1.249045447200773040e+00
3.853686723561978056e+00
1.288740155336601134e+00
-8.277867498882383046e-01
-2.483712854314058305e+00
-2.695296952066243978e+00
3.408692694721651151e-01
1.920988084557288644e+00
-7.204228593873427400e-01
7.247581215576559543e-01
-9.294070940759526778e-01
-2.652865983993400345e+00
-7.978455871416771927e-01
-7.415688814824381581e-01
-9.964153573681322484e-02
2.247116627818003032e+00
-7.692351380068247479e-01
-1.749745405839640000e+00
-1.210690809264260537e+00
1.344865803995519471e+00
-7.397804351144365853e-02
-1.974007832440419108e+00
2.445270977873077456e+00
4.354086455829779823e-01
-1.670020446613265541e+00
5.485837261287063171e-02
-3.802987808443631934e-01
1.374081596515344117e+00
3.544346066156389696e-01
2.002510534520332008e+00
3.998257474123656507e-01
-1.350712222792775030e+00
-1.785214582356168478e+00
5.340506795272084162e-01
1.125772345633829552e+00
8.268280702916310787e-01
4.609644502488041695e-01
-5.560775483319400081e-01
4.984412412390177849e-01
-9.604868636164232143e-01
1.944906565667034570e+00
1.522600490409696583e+00
-1.377171331960644896e+00
-1.218477922050245965e+00
-1.019423614537114275e+00
2.907525165522013566e+00
9.886643211335712778e-01
-8.596948415289897838e-01
-4.620268840366463792e-01
1.270496162736707291e+00
2.941545857745917480e+00
2.373933403899540551e+00
-1.660601562349489413e+00
7.282293148139817873e-01
-1.439459592964794865e+00
3.957494309269659283e+00
1.742695044936795945e+00
-2.503795775851255900e+00
1.927652518368930146e+00
-1.105376670382660631e+00
3.117846646847421965e-01
-7.688593642270529216e-01
-3.800310573375202949e-01
3.003812260930287081e+00
-6.171238179640230470e-01
3.530370959370017658e+00
-1.977938155991666669e+00
2.399209971727628066e+00
1.232855166708739958e+00
-4.472669427897226768e-01
-1.841319794436480084e+00
4.215127325719087992e-01
-2.316227619121973280e+00
-1.360324581972551794e+00
9.170453775079581149e-01
6.424317373900780836e-01
-1.907673044231016135e+00
-3.135892470746566296e+00
-1.340896705169855707e+00
-2.234761454951152970e-01
1.435056167092954027e+00
1.812956870558894984e+00
-1.088925497178064639e+00
-2.728836336185915812e-01
9.880171099793066958e-02
-1.120026066986333113e+00
-7.862228160425175361e-01
-1.052181851617230102e+00
2.599767755634121436e+00
-6.235858047553239913e-01
1.312929677802497253e+00
4.593761843614361240e-01
1.755130769834005733e+00
3.290489147638528067e+00
-8.883792825486622746e-01
-2.229621311185614907e+00
1.817408153471226306e+00
-1.409560847705897402e+00
-2.855429902565340683e-01
-3.098287609581191759e-01
-1.379447968728189089e+00
1.016825130109797470e-01
-1.448173980709090980e+00
2.651219361297179944e+00
1.390404287537867489e+00
-3.417083666200323222e+00
-1.016882035566026854e+00
-2.838917355563053135e+00
3.414817974820072877e+00
-1.587550756646839645e+00
1.733599088489664375e+00
2.112584782473265754e+00
-2.404111417718739929e+00
-1.884977744361462371e-01
7.150958008680063926e-02
-2.265289509957797431e+00
2.153174595358171572e+00
7.416374750929497495e-01
-2.890487014523923204e+00
1.918944958243380405e+00
4.040395735052619841e+00
3.588876907275029282e-01
1.980544686666254606e-01
1.969514970292300049e+00
2.430591317973030741e+00
-3.133281319755330863e+00
-2.114559978904240189e+00
-1.399383450790363526e+00
-1.141860144091127349e+00
-2.343882206938255663e+00
-4.409550823435477440e-01
-2.235404666012259067e+00
1.377314352258913743e+00
4.152186349181974379e-01
-1.201114464952190986e+00
3.916100116007299903e+00
-1.829479757320632949e+00
2.944814392443685591e+00
-2.746791113746707591e+00
1.442348140984499594e-01
1.431563028214197786e+00
-1.837124937366798605e-01
3.334197252312767645e+00
-2.335899513448781661e+00
-2.416622197420430496e-01
-3.036099350092111848e-01
-1.324376694140245281e+00
-1.290343932973810226e+00
-4.938589717338288665e-01
-5.949807620267950625e-01
-7.667483342820577974e-01
-1.465600620299341017e-01
-1.313156330278903550e+00
1.125961154731786706e+00
2.114225089113461742e+00
-1.948042116964532777e+00
3.063657125048550256e+00
5.337068558668525142e-01
-8.209861415621659830e-01
-3.367581755158455703e+00
-5.085899353553031688e-01
8.761186221958761067e-01
-2.785863047562822992e+00
-2.039645534170138053e+00
-1.639510883872273617e+00
-2.971115324069764974e+00
3.684151793623691162e-03
-3.474564912457558830e+00
1.310884234211626698e+00
-3.614958252142845385e+00
-2.061502310343260369e+00
2.468567321407175719e+00
-4.394879530163331438e-01
-3.665703154360446803e-01
3.787486540017566128e+00
-2.752201935234088737e+00
1.749458848394732868e+00
6.465469884932959488e-01
3.100880762591023299e+00
3.603974714622333764e+00
-6.382427756425101961e-02
-2.683380127116330005e+00
9.209601197876917666e-01
-1.277095641862735942e+00
-9.907674676682560744e-01
2.878609862584199597e+00
3.941491587300767208e-01
-8.833366967152134208e-01
-3.040908425248325386e-01
5.693696485380410621e-01
2.999497559324202811e+00
-9.064504017128287572e-01
-1.456865934771252924e+00
-1.125778481692093713e+00
1.693758793194426460e-01
7.516352103451744426e-01
1.182665676851581971e+00
-1.145629636367715420e+00
-3.499081895938259912e+00
1.899770843114405139e+00
-2.697905564888871677e+00
-1.602236111336197588e+00
-4.153957444809037725e-01
-4.253604738478765412e+00
-3.021770672750213826e+00
-3.417729472181019634e+00
6.964665940079353135e-01
-2.152358235909390682e+00
2.138950022976921161e+00
7.747726560965118026e-01
-2.782663702923259930e+00
-3.028570404906462343e+00
-3.024764358348249083e+00
-5.132851120626646946e-01
-4.558027218015521242e-01
7.121468628161151670e-01
1.351661045668924643e+00
2.379376278167657510e+00
4.007436305932206011e-01
2.200047263381592622e+00
8.327158998673711565e-01
-1.603412787881960178e+00
-7.453490661782762317e-01
-3.016147019811367791e+00
-4.727494714503972517e-01
9.261323164186237022e-01
-2.802571798445741447e+00
2.903116232058953194e+00
1.386293383043017968e+00
-1.364423810734232134e+00
-1.609826433488146691e+00
-1.653435279522359469e+00
-2.606552988061476395e+00
6.057618013809307200e-01
2.012909563851732031e+00
1.437654922992481765e+00
1.173498428957188366e+00
-1.460282245377359622e+00
-2.523049936515458391e+00
-9.442886952543325663e-01
2.759838716512001078e+00
-6.683089138569098253e-02
9.950212614540383527e-01
6.037319578207389625e-01
-1.411914156629724637e+00
-2.700924170244167755e+00
-3.004077476903139754e+00
-2.964825848156249499e+00
1.720074791797294722e-01
1.724021986218076563e+00
3.409199816563733165e+00
-2.105547564161626362e+00
4.139355468556216167e-01
-2.206980466814521424e+00
-3.887350943528451896e+00
-3.123546478417351668e+00
2.447320400543890884e-01
7.264598470760210702e-01
1.719714990679605648e+00
3.237928588390737161e-01
1.701175699278463682e+00
-1.988544700969103740e+00
1.961298273415659210e-01
-3.471824465127753001e-01
3.210594680981088800e+00
1.471179394986923405e+00
2.791790318877445998e+00
2.320191212412634485e-01
1.686867519167904561e+00
-7.281619702763331148e-01
1.316532261959787675e+00
2.260694397188988347e+00
9.479832400822925109e-01
3.098321918992475332e+00
-2.675329547654258899e+00
3.173910882846628922e-01
-9.053285124734520295e-01
2.261033867422707289e+00
-1.006535948377692335e+00
-8.055830622642030647e-01
1.118389970454881421e+00
-1.937078796062517760e+00
-2.352327578698254484e-01
-7.511811632623723867e-01
-2.940016837117242154e+00
1.095238426285501276e+00
8.674936449366494884e-01
3.167712578386270295e-01
3.039572013008513096e+00
1.332363405633114617e+00
-1.393284328085195867e-01
3.540955288505612586e+00
-1.671806306279726151e+00
1.910509377473683656e-01
-1.557893821089311182e+00
-8.863753974730324003e-01
-8.664427055461860760e-01
2.219394687570672708e+00
3.421476041944258029e+00
1.637558184634908542e-01
-1.157448530306771417e+00
-1.907870442295775959e-01
2.037595552053823589e+00
1.182493318433546214e+00
2.249398426272531282e+00
-2.029688157876210486e+00
1.253363329897246636e+00
9.801428318698590658e-02
2.388432079897812699e+00
2.118545643357998998e+00
6.575561169808930018e-01
-9.993872176790938866e-01
-4.822436645837484548e-01
3.629731130021806251e+00
1.325360525777044884e+00
2.398546890417197375e+00
-1.861344112142957030e+00
3.165612281736221334e+00
-1.813971418618169018e+00
2.104840313900229631e+00
-5.464150422727227507e-01
-1.667070851623166927e+00
5.342716521430981302e-01
-2.356158404111749594e+00
-1.401278842331637797e+00
-3.256075495163099021e+00
-4.341912548930570992e-01
2.684711999072215249e+00
1.451628574992649412e+00
1.060326492092174000e+00
-2.878944486379886314e+00
1.664307264161802635e+00
-3.525706167203122465e+00
1.298516761751500326e-02
2.384677237890960200e+00
-2.746426708942881323e+00
1.192798908331296204e+00
-1.017901247471742376e+00
-9.820004558765740299e-01
2.789912219107353764e+00
-2.054277245765390170e+00
1.984327626198231442e+00
1.879755905569270524e+00
2.770891987845165438e+00
-3.360759633894972342e+00
-3.869070062904986784e-01
2.375046622668815388e+00
3.620129004322505395e-01
1.856158616531012662e+00
-7.717872173600737185e-01
3.025558069880027290e+00
8.036445944236989547e-01
2.760236001490411262e+00
2.897548128937305734e+00
2.492411527390654413e-01
4.134150510908742859e-01
9.993102291887323574e-01
-3.219679092117423203e+00
2.357421240523283501e+00
6.747964122715535140e-01
1.745818472334141447e+00
-1.062616164454296630e+00
2.248957418840198841e+00
-5.474588547258072424e-01
-7.569280255904891064e-01
2.298898538031217242e+00
3.248090909347641997e+00
3.080473470329748054e+00
1.254163951718719971e+00
-6.114284746732332465e-01
1.701659508471968785e+00
-4.409457579076399014e-01
-1.040324476867739989e+00
-1.825221252549358297e+00
2.703512399503191332e+00
-3.149264392237860477e-02
-1.814665314544063879e+00
9.134252212680440408e-01
1.708549555950515497e+00
-3.364106840628080519e-01
3.304587891612417394e+00
-9.848432926743235782e-01
-3.218368197876958270e+00
9.604016400291426336e-01
3.138251079862230952e-01
3.948053892930101227e-01
-2.172404048962419676e+00
-1.618829861580617369e+00
-1.234664434658157006e-01
-7.738175184833195885e-02
2.156887967922003213e+00
1.387550852639980903e+00
1.036997106723200446e+00
3.676273695039895983e+00
4.046846628215156727e+00
3.989254691877608394e-01
-4.029883831770613156e-01
3.577756971142864728e-01
-3.560411859667764300e+00
2.654859568134146919e+00
1.577649186401011150e-01
1.138599450876881747e+00
3.173998402175948641e+00
2.604661249612664875e+00
1.552821244832376379e+00
6.725334770963433684e-01
1.415485667520666624e+00
-1.755130482254317226e+00
-1.836987987902531039e+00
-1.653631662641451783e+00
3.345136054875158749e+00
-6.871244690105609010e-01
-4.733180262499949720e-01
1.147231286659890159e+00
-2.159367218704593139e+00
-2.225363444216167608e+00
2.224636488923355415e+00
1.584822455971268695e+00
6.548662986346434067e-01
-1.858678099729713651e+00
-1.199556155651326339e+00
-1.093823112842436274e+00
-9.732097503764816082e-01
2.794117488726439724e+00
4.006025405536838946e+00
-4.692166584539068097e-01
-9.929473271569708714e-01
-8.109226397127304864e-01
1.136717088895875527e+00
9.408114875887019224e-01
-1.529319869465649795e+00
2.555112739011078382e+00
-2.527878616685874213e+00
1.088086779462285492e+00
-3.693123153503252709e-01
2.127258296909970703e+00
7.890520323515346490e-01
1.142016972276817199e+00
-1.032781485023075430e+00
1.640443292979222534e+00
2.020103331861785811e+00
-1.604794734813632662e+00
2.276207682624267647e+00
-2.864996073732593018e-01
-2.005350704026028552e+00
2.194218665981906291e+00
-8.646657655785556784e-01
-6.782335393682190627e-01
6.573485698152659040e-01
-3.872652173210605397e+00
2.248148416878194666e+00
-7.207827243629241210e-01
-1.849612760935699818e+00
5.971847248537676123e-01
-9.244784823735505697e-01
-1.096727419842264961e+00
3.936137211788935275e+00
-1.482301191755212688e+00
3.210203278112944147e+00
2.922878242138587268e+00
-1.326260963908681312e+00
4.754598342067337668e-01
-2.042783743841074529e+00
-4.883963607278198893e-01
5.049038853794911574e-01
6.687895594622652595e-01
-2.666340162874396569e-01
-1.332896463459658509e+00
2.510449815023663156e+00
-8.736860095708181007e-01
1.377670303370561733e+00
1.928135544251984967e+00
2.715535994977210876e+00
2.627144950248590405e+00
-3.764210705272612589e+00
3.254195549466331272e+00
-2.102990893183011245e+00
-5.754535004602159276e-01
-5.604617687323170117e-01
1.571364693574851756e+00
1.179818467672035354e+00
3.407296110820155377e+00
2.136466647177521772e+00
3.466890131613817871e-01
-5.375653917029641349e-01
8.918098115329478048e-01
-7.329180851233729754e-01
-8.512072352756083760e-01
-1.331683326838932757e-01
-2.683028333032646540e+00
-3.245223438303827201e+00
-9.343358237134511413e-01
3.024859964664143419e+00
-5.067732748383324548e-01
2.129700029343113421e+00
3.484789737160966183e+00
-2.292996890375027519e+00
-2.193704878794511259e-01
6.265339777938354615e-01
-7.299436364851441539e-02
1.165101969606153531e+00
-7.049371943182451972e-01
2.358986745820419451e+00
4.945795658294454000e-01
9.525779011804633711e-01
3.642204979613225646e+00
3.727644105987955925e+00
3.000786960093872580e+00
-2.561260736355812639e+00
-7.116275152804609760e-01
2.599353857784993949e-01
-3.348578605686493681e+00
1.965382004068070287e-01
1.312040196181860630e+00
-2.921001168798211811e+00
2.016351478465473690e+00
-7.584618255986352864e-02
-1.898838886936400350e+00
1.092535000061404915e+00
-2.218041463032240479e+00
1.757147111112881355e+00
-3.019647712876047940e+00
-2.704935212260317190e+00
-2.956146591354991138e+00
3.986503674171489209e+00
-8.888346216739542172e-01
2.835090685033581082e-01
2.593491521066280114e-01
-1.779627869826306608e+00
1.810283937918951480e+00
1.129881372231336556e+00
6.439424023875686132e-01
1.103662109790502832e+00
1.140776203623021345e+00
-1.148282524975869912e+00
3.402760726254525636e+00
-1.247432971170065130e+00
-9.790592667213973144e-01
-6.291252497968784496e-01
-1.415027543697946477e+00
1.054521385826453717e+00
1.408886983889434674e-02
-4.720504564988523555e-01
-8.464726636160992967e-01
5.011770996508708720e-01
-5.206726003972521610e-01
-3.433367318729553919e+00
1.199619796087048940e+00
9.544118166057984354e-01
-5.321281687633128143e-02
-4.866446652235181247e-01
4.133870691499819117e-01
4.828324848572327355e-01
3.667854494046970615e+00
1.153712180683560184e+00
3.442611137018866785e+00
1.337796327250745598e+00
2.100432992469521309e+00
-4.010214004991658143e+00
2.759710042455534307e+00
-1.725308928335377523e+00
1.771996074027448742e-02
-2.759037380166162734e-02
-6.265691057119679996e-01
2.053668910293583671e+00
6.147959783708412118e-01
-4.255732860140284401e-01
6.274122545414053675e-01
-2.931218160306973797e+00
2.647951393034453815e+00
1.151077711366462530e+00
-1.578449216319038229e+00
-3.709185844775579444e+00
7.253563627103831735e-01
-1.753390793138418946e+00
2.159938612139340464e+00
-7.240670819723771245e-01
1.079867855157558232e+00
-4.023102264949594442e+00
3.675107375562140177e+00
-2.197982355307954716e+00
-1.333240616230548348e+00
1.756874123707881097e-01
2.021240993385616136e+00
1.539942517117483867e+00
7.489951423016103504e-01
-3.361108091485043303e-01
-1.615675914240660482e+00
-2.225866573113590707e+00
2.162943931348935145e+00
-2.000821872974007931e-01
-4.599962968130819618e-01
1.073424028197251801e+00
1.112695281748682596e+00
-4.849340981169980580e-02
8.897423202876666437e-01
-2.391022529165329757e-01
-2.795135802887523280e+00
2.174741536380081719e+00
-1.143675080259230370e+00
6.481511965122894736e-01
-2.869973494343534437e+00
3.179324599085349590e+00
-1.028318282928205818e+00
9.141079299335164166e-01
-2.370661712786296782e+00
-9.632451398413408583e-01
3.112931976861021965e+00
-1.909066482410487708e+00
2.634957425590124913e+00
1.188872469844435287e-01
4.826026552501954114e-01
2.242454697040101586e+00
3.001091475941610298e+00
3.686450875253866499e+00
-3.726234973784716686e-01
-1.595537503274655933e+00
9.793808686954594833e-01
-1.819055298514199670e+00
-5.386899553656920858e-01
3.227641600216813345e+00
2.235913810176670680e-01
2.492781280260558674e+00
2.526637249630187654e+00
9.491748841865286224e-01
-3.034919258088031313e-01
-1.252381818420151838e+00
-3.889839078392967053e-01
2.631309572302072297e+00
2.014036653219312356e+00
-4.256449382415059546e-01
-4.825016032188571558e-01
-7.027943863718153494e-01
6.777744902715294728e-01
-3.256940643175481487e+00
9.368984916790612516e-02
-4.346686469945382214e-01
-2.284136518086071987e+00
-6.118694808255344952e-01
-4.221552191814801347e-01
-1.305648086066396374e+00
1.595693359182592808e+00
2.524928144293450138e+00
1.267514983151977859e+00
4.017404672678086541e+00
2.742016115756110040e+00
9.699592201952249582e-01
6.915910036913608394e-02
1.679025029937566416e+00
1.159109336499386522e+00
-1.015388928915701872e+00
1.333115229556600667e+00
-1.362444828335259039e+00
9.058603322577418737e-02
-5.842058190034666865e-01
-1.414883759914609129e+00
5.888682140945054044e-01
-6.702661968747172239e-01
1.660728899968266781e+00
1.492491136280324149e+00
1.224174317557401359e+00
1.014255987600874320e+00
7.988781848191175428e-01
-2.570233873567995708e+00
-2.129783212013468763e+00
-4.105185676844271825e+00
5.347174169324375725e-01
2.864240831753425809e+00
-1.106378255684917988e+00
-1.410811836455359458e+00
6.232069516490890138e-01
1.748003056016575130e+00
-1.589990787464522271e+00
-3.220607542339053886e+00
1.686046422454952065e+00
-1.517511026821195763e+00
2.486522910581615342e+00
1.107373695575456729e+00
9.769609660793960870e-01
1.754214083427283910e+00
-9.841849958405992638e-01
8.966420374656580705e-01
8.297513540439460655e-02
-2.298728257118296536e+00
4.377885550063034259e-01
-9.345404517844535519e-01
2.806530808526561671e+00
2.850499166318094524e+00
1.579005821214288119e+00
1.822796365792189732e+00
-2.372224308252889102e+00
3.375556395289038392e+00
3.851624455964728355e-01
-2.431702884206181192e+00
4.481215501989144201e-01
-1.096789135677986859e+00
1.270436236669281627e+00
4.096557799862887705e-01
-2.202140673457903652e+00
-2.897498078821110212e-01
1.510332808477690136e+00
6.913385395083171403e-01
-1.256572522379849843e+00
-2.710638856313862810e+00
-1.903147088196432968e+00
4.056244589336710504e+00
-2.190119218667643253e-01
4.123460925350563855e-01
-2.250525180085474641e+00
-2.040002712728430367e-01
2.088773031308756245e+00
1.345108653927368003e+00
1.413148110352219433e+00
8.884644932625143099e-01
-3.483742461634769860e+00
-3.709477669999523997e+00
2.660100716761783168e+00
2.190946199005969319e+00
-1.082704333099685279e+00
-1.427769239489475872e+00
-1.590036156975882520e+00
2.299647101089677292e+00
4.130332650813258510e+00
9.874349577956333945e-01
-1.719720024001668790e+00
-1.667086017631907335e+00
-2.840469037698482246e+00
2.901944678212654338e+00
3.611483856240704782e-01
2.391264625191524829e+00
-1.548974343733255488e+00
5.778228704999976983e-01
-1.466807803159948520e+00
-2.338784930168948506e+00
7.561805078739247676e-02
-2.242826127864439911e+00
2.810602877030352609e+00
-2.535122573445408811e+00
3.778965824040625421e-01
-3.275616668909508533e+00
-4.919530550544513048e-01
-1.373312098540666160e+00
1.773137825516046817e-01
-2.015433233220718545e+00
1.849110666312121509e+00
1.354483331103370602e+00
-3.942033498939345737e+00
-3.209952208550861386e-01
3.541736806193027221e+00
2.175215041822447404e+00
1.557812518019026093e+00
-2.839977166128377029e+00
-1.372680719658334603e+00
2.446423117122447088e+00
-2.644979773593455263e+00
-7.151149414290447481e-01
1.633030878758956916e+00
-4.689623061017904604e-01
2.216021831292312783e+00
-2.081238966659932466e+00
3.125502100984206777e+00
-5.772578825658865043e-01
-6.485141489132759673e-01
-1.094956574761206447e+00
-1.516374343177433470e+00
-3.458001341479381541e+00
-1.639758070256841727e+00
-1.773557203011103311e+00
1.533293259345399839e+00
2.056480380350789616e+00
-3.911227095322384884e-01
-1.276415054153805961e+00
-1.743578558523122268e-01
1.709218603612880472e+00
-2.558722337807972647e+00
-1.912105014551239712e+00
-2.201999749584031552e+00
4.480954965624253106e-01
-4.110958620166469402e-01
1.140141499742883369e+00
-2.215411134587718323e+00
2.673056664932697224e+00
-3.028215204107516545e+00
-1.134773175604129047e+00
-1.560912930273710142e+00
-2.264660142804602039e+00
2.407906597322382325e+00
-4.806327719608551874e-01
1.421742413558224172e+00
1.640818925160241193e+00
-8.177995570815372872e-01
-2.516351504724267940e-01
5.624700557333994766e-02
-2.765990332419840492e+00
-2.623553863594468183e+00
-3.333057750935006780e-01
2.244889965417746325e+00
-1.553179439828484831e-01
-5.539361800599502672e-01
3.124024277278625306e-01
2.103040663916133646e+00
-3.708359742953906135e+00
3.392715736899987178e-01
-2.722549462553450095e+00
-2.935633680734154982e+00
-7.075275855150149340e-01
-5.242488667787208456e-01
-1.785558320008594713e+00
-1.803790527350393802e+00
-3.621505220595857111e+00
1.827041925159993419e+00
-1.851498735264922146e+00
2.616760023090069609e+00
-6.137134256554785949e-01
-3.235478481034145481e+00
2.887177797371225374e+00
-3.222398393007584794e+00
2.148671557169338442e+00
-2.656844623397455862e+00
1.259392898866408927e+00
-9.159455570360819365e-02
-1.178953523190386043e+00
-2.108785833566890755e+00
-4.656163645353075253e-01
-3.743180314336755909e+00
-4.123420681910348051e-01
-8.384384172851069295e-01
2.814232822902279274e+00
-1.363422560693955177e+00
-3.407819536125169524e+00
-3.700858013465869512e+00
-9.478234478123299667e-01
-5.281388517568945673e-01
-1.874893283280512080e-01
-1.622053551429925022e+00
-2.332633452643738892e+00
7.965751562474974179e-01
-1.821822292895972417e+00
2.849681658067948931e+00
2.410487831996929842e+00
-3.142310313443855918e+00
2.420124198657081394e+00
1.299587035037289340e+00
-1.624157885294650328e-01
7.858662695766129858e-01
1.707559555911998928e+00
-7.890936936805514890e-01
3.380922430737014039e+00
-1.866618334014415126e+00
8.947605257500566012e-01
-9.028498397301545353e-01
3.517578551526550967e+00
-2.390378550439582472e+00
-8.969216829751269771e-01
1.686805957144876800e+00
1.967124711651027091e+00
5.823979061564958926e-01
1.662355037147927206e+00
-5.475476745126197642e-01
1.123649236864864065e+00
-1.319582355691337749e+00
-1.024282519340013131e+00
-1.939453148226792933e-01
-2.248597330137388717e+00
-1.566493891192786592e+00
-1.189446148140536064e+00
1.394280803986340800e-01
-2.471003136207041706e+00
-2.115225877662703535e+00
1.973515282908958390e+00
5.108128801596318880e-01
-1.421497056313878460e+00
1.294913013418151237e+00
1.199635569076984432e+00
8.539053936489526819e-01
2.568396390826947595e+00
-3.482760815643839436e-01
-9.942451670521492701e-01
-1.564218113439333813e+00
-2.056911005576278484e+00
4.025432312967289761e-01
-3.445865763493387579e+00
-2.371965194120591036e-01
3.350769825959742931e-01
-3.486923658721332586e-01
-3.227578868082086050e+00
-2.774161931771735645e+00
-9.012631097069672137e-01
1.868166029475260004e-01
3.021528357504836393e+00
-5.255418965408820142e-01
-3.087869631203625342e+00
1.080663313792359581e+00
-9.831634911242836949e-02
3.388037432656911818e-01
7.398265355054158832e-01
2.726150700064662757e+00
-1.316627592671993696e+00
-1.308021219438284533e-01
4.413970578847328241e-01
-1.012733733427990668e+00
-2.613634566541927384e+00
-9.215826185155586714e-01
-4.779479528764323248e-01
-1.208989846695842640e+00
1.549421900049310352e-01
1.296083780666522856e+00
2.027612842338976762e+00
-2.391988884858818665e+00
8.774513208256298213e-01
2.409956079078314772e+00
-6.060538070650522968e-01
-2.571300220133517556e+00
3.805266775991144712e+00
3.964965663914989946e-01
9.676853733749499753e-01
-1.156502593374021615e+00
-1.724514267754534202e+00
-1.128132104837216154e+00
7.312548922966346510e-01
-2.254933267998052493e+00
2.275094954650427326e+00
-1.072508192101421898e+00
3.508033347973265492e+00
-3.564471694095043830e+00
-5.851393483149287533e-01
1.973908842778206107e+00
-4.948237086315732114e-01
1.328945019329400345e+00
8.608129964460529138e-01
-1.625479738945224462e+00
-1.240709596010249882e-01
2.354002332724345337e+00
-2.344248575789170452e+00
3.159666397679743000e+00
4.859483802643200789e-01
-6.265033849532644084e-01
6.739680238225194131e-01
2.667636048480592770e+00
-1.670269557067428856e+00
2.225603689857852174e+00
6.576324012219210147e-01
2.975051803625943236e+00
5.665100409213472687e-01
2.707875507639218249e+00
8.933781968572542809e-01
3.022880911468288190e+00
-3.501431448095067456e+00
1.693129454250024146e+00
-3.106208576393018728e+00
1.060764987979037954e+00
1.935271087626770026e+00
-9.996386705636650660e-01
-8.257437871142307984e-01
-7.615388290158628948e-01
1.637307104945341152e+00
3.144752142197587474e+00
-1.278476432052539469e+00
2.587630585189617527e+00
2.549014329919371491e+00
-1.829087483115695356e+00
-2.138055627165652339e+00
-2.604901250023308190e+00
7.581935238133441501e-01
6.949120661825869405e-01
-2.632169437277162238e+00
7.471816104654642743e-01
-5.276318657904726095e-01
3.152059477420834810e+00
4.398769496139918189e-01
-1.798845707889715317e+00
-4.041151895513914738e-01
-2.769729249121366976e+00
-1.344504045110379131e+00
-2.881000955250089923e+00
3.480942581245018985e+00
3.806319065179955885e+00
3.865928662963273865e-01
3.272336975169782392e+00
-2.414277867447122361e+00
-1.239973872447510228e+00
3.080137472403878363e+00
-1.892133782772775330e+00
-3.977835623130729914e-01
-2.000071242819605910e+00
-1.609220077813393601e+00
-2.352483165507613272e+00
-3.238778446373611342e+00
-3.479660422747662629e+00
-1.701427627326594916e-01
-2.754539688271373521e-01
1.687289955311621625e-01
-3.770709327586747150e+00
1.080741307524702322e+00
-4.236631284889167404e-01
2.285470826771995867e+00
-4.064344181980565907e-01
7.846763352163943495e-01
2.660862239997445755e-01
-1.817557194111183438e+00
-2.520545367331167963e+00
9.973971209120673365e-01
2.139219713390203559e+00
-3.712663736956876459e+00
2.593457770618941005e+00
-3.886837917436474221e+00
-1.335836581433940129e+00
-2.541296780197677574e+00
3.867962041208706125e+00
-2.096849180628324483e+00
8.985755576611413886e-01
1.202060107332670214e+00
1.363549713592213664e+00
-3.757314468367685123e-01
-1.976659334543640067e+00
-3.212054739599738085e+00
-2.774229649794695440e+00
1.877423856951415004e+00
-7.617982109062637619e-01
2.760269855486590984e+00
-2.158624888030181488e+00
-1.235711974233142385e+00
-2.231717013972733810e-01
1.445114530242237905e+00
-1.080247879361670993e+00
2.275425827778870591e+00
4.226659149895290568e+00
1.329484350180178964e+00
3.364182911190718883e+00
2.460232004772537451e+00
2.514951282480275552e-01
1.883491579652028847e+00
1.669009232772546980e+00
4.374675790282545051e-02
2.943984626404326121e+00
1.838526325533493377e+00
3.457476527350227258e-01
9.948835803496365315e-01
-1.202600166431353035e+00
-1.091009218531549863e+00
-3.564851326924527886e+00
-5.470403619493851011e-01
-3.057614423416863403e-01
-7.662902888491700537e-01
7.465354417911758134e-01
-2.087195107515667836e+00
3.569347670995361099e+00
-4.150079907712180827e-01
-2.145475869115729406e+00
2.940259131010685145e+00
2.905361275660405695e+00
-3.260619469663019743e-01
1.054706681304793392e+00
1.955590002205398470e+00
3.072390012895169775e+00
-3.696572053129374424e-01
-3.790624489625535887e+00
-4.139882379661684375e+00
-8.951665558115751153e-01
1.868390347042803157e-01
-1.966092100722689917e+00
1.225658881604666739e+00
9.620967159431508264e-01
4.637378820343140973e-01
-2.412606792959721247e+00
-3.143658313676302996e-01
-2.734046484276454692e+00
3.939938831835473110e+00
-3.937480889784708005e+00
1.795398387112840055e+00
2.954679888411796185e+00
1.319107817268725391e+00
-1.182684553655207971e+00
9.710924157413209912e-01
-1.336057298768365431e+00
-1.706766947782605293e+00
1.002027379288544573e+00
1.573766033560635158e+00
-1.028310477279621438e-01
-8.361887471426232565e-02
1.290848540189441174e+00
2.103681869913045510e+00
2.901473083858130408e+00
-1.326501164344834116e+00
1.021767917518645596e+00
-1.186937048336206946e+00
2.214306977325060544e+00
3.248087879623273722e-01
6.604912193420409139e-01
-2.354019058623544325e-01
2.645735296500637546e+00
-7.495335510943750279e-01
-1.190004958814030456e+00
1.619489747033227012e+00
6.699260222056269143e-01
-3.735581933712035951e+00
1.210334297152073191e+00
4.680331169762901311e-01
-5.585858779944086194e-02
7.004516376669469579e-01
4.050770303597381883e-01
-1.131924168339701886e+00
2.488998923390399298e+00
-6.650798034638576439e-01
1.312416269435151328e+00
-4.157572486536356138e-01
-1.309374462018237040e+00
1.399546240663571695e-01
-2.875292633690316180e+00
1.679294461685072903e+00
6.552482448911742807e-01
-2.886580313901538908e+00
2.670323972488883868e+00
7.494186817729477923e-01
7.551695543783694120e-01
1.550265479849236350e+00
-1.334509062880880670e+00
-1.774182935383610271e-01
9.358547846819265104e-01
1.726307148106442924e+00
6.994440995136494976e-01
-1.780339923724854057e+00
-1.230023624037447583e+00
-1.698722919608226523e+00
1.640172566485783356e+00
-2.628376936798382246e-01
-4.751187883371530418e-01
2.627972629088979772e+00
1.521599430022391175e-03
-3.721010898218972685e+00
1.039198062472006967e+00
3.024307669754072947e+00
-5.307414127914285018e-01
-1.025677940055459203e+00
-2.101076029792618982e-01
-3.935982582674854680e+00
2.096394900333694800e+00
-2.587075269550351830e+00
-1.907302539137448072e+00
2.175650128122546434e+00
1.884701642817033118e+00
-1.224702863536741404e+00
1.346168911119240974e+00
-3.460262001009581034e+00
3.097859783102483888e+00
3.405493053479593968e+00
-6.291278931633339511e-01
-9.486809414062600254e-01
9.745750489872992972e-01
-2.668208626161865382e-01
-1.326158402916020052e-01
2.247603580475987073e+00
3.044967714124446445e+00
-3.782683992836464171e-01
-1.281615630958317098e-01
1.374940033593937017e+00
-3.518291595080142997e-01
-3.479671592679766334e+00
1.926053155703840503e+00
2.345673774975216119e+00
-1.450601445254244837e+00
-1.603042197375028621e+00
2.576624736575736208e+00
-4.215521823315331318e-01
-2.415982119831136643e+00
-3.230870661195183402e+00
1.352809660582972917e+00
1.599449668985350570e+00
-7.013479138063329899e-01
1.126974763909688093e+00
-1.077131318376534086e+00
-2.788744801864114109e+00
-1.891215353201976868e+00
8.222155025102049208e-01
-1.755719839813912664e+00
2.739442465538672877e+00
-5.065968966965410658e-01
3.879956373025112981e-01
-2.297773859554583797e+00
-3.576621775288737481e-01
4.498461776620823471e-01
-4.318139804697942452e-01
-1.985214775218393513e-01
2.116108987446562395e+00
-2.505498916003627841e-01
-8.795819180880402044e-01
-1.238608835946673370e+00
-1.859504490193979453e+00
-1.775915240853890076e+00
3.223131675177739908e+00
-3.536351088298692602e-01
-3.316507807774965677e+00
-1.916685379142792911e+00
2.535951762641538210e+00
1.933624865981703245e+00
1.104069810025181120e+00
1.515191299619324639e+00
1.923188452027090989e+00
-2.008610256341741618e+00
-2.089953377517153044e-01
-1.225232161311168078e+00
-3.752669084110920039e-01
4.143544473322318566e+00
-1.638366861042555023e+00
3.598130195414876553e+00
2.942084041974579733e-01
-1.768969639509796465e-01
2.411122196187127642e+00
-2.410855655114060969e+00
2.011013527748991336e+00
1.766865767661407460e-02
-4.071423562735425605e-01
-2.218809632749154659e+00
-8.634887434575588827e-02
1.173317255734791509e+00
-1.330347068927466569e+00
1.960574598311519701e+00
-1.386506162610490200e+00
1.855701909996296806e+00
-1.792350543741174196e+00
-1.054111880856027916e+00
-2.481240740971859537e-01
2.234769370733735272e+00
1.095910506927502581e+00
-1.653739122421462593e+00
-4.285880358176097360e-02
-1.838498533742725094e+00
2.291562273355153501e+00
3.023128093203206745e+00
2.246776707353608238e+00
-3.529776019935253473e+00
-1.044209249223230884e+00
-1.207640655450747502e+00
1.205617323717440570e-01
2.032160248658465562e+00
4.937287871969431308e-02
2.782934800717233870e+00
1.962923195949052513e+00
1.967752870865545844e+00
-2.441972218206585055e+00
8.822669946451799916e-01
-5.967712451191351519e-01
-2.769108503247216468e+00
2.408490265802817554e+00
-1.612780208483482802e+00
1.950526910229646305e-01
1.587344634230307250e+00
-1.950997753189370520e+00
1.362866764574912182e+00
3.146431993191859178e+00
-2.076280836320850476e+00
-7.566354134899917483e-01
-1.936540996947995197e+00
-2.640864707319749982e-01
-1.347908393820420603e+00
-3.309332774336812832e-01
-2.357389143765170836e+00
-2.260097301966839112e-01
2.819873747510960982e+00
-8.679446052192849592e-01
-1.336474746694996441e+00
-6.733328106872926710e-01
-3.337861206657297686e-01
2.532286341694147680e+00
-1.553797885009119639e+00
-1.087487409989357445e+00
1.635261227722331512e+00
-8.739890712193147948e-01
1.836391697779212961e+00
4.184538323070952970e+00
-1.096148539065529004e+00
-2.512856414844937269e+00
9.600537225379337514e-01
-3.025793462996697603e+00
1.322012052176875230e+00
-2.562755581013973938e+00
-1.731330092126386333e+00
1.828970010105946287e+00
-3.321430977402481943e-01
3.521622303052083680e+00
3.109242803384661968e+00
2.340352794718265628e+00
2.263453359069621307e+00
3.374557715993338647e+00
-8.119400677051826776e-01
-1.384247188176414234e+00
-1.995111387554138638e+00
-4.089399731666958360e+00
5.863002327191813023e-01
-6.129989944381621925e-01
1.601550812632170917e-01
5.795840185493439378e-02
4.743982052820783224e-01
2.062679815455892296e+00
-2.384451389539790522e+00
1.751103972373799778e+00
-8.930993440902490477e-01
1.782585420377315266e+00
1.524580111007809435e+00
1.138523008713464790e+00
-2.975609925111087239e+00
1.826913345482888751e+00
-8.328284423759590993e-01
2.144189227983947177e+00
7.390709306086140629e-01
-1.090038873525323027e-03
-1.163991968482507300e+00
-7.229791223971009373e-01
3.689281082859722005e+00
-1.695926338661902122e+00
-8.984963660254496887e-01
-1.120179212780811895e-01
-2.893461027022027565e+00
1.315600026949002022e+00
-1.265330927749936052e+00
-4.937571785709193861e-01
2.145734535690060341e-01
-2.038805937915653566e+00
-1.061922216308577305e+00
6.636702616874670113e-01
3.090791822119761889e+00
-1.185078288611070452e+00
5.847239757975124519e-01
-5.918976524206396306e-01
-8.569297452202331300e-01
2.904840596510782191e+00
1.695507664926676483e+00
9.924128348177632120e-01
-5.073217123170010723e-01
2.893655168296103142e+00
3.111425418031732448e-01
-1.298213782166194541e+00
-3.360236613137596695e+00
5.201362954447938947e-01
1.643760906138140854e+00
6.465763439590013206e-01
-9.464951706684647803e-01
-1.599692855755476373e+00
-7.026722456496390379e-01
-6.769467963477602268e-01
1.659632271072071674e+00
-5.998703293598239839e-02
2.280602902129541754e+00
-6.242056918478899874e-01
-5.977464334008537605e-01
-3.534402038317336903e-01
-1.087325585142054241e+00
2.741312620451976656e+00
1.464521843894242892e+00
-1.875791998983027398e+00
-1.140079869879940144e+00
6.092537138035822863e-01
-1.077967575182254834e-01
1.855409496251550827e+00
-5.148071655316313056e-01
1.157181480347845515e+00
-9.195873364910696068e-01
-3.413794177674773778e+00
1.726793413221832552e+00
-1.941712395152009663e+00
-1.657249195825851729e-01
4.219485553911672682e-01
5.508507612574025103e-01
1.245301970426531568e+00
9.678251609745043282e-01
1.731765517711973068e+00
-1.872665870450387349e+00
1.437745217337491610e-01
1.102503633822774276e+00
-6.226635056203999596e-01
2.278549672587319996e+00
-8.540882966879852489e-01
1.270071498751361716e+00
-5.775508859787805704e-01
4.478276625368966535e-01
-3.947761259809936529e+00
