-1.153859618635455941e+00
6.491181099622975736e-01
-1.202552307510116769e+00
-8.059200801802823833e-02
1.864215215378804302e+00
-1.117880944411290045e+00
-1.677818444693545352e+00
-5.078685142404228969e-01
1.244098797399066925e+00
-3.036960250142968221e-01
-8.442610896480822191e-01
-1.654076867813927265e+00
1.653822236011714963e+00
-3.923628594246793000e-01
-4.760245501413979952e-01
-5.446296621615456246e-01
-1.076079497002486285e+00
-1.267091712069934761e+00
8.188819392189010671e-01
-1.133521592154833613e+00
-1.521695754719254889e+00
4.317068924918316952e-01
8.130262114271964435e-01
2.520404359490839852e-01
-1.278227093632581912e+00
7.985363886425691504e-01
7.919816944877116072e-01
1.391000456776421146e+00
-5.438074907974286276e-01
7.512502452501754746e-01
1.296890361145638160e+00
-1.375119155216022016e+00
-1.409776334018658872e+00
-5.107311970744721208e-01
9.229089615614771702e-01
-1.625685598743469296e+00
6.111001621461129574e-01
-3.114112057055429261e-01
2.561829095639431841e-01
1.316531322100754409e+00
-5.186399310568177157e-01
2.189059572769380679e-02
-1.117316006668884754e-01
5.955991495880770259e-01
-1.658399627711939051e+00
1.801668657815465480e+00
2.092531812907334476e+00
-4.735130206585971280e-01
8.374383292777665133e-01
-1.821313146001629413e+00
2.105823770918199500e+00
4.993661947989860295e-01
-2.128400781832517907e+00
-1.812073559249389731e+00
-1.632991715556383561e+00
1.319259291789975919e-02
2.145728744492458873e-02
5.700801708564782189e-01
-9.910815477585774858e-01
-4.424247277732709094e-01
9.048541137004235679e-01
-5.782750761223294234e-01
-1.734868283324066951e+00
1.259838706102716976e+00
-1.298308608270499320e+00
1.313474988903937657e+00
1.378594023316912498e-01
-3.991519992610363943e-01
-5.516994067750671249e-01
-1.372706986705185539e+00
-4.696951326958052064e-01
-6.754515346978600121e-01
8.029671963978914917e-01
-4.544561529950339462e-01
1.092509609247706237e+00
5.117175876338979634e-01
-1.744297581937175323e+00
-1.072193620978472595e+00
-1.043876353462917628e+00
-3.365981190892686215e-01
-1.604403281260120551e-01
-1.257663575676120526e+00
7.836289962398357289e-02
1.289676845656554605e+00
1.977638205570480423e+00
-1.669459743427046394e+00
1.292462635486923084e+00
1.796809420816325442e-01
-1.573786935135182752e+00
-7.834060279942871574e-01
2.031169426655171861e+00
-6.286588166931164068e-01
-6.176788389355261089e-01
1.169774840712851649e+00
7.265206651208577782e-01
-3.175468160175753951e-01
1.428794466901584848e+00
-7.339379849773806086e-01
-1.024505224391983216e+00
-9.132051807279752964e-01
1.262708801597351993e+00
-2.021512319639005018e+00
-2.036603189932499891e+00
-8.293837047758678693e-01
-1.937909134636639941e+00
-5.627349617162078488e-01
-1.602707529558938582e+00
3.807430232281738824e-02
-5.329697944612981075e-01
1.724215207014355045e+00
1.254543333734079447e+00
1.195602830606867784e+00
-6.885867150639333190e-01
-2.883839240379169055e-01
-3.366599921262523054e-01
1.034664299311768509e+00
7.148662501446123585e-01
5.487730321628161434e-01
-8.795094787172370587e-01
9.860102405392741076e-01
-1.647454074947003466e+00
1.001045010616037345e+00
5.623810432756082278e-01
-1.261987867207229108e+00
6.109524938714745446e-01
-3.986574170755119439e-02
9.427018131252342670e-01
-4.199069042651624173e-01
8.424882936510780240e-02
1.545937507986554493e-01
-7.147537070448182206e-01
-2.717142138608963364e-02
-1.053639159484900389e-01
1.577545676651560314e+00
-1.614696725659783283e-01
-1.230070541303223131e+00
6.587527466346596583e-01
-1.804002738793191174e+00
9.260898341966914415e-01
-7.004483426518479661e-01
5.113210459400612251e-01
6.828696804036500367e-01
-9.381855707947153178e-01
9.247263072361588954e-01
-1.218212458868784154e+00
4.840245900334263496e-01
-1.310104826906538733e+00
1.901726955170918387e+00
6.452601719987782758e-01
-7.120736136118477333e-01
-4.510497726727438206e-01
1.131824813431880017e+00
-1.325886507113669843e+00
1.518521661750167340e+00
-1.549960559952916928e+00
1.238658810339106076e+00
1.504438645439687861e+00
-1.556454089985730871e+00
-5.846564510239806722e-01
2.040515491661762937e+00
1.202263088770465060e+00
-6.763818779589882979e-01
1.422435156562357861e+00
3.745623091887395617e-01
-1.598885296281510549e+00
-3.425220064617526816e-01
1.257846438125573840e+00
-1.198497363776001468e+00
-1.205366267635044508e+00
9.669554864449203535e-02
1.204285083674113466e+00
-3.845408598992685612e-01
-1.310272878611225433e+00
1.278946206035903366e+00
-1.676384976204798427e+00
1.682662700646423204e+00
-1.277400056977438858e+00
1.744031437063332746e+00
1.105287935284689382e+00
-1.297045647763590104e+00
4.574356376952746217e-01
1.536914496808511998e+00
-5.660577809861493392e-01
1.498018900497325667e+00
2.747545701430755827e-01
4.820093090355008769e-01
3.999847902198094829e-01
-3.708653452694505859e-01
7.951012666383716621e-01
2.003999120188941774e+00
-1.268723419818276188e+00
1.422716180837564792e+00
9.583485119551315989e-01
-1.352906786914095605e+00
1.700473292858230678e+00
-1.639665438885558935e+00
7.710769783204654004e-01
-7.930626957058386495e-01
-2.371755717118144702e-01
1.398695887282173089e+00
1.761890332901081990e+00
-1.739712537479757959e+00
2.143899375386393302e-02
1.046917507156038596e+00
-4.995877393204661843e-01
9.010780255559822649e-01
-7.204808469326788867e-01
9.243029947965339943e-01
-2.096507940767653899e+00
-4.089859588838269389e-01
3.913735242034599437e-01
1.169764878098158434e+00
-1.402268458891038350e+00
9.090697852124645095e-01
5.351456252051320917e-01
-7.953842267643382868e-01
-8.886540768776862720e-01
1.244805400580850652e+00
-1.466311306718358409e+00
-1.663074180343585340e+00
-1.191927508165840699e+00
-1.921560351280557910e+00
6.894934133853656277e-01
-1.952420290668683833e-01
4.358499941277571565e-03
1.697571535630801876e-01
-1.314821912107638546e+00
-2.143758370777426592e-01
1.643577834934228932e+00
-1.181196302488586092e+00
-1.106870326680593042e+00
-2.033558451371020315e+00
7.340589605482730207e-01
-2.789015093365101450e-01
1.085282892825647494e-01
9.449132956693251373e-02
3.290834827161868148e-01
-6.738630783123680246e-01
2.510620684057744967e-01
-3.787310922075022290e-01
-6.048216109699744436e-03
1.254055881722225152e+00
-4.519123808738969572e-01
-1.894270858593174456e+00
-5.974968956898640826e-01
-1.222575698769545749e+00
9.603569053710083736e-01
-1.415720777232278849e-01
1.631104045738217323e+00
4.795507495324251579e-01
-5.108635372775189865e-01
-1.136451905735746060e+00
2.122887490464727023e+00
-1.378943553512907982e+00
-1.253026518313882232e+00
2.067636721891252805e-01
7.008528156246889296e-01
1.090377691157984330e+00
5.956490206834628154e-01
3.921698117847860487e-01
1.420561194667055993e+00
-2.914400493294744265e-01
-1.873053128877166795e+00
-3.611778665335672045e-01
5.703701346288951868e-01
-8.379945388822278574e-01
2.341608762393327936e-01
-5.003994763095143128e-02
1.717875669727481736e+00
1.124434582049192777e+00
1.658421890927099795e-01
-9.647260215546333839e-01
3.673087055569546067e-01
-9.151905298003235600e-01
6.081226396974201975e-01
-9.203418771954190447e-01
1.874142707537476582e+00
6.663447287013282150e-01
3.071137663611711588e-01
1.495509962225831657e+00
4.863127172057781777e-01
-1.473926164917134241e+00
7.172617334842712467e-02
-1.914092473413683493e+00
-1.112366292945173196e+00
5.280552139641470077e-01
-3.002548331447458807e-01
2.082625165909089304e+00
-3.363866222074971546e-01
3.398426218746717353e-01
-1.458258592126319364e+00
6.857420602177954905e-01
-7.849260227517866895e-01
-8.332953165402274820e-01
-1.543055051479089723e+00
-1.070522676281744356e+00
1.990216407417914724e+00
-1.591376268360840118e+00
-8.481809557171908764e-01
-7.462503327222158589e-01
4.937181027724522053e-01
-1.124281747264229026e+00
-1.576406295789882783e+00
-2.028970499065703592e+00
2.133847629529705081e+00
1.021543833038704996e+00
1.715362573890011788e+00
-1.655599564551792469e+00
-8.262576015505382898e-01
1.511517054998093634e+00
-1.650732901982298717e+00
-1.822350749487129384e+00
-9.392748608434766666e-01
-1.640578994780589106e+00
2.164158967957465762e-01
-7.285290542803748437e-01
2.831465050622172797e-01
1.312006008894935682e+00
-9.177209164458055568e-02
-7.510954141991579291e-01
-1.467440518347490119e+00
-1.920236619438283832e+00
-4.161741885303102961e-01
-3.320674556950713452e-01
-5.825444690704735251e-01
1.222282120904853997e-01
6.199152320705438868e-01
-1.048217318458222636e+00
-8.378673431302079422e-01
1.767304633777511569e+00
1.650275289855183125e+00
-6.063123863906927369e-01
-1.880954186754234314e+00
-1.188196826711597875e+00
-1.114582996290626404e+00
1.020218068105726239e+00
1.014249152845011714e+00
-1.065768794102188721e-01
-1.255695541951530103e+00
-4.762453520613370017e-01
1.200564441615295408e+00
-1.259711192124264301e-01
1.133502921414448750e+00
1.808644223533391049e+00
6.196992357842656673e-02
-2.129594683580684489e-01
1.272370476527466820e+00
-7.901650818307359714e-02
2.932422790654172218e-01
3.573933855422257722e-01
4.488188436391631342e-01
1.793060401944348570e-01
1.991510606137119055e-01
-9.852530109448309759e-03
1.049369634718502198e-01
9.936514974751045060e-01
1.262320855867738345e+00
-1.011820319895827325e+00
-1.557667351901352859e-01
1.780731863133880211e+00
-6.528246564959463427e-01
-5.335949838395848133e-02
3.939291786517280514e-01
1.379895397410399127e+00
-8.365197577487029079e-01
-3.922436313328541146e-01
-7.749157854674306734e-01
8.101031165279470869e-01
-6.932306304506674621e-02
8.500915309180090418e-02
-3.334257710697494659e-01
1.015758056405867471e+00
1.214298186007018110e+00
-1.544245791759158326e+00
-7.818957114374800454e-01
-3.530170587380947467e-01
4.404308846355675655e-02
-1.597857112674445634e+00
4.336629049345646081e-01
-5.792961558239007047e-02
-5.922151818775702736e-01
1.441713539565222746e+00
1.351841194849865424e+00
-7.484934013241417716e-01
1.704355601468111381e+00
7.078586725082649522e-01
-1.571990165929597172e+00
-1.436663235710724962e+00
2.112014847758622693e+00
-5.520990587842815600e-01
-9.660231163875465654e-02
1.842423644765121438e+00
-3.520645257739865031e-01
-7.451523070475030153e-02
-1.793527082133517414e+00
5.670938688389988158e-01
6.844589999316585960e-01
1.364044287446784409e+00
-5.517047251482249948e-01
-2.719666821831001613e-01
-2.161745463046802485e-01
-1.605620501876067863e+00
-2.338262534376802648e-01
-1.094131205957797892e+00
-7.748443978471737381e-01
7.754640692655003775e-01
-8.697477650411036265e-01
1.805239502812192143e+00
-6.835844303958200641e-01
1.315462766682845341e+00
8.796343153173156182e-01
-1.869076798899119929e+00
-1.397980558068356416e+00
-1.189295160442414012e+00
-1.659355368762023275e-01
-1.500240281834497313e+00
-2.315606728358812205e-01
3.852619834547130750e-01
-9.047100263902079220e-01
2.778292974676244143e-02
-1.171083292356719596e+00
-1.101259171212554566e+00
1.907545212674399693e-02
1.087795999206751851e+00
-3.672748906032055061e-01
-6.055191215881530198e-01
1.384660272410755510e+00
3.676574802452750035e-01
1.175492726353000172e+00
9.856458027735097716e-01
1.369870456604484588e+00
1.007781602215671590e+00
-1.896510248265492748e-02
1.459054307325708955e+00
-1.810116505639121076e+00
2.036660608047464294e+00
-1.139783311299071400e+00
-7.667409558351865329e-01
7.964281597868421159e-01
-5.216244336947992721e-01
-6.140934840958660601e-01
-7.484848152478420502e-01
5.143658903304988428e-01
1.847422322395604333e+00
-6.357658793520553075e-01
-1.753472507806239644e+00
1.567538103231367330e+00
9.296353963459100811e-01
7.746456005187756233e-01
7.540579765317119154e-01
1.356746577666355869e+00
5.838113977782288799e-01
-4.274924879285668666e-01
1.154650172673703068e+00
1.348434656551490640e+00
-9.134654803084716335e-01
1.160093433206247582e+00
1.214248080963611365e+00
-1.602842864920694943e+00
-2.181775970470729575e-01
-1.314989876976669692e+00
1.616462756091903152e+00
1.030371177913735892e-02
-1.443093869073947655e+00
-8.001789652801249986e-02
-1.594264087483363568e-01
-4.411124192334607841e-01
8.185558608474465814e-01
-1.439165592804769744e-04
2.313106803431841385e-01
2.071677831550429616e+00
-1.917499693991698173e+00
-1.166048824900798309e+00
1.691828152095865789e+00
-7.360564273693359638e-01
-1.737989086374546410e+00
5.508804424380144837e-01
-3.352231629352422360e-01
1.579621511189910343e+00
-4.565046996531805235e-01
1.557855469178720753e+00
-3.846455887648643213e-01
4.124725385295624491e-01
1.473119116088014380e+00
-1.155041033316748678e+00
5.065209515214057490e-01
1.213461876284247509e+00
-4.853248067934377019e-01
1.089530593932886759e+00
4.885809449556832718e-01
-1.076208798462575000e+00
8.817073355421998215e-01
-1.000364781124361002e+00
-1.410967474380696807e+00
-1.204099683750404104e+00
-1.543107919780144499e+00
-7.230823626105022939e-01
8.742248607968310381e-01
-1.667502972180228582e+00
-1.330371538521051278e-01
1.320019323148535761e-01
2.429451528148316442e-01
-1.228241332362776994e+00
-9.157658338175513890e-01
-1.492011903988798238e+00
6.555929257928951870e-01
-1.596529054130855219e+00
1.186298290800347210e+00
-7.538920445652887992e-01
1.386463557268204028e+00
-5.323039362525463503e-01
5.807486169766900019e-01
3.936249202775030653e-01
-1.276375748446588965e+00
-5.867710273115482877e-01
9.610721467974583376e-01
-8.473676221158807920e-01
1.020659578212934626e+00
-1.746165811984541349e+00
-2.819535287994430206e-01
-1.495073400518200923e+00
-8.296752768607920103e-01
-4.628960225481391078e-01
9.241484063304925556e-01
-6.124922701899588873e-01
-4.577955058620499784e-01
5.118600780645436998e-01
-1.836125271288742145e+00
-1.392451879654577951e+00
4.789722881826889989e-01
-1.466763983604481680e+00
1.478004531891232709e+00
1.415690520715509493e+00
3.093105621038425568e-01
1.582611055044937487e+00
2.796480150573916745e-01
-8.764744354571334384e-01
-1.260138549379946404e+00
1.397743619243216884e+00
-1.426250473149046627e+00
2.055009214625798109e+00
1.602193355392419249e+00
7.608494405421417639e-01
5.331800766342231768e-01
6.022115549116913158e-01
-4.185509119223587149e-01
-1.384513842245218562e+00
-5.208708541946389659e-01
1.143643251400082939e+00
2.269065066736297709e-01
-9.799211167879775530e-01
-1.412237679127770651e+00
-1.444146752498599362e+00
1.294027768814642876e+00
-7.155268731382573577e-01
-1.289045512350208700e+00
-3.870826167085903435e-01
3.096767776182645093e-01
-8.119329067626051000e-01
-1.242502548446204891e+00
-7.756267430090248993e-01
1.045682820499582277e+00
1.307381730759447080e-01
-8.494997354647964016e-01
-3.099091072679573955e-01
-1.296244846857568245e+00
4.499893586805132628e-01
1.142191221840852755e+00
-5.645140694659103175e-01
-9.282170660507906845e-01
-1.171060250054922758e+00
1.260037693438108342e+00
-1.335526497353198838e+00
-1.730627960776404350e+00
-6.759155659916826764e-01
-1.253071690693624340e+00
1.112125438299990776e+00
3.626828984081100771e-01
-7.701385681174510722e-01
-1.736556440119717770e+00
9.607767529911646065e-01
1.952970264127090516e+00
-1.821793892754324684e+00
-1.410968909736711741e+00
-9.348020037583317787e-01
4.436107480296769268e-03
-5.001602472908848185e-01
6.883207046361627945e-01
5.345569787970685383e-01
5.131446818180780411e-01
-1.042343319642886179e+00
5.128034107649419582e-01
1.276086290647509003e-01
1.518888224400396503e+00
-1.878548496244340615e+00
-9.250156691178990087e-01
8.720990637319925298e-02
-7.165183383126398908e-01
9.780994731646206475e-01
3.752115270139144698e-01
1.673981410420786631e+00
-1.962646455494974074e+00
-1.181362319056603383e+00
-1.935376504629627625e+00
-1.608275853254422127e+00
-1.395080677605919472e+00
-1.938125412852312657e+00
1.244286750714696410e+00
-1.303060308431861714e+00
-5.596707788446240173e-01
-1.101765967036086202e+00
-2.032972012197879152e+00
-1.789177788173987427e+00
-4.337942357070136978e-01
-1.694844105179030613e+00
-1.466436395935133863e+00
1.151286175621253349e+00
1.838757841850186203e+00
-1.525002080976660679e-01
2.527493740515538434e-01
-1.259427848280433082e+00
1.202436257227812888e+00
-2.502744918162118637e-01
-1.799537711222409797e-02
5.514333795447665665e-01
-1.751006540877888540e-01
1.290872402468224323e+00
1.099051492905012140e+00
6.941573964256413376e-01
-9.316924853120847061e-01
-1.359869641960236297e+00
-7.908689946754190458e-01
-1.436523217316861611e+00
-6.186485673042287914e-01
2.126992717113541431e+00
1.421512440049014003e+00
-7.141987984947064660e-01
1.175288588797265277e+00
-2.039945975387849497e+00
-3.320166443791272570e-02
-3.303610691432039559e-01
1.018877245081242222e-01
9.450624504260929371e-02
-9.865281432937598183e-01
6.644017418788736862e-01
-8.122362261881903578e-01
-2.043695312541747189e+00
4.719439968241898598e-01
-5.854339588787542681e-01
-2.448644998004194662e-01
-3.476902865228641559e-01
-3.455661144566573029e-01
-5.017003415829091040e-02
1.152911617878281447e+00
1.475036284083537375e+00
7.780475481268585014e-01
-1.345346898539050873e+00
-1.267489560087620148e-01
-9.790385006773281162e-01
-1.539461586336603460e+00
1.583430295198141380e+00
1.377949760522200862e+00
2.078672355503831781e+00
-1.147515263220832971e+00
1.312087769258107883e+00
1.538536392425706723e-01
-2.019856959410857744e+00
-1.525435353845617126e+00
1.839435522220773223e+00
1.296969056488650907e+00
1.191740512793605156e+00
9.048864556854772090e-01
2.613685625339847718e-01
5.499358999974548468e-01
-3.918570049051020021e-01
1.510839680014328223e+00
4.106237983943827885e-01
7.435673127976567542e-01
-1.090785428404164037e+00
9.495197257090692844e-01
-1.341980225815313066e+00
-1.318804156536845795e+00
-1.579315213592206391e+00
-3.654559066516140931e-01
-2.108599549522616634e+00
1.497402160484551104e-02
5.197144514070659582e-01
-1.810370512626234163e+00
-1.227400999470123821e+00
9.137718514790833524e-01
2.031488752877362636e+00
1.724588865783360347e+00
1.469989115572936100e+00
3.924631050167439739e-01
-7.385392641521910662e-01
6.980486817354805140e-01
-2.687394918740295680e-01
-1.357176367674386874e+00
5.666271989938049813e-01
1.551036347751963973e+00
-8.312322551740081167e-01
1.421465336416813940e-01
-1.070085396938160738e+00
-1.578464830928296703e+00
-1.468669793954404668e-01
-1.703040937882604133e+00
1.679474718991281534e+00
-6.035189211336975390e-01
1.569274670451854092e+00
-1.213201505710719275e+00
-2.100436371692406379e+00
1.097575356276737857e+00
-1.512794405922659902e+00
4.788047573879330443e-01
4.430568684640316945e-01
-4.459492977416967818e-02
-9.814858582553407373e-01
-1.038707463112988449e+00
-3.592242141155850277e-01
-3.519863020122437902e-01
-2.017872488587447499e+00
-1.660736911615129152e+00
1.388736560893386596e-01
-1.039811120862287552e+00
1.439118953114078003e+00
-1.037234279467992515e+00
-1.524602602866210965e+00
1.200840006585204733e+00
2.343811974647760366e-01
-1.920629847925594547e+00
-9.285307924018360026e-01
2.809529689413681197e-01
-5.565984096593936670e-01
7.356704948653227660e-01
-3.843860754909869115e-01
-8.209146713951298580e-02
-2.717707669935744974e-01
7.890781342727448688e-01
-1.893690420246696426e+00
2.085762340015834937e+00
-1.725046535876359588e+00
2.027455607013939343e-01
-3.098191256951272621e-01
-3.927084856333520335e-01
-1.010113451137731211e+00
1.290206086923832096e+00
-1.529773870096741817e+00
-1.727735126174961167e+00
1.073021420251309976e-01
-1.792688068009641977e+00
7.185750414405411846e-01
-2.837703124708621516e-01
-7.949665123597871030e-02
-1.107092102758223895e+00
1.902885969027440893e+00
-7.862990425838747299e-01
-3.061531136971122891e-01
-1.230529951968417635e+00
-1.189351477106816546e+00
1.422088509997711192e+00
1.272378220769048163e+00
1.186231370259134721e+00
7.422697165733076474e-01
-8.070873129453115524e-02
5.099394960263126109e-01
1.773849497433664268e+00
-6.890184652757200823e-01
-2.084147897872127508e+00
9.277860701074081007e-01
1.966202589045508375e+00
8.146970224748439904e-01
-1.042150418758067687e+00
-5.919228825914570891e-01
3.292700381988051817e-01
1.081752518218820569e+00
-6.685887613552496944e-01
-4.054942885632666361e-01
-5.670968740917192719e-01
-3.455725113725147679e-01
1.256127628633140425e+00
4.625602851597063747e-01
-4.999010018635594577e-01
-1.178776598449998048e+00
-1.372908897017783847e+00
-1.019612407352192829e+00
1.142027546911483782e+00
-7.391421541167106923e-01
-1.445012501887275036e+00
1.234313553308212796e+00
1.410629571170019858e+00
-4.155546428869909548e-01
7.309410917225056536e-01
6.321711831284844152e-01
1.099758541330579931e+00
-2.328320697871619771e-01
2.338608650523372745e-01
2.083307505335625365e+00
-6.642560790978970786e-01
4.723547258273352867e-01
4.753281283380630384e-01
-7.174439020671563583e-02
-1.433283586826091138e+00
3.039972316768615457e-01
-9.661729733244497353e-01
-1.246674700328441965e+00
4.083958575919606204e-01
-1.030621971780369961e-01
2.822202249426508658e-01
-1.670430850769022424e+00
-1.134333702858375759e+00
-1.782150065502786873e+00
-8.168881112590398175e-03
7.095049690039267887e-01
-2.139257483160834639e+00
-1.912288533613395014e+00
-1.493846232443787336e+00
1.363944985664921283e+00
-3.167991673380567974e-01
-8.340390053853843355e-01
-1.824284988448745537e+00
4.495970670447944073e-01
-1.543901026515089203e+00
-6.324021171846991862e-01
-6.584623376156004682e-01
3.348721510320906702e-01
-1.204484062771418618e+00
1.717432908354119547e+00
-2.601720852957898344e-01
2.687716932256112301e-02
-1.909778279327172257e-01
9.921014936017868990e-01
1.001715012974299768e+00
1.382964264524001230e+00
7.568497240492799705e-01
1.411096948760111047e+00
4.811267140675479226e-01
1.617555240895931945e+00
-7.591778584770558780e-03
1.265668975666417673e+00
4.768553398397648024e-01
-7.705394632723097104e-01
-1.497637891561351964e-01
4.962878730661017812e-01
5.013563496094182170e-01
9.796896049235819248e-01
7.774213481470333420e-01
1.408598366625613885e+00
1.717222976000218893e-01
-1.008887656293420143e+00
-2.098972209475915562e+00
6.356750343409753867e-01
3.674211513109817417e-01
1.571016800265110369e+00
1.881285759470196162e+00
-4.928754735218490168e-01
1.147393667821958729e+00
-9.255779743892684763e-01
-5.689694440041472845e-01
3.527093983169464764e-01
1.310574809491555470e+00
-5.519284800961994364e-01
1.047183417801809568e+00
-7.258726148709957471e-01
1.920079011404853375e+00
-9.861690676020140600e-01
1.533650877581507643e+00
-1.088837969072318668e+00
-1.727861192217328146e+00
1.370870812654265691e-01
-2.011135461067043995e+00
-1.604670927143183601e+00
1.579135626546033677e+00
1.107992723048349504e+00
-1.484656902499163600e+00
1.096267222916992523e+00
6.299088201421207955e-01
1.940342671024497534e-01
-1.633866843116018597e+00
1.042537467580015864e+00
-8.143391869438953989e-01
-1.930629136287592029e+00
-4.757934181216807445e-01
-1.976015106129000110e+00
-1.334289992603180153e+00
-6.752665844338512358e-02
6.507609543923447148e-01
-7.437346001601818912e-01
-1.072185654326998527e+00
-9.415278661875801092e-01
-3.104667192229104700e-02
-1.823777065665760588e+00
-2.800331147064483162e-02
-1.594825506340374233e+00
1.396063269568194265e+00
6.673472673129161592e-01
1.480759152951531377e+00
-6.380985027218963879e-01
1.486150764844062167e+00
-1.457402271124443871e+00
3.562339205403031173e-01
-2.128985960082305784e+00
1.280817322402976188e+00
1.185217625174901812e+00
9.616909473343078218e-01
-1.673581553498022956e+00
-1.551190983808912183e+00
5.334768469716184569e-01
-1.592354541074719076e+00
2.743622210545471063e-01
5.705208563932373522e-02
-6.634290785608767393e-01
5.355893262409967548e-01
-7.908852389658527215e-01
3.394216404969263579e-02
1.030180766163751649e+00
2.101653246560619692e-01
1.631125158518827334e+00
1.765399159892289127e+00
1.327170889430028033e+00
5.354596578807218066e-01
-1.283395730308894755e+00
1.423150956267403622e+00
1.186108363749696082e-01
-2.314748849818037968e-02
1.567447449371566215e+00
4.802802346940646672e-01
-6.489618506587593316e-01
6.118563057907246971e-01
-2.050137707606022097e+00
1.115737599910858968e+00
4.159523957625985702e-01
2.441593949145719478e-01
5.488201764244946546e-01
7.419188252859232335e-02
-5.229440020071240980e-01
4.102300074034577193e-01
-1.482277182726929876e+00
7.384096420859869170e-01
8.815784778321686943e-01
5.369748930676845333e-01
-1.600867036722245729e+00
-9.927420606634784761e-01
-7.965654189984068267e-01
-9.247632813735977564e-01
1.666897699470321292e+00
-1.196732453543933872e+00
1.090896039367565962e+00
-1.812309915637964064e+00
-2.142149420109417335e+00
-4.704231060932775321e-01
8.232954088359809575e-01
-9.915093665901748565e-01
3.394756787433417244e-01
1.086736455695271886e-01
-1.098683988691745661e+00
1.257373574478099165e+00
-1.284597259701559580e+00
-1.150029440773857381e+00
-1.419207347555344612e-01
1.720976454887836127e+00
-3.864699847508070718e-01
-1.632565208207168439e-01
-1.768900451070058999e+00
1.950240865916370581e+00
-8.355582331301247834e-01
1.306748088024908938e+00
5.834870195078600830e-01
-3.516899540783864353e-01
-1.063728146639619787e+00
9.799124225630588825e-01
-5.830977612591849990e-01
-6.238707050703968804e-01
2.057290149198705898e+00
-3.395982819643528217e-01
-1.276315161016995603e+00
-1.071389950088539322e+00
-1.786316624864105584e+00
1.144581237521840933e+00
2.957445452176461487e-01
1.455974209665241048e+00
6.328632065673200913e-01
1.957487068365413307e+00
-3.918677581058371828e-02
-1.270431113593911476e+00
4.453091270394260448e-01
-3.707240161937868095e-01
-1.738343370632640106e+00
1.808526605086292705e+00
-7.804775974787325765e-01
3.477045237004769973e-01
2.242366807634681436e-01
5.743148328076062015e-01
-1.287354381556348848e+00
2.809815426416886197e-01
9.217765821875385512e-01
6.279075532894395906e-01
1.303231677074534467e+00
1.688791004048519895e-01
-1.344614612309105617e+00
-1.854109656007714158e+00
1.012569976253789861e-01
-7.072023052438236590e-01
-5.166984304369774961e-01
-1.553526401048508365e+00
-1.292899075642001350e+00
-4.763065417223879550e-01
-3.883570474001789563e-01
-3.669887242977081243e-01
-6.219546406310909603e-01
1.028018412152144734e+00
1.636618572893877577e+00
-1.427102615886175485e-01
-7.511849402208765625e-01
1.171406091751840961e+00
2.699747442981621504e-01
3.959285607784170935e-01
-1.133924507871403087e+00
1.601963101576861170e+00
8.803611667670896423e-01
1.517735317321831978e+00
9.354152192543097044e-01
1.593616973999862907e+00
-6.954525161543365641e-01
4.989266590860630401e-02
-6.259828435558167925e-01
4.787906087115523235e-01
-1.167586410912633266e+00
1.650260055562138284e+00
-5.584909475573498483e-01
-6.124998449894469843e-01
-1.045943054546484063e+00
-1.804678826157886995e+00
1.798981662109977009e+00
-5.658386835365014633e-01
-3.490253656261330661e-01
3.436614797345889372e-01
3.484293296092726422e-01
4.852121367770845239e-01
-1.494480994210332536e+00
-2.889267862301245771e-01
2.870855153189468822e-01
4.082254735644976762e-01
-9.673544872976380660e-01
1.090667430095185964e+00
5.435859638942384109e-01
-1.587247692558273471e-01
-1.117553861235361268e+00
2.675080708446033739e-01
-9.528025364015508814e-01
-1.646074386162180936e+00
1.903759983425130642e+00
-9.487484933664003250e-02
-1.058494404586043380e+00
1.671619803426514395e+00
1.113891926779301045e+00
-9.145027783329506832e-02
-1.876904935487532455e+00
-3.885098497525873995e-02
-1.674119755830125733e+00
1.261245063898682517e+00
1.467066365168645525e+00
5.880975288674603618e-01
-1.046290077346947456e-01
-1.009840807671016805e+00
-5.810251766751495239e-02
-1.961507238609838666e-01
-1.106568179257024553e+00
-1.096608377961867831e+00
-1.495374588423119988e+00
1.534689132140423240e+00
2.142503941852167415e+00
3.049499530330592734e-01
-3.198626812239337980e-01
-9.212412102533011904e-01
-2.050632746261349393e+00
-1.554235579216038943e-01
1.298600020131441823e+00
-3.956386496434340927e-01
-1.893032630195810029e+00
-1.937026473612499800e-01
1.854683319328129798e+00
-1.673353264872072810e+00
-1.686905781179046659e+00
-8.113091497877631397e-01
4.294399138439244368e-01
7.518794839126012874e-01
-1.081201780065543794e+00
1.623438530422195214e+00
3.477010079119482455e-01
1.064001282349911648e+00
9.091056462491913237e-01
-6.171483092856089314e-02
1.710601221189441468e+00
9.771137256254007752e-01
-1.090529101052315930e+00
-9.878254839564881706e-02
-8.582454453138907979e-01
1.514818687215658599e+00
1.055901725133887581e+00
-2.188166031534013456e-01
-4.848318684641439447e-01
-1.245535484054601127e+00
7.728632771514929445e-01
-1.529463055618919043e+00
-1.410206215292761023e+00
-1.423759844167867161e+00
5.705354454507780559e-01
-1.790519369917199732e+00
-1.849338621512438330e+00
1.172585029419650482e-01
-1.305940043064603096e+00
-7.521367224782249394e-01
9.506297297533405910e-01
-8.994039161590894338e-01
1.029757033502706420e+00
3.638901502556031176e-01
9.213193806533990227e-01
-1.347982008166848544e+00
-5.541409789511480000e-01
-7.796988123979620156e-01
-8.301648577849158883e-01
6.297899119984702310e-01
1.550570293351144713e+00
6.304926638387140514e-01
-1.831396172697542291e+00
-1.282080832289562711e+00
-1.099897627083284313e+00
-6.450874542507349929e-01
-3.612207908164961623e-01
2.982610410737107642e-01
7.817928220890770774e-01
-1.613456836802233063e+00
1.992023308759662825e-01
1.247122149795495183e+00
2.965679627489636871e-01
7.314575848920732426e-01
3.438836555631885616e-01
-5.320913825824895582e-01
-1.093795560084474872e+00
1.590476603566958858e+00
-1.009906516793029674e+00
8.102136364366598897e-01
-1.675941935948055406e+00
1.402520201065629912e+00
-1.758383256730840394e+00
1.343336450192919251e+00
1.444991980757089678e+00
-8.718148277256601020e-01
9.972948945459680914e-01
1.038917384924252119e+00
-3.595674007646012527e-01
-3.397085104426276203e-01
1.426011064069264478e+00
3.681861258709995255e-01
1.091756469077087566e+00
-5.937516917310370346e-01
-1.848435480628647820e+00
4.011080584947652738e-01
-7.823371588044727432e-01
8.964101810613431809e-01
1.282087996769172733e+00
2.909182324952430676e-01
-5.887878494367901894e-01
9.098275436467408994e-01
-1.163366747198339546e+00
4.022770604421976870e-01
1.394786007114392490e-01
6.800078045568742624e-01
1.179006271990990840e+00
1.283368599892817485e+00
1.145628737616426918e+00
1.284566332580466153e+00
7.791510171056863499e-01
4.691112274750324218e-01
2.918626320139505737e-02
1.486031611548352060e+00
-1.547492291825877775e+00
1.733831435556591138e+00
3.263580806258978839e-01
-1.775613365075299210e+00
-7.886137883650059521e-01
7.740140803759647525e-01
9.509006990504920154e-01
6.112860086418958616e-01
9.290638293343667087e-01
4.856352054232973003e-01
1.947644861622636725e+00
1.756740668863140620e+00
1.554229370098720864e-01
1.228405708208440750e+00
2.964487860874793768e-01
-1.498664577974542222e+00
-1.304097745443779210e+00
6.102510495524775536e-01
3.546316099757040874e-01
-1.936656339510960834e+00
-1.700734840861546360e-01
-1.986722242903304902e-01
-1.080522568923067972e+00
9.676947974932659235e-02
1.278018690138489788e+00
2.212887864947337135e-01
-1.194113252093979227e+00
-7.642580028221654942e-01
2.628740199200061411e-01
4.900918512753378309e-01
-1.485434035911697315e+00
1.917206962535544790e+00
-3.930507057573038310e-01
7.759747974285513550e-01
6.803010883843638723e-01
1.860830444744516754e+00
-6.763413485929925528e-01
1.300459087011043735e+00
-4.286979932831540552e-01
-5.258612457063414070e-01
1.887641061241343010e-01
1.164146604291348197e+00
-2.937025413829532638e-01
3.199309125222091765e-01
-1.359672433136036585e+00
-3.209610749578946098e-01
-9.041454939156405857e-01
-5.088458997715692433e-01
-1.972847080362866379e+00
-7.582865097862603321e-01
1.388703272747614292e+00
-7.542964009164530026e-01
-1.910561816291549420e+00
8.519848979466848604e-01
-2.117344481758825836e+00
1.119434732654628561e+00
-1.060469973434731816e+00
-7.695168375722882814e-01
1.602706459977940590e+00
1.314599875157317577e+00
1.798092580021389608e+00
-9.814100173320969844e-01
-1.479039011237833989e+00
1.978890765548939612e-01
1.786607025994823239e+00
-4.440589110110373383e-01
-1.139052313785998027e+00
-1.987919776136782168e+00
1.091742387877952858e+00
-1.121021151331219379e+00
1.655137901791788657e+00
1.570296275372449202e-01
-6.245044276927433913e-01
-9.040179104798475862e-01
-1.806914562138475233e-01
-5.262718903708787366e-01
1.713863608240884240e+00
-7.028706790367138524e-01
-1.484260879330725480e+00
3.723400606673976654e-02
1.679960148123690544e+00
1.528532899931985156e+00
-2.195511433383794397e-01
8.754156190008348659e-01
-1.504855072819761830e-01
-8.998915902133886036e-01
-1.266401917045678616e-01
9.884097211354045953e-01
2.868555792753895162e-01
5.266357455502257423e-01
-9.770109673979909815e-02
1.202935756621823060e+00
-7.136761070755772707e-01
1.256187313611000889e+00
1.604856405777757011e+00
1.641538804790182660e+00
-1.267207368318222116e+00
-2.026417666765194525e-01
-3.251209690438034983e-01
2.832627590423975050e-01
1.585685608966178606e+00
-7.094519046745917379e-01
3.036721702828248937e-01
-3.043230117025323977e-01
1.269775997684268631e+00
5.314328112650983371e-01
-1.903534180610213511e-01
3.826111769614035651e-01
1.179195281414850527e+00
1.339467469175195546e+00
-8.368596417546392274e-03
-5.689825189662665039e-01
-1.577630101136353602e-01
-2.898750266574658951e-01
1.504800321237232730e+00
1.577897677300269308e+00
-4.543162166540035685e-01
-1.870080938838416529e-01
-1.902716448942055827e+00
4.583261449638351692e-01
4.351656523854270375e-01
1.174876751371173533e+00
-3.603206633062079334e-01
1.282501196857523951e+00
-4.602066084718003935e-01
7.427986697304458374e-01
-5.218102595255995624e-01
6.861075687536342116e-01
-4.834429635505452794e-01
6.810856268567500038e-01
3.783424242948818517e-02
1.817237776298097351e+00
-1.084491411000454875e+00
5.697580427282993298e-01
-7.092559010340000469e-01
-4.996467705032978657e-01
1.579060820493152661e+00
8.660488745629439933e-01
-1.009731023517692616e+00
-1.277768177259266835e+00
-9.662506184789965147e-02
-1.572536375113307017e-01
1.401230412052482777e+00
1.097239946587194481e+00
9.283498666096781093e-01
1.375325733871939349e+00
1.651790490342679441e+00
-5.755728708969130025e-01
-4.799581964045973592e-02
5.340835086782336205e-01
-1.207867968621656907e+00
-7.215877639672987343e-01
-8.045197275528952474e-01
-2.061927371217997518e-01
-6.477641459915508548e-01
-1.409791337936595390e+00
1.482504929351939893e-01
1.371295702709685038e+00
-6.096952297125488585e-01
1.347011159622262255e+00
2.011052474443619786e+00
4.594641429823909107e-01
-7.742602149239212750e-01
-3.845375333020006892e-01
-4.557138469800392500e-01
4.286275203740030904e-01
1.157926864022944535e+00
-1.659732326144565118e+00
1.047783483579056707e-01
-1.338072252860605715e+00
-5.015615276664897593e-01
1.447871957521043029e-01
-1.133746489082477993e+00
-1.553072331261502459e+00
-1.480290929247463083e-01
4.761492897661989687e-01
1.268143720728440726e+00
2.302214025170030709e-01
1.526750724104175561e-02
-1.292054297983683320e+00
-1.064251356990316921e+00
-4.199509053021843741e-01
-3.830907019301497130e-01
-1.600967939407025309e+00
4.554869329577684312e-01
-1.632117304048350537e+00
1.150799763044377144e+00
-1.751600688597410915e+00
-1.719978517432681375e+00
-1.531883987897568744e+00
-7.264079913723238136e-01
-8.350278018270911318e-01
-1.988722602563402386e+00
-2.217868198171153438e-01
-5.301589947904208344e-01
9.230671646532151442e-01
-1.773623808873620256e+00
-1.855942525084098627e+00
1.610064096204637529e+00
1.889785758248714309e+00
2.197157206027178233e-02
-5.241690016581017630e-01
1.757959797451363215e+00
9.237034547087885628e-01
-1.297125262345765861e+00
1.173052787641470474e+00
1.559735641853783328e+00
-1.269628632370615851e+00
-9.500049563286392384e-01
-8.230385157334687563e-01
1.915156411932096958e+00
-6.053192633256161415e-01
-4.609678407630442010e-01
1.688744486986251125e+00
-1.003294502189484572e+00
-1.107286509672219310e+00
1.452480763544246933e+00
-1.404237053732693141e-01
-2.273479862170200150e-01
-2.886444887913794943e-01
1.401283005359102773e+00
-1.585729159439167368e+00
-2.479489497557141320e-01
1.604166949325929181e+00
-1.034606849967198983e+00
8.295369587266776534e-02
1.968236817254592985e+00
1.034272134252597120e+00
3.160918041475824225e-02
-1.800542025909151356e+00
-1.227730898364844947e+00
-7.572056214964071330e-01
1.817197055985451115e-01
-1.420850294640504607e+00
-1.559454123849006724e+00
5.232858800763660057e-01
6.785282639799579130e-01
1.831601664471829594e+00
2.576189385952432076e-02
-6.277910425676740402e-01
1.430078934823539427e+00
1.419157087368866144e+00
-2.296518948752837019e-01
4.963340974167582687e-01
-4.617630930240173015e-01
9.178925968872633234e-01
6.777622382364487663e-01
5.340304145994849705e-01
2.632511261290915172e-02
-8.333449388980138650e-01
-9.902175272096016556e-01
-1.711562659517668727e+00
1.609840636792618795e-01
1.168181055119746681e+00
1.178558657699419143e+00
-9.561945004656200453e-01
8.624381627465371736e-02
-1.280991994989882699e+00
6.466170655315037763e-01
1.031313123431942813e+00
1.464910030303943067e+00
-1.097131284115798078e+00
9.520614098661770441e-01
2.031686175734400912e+00
1.951624683090829038e+00
1.526920319490601585e+00
-4.328423167480179856e-01
-1.436217512031122467e+00
-6.108182588325510309e-01
-8.828649778902164513e-02
9.579452691043810475e-01
1.992085889170404300e+00
1.097429416142477798e+00
9.747090075295794520e-02
-1.112488822966044566e-01
-6.312709824356206312e-01
1.484847652677512286e-02
-1.262671774998201712e+00
1.945145156681108212e+00
-8.205919405366444153e-01
1.628326578005967917e+00
1.406753449888860530e+00
-6.740091416201501318e-01
-1.339869295947938355e+00
-1.780938206697104675e-01
-5.210784196044482286e-01
1.723241893941319880e+00
2.596669240477735840e-01
-6.109925015618529187e-01
1.724855868038622120e+00
-1.374979055652242543e+00
1.402199729913386150e+00
-6.866383650663854255e-01
-4.952215789784490951e-01
-3.300488391912637098e-02
2.222658822393261957e-01
5.006537140008262554e-01
-2.508314906944804079e-01
-1.459005353891352108e+00
-1.239965954742610510e+00
9.287309128366185718e-01
-1.712807904149564298e+00
8.618674983230603104e-01
-9.473243709728684792e-03
-6.929032878631691261e-02
3.500572704090725296e-01
5.614837568345922847e-01
-2.217279122782613854e-01
-2.822187211150968267e-01
-8.518058066339682100e-01
1.172461212447664103e+00
-3.349770833622738309e-01
8.592288277695736554e-02
-2.830826547386360303e-01
-1.266362395609147207e+00
1.298313506270752704e+00
-3.664863649882317276e-01
-1.695744837782831027e+00
-9.762301037671061721e-02
1.232227074779190801e-01
-1.427350287737191969e+00
6.725836528949784565e-01
-1.435648512969087687e+00
9.400018754356000983e-01
1.261764983126719031e+00
-6.276782969153167357e-01
9.807277406608561066e-01
1.041455233981389839e+00
1.642356895704550013e+00
1.194019124989473823e+00
-6.534346023975530215e-01
6.584764994117850989e-01
-3.894276418382585092e-01
-6.145330327797973169e-01
6.523510471854754300e-01
1.986818603934390026e+00
-1.413930252147279631e+00
-1.298360063277919085e+00
7.259631352537621041e-02
1.270412350593305817e+00
1.155074763725187914e+00
-5.729545983646344709e-01
1.560435082160612552e+00
1.287760174740149921e+00
-5.534960227425704815e-01
-1.250395714862522212e+00
-2.655335756991910046e-01
-6.127104822911366711e-02
-1.098610092567847030e+00
-4.092650967846882537e-01
-2.056242548933584491e+00
-3.008767702150390022e-01
1.861178343270401214e+00
6.961068083646626548e-02
2.120249842157582165e-01
-1.856812813407138218e+00
-1.241732910718823746e+00
1.008931900230065182e+00
1.128089828660972849e+00
1.999456345030266924e+00
-1.425047957273793742e+00
6.926409986745083458e-01
-1.103859792050521094e+00
-7.657244095718631627e-01
2.409928511843641985e-01
4.800050425182966762e-01
1.725926114553324453e-01
-1.382272894175782252e+00
-1.259574193267146924e+00
3.233414774849592277e-01
-1.773732417133220274e+00
1.412755390861706317e+00
-3.849651114019749798e-01
-1.124161224146791760e+00
-3.921326867561942819e-01
-1.615317892101304498e+00
-2.099271059274165907e+00
1.663904789948215779e+00
1.086042850437740626e+00
-1.536454140735489915e+00
-2.034884566184631538e+00
-6.869969905223438644e-01
-9.476003549293174899e-01
1.108128138313188238e+00
-1.943877093981830839e+00
2.029971600791407482e+00
1.533788132702378348e+00
6.416446146754299917e-01
1.760345295187965675e+00
-1.016052135200426143e+00
-1.603394595397110933e+00
-1.803367552645342986e+00
4.032610582351914275e-02
4.765590619868120825e-01
4.716268263127609828e-01
-6.749219046138401623e-01
-1.282911048792757747e+00
1.663827404696826662e+00
7.857138767793827583e-01
-1.330342150777639176e-01
5.571167426028225123e-01
-6.426886563262055319e-01
-2.810989714578022713e-01
-6.775866479256338337e-01
2.652445434848385020e-01
1.100714520673533592e+00
2.501390480114373815e-01
5.989599246497512297e-01
-1.365362304428963114e+00
8.992511703154058011e-01
-5.753070663945853980e-01
1.363857205275676776e+00
-1.062223008516933742e+00
9.811786706061829122e-01
-1.625178689643712815e+00
-1.365885558553336931e+00
1.604787014871694950e+00
6.333017194162939845e-01
8.491401254879171745e-01
1.634772035894815900e-02
5.855161298121025482e-01
1.494813460294079910e+00
7.989102075063190256e-01
1.053771082605178044e+00
-1.693430312151671391e+00
8.987243561292492799e-01
-1.521905976090463852e+00
-1.041510967085775174e+00
6.355577911713172767e-02
-1.035189627168297655e+00
-7.319891485768925676e-01
5.040705098473452495e-02
-2.845719125326802157e-01
-2.099413528487120928e+00
8.323739145724129429e-02
-9.156244014944547871e-02
3.249309120311405508e-02
8.544318667223018693e-01
8.064851633019642918e-02
1.702697820538458195e+00
3.073086935978341927e-01
5.372773778545392176e-01
1.254580071941089336e+00
5.569584502839042273e-02
1.020714740937972209e+00
-1.842514152613294875e+00
2.075165085014366362e+00
1.131608070141191469e+00
-1.165831814240538833e+00
2.666318234239923868e-01
8.607855030145472597e-01
-1.018026420093038897e+00
-1.879868881154743043e+00
-2.144673029334931424e+00
9.191333057054240641e-01
1.072711136781181906e+00
4.743952857034905435e-02
2.226431262595598426e-01
-1.894782474504976832e-01
7.028171760662385026e-01
-1.109431429780547429e+00
-1.044393157162246233e+00
1.055009487015791336e+00
9.665195953759733172e-01
-1.678744282591702053e+00
-2.245830882466739453e-01
-2.298394827488685621e-01
-3.515266160653487404e-01
-1.027713476818823413e+00
-7.251381443775866131e-01
-1.607679506402337477e+00
-8.990726057261246851e-01
1.285045636247820866e+00
1.874407222291605279e+00
9.877180236011842140e-01
8.572342487890587392e-01
1.427907107433369127e+00
5.435857841942626223e-01
1.487809146759305534e+00
4.446127007503273276e-01
-1.343650804157868528e+00
1.034598132894263500e+00
-1.097607639219739806e+00
-4.670104526658533928e-01
-3.216584065784964253e-01
-1.354322123278840273e+00
-2.438773372207823087e-01
-9.008778421453644825e-01
1.787016154520888023e+00
1.973831051330060760e+00
-1.288695860531904103e+00
9.557710152752560973e-01
-2.145367645071640794e-01
1.426993932074157811e+00
1.452507467845906675e+00
6.553580000363545821e-03
3.873898603979144539e-01
-9.973346440852823847e-01
-1.324157027972612699e+00
1.036726953373360516e+00
-1.806013930339251949e+00
-2.918111819275921448e-01
1.150586291600390609e-01
1.432536299934477064e+00
9.628888625479250507e-01
2.782951442258401187e-01
1.045608567011635515e-01
8.762994704266269252e-01
-1.217605337936634058e+00
-1.103978099498074794e+00
-1.370999479713921332e-01
-1.025480342560331160e+00
7.483575458781288603e-01
-4.903122242114825724e-01
4.429341136766122844e-01
1.896947823485009010e+00
-6.129971608299555896e-02
-9.308919196335221358e-01
1.772834640058769118e+00
-7.679658861072100606e-01
-1.750601987191311437e-01
1.915282098109772235e+00
-3.066330992388639487e-01
1.209184029314034348e+00
9.284887060299045203e-01
-1.672839775576753230e+00
-5.383333149460103328e-01
-1.469832953033236578e+00
2.775897201073984633e-01
2.281394425926599467e-01
1.143034885074230900e+00
1.706776233350293381e-01
-1.477006732458134852e+00
-1.703509652271913311e+00
-9.695197017667815942e-01
1.546201216493479080e+00
4.231689584839202212e-01
1.238249224086295008e+00
4.373984407310302913e-01
-5.845160136114708749e-01
1.063083514860013068e+00
9.521449833367601201e-01
1.425240564142640665e+00
-4.386368536425599984e-01
1.081078534527087243e+00
-1.121886987473229347e+00
-1.011422079362493953e+00
-5.542981405834268571e-01
5.066771705071504428e-01
-7.239453604158372357e-01
1.647546213301801288e+00
-4.843571688051540036e-02
2.632544721455296610e-01
-7.001894290014050171e-01
1.247670792113045657e+00
-1.229342729777519239e+00
-1.260098621641380756e+00
1.116185571033788904e+00
-2.019104453125627252e+00
-2.280885856074945650e-01
8.386907865286241659e-01
-2.042625659071407362e+00
-2.469492786330436118e-01
9.461158411018057990e-01
1.288477339679856115e+00
-9.072596764949150128e-01
-8.918400203650698188e-01
8.914900977836559548e-01
-9.332710273267590395e-01
1.448031172921906418e-01
1.184788049647941044e+00
1.341610020826409233e+00
-8.655288413894481891e-01
8.436311939241232238e-01
-1.280749259692082198e+00
-1.372070958297500365e+00
-1.771283759804411773e+00
1.743916565227751292e+00
-5.451800332553755624e-01
-1.229279791422150936e-01
-8.145717367035718581e-01
-9.564381636560170818e-02
1.192610288272383023e+00
1.663344581117912391e+00
2.272139841319740228e-01
9.762079088670514437e-01
-4.923719264420487463e-01
3.604478181594412689e-01
1.549289974485480670e+00
7.162348594886767117e-01
4.289881687823164924e-01
-6.960800913483637942e-01
8.438711809012122700e-02
1.418295031076000967e+00
-1.517120989237839002e+00
-1.959265768600549684e+00
-4.588604762605719145e-01
1.099164354503701091e-01
-1.670308470228374365e+00
-2.058127830265119584e+00
-5.358012624787997780e-01
-6.519073569725613027e-01
7.202228293612931154e-01
-4.098310259856443594e-01
1.175170368507679974e+00
3.288925446746500114e-01
-8.526642829809212287e-01
-6.771786214526995806e-01
9.081760237415625880e-01
1.835383126128418141e+00
-4.425229448641418983e-01
-1.213348033081253607e+00
1.664625251878978140e+00
-6.307769061423540435e-01
-7.535280999329199147e-01
4.111737162349085040e-01
-7.728264239668893865e-01
4.997579963922120783e-01
1.298092640720291513e+00
-5.488625892259548777e-01
-2.571716891334929755e-02
-3.794433635517542314e-01
6.498984363570077250e-01
-1.106640430717234835e+00
1.059101092057686877e+00
7.693704561281613508e-01
-9.508785388294942464e-01
-1.888344543687491495e+00
-7.907152071388505732e-01
9.803460914460071507e-01
-3.026046297965301335e-02
-1.730269564062385967e+00
1.823844476046666330e+00
1.114329152373127130e+00
1.838421958485549013e+00
-8.150040435941177108e-01
-4.949742308727982376e-01
-1.513728797657749148e+00
-5.541112609653975341e-02
-1.323236027368024370e+00
1.517893022389955604e-01
6.291373553267742835e-01
4.346604117285393087e-01
-1.277211781524521417e+00
-1.050572030281408331e+00
-2.345250785242978253e-01
-9.814038372182469772e-01
8.965484713282450002e-01
-5.615065995539705312e-01
1.563402051691626937e+00
7.448861020212493855e-01
1.195692938710799069e+00
-1.059434246190544382e+00
-8.315444407745760103e-01
-3.325135163501915514e-01
5.597025491393905483e-01
3.204667610635238972e-01
4.044061775144678350e-01
-5.012271306379405544e-01
-1.621890280995599287e+00
-3.786941475943539359e-01
1.847228394651647676e-01
2.712334169868988454e-01
1.450953909793204488e+00
1.731126397607339662e+00
-1.128268670845944843e+00
-1.798988764474056534e+00
-8.100575469261022121e-01
-3.058114166815668611e-01
2.837769295414442894e-01
-6.992778641315302579e-01
1.673300693258670258e+00
-1.795735899804523861e+00
9.016084178316212672e-01
-1.787628256638591484e+00
6.060600412805463577e-01
-6.662001371024022234e-01
1.941108965711361378e+00
-1.684421715253999530e+00
1.366415239228540912e+00
-1.406415882245609872e+00
-9.352019029359883717e-01
1.555417107377884633e+00
6.124946157253603474e-01
3.137218107220913765e-01
-5.495931768718129717e-01
-1.319933565357217731e+00
-3.395825316534866189e-01
-8.523249804166805887e-01
-4.260834855105537500e-01
-3.199576338601657355e-01
3.774688469493439058e-01
-6.753119398570897047e-01
1.551837174988577317e-01
1.504555565433434161e+00
3.714602825356374538e-01
8.344277724790662987e-01
-5.902555168315561929e-01
1.022558994003222033e+00
1.513859559111288000e+00
-4.346339758036421586e-02
-5.287085039506305151e-01
8.536939553271949421e-01
1.814976912047048252e+00
4.698347705059813251e-01
8.459465210337588914e-01
-2.167629913062540936e-02
-8.468077288868851582e-01
-5.259228798492117107e-01
-8.334877117728849427e-01
-1.514129288884440871e+00
-4.618425451693521921e-01
-3.658352826245243605e-01
-5.408237209181798733e-02
7.207116744670196695e-01
7.887908430627863510e-01
-1.877303362907386308e+00
-4.349902158674723296e-01
-8.471719049134467383e-01
-1.194116403519065450e+00
1.708648589583500410e+00
-1.059424023727895570e+00
-1.676201579652205620e+00
1.386647510451521903e+00
-1.463615131925264379e-01
7.887497890750747587e-01
2.059628589557611633e+00
-3.097706450536454881e-01
-4.769144059379932798e-01
-6.863216085225811725e-01
-2.500887365594817169e-01
-2.534831909178070219e-02
-1.065968805081162873e+00
4.988101215470361893e-01
-1.689679675754568677e+00
-1.079444923855929162e+00
-7.336053491891227907e-01
-7.197418387589564759e-01
-1.452739289400917233e+00
3.353896942804741599e-01
8.824557040180378564e-01
4.347817181304645118e-01
1.004526409628160977e+00
-1.927516353721628661e+00
-1.344155260026873133e+00
-3.842375364927494985e-01
-6.254387615195620143e-01
6.309269646855417690e-01
3.174077406575603888e-01
-1.196013173950110087e-01
-3.446473086523678120e-01
5.772594741437462318e-01
6.841713198143404284e-01
5.381868848901669722e-01
-1.934165364929905095e-01
-1.192710492899506036e+00
-7.836721497842393802e-01
-1.278148553847922031e+00
-1.557931164182824624e+00
-1.586286092672055670e+00
1.920809446080967930e+00
-2.986407757366809079e-01
1.323436768790427820e+00
7.762792475295299255e-01
-4.994770699033992400e-01
-3.218233691349325909e-01
1.679638083684158900e+00
-8.630964568283152616e-01
1.096399063827886877e+00
7.392370743232294927e-01
8.677207094473882165e-01
-1.603255734178423708e-01
8.535886346141188241e-01
1.319875425393945534e+00
-1.860066427264265521e+00
-8.761457033309669740e-01
9.887572637678214704e-01
3.917688527236009577e-01
4.489330924584749027e-01
3.844085262458651897e-01
-9.150500078442735941e-01
7.907990451481516914e-01
7.354379817028222632e-01
1.008063002427316057e+00
-3.093670137942154952e-01
-1.615569479916940221e+00
-3.735898342050454346e-01
1.597843067592593869e+00
-1.836062398131774742e-01
1.306934688987757553e-01
-1.237207734785934488e+00
-2.683306244468708357e-01
5.679670562521632604e-01
7.529961172319596940e-01
-5.306421876683318217e-01
-1.038593198755353164e+00
9.645541704970099772e-01
9.604956156903625697e-01
2.582704556920152328e-01
-2.946301890085356590e-01
-1.490912228643871629e+00
-1.449702411528639434e+00
-8.503019458500995498e-01
1.335354845342900276e+00
2.112733894280713898e-01
5.152952352794493152e-02
-7.576753460936833662e-01
-4.528388443232858052e-01
1.502597204467221559e+00
8.216414249825776395e-01
1.729160250210202143e+00
-7.280663266600395644e-02
1.018547196657261011e+00
-7.619439730060939553e-02
1.610146463077914980e+00
-1.335387364112374797e+00
1.883050318753718422e+00
1.648481941208546075e+00
-7.401929547089487471e-01
5.777679953950638492e-01
1.716377596440668007e+00
1.400200653474287016e+00
-1.605013460496103050e-01
