2.298000000000000000e+03
9.490000000000000000e+02
1.229000000000000000e+03
2.500000000000000000e+03
1.950000000000000000e+03
3.291000000000000000e+03
3.353000000000000000e+03
3.338000000000000000e+03
3.328000000000000000e+03
3.348000000000000000e+03
3.297000000000000000e+03
3.357000000000000000e+03
3.341000000000000000e+03
3.157000000000000000e+03
3.343000000000000000e+03
3.049000000000000000e+03
3.424000000000000000e+03
3.383000000000000000e+03
2.538000000000000000e+03
3.406000000000000000e+03
3.345000000000000000e+03
3.315000000000000000e+03
3.334000000000000000e+03
3.405000000000000000e+03
3.285000000000000000e+03
3.400000000000000000e+03
3.387000000000000000e+03
3.375000000000000000e+03
3.307000000000000000e+03
3.389000000000000000e+03
3.350000000000000000e+03
3.387000000000000000e+03
3.337000000000000000e+03
3.346000000000000000e+03
3.329000000000000000e+03
3.325000000000000000e+03
3.387000000000000000e+03
3.438000000000000000e+03
3.356000000000000000e+03
3.347000000000000000e+03
3.394000000000000000e+03
3.351000000000000000e+03
3.259000000000000000e+03
3.273000000000000000e+03
3.338000000000000000e+03
3.305000000000000000e+03
3.384000000000000000e+03
3.353000000000000000e+03
3.231000000000000000e+03
3.354000000000000000e+03
3.432000000000000000e+03
3.257000000000000000e+03
3.267000000000000000e+03
3.351000000000000000e+03
3.348000000000000000e+03
3.259000000000000000e+03
3.336000000000000000e+03
3.356000000000000000e+03
3.359000000000000000e+03
3.272000000000000000e+03
3.311000000000000000e+03
3.216000000000000000e+03
3.285000000000000000e+03
3.228000000000000000e+03
3.374000000000000000e+03
3.248000000000000000e+03
1.774000000000000000e+03
3.395000000000000000e+03
3.351000000000000000e+03
3.337000000000000000e+03
3.408000000000000000e+03
3.251000000000000000e+03
3.274000000000000000e+03
3.241000000000000000e+03
3.363000000000000000e+03
3.316000000000000000e+03
3.292000000000000000e+03
3.220000000000000000e+03
3.400000000000000000e+03
3.401000000000000000e+03
3.346000000000000000e+03
3.338000000000000000e+03
3.292000000000000000e+03
3.360000000000000000e+03
3.313000000000000000e+03
3.438000000000000000e+03
3.338000000000000000e+03
3.368000000000000000e+03
3.231000000000000000e+03
3.287000000000000000e+03
3.364000000000000000e+03
3.274000000000000000e+03
3.279000000000000000e+03
3.408000000000000000e+03
3.314000000000000000e+03
3.247000000000000000e+03
3.430000000000000000e+03
3.297000000000000000e+03
3.329000000000000000e+03
3.241000000000000000e+03
