-4.963313901004422490e-01
-6.796376100995793479e-01
1.016014494256771705e+00
1.129890625530098447e+00
-9.446901278559218795e-01
-1.643311283737126871e+00
1.064028487527661326e+00
-2.827055638772832502e+00
1.461727404596295798e+00
-1.114521833219394686e+00
1.475564855803563447e+00
-2.193931075113271234e-01
-5.875097884013902316e-01
1.928875676130029859e+00
1.100071862674148804e+00
1.995170322635178906e+00
-2.090588841689693389e+00
-5.152989208378917496e-01
-2.636743160676067177e-01
8.428719721436550572e-03
7.186038928675291260e-01
2.637013063403667701e+00
-9.771570185869773439e-01
-7.043322387418751163e-01
3.034558524311172789e-01
1.499176727750503701e+00
-8.039234334661324866e-01
5.388712681720218001e-01
-2.643313780239235911e-01
-1.383747565076518526e-01
-1.420633782244716592e+00
-3.296467389707515849e-01
-1.202762030363775381e-01
2.858279173486071301e-01
7.528953413579149156e-01
4.510384484099203561e-01
1.047715944081028638e+00
2.162194057617213616e+00
8.361578393142110599e-01
-8.554812305695902452e-01
-2.364886673123562488e+00
-9.741184561851721213e-01
1.205185495708510857e+00
-7.815838728547506165e-01
1.730540680470977755e+00
-7.759565693780654527e-01
1.072949368320774255e+00
1.913466996500003958e-01
2.541438912471662981e+00
9.016064580497324954e-01
6.822962119122699676e-03
-4.615372897978513578e-01
-1.203428883020751350e+00
-9.542969112484307459e-01
3.950214417173389947e-01
-8.844112180193484107e-01
2.571414882547538028e-01
-1.381428534890427606e+00
1.256506647843788294e+00
-7.245088596014888083e-01
7.122519608627886356e-01
-1.940536161617831823e-01
9.364056484637570676e-01
-1.052995160784481854e+00
3.509294335026797995e-01
2.030522227334119023e+00
1.471083898990768191e+00
1.280823333703735578e+00
-2.045851345893087370e+00
7.932216792325021970e-01
-1.768536111006348222e+00
3.917152318430261460e-03
4.937537878197417740e-01
1.477634521901347142e+00
-1.759065103531487484e+00
-2.090302934503811549e+00
7.173087057597893335e-01
1.378351790576402891e+00
1.443644574855165175e+00
1.712548587081032636e+00
1.772918661497802084e+00
-2.007462030454147950e+00
4.211768521096264095e-01
-1.851852818683237256e+00
-1.004445800151073875e+00
-1.811949540145020521e+00
-4.177459273319712452e-01
1.619007347628206084e+00
3.016010715162522615e-01
1.624688924192674300e+00
7.294854494638371989e-01
-2.690201788296495256e+00
-2.594763892606619216e+00
-2.510335468981442109e+00
-9.575342964246047472e-02
-2.228916252580149582e+00
7.122165213012774387e-01
-2.089877798611562199e+00
-1.201183579456177597e-02
-2.227684326799682424e+00
-2.555385465942023870e-01
2.657569910482937559e+00
2.918625028260657395e+00
1.580167464887411555e+00
2.021949563777267755e-01
5.317647278854895632e-01
2.466669148526161592e+00
-2.323740240151495051e+00
-1.564155015072435262e+00
4.965741775761891574e-01
-8.605400345167897314e-01
-8.810044169610495857e-01
-9.447253843891099123e-01
-1.386801244740790029e+00
-2.203415323197537301e+00
-2.058924375840440746e+00
-2.105259794034461951e+00
-6.614420679485490950e-01
-1.529566797870939965e+00
1.752167377220797739e+00
5.926366153594990749e-01
-1.193867405676364957e+00
-7.576332053723984217e-01
-4.920893127100747222e-01
1.410340378730129629e+00
-1.443466490232858668e+00
-4.526777894913545097e-01
-1.383192658560099098e+00
-6.830844450969077997e-01
-1.298585427152226579e+00
1.655099590543488652e+00
6.932379682111822206e-02
-1.637956252162219073e+00
-1.090138712919033193e+00
-1.929924082342964198e-01
1.651374551567498017e+00
-3.342187902804258925e-01
-2.133834571519641621e+00
-1.938059123498410585e+00
-1.651381238158218245e+00
-2.393372385193367258e+00
-2.132648078902423805e+00
-2.701191712944337020e+00
1.703494828713042253e+00
-1.953029354038040566e-01
-6.160149473491580707e-01
-8.114485031108022994e-01
3.900164549869566954e-01
1.494771063056008487e+00
2.444986179635303181e+00
3.049876567680875894e-01
1.876599453659284933e+00
-5.604894171724641438e-01
1.617327088035279914e+00
3.484255398884847921e-01
1.478686925159465204e+00
-5.466916894216486966e-01
5.392240736608187035e-01
1.478145323452304538e+00
-2.314503253555843632e+00
2.552390080999908939e+00
-2.535597830836241684e+00
-1.664188000560644642e+00
-1.686473710937388404e-01
1.113601859912940029e+00
7.416321186163088441e-02
-2.303748663950404563e-01
1.176482188196327883e+00
2.982722408481972565e-01
8.612459366203957245e-01
6.847794084139682269e-01
1.348132905088620603e+00
-1.584212958087818812e+00
6.294730225808287116e-02
-2.629253941374896542e+00
-1.360583174692424180e+00
1.842235828451537216e+00
6.926354080416370351e-01
-1.642862867653089864e-01
-8.299880163048589665e-01
1.297390913092541176e+00
2.511260784632178833e+00
2.088272186192732249e+00
-2.203831136384214240e+00
-2.245002026605371626e+00
-2.395254149229346652e+00
-1.000927287213555950e+00
-2.263930642001801274e-01
-4.237318840699249023e-01
-1.246971851021552169e-01
-6.305251081526570545e-01
-2.688242603748687287e-01
1.010631516188115420e+00
-1.533626826165051416e+00
-5.173132524815473587e-01
-1.041295459124013334e+00
-8.164603281440214744e-01
1.392013493295571003e+00
2.706131381746609499e+00
2.072937754522413911e+00
1.137834785628962564e+00
1.059524480231791799e+00
8.679100976037439352e-01
-2.243124715644135847e-01
3.870728391184155015e-01
-8.533115844355600998e-01
1.401557647698298048e+00
1.630819677335617612e-01
2.733449892673792903e+00
-1.177237421443670051e+00
6.839116875654340788e-01
-2.841991248299756911e+00
-2.116117102680388218e+00
1.825586692894368923e+00
-4.871600527632775623e-01
-5.172629016535266189e-01
-2.018663153519693054e-01
9.157642599132067573e-01
-1.653697324166012450e-01
2.200527922109072776e+00
1.447971834383979584e+00
3.746236022077873429e-01
-6.756132446045830520e-01
4.735745451135819906e-02
-5.480911088606639225e-01
5.596843024560094193e-01
9.873652030248960543e-01
6.643015658072926044e-02
-1.564356322211308825e+00
-2.367235665500790454e+00
-6.494957178057418901e-01
-2.033679262126367959e+00
-2.090080759995611714e-01
-1.291807973168859203e+00
6.704047661598266927e-03
5.538066641431482751e-01
-2.149941730067398638e+00
-1.051297311318312389e+00
-8.231436757980334917e-01
-5.570360485724661359e-01
2.064429169415872067e+00
-2.051728032002269497e+00
2.951230047706010495e-01
2.883862157381766878e-02
-3.546651996182337285e-01
7.089938495153624842e-01
-4.830510512201486861e-01
9.547982614946191049e-01
6.055245499271277865e-01
-1.687257265017476637e+00
-1.047678131437921767e+00
-8.351063225206249996e-01
-5.242577969379063063e-01
-1.390485675147494771e+00
1.165296022117196628e+00
-7.599228379242566334e-01
2.885175137720008109e+00
2.418823470083659721e+00
2.423079673464511252e+00
5.138495120247625891e-01
7.466770637224318108e-02
1.296287405451266750e+00
1.081111538713315667e+00
-5.002545303581928948e-02
-1.818121655195089836e+00
1.636385501763396810e+00
-2.306094032158541030e+00
-4.222983389545724719e-01
-2.401429207317711700e+00
-1.360825867912165421e-01
1.676864518897366096e+00
-1.175877276734683896e+00
-2.517402110893964817e-01
5.213837970823860246e-01
-1.798079200267808098e+00
2.773194134409867395e+00
-2.598841495752532982e+00
1.134976475285566444e+00
-1.747608472527492296e+00
-1.081204520704317940e+00
1.140363468834506122e+00
-2.741639622636830254e+00
-2.418856388591005491e+00
7.683774137671859350e-01
1.220491114042827618e+00
1.091055545737051879e+00
8.661001770008178724e-01
6.469022792411145417e-01
-1.532764689850641737e+00
-2.743570695867880715e-02
1.742547821239871730e+00
8.194605956290059723e-01
-1.100361649910158945e+00
2.199408034785591326e+00
-2.225563189498004135e+00
1.211575714785882774e+00
-6.224595044977476732e-01
2.597703491299777845e+00
-1.478771295966943011e+00
-1.363672489761750484e+00
6.012306909954192591e-01
4.769520092933179356e-01
-2.080425142531571403e+00
1.113650706834138582e+00
-9.250200938574835163e-01
4.254732403444982936e-01
2.020509428805881136e+00
4.588922667756714091e-01
5.313438926431279796e-01
1.845972339078461033e+00
-6.433606327357122012e-01
7.250562405072020766e-01
2.132849686604673778e+00
2.349244425360556221e+00
-2.253591828237554218e+00
-1.890386416249176804e-01
1.017406693768610815e+00
2.620234768629138955e+00
9.509880057474244808e-01
-6.029107827822262067e-01
1.142563802706008325e+00
4.145968153602739292e-01
6.968418974452550430e-01
-1.042515641313510599e+00
-1.372770610510553269e+00
6.551905260703252409e-01
-1.828214056893112449e+00
1.284950057399337098e+00
4.512989402285931817e-01
1.936253353145084510e+00
6.333055788532053754e-01
1.408958609030407594e+00
8.757240202187297484e-01
-1.490582978559764626e-01
2.687939466100464081e+00
-2.668194052020156359e+00
-1.752235809569913538e+00
1.751904856408277311e+00
-1.611301481308036632e+00
-1.145381464474960254e+00
-1.588111691840392581e+00
-1.763225218762116686e+00
-1.133156761491029840e+00
2.716813191355935686e+00
-2.452769944610176722e+00
9.176239718871261886e-01
2.167316591349010224e+00
1.898940361594720905e+00
5.445236647105833327e-01
-2.902587824876212252e+00
2.276309571730017467e-02
-2.171694169717177658e+00
8.555390527192159311e-01
-2.015809212975357312e+00
1.435897763171549713e+00
2.565680205922347135e+00
2.252668881403179668e+00
-1.383496426565810289e+00
-1.291123824636348782e+00
2.070711603237844756e+00
-1.450328253880313945e+00
-5.145181046214331033e-01
6.480496292201625153e-01
-3.353440505117131210e-01
-1.415584440160074564e+00
9.561720750286015758e-01
-2.339994870494831680e+00
-8.413236869938236495e-01
1.535779381097254870e+00
2.041688220858959291e+00
5.211664967531550730e-01
1.244264540543261077e+00
1.543436165347041644e+00
-1.199513098193834892e+00
-5.995563061233220026e-01
-3.238495142579447261e-01
5.559014800336150586e-01
2.115591008737917278e+00
9.397987093592439223e-01
-6.230605931380681639e-01
-9.778165411223760373e-01
1.914352075685162191e+00
-8.110801511212386572e-01
-1.862210968264096600e+00
1.068273176275993386e+00
4.274881968799419951e-01
2.047050351925453704e+00
6.047338921211675711e-02
2.464006441954315285e+00
1.231558245163566490e+00
1.361315364828269203e+00
-8.343444648529034779e-01
-2.845884653185315916e+00
8.296969004300080996e-02
2.008202154856059352e+00
2.313590965008920364e+00
1.431703498058216617e+00
-9.251973762457383899e-01
-2.629190400648386827e-01
1.806142801108037155e+00
-3.372424317704165730e-01
-1.724261984678323145e+00
-1.081452431661116709e+00
2.568208367031701300e-01
-1.136309911281365714e-01
-2.253082715372609623e+00
1.195563295156318873e+00
-1.965081124360503750e-01
7.695223615025454933e-01
6.807200746771719935e-01
-1.751176885857983478e-01
1.322289841824694889e+00
2.595170770790407033e-01
8.156199510297241773e-01
1.434712834510140311e+00
-4.745989058797057680e-01
-1.669813101975269554e+00
-2.605143253910209289e+00
-1.800514124306982211e+00
1.861449188124134402e+00
2.165663794938264886e+00
-2.414209126542687489e+00
1.575665127720369263e+00
-2.881472597977768224e+00
8.543496044769227638e-03
2.221927214052724864e+00
-1.623185124482706687e+00
-1.073783916847829811e+00
1.221408855426886930e+00
2.962144881694417364e-02
-1.112495139479472428e+00
-6.062736124502636770e-01
3.524879404480145695e-01
-1.442801789310861338e-01
2.394443811050353865e+00
-3.243108870208590844e-01
2.669600699218611872e+00
2.392117666987597424e+00
2.651048296473565991e+00
1.845552097728653251e+00
9.260278848589642564e-01
-2.543544998974760940e+00
-5.516140525242727577e-01
-1.259986505080620489e+00
3.446711487949993824e-01
-7.482393841141909974e-02
-1.273733263841974050e+00
1.409985723274864711e-01
-8.097354108196483935e-01
1.953640167938223371e+00
-2.275513447413360701e+00
2.278618356729077199e+00
2.860413973327782244e-01
2.417940524316204431e-01
2.614375263127683979e-01
-2.470963511155066961e+00
4.847974436176016866e-03
1.544298078259714657e+00
1.315707222714088687e-01
-2.031758841616771782e+00
-1.926114336948026917e+00
-1.609536072488325864e+00
-5.518401845936526939e-02
7.732929576933900151e-01
7.163413329124734830e-01
-8.579914285662146867e-01
-1.123125126909219063e+00
1.431535565783415898e+00
-5.878176829225534306e-01
-8.409410013573994647e-01
1.081097150147475539e+00
-5.281844907915091980e-01
1.111036838015410311e+00
-1.583300790851909223e+00
1.480383891625987047e+00
-1.409815862265714870e+00
-1.493516797474581548e+00
-1.516009688109472897e+00
4.260625509478384032e-01
-8.100267856693932345e-02
1.353056831718324915e+00
6.307066023638263630e-01
-7.683384895696843131e-02
-1.018146064044867405e+00
-3.677048462248775351e-01
1.233620713544207881e+00
-1.459279810371528541e+00
2.337826448242957156e+00
2.254650662223196989e+00
-4.113682061483618924e-01
1.848343929324269830e+00
-2.522834049058290340e+00
5.639907735207660977e-01
1.428853618195642383e+00
1.677122037331932880e+00
8.286598916682210714e-01
-1.537524449872798016e+00
7.864122014854473264e-01
2.805692488687563824e+00
5.157168623635062232e-01
2.444828312924119729e+00
4.097720384500203039e-02
-1.019204465261989156e+00
-1.748529758731438566e+00
1.881834282760193489e+00
-2.130307073398427509e+00
1.894866917954095342e+00
-2.238626408399291279e+00
1.339390009990520269e+00
1.336829558969730769e+00
-1.563667397277781923e+00
1.747333300274390488e+00
-1.965573979208987687e+00
-2.855362259321765350e-01
1.566690802489924650e+00
-7.702080051240631775e-01
9.722585441672562112e-01
1.087285661763994327e+00
8.303909505452171658e-01
-1.168035010632859194e+00
-1.522378234750264347e+00
2.112806945241752388e+00
2.436957776833146738e+00
-2.748627422612683446e+00
6.011298991355653598e-01
2.200582711971684979e+00
-8.578730790074864387e-01
1.829744145174326597e+00
-2.746509919901110042e+00
-9.136267185944770830e-01
-2.567489306588877085e-01
-1.242113264010864526e-01
-2.485118043265362786e+00
1.773557968273030916e+00
-1.881724066436645249e+00
-1.022418349011346095e+00
2.308205910518037030e+00
2.403047347979237358e+00
-2.938318539523425699e-01
8.486079654925271498e-01
3.541895259252036965e-02
2.545295566302970158e+00
-1.000164957855364634e+00
-6.650157433850303335e-01
1.191521536508597379e-01
1.125399099789251345e+00
1.836546402671102030e-01
8.289299308745778916e-02
2.485093829751203742e+00
7.187920124193389881e-01
5.972048541203545113e-01
2.293656126200755985e+00
5.883737056439120039e-01
-9.431432477332393205e-01
5.078585795319900953e-01
9.024834717963239328e-01
-4.488691258637089732e-02
1.916717887922977148e+00
1.209638127361715831e+00
1.880165978527217341e+00
-2.655701867923987436e-01
2.672061539456315415e+00
-4.532086429081791934e-01
-2.008525705224253333e+00
-1.601323804624819047e+00
-1.469847229727203608e+00
1.048218725114050898e+00
-1.816162383517943013e+00
-2.011239226852499229e-01
-4.569642362922490264e-01
2.873228780235415059e-01
2.193302209701847971e+00
1.243999871504570365e+00
-1.807979167799580011e+00
1.474248204764460723e+00
1.134833191855557644e-01
-1.594648168798601162e+00
-1.156297732943507572e+00
4.017881189812380072e-01
1.557382111176638162e+00
-6.432808827327081147e-01
5.612391155451268432e-01
1.408898516415170832e+00
-2.165560323271364496e+00
4.194585635206662388e-01
-4.846599714984041185e-01
-2.573488133679433965e+00
-1.839480226723547496e+00
3.513708234172518985e-02
1.748776504731555548e+00
6.791751849969855925e-01
-1.591338712712655479e-01
1.343517719531519106e+00
2.401389944957131206e+00
2.510872286572221057e-01
-9.341916441148905292e-01
-9.187695104921642653e-01
-2.605784040705803051e-01
-2.040546632849000286e+00
1.039701172885206581e+00
-2.259531102364411570e+00
-2.563064014572372429e+00
-1.397768406291390875e+00
-2.438141390227575034e+00
-7.764819425946338782e-01
-8.590907868400838865e-01
-6.769587300087378523e-01
-9.858076653342386919e-01
9.745370077092889716e-01
1.110466311695269326e+00
2.530435353573309953e+00
-1.736650524332530310e+00
2.098366715067596644e+00
-1.388536492669414812e+00
-1.454531373688083384e+00
2.763271853461402472e+00
-5.620118067526540528e-01
-9.283743431756867892e-01
2.437210627636590132e-01
-2.496815557670068575e+00
-2.645604230580627103e-01
-1.422032428255077363e+00
2.226344658219830741e+00
-8.242036260069802722e-01
5.393946713262121051e-01
-1.114053442587517040e-01
-1.476142546151991475e+00
1.308171424437450270e+00
-2.713306487909508569e+00
-9.276293664974053499e-01
-1.059606892858094174e+00
9.884695307389854690e-01
1.141079327725091908e+00
-1.653365662438508910e+00
3.259723893656509830e-01
3.785327014884254382e-01
1.117721463949412630e+00
2.701036971856895619e+00
-9.018940294112507416e-01
-9.550017884830364068e-01
-1.393298060262483595e+00
-1.877347359855223718e+00
-2.742227856030303723e+00
1.280445983150453770e+00
1.818505910399855985e+00
-5.825630572606552704e-01
2.199916529359624562e-01
-1.939875003746609483e+00
-1.560368073960404445e+00
-1.040201113139808786e+00
1.460597628554696215e-01
-1.720724117652671303e+00
1.671645006121742938e+00
-4.272953917349733288e-01
2.779497535442265743e+00
7.088391916038396801e-01
-1.238173868441510450e+00
8.687542205028231379e-01
9.553510355455498981e-01
-2.101386225595593960e+00
7.222064134304755356e-01
1.272108524204042190e+00
-1.398997363645486658e+00
-2.687087003992679080e+00
-9.615304583892454460e-01
-2.076540120355392816e+00
1.732115144719989175e+00
2.612387362143048009e+00
1.130605261276304674e+00
1.308636096858000641e+00
8.876536538008847899e-01
-1.356632324788688670e+00
2.980087550106382821e-01
-6.954277375861037669e-01
-2.455518281798455327e+00
-2.086246923939980569e+00
7.275077041993576188e-01
2.485352656142801209e+00
-1.044459721507351446e+00
-1.563268257445002085e+00
-1.018033149112216318e+00
1.903299348642338629e+00
5.644816143279314247e-01
7.615169377203105938e-01
9.351098138025113471e-01
-1.909129126521917907e+00
-6.875205329414137978e-01
-9.893628957969538007e-01
6.676510795866619219e-04
-5.110087040870325836e-01
-1.938640913672355470e+00
1.217236689942327033e+00
-9.054075550984652665e-01
-1.231146742142069428e+00
-1.159775693728399837e+00
2.826987247404424863e+00
-2.258139619416065003e+00
5.563834150189217453e-01
-7.421688764844436292e-01
2.634177253352268266e+00
-1.361965987217970131e+00
2.222273813465953651e-01
-3.819315871910990978e-01
1.246579405987042755e+00
1.341135972793762399e+00
5.277006861668329663e-01
-2.128319617728621438e+00
8.090051074198445491e-01
1.912161771419432554e+00
-1.636647393457231203e+00
-9.621140908082814747e-02
-2.327806838215559004e+00
7.764242820575786297e-01
1.501425207295410402e+00
8.110149441262750614e-01
-2.939020025742520303e-01
-7.354985397089164323e-01
-1.455420049243052460e-01
1.618005824227699563e-01
8.737192936338455951e-02
-2.646590091239167108e-01
-1.824530725382106588e+00
-5.220280220518072056e-01
2.219621019783302174e-01
1.398584088450399499e+00
3.564606742047793375e-02
-5.450836126400293580e-01
-2.343676907003614751e+00
-3.097912613500390933e-01
-7.555040308191376397e-01
-1.065914614611960687e+00
-1.105776240466680438e+00
-8.411403906444334666e-01
2.865227044791341271e+00
1.605498500075955626e+00
2.108279924666286220e+00
-3.090709873375887540e-01
-2.547426647147990497e+00
9.011661098458638719e-01
-4.306991198626475281e-01
1.229842796402732752e+00
8.944423085119641570e-01
1.884104717642825833e+00
-2.490198928959327596e+00
2.475122182786588354e+00
-2.613740816607752482e+00
2.393095164787251150e-01
2.151529276661832135e+00
-1.240507198670295352e-01
-2.927245295625855448e-01
-1.463058103872239890e+00
-6.832016795843411927e-01
-1.246667609504878982e-01
-1.840084668340087326e+00
-1.241283629712354841e+00
1.565905122576024766e+00
-1.298712244571095020e+00
2.051962287586482248e+00
-1.829979611676411544e+00
-3.438459458935980706e-01
-4.988663549200218483e-01
-2.001114500059992807e-01
-2.429067830855586863e-01
-2.753880186510213157e+00
1.211498472216433697e+00
-1.728917571234403816e+00
-1.886006034438084455e+00
-7.475897513803637651e-01
-2.072093464297852794e+00
1.827363258878380137e+00
9.474771187340031986e-01
-1.298829524911517819e+00
-3.186777557195936694e-01
-2.516786868720616077e+00
-2.394552134359654083e+00
3.088864003736668806e-01
-2.624285143161817491e+00
-1.888175642550846689e-01
-1.765004829963245925e+00
-1.963655269252605251e+00
1.873273747010321344e+00
-2.588172408880868414e+00
-7.772533080694170593e-01
-5.948889474898386709e-01
-6.565887840407231835e-01
1.865927982343805525e+00
-1.563882345472773494e-01
-1.071458206370403232e+00
-2.659183900643824039e+00
3.271270401778565429e-01
-6.687250500662162978e-01
6.664017224192120281e-01
-2.261255563856702899e+00
-1.817755808956844632e+00
-1.688711436658732801e+00
1.332860412177686804e+00
-2.751711802341033852e+00
-1.166729929081840034e+00
-5.421274382304108741e-02
4.393760978620608881e-01
9.856185735643085977e-01
7.861390308675462180e-01
-1.853971705524132041e+00
1.341530905555298858e+00
1.636030996292287654e+00
-2.109430765789912066e+00
-9.494479278738046091e-01
1.443491705712601103e+00
9.529195527882201588e-01
2.766492878538173272e+00
1.834911607507804021e+00
1.545902489042804362e+00
-5.818887569116002467e-01
1.641666816459466993e+00
-1.023567331930153035e+00
7.132215173353149140e-01
-1.093846787350947647e+00
7.728588551155581854e-01
-1.101597786821648661e+00
-1.035998955891747730e+00
-1.275596611895894128e+00
-1.708671164002621978e+00
-1.855598421204462500e+00
-4.968630852489441807e-01
1.040515903878143078e+00
-5.237253935851331477e-01
-4.067326184420334556e-01
-1.001075340880621667e-01
-6.963447243313698465e-01
-8.708228341444490539e-01
-2.004578428466725626e-01
-2.382790791989759516e+00
-1.199179016614398741e+00
-1.915593978478514536e+00
-1.986256797804463403e+00
2.624465564490465752e+00
-2.718888972800274750e+00
-3.904113927896322167e-01
1.659632113116949803e+00
-1.806191609703454937e+00
-2.036454900052869554e+00
-1.252709547623105379e-01
1.778923985889427684e+00
-2.252477601144006414e+00
2.612932025545228854e+00
9.595375198699995778e-01
2.857055977362978894e-01
1.732366149207951622e+00
-7.481333957413536240e-01
7.168418669529454945e-01
2.742325814526154204e-01
5.085414425473624433e-01
1.148355286381903539e-01
-5.898060729732703678e-01
-7.100639622830140496e-02
-4.063389114981026395e-01
6.141960272873756566e-01
2.123452171775972452e+00
1.066340886264814714e+00
-5.427413578641262504e-01
-2.060944235756013931e+00
2.426151229012143418e-01
5.490344577621648625e-01
-2.839702554391588141e+00
1.739501221866049718e+00
-1.809777131500855951e+00
2.747055137766654553e+00
-1.362446913767647594e+00
9.567269209832911514e-01
-1.515947404532518306e-01
5.829605442457808095e-02
1.385086268538805676e+00
-1.976973358065132746e+00
6.698073439053500167e-01
1.865426427111989582e+00
1.519658214493765591e+00
-1.873724148837023762e-01
-1.952891284120395810e+00
1.777370561338338817e+00
-1.001548006917466260e+00
-5.030491864766304388e-01
2.532113418316148667e-01
1.977984898377389555e-01
-1.944171769688105567e+00
3.368243868583515876e-01
-9.696694029536043757e-01
-1.382178597051071378e-01
2.372961660445298548e-01
1.985944051708147029e+00
1.753761115617892052e+00
-4.423238873457764342e-01
2.060590503598257683e+00
-1.046992728609732914e+00
4.772562976244509869e-01
-1.680739218163464166e+00
-1.573089774278624287e+00
1.649388998365775905e+00
-2.267458974169089814e+00
-2.046694186496880175e+00
1.792430355602226300e+00
2.464657995244805555e+00
-5.597514258727205316e-01
-1.286435801554983271e+00
5.494221533727428053e-01
2.186261827823539505e+00
9.601863970739135112e-01
1.408543493385295164e+00
1.734428297123375984e+00
-1.325842007238053899e+00
-1.231788402102557356e+00
1.491310258833095759e+00
2.243751931178310954e+00
1.064904641619250469e+00
1.680498097097578913e+00
-8.807022598475979791e-01
2.160383435166320254e+00
-7.054225641498605981e-01
-9.630612065977386393e-01
1.287762253114140165e+00
7.050497777462272353e-01
8.363973381686502506e-01
9.458479688615630820e-01
-3.006164022140147551e-01
1.023885943833460210e+00
2.264142486467694226e+00
2.274915567393574811e+00
-2.401480853395718817e+00
-5.079065223325631706e-01
1.115037372116312042e-02
-3.429254956428025025e-01
7.678475102635751171e-02
2.762094309137115289e-01
1.922834216943082097e+00
-3.256367101310173595e-01
2.626453370844458846e+00
1.322667655380405982e+00
1.648303078090447293e+00
2.354768567536123847e+00
-2.294701083759015603e+00
-3.448556832420912599e-02
2.270433785388873638e+00
-9.806999440229171583e-01
5.739024796026646058e-01
-1.625008535749816740e+00
-1.621676826754812062e+00
2.808917590898527550e-01
1.781547496960349974e+00
-6.101410679857632857e-01
1.916770313069626752e-01
1.484408510554937166e+00
-1.130795943114262680e+00
-1.239014846888291999e+00
-1.169182012306465346e+00
1.733491630993402310e-01
1.822105252551075694e+00
1.298814983025522451e-01
1.571933925321902237e-01
1.673134400318184944e+00
1.202034553549204077e+00
1.279613786157538513e+00
3.999634841463448609e-01
1.737038852837185843e+00
-8.393814335702183271e-01
1.997076355293138761e+00
2.138782170121774406e+00
-1.039819951443106127e+00
-3.638210012488940492e-02
7.867777905938098115e-01
-5.276913768239648306e-01
3.912940375635738377e-01
-2.291967126113694242e+00
-1.234342632327045663e-02
6.596613884322977128e-02
2.593084537535872869e+00
-7.133488722311751573e-01
-1.638571622043415665e+00
2.458123593379931471e+00
-1.190096917658411968e-02
-1.733189065593307987e+00
1.356883616338739884e+00
-2.029488266586220391e+00
9.654376876235328808e-01
-1.688354803633469459e-01
2.390187297207550188e+00
1.004889890035669531e+00
-1.371256857204381063e+00
1.137103117867377833e+00
-1.731842640676906075e+00
1.846274871758284419e+00
1.569336200813653548e-01
-4.355390561491399026e-01
-1.915104558579958649e-01
-1.542288829763687641e+00
-3.727662958356310341e-01
1.707561705141857900e+00
-1.986777443509598839e+00
2.141976221795251156e+00
1.525353831394040682e-01
1.599862384994230169e+00
1.231179380078834207e+00
-9.864689367772303541e-01
-1.446222329386821492e+00
-6.660141984770469037e-01
1.544307812547787151e+00
1.125152081944147398e+00
2.640677636783301807e-01
4.279439164879903501e-01
2.300174769047707457e+00
-8.730352562061129973e-01
-6.559335668352073156e-01
-1.423595800485092155e+00
6.654758571306516046e-01
2.343017157215042445e+00
1.836634319937201276e+00
2.291708834442469644e+00
1.938803359277008198e-01
-1.721502596957082964e+00
-1.202766666415353569e-01
-2.532755777327828639e-01
-1.891851494729610117e+00
1.206607130795257277e+00
2.227159545372121130e+00
9.481405194011536253e-01
-1.455430845541501039e+00
8.254839138824143774e-01
-2.721650770547872966e+00
2.408238232732098361e+00
-1.900638237761239857e+00
-1.010242092610917908e+00
-1.814402492141530487e+00
1.294039216394033964e+00
1.529368528435266938e+00
-8.331616557525300948e-01
6.356498257191089962e-01
-1.813550075884253765e+00
-7.433485640496559910e-01
5.734820139288139274e-01
-2.631206682026665966e+00
-2.292788084056510911e+00
-1.029221758423918054e+00
1.521242182627222661e-01
2.060853677336922374e-01
1.094989097182599735e+00
7.399815421390947279e-01
2.080981859754533758e+00
-1.830561941555362893e+00
9.854714361832925817e-01
-1.166245017370500570e+00
6.565847801436763831e-01
2.215344891833098018e+00
2.143698302498227903e+00
2.670236181014384869e-02
9.372819510510543850e-01
1.317248843139076087e+00
2.392878028129725720e-01
-5.188155912491039246e-01
8.267621353453638022e-01
-1.134512594557089749e+00
-1.825948482255403960e+00
-1.881592913243383958e+00
-9.061353781024026333e-01
-1.243158571919073196e+00
-5.663254292992592198e-01
6.380519847047132487e-01
-9.126127252360447528e-01
-2.230049102648445913e+00
1.956576147659125908e+00
1.089568898758523474e+00
-1.455212288572824697e+00
-2.167821756535963651e+00
-9.973679897800380445e-01
1.424326774880722013e-01
1.239998367856680161e+00
-2.594069590345882581e+00
-5.431572563965882949e-01
-2.707462222942714103e+00
1.208681406046240525e+00
-1.786237953003348977e+00
-1.094103904528418436e+00
-7.106479258013358447e-01
1.199538293134954081e+00
5.625104693209594942e-01
-1.604381021240424143e+00
-4.528785665443697539e-01
-2.285612382432339551e+00
-7.540097567060950468e-01
1.431247352738748368e+00
-4.283276658154218097e-01
1.902212994042239202e+00
1.570209168199225402e+00
-1.520132252271602091e+00
1.467380727205505053e+00
-2.129251455581988584e+00
1.686241374603722143e+00
-5.390426502339069614e-01
1.415851059843934223e+00
-1.861670753927921140e+00
-2.826081083469764721e-01
1.500285463220625282e+00
1.220801120543465679e+00
-2.446259987282219939e+00
1.803284678989312440e+00
6.965325421308694587e-01
-4.121059412682095413e-01
-1.189670808746488007e+00
-1.433059562578824497e+00
-4.828182942686423118e-01
1.865322858287276730e+00
1.003107961457835096e+00
-1.050861026308410828e+00
-4.727877730902836362e-01
-1.115640541157171484e+00
-7.653457827482075260e-01
-6.169260332664441293e-01
1.083365549208562761e+00
1.263621225401360348e+00
-7.661783865048032993e-01
-3.195403722045160322e-01
-1.990070477041121499e+00
-1.275149562023157657e+00
1.598694265173552509e+00
2.262795287288259516e-01
-2.878367675768185308e-01
-2.161442186087342954e+00
-9.454534769476250489e-01
-4.217378001023082135e-01
1.869428929014828711e+00
2.248026456076496871e+00
1.779476368705052103e+00
-1.634993996725846443e-01
1.769395767601182889e+00
-1.168766484695410668e+00
-2.883662336537209825e+00
1.557355666063296340e+00
-1.685850780573987517e+00
3.204871757858720471e-01
-1.324751430572623789e+00
8.224423994884126898e-01
1.310182867395831785e+00
2.752194410686170656e-01
1.220357221694979621e+00
1.258805590993024026e-01
7.717608328510028315e-01
1.293294636315776458e+00
2.667684183896845695e-03
-1.122988346498404510e+00
2.234242629655208923e+00
6.832929307971919997e-01
1.122172840146317796e+00
-1.232529445180866823e+00
1.998270994248162680e+00
5.549983607145847486e-02
1.662359757264034954e+00
-2.160098102171286172e-01
6.366703836955451834e-01
1.467751917828508113e+00
-4.036606385601197999e-01
9.122791344752867460e-01
-4.604384562698369265e-01
1.584965177755675469e+00
-1.960231006589401304e-01
-2.183421682998190061e+00
-1.013561695498443882e+00
-1.549490711743196414e+00
-2.856106847212855904e+00
-2.332004911366686528e+00
-1.863724252341578680e+00
1.134575257859752995e+00
-4.363508553361938880e-02
1.883470815154858258e+00
-9.872802157214852770e-01
-7.516528514155460527e-01
1.338088647791606078e+00
-1.431181617001149764e+00
-1.085471027838066149e+00
-1.416563567394354628e+00
1.009322314082456984e-01
1.355726118419334547e+00
-1.248526828173801118e+00
-1.514288045113354020e+00
-2.584694399093605988e+00
4.750314997895266345e-02
3.533214116502758628e-02
-1.516251539702805573e+00
-2.241713581952381240e+00
-1.980740157005280722e-01
1.197627724887428968e-01
2.137802046200714123e+00
2.509840601274202498e-01
6.776088718573802794e-01
5.782316844308610371e-01
-1.323053849368132084e+00
-1.661691096106284071e+00
2.329245982194105835e+00
1.111845620324585227e+00
-7.262238844931969695e-01
-2.027170169805047273e+00
-1.429600836960494004e+00
1.752015236537696197e+00
-7.096599126430938043e-01
-3.670727712552812605e-01
-2.271407972181878065e-01
-8.180199801370502399e-01
-1.229586973602152966e+00
-1.958688469539518806e+00
-2.669064296099636469e+00
1.921057794746980463e+00
1.002615636110826713e+00
3.939617359220211057e-01
8.400722852747621872e-01
9.705367203528458830e-01
-9.551444395905113183e-01
-2.174997865158901256e+00
-2.451673313613694560e+00
2.494849278602679910e+00
1.517105323614240220e+00
5.849731547140741839e-01
-2.027476239506260658e+00
-6.315136071067790624e-01
-2.463356484386775236e+00
2.125745464160051057e+00
-2.172611471723899790e+00
-9.111474999050077628e-01
1.184785117314008041e+00
1.933175814323514707e+00
3.498950648527809903e-02
-9.592823600613673563e-01
-1.139622049746607413e+00
-3.552082220719299244e-02
-1.475739193028189788e+00
-1.050838475474467071e+00
-6.357588148000523631e-01
-1.540917972135109615e+00
-1.581042967142591849e+00
1.167948972079023484e+00
-1.279714160676863610e+00
1.333786760897868184e+00
-1.648505548825629496e+00
-2.537408308785703781e+00
-4.841341290879315196e-01
-2.792945017688750031e+00
-1.825687940984439539e+00
-8.272041937513012755e-01
-1.764314047601382995e+00
-2.753603689554115164e+00
1.401618258368131364e-01
6.152378946575529639e-01
-1.789391627029479181e+00
2.437168836632324087e-01
-2.719455033052132098e+00
1.432478341059583826e+00
8.459639310820534774e-01
1.115211087862830297e+00
1.823460177623218215e+00
1.242708998394047804e+00
2.700584357482938458e+00
3.178435610795204980e-02
7.631098322892482244e-01
2.856461397509191258e+00
2.063633608536977526e+00
8.424266965550808450e-01
1.714224475809182913e+00
-6.216426237218826145e-01
6.747057828702480720e-01
-4.245764271829290948e-01
-1.886768618980045886e-01
-1.535424858850018115e+00
-6.175179458261448318e-01
2.394871920653476316e+00
3.524545441398254653e-01
-2.648845019521796740e+00
7.780159375320563342e-01
-9.488604302210834618e-01
2.117465752481476393e+00
-1.135105195017271473e+00
4.279233415755889780e-02
-1.497532723298551360e-01
-2.045432230001094087e+00
-4.158986195095719651e-01
-5.471949474617536779e-01
1.750651292899454425e+00
-1.631928326382324101e+00
1.530837283074371946e+00
-8.812568026153506651e-01
-2.194078901056015773e+00
-1.092907072590207918e+00
1.010070140334908828e-01
6.300181667229924898e-01
-1.453089392578212014e+00
-9.617207643578407072e-01
-4.506128964345350596e-01
-3.407350855634341258e-01
2.572975186000620695e+00
-2.716912102644432725e+00
5.206766891685656873e-01
1.816758785551161104e+00
5.901564026846815025e-01
-1.837312933394996683e+00
2.068800171716960179e+00
-9.000245971487785823e-02
-1.194422445830653601e+00
1.831665715140497142e+00
1.355835420139694492e+00
1.402206639133487087e+00
-1.271428245386845290e-01
2.154362374400333735e-01
1.185204605000182987e+00
2.447825165209809306e+00
-6.740761718418610826e-01
2.380282684134201965e+00
-1.505370807297114588e+00
-2.968697866961376164e-01
-1.656724641934272491e+00
1.931390993405535106e+00
6.865710609066848491e-01
-1.538019232589498131e-01
1.253273632131222115e-01
2.620670399999234235e+00
-2.411521262999785087e+00
-1.767924692569478040e-01
-7.180402073839795563e-01
-4.316537571032634801e-01
1.926212029697246919e+00
-1.776308127959544958e+00
2.673831601313647610e+00
9.530722443568864222e-01
1.265298926894313780e+00
2.320176538917008813e+00
-2.633912486720149548e+00
4.051904803481587436e-02
-1.249542462086835393e+00
-1.846183790532945679e+00
-4.221696770160949796e-01
-3.263965098526604436e-01
1.809202904093214492e+00
-5.119303187010428857e-01
-1.695868952018824150e+00
-6.193165589303575302e-01
-1.277574212259545039e+00
1.929760377821953199e+00
-1.791616120011237712e+00
2.861470587541958821e+00
-4.274749569478233369e-01
1.618582652322265503e+00
-2.257587337544153527e+00
-1.064582770647275911e+00
-4.025803589056611287e-01
-1.781985956406559879e-01
4.464603654113883380e-01
9.804963906685522090e-01
-1.043010709625424415e+00
1.881359511753233349e-01
2.401050437987670705e+00
-4.370554774998609560e-01
2.220391587525394783e+00
1.033216177597781282e+00
2.666610063628689353e+00
2.035678598960321217e+00
2.535916228833292152e+00
6.581673449023561773e-01
-1.259145074666669473e+00
2.105774633326973344e+00
-4.466859870314019432e-01
1.299636189533613262e+00
-1.398207412314258491e+00
1.698592350893344260e-01
-1.022232892897967371e+00
-6.367585518618081863e-01
2.628817749128005588e+00
-1.444564564865353784e+00
1.762249541200180403e-01
-1.440390935353733859e+00
8.384497558554580010e-01
-1.412735619531009235e-01
-2.739690327855415219e-01
-4.461821376992549659e-01
-2.615329336541902805e-01
-3.351749480070953524e-02
2.868660968596516980e-01
9.489625814847801877e-01
1.301087526612390022e+00
2.019413071307315732e+00
1.347488003825323410e+00
-7.860175915265532609e-02
-1.872543330234401893e-01
3.756966434885971040e-01
-3.146342966594364299e-01
2.521067453592991114e+00
-7.079040213840670503e-01
-2.117734934043844941e+00
-2.680364850241570451e+00
-1.680251075810099692e+00
2.115575214257746417e+00
2.021352139618750599e-01
1.611064193326662064e+00
1.324867017283214210e+00
7.314198464751697770e-02
-2.221667454595974700e+00
2.497166546476683457e+00
1.234443514491966098e+00
-1.510516031788348812e+00
-9.426672383148906320e-01
-5.736212266312978869e-01
-1.945598357520712529e+00
8.527375049481200620e-02
1.819905280673159709e-01
-2.255776756801006755e-01
-8.762783351754910299e-01
2.344823368645307937e-01
-1.029763188705833166e+00
1.024938477243214408e+00
-4.611997579780364731e-01
1.915113731074759684e+00
-9.929242619955891413e-01
-1.271486983911422008e+00
2.339529458977651188e+00
1.930116034839723049e+00
2.339981351142909283e+00
2.487197531431387887e+00
2.082924731711406352e+00
-3.317667820366860809e-01
1.601675459354030551e-01
2.291326320322645493e+00
2.648241784247021613e+00
-2.497032577137241471e+00
-7.653347878743055333e-01
2.255541181783344840e+00
-1.151327037482937854e+00
9.075064810200581533e-01
-1.430442796829342278e+00
1.661041924385103563e+00
2.101013588512774533e-01
-2.754238459868471711e+00
-1.387482069713001920e-01
-1.327737770799455319e+00
6.647313454514014452e-01
-1.596112995419069591e+00
1.130894349280902489e+00
-2.090884751841701750e+00
2.423126744497183793e-01
-2.448859060294893197e+00
-1.755279241117118971e+00
-7.329869512982059021e-01
-1.562933952313625419e+00
4.388888113011280012e-01
-1.081568585487687528e+00
-2.253711075322526902e+00
-2.089019010231289997e+00
-6.713478903649239271e-02
1.412027591064299870e+00
-9.248446177469320517e-01
-2.421322080813585131e+00
2.806401615026245189e+00
-2.504212244161792000e-01
-3.148930605689947981e-02
8.980567650298247884e-01
-1.095277206196351827e+00
1.036916390432152113e+00
-4.878182803073327634e-01
6.270253462647898957e-01
4.706555046137959053e-01
-1.824825805921872490e+00
1.241079928973527480e+00
-5.157542090889357667e-01
-7.211569500237615671e-01
-2.048913106304448561e-01
4.088885425470634161e-01
-1.561273670045077111e+00
2.379107231348349671e+00
1.952229378512956970e+00
-6.295401155954198913e-01
-1.405629188502113269e+00
1.013900332724801068e+00
-1.873379129048586833e+00
-4.061684271304670801e-01
8.889280228497238312e-01
8.698515336369405659e-01
4.411507466774917674e-01
-2.322674477582227226e+00
9.926963550218994570e-01
2.736803546609449356e+00
-8.855538977735646355e-01
1.029866381351247639e-01
3.618065709322344503e-01
1.431787805073940767e+00
6.746481121095264655e-01
-1.268217683552507857e+00
-5.751775527040399183e-01
1.508666529293460457e+00
-1.154689695926199633e+00
-2.416710978802761645e+00
-1.210867858449844015e+00
-1.188426966722308187e+00
-2.323922251265156724e+00
7.521094188224761723e-01
-2.304468758413541707e+00
6.850736630071709854e-01
-1.099866270229413079e+00
-2.030026936329139886e+00
-8.236528979191088951e-01
1.368387463508192070e+00
1.519506414177147491e-01
9.559487738267433699e-01
-4.050035979903308103e-01
3.650594739910619779e-01
4.554373020711626197e-01
2.592817422296970875e+00
-1.276422969439311217e+00
-1.930509760253316998e+00
6.440107454488188665e-01
-1.140320278658359943e+00
9.793666690929843099e-01
6.152512240319651937e-01
5.299511539445687092e-01
7.098267393148809390e-01
2.142172725588302740e+00
1.732158893573252811e+00
1.674883695414553841e+00
-2.572484167130880017e+00
-6.524610505693191342e-01
1.119494487643260427e+00
-1.062315100678333124e+00
-4.752912174282979407e-01
-6.649658949552179621e-01
-3.869665731629456928e-01
-6.888034005017091843e-01
-2.717308231927006545e+00
-1.120227561938005767e+00
2.001754188936039291e+00
7.851826229097804699e-01
-1.092815406578495629e+00
9.886190331521422792e-01
-1.139369008131838612e-01
1.824602399710776091e+00
-7.983348557812881552e-01
-3.773448389184199669e-01
1.927972014989652649e+00
-2.227746322547968560e+00
4.065833638534162020e-01
-1.613292930524226065e-01
4.522837948493378946e-01
-1.531255204734058850e-01
3.041821166031333235e-02
4.099320569091648991e-01
-7.463791551043517103e-01
-2.067206782236690188e+00
6.886019330761996571e-01
2.020130055153348536e+00
-1.524966689194690694e+00
-2.315044620487006988e+00
-1.194567890504542262e+00
-1.053854898393206341e+00
-1.749063377175481548e-01
2.505081417770251839e+00
4.943701156515070139e-01
5.740585308479042581e-01
1.010900262604820909e+00
1.122841095862248117e+00
-1.538312598009970333e+00
3.556685714566212297e-01
-1.201067021864996587e+00
-1.385727622301828887e-01
-1.045868734174669967e+00
4.709541807125887658e-01
-1.628153234270496519e+00
-1.674540818031051703e+00
1.245466191778921150e+00
7.607116796205009024e-01
2.048174966736641345e+00
-2.650054313261379413e+00
9.471802236989468327e-01
-2.349250530331965514e+00
1.252281715252561156e-01
1.672704489519336590e+00
2.266233045036358362e+00
5.147237351317333065e-01
1.838694989793285828e-01
1.805220848934889766e+00
1.760917335249224891e+00
-2.515536633351143081e-01
1.996506825123720574e+00
8.662884043420699953e-01
-1.474793560663681280e+00
-1.299779629926487434e+00
6.307904949990650323e-01
-8.444813714529253446e-01
-3.290461546231151502e-01
3.504007042797354643e-01
3.345155779599897627e-01
-2.108874093737904687e-01
-1.811886322566742091e+00
-1.048676859840202980e-01
1.903609008915978507e+00
-1.155582968109537312e+00
3.186592334767546220e-02
1.676962383055941253e+00
-3.758302949511485025e-01
-1.904165450342569343e+00
-2.769910849867364355e+00
-1.253306161481408942e+00
-1.139011654958208108e+00
-1.520725867223649885e+00
2.480083415114760825e+00
1.248160295065283698e+00
-3.225761721791418069e-01
-1.599449261771638042e+00
1.485780276369368380e+00
-2.381658736939056276e+00
4.162025359294263538e-01
-8.819299875959467627e-01
3.898071633884363507e-01
9.145602257814164915e-01
1.921544220502476641e+00
-1.795217319532746547e+00
-2.389119827027290643e+00
-1.777541301337606239e+00
-1.141722624206469305e+00
-2.847722527530871073e+00
-9.350643022601996535e-01
1.020237214034594331e+00
-2.165811324688170281e+00
-1.626682452863148498e+00
-1.686507354631113564e+00
-6.837851509420431739e-01
1.502781789184713723e+00
1.935245020462806664e+00
2.126338138285076340e+00
-1.681351803880693385e+00
8.281445246678380556e-01
-2.126614264958488487e+00
1.602781630248890643e+00
-2.899996281589647396e-01
-2.580084705467515338e+00
1.119968020266075115e+00
-2.692940625964669987e+00
-1.968541189978350037e+00
-1.429721542188557848e+00
7.747164340048806608e-01
2.768104904058157345e-01
-1.461641766222445682e+00
-4.077289554482446121e-01
1.851542354814189828e+00
7.400732017439821675e-01
1.449717445575506858e-01
1.168471044853696128e+00
1.754320252340137998e+00
-7.006257927265853169e-01
-1.093502582653075095e+00
1.736407320356208928e+00
-9.818086378810555459e-01
-2.915562534738480593e-02
-1.145042410798668975e+00
-9.163798404639731388e-01
2.091404946224813877e+00
-2.526473993010263097e+00
-1.621907790388025905e+00
1.689195619599248133e+00
1.836427068344499425e+00
-2.192083002395603053e+00
1.105534803236479569e+00
-2.734946798647323707e+00
-1.255239248045727507e-01
-1.529358944114972196e+00
1.607806961797654033e+00
1.458925370725399517e+00
2.145329785720875293e-01
2.204086000291680669e+00
-7.802241592163721151e-01
1.161847437506677849e-01
-1.716166281055100384e-01
-1.448610147375593904e+00
2.397357150369270329e+00
-3.238389185197068088e-01
4.883446466622931581e-01
4.074007491260633884e-01
-1.644347748708688606e+00
-2.249476892898281122e-01
2.123124660086654458e+00
2.457469674283759176e+00
-1.606195661937095398e+00
2.592507524356319593e+00
1.951169481515520054e+00
-1.226879765056763993e+00
1.656984213287598706e+00
-2.823240927852310733e-02
1.793815840561885366e+00
-1.919772326850159416e+00
-9.782165906555118084e-01
2.680685454730844519e+00
-2.472318863487661389e-01
2.505508286511439309e+00
-1.348809141325069128e+00
-1.751716683480200043e+00
-3.170641990581968273e-01
9.966882890949886331e-01
-1.131395773531016946e+00
-4.600600223834137026e-01
-9.534541914797580731e-01
-4.688842814403200165e-01
8.175519478968329423e-01
2.168303557664033931e+00
1.647380839960943533e+00
-2.464832785555154615e+00
1.737511497375814784e+00
2.212059756041355740e-01
-2.271975015401412890e+00
-2.511766859652585282e+00
2.862326983786083190e-01
-1.540226564192860970e+00
-2.782658146966709545e+00
-3.165534979042625707e-01
-9.951937071182044292e-01
4.747312094040756492e-01
1.804722859238125920e+00
-1.052919765357193782e+00
-2.617707360158241237e+00
1.071797042582623760e+00
-1.843804134689983165e+00
-2.594265107818384486e+00
-7.932835993434208532e-01
-4.750245643951274133e-01
1.837359913806294820e+00
-1.822398002118549520e+00
-2.347103859860962594e+00
9.767107370910297348e-01
2.656035778683065729e-01
-6.181046906453264711e-01
-1.054931508297407561e-02
-2.378062524903198138e+00
9.078064035504613827e-01
3.292282741489316322e-01
1.665138438246782648e+00
2.700837074822141304e+00
-1.742174579435156190e-01
2.579704694228439621e+00
1.294101686844287613e+00
-1.138230443607866960e+00
2.832893707235069058e-01
-1.786070813292184756e+00
3.817080587604637643e-01
8.345571745390483187e-01
-3.885401081831627579e-01
1.896081288752945682e+00
-2.795192834315933794e+00
-2.841743689985389398e+00
1.723024379874059875e+00
-2.668683444784040404e+00
4.922439866321219881e-01
-2.002463750297624578e+00
-2.222257323902816495e-01
1.681708082827007900e+00
-1.704778170683614480e+00
9.050438815420092098e-01
-9.864546400301410500e-02
1.015003499803611930e+00
-8.793143275818247062e-01
1.110330821584230243e+00
-2.471415944557816324e+00
2.140422624809440677e+00
-2.296135601004851701e+00
1.378099512539757043e+00
1.709425222705420744e+00
-1.639076315257189442e+00
-3.251759186786893352e-01
-1.847198881553120398e+00
-9.234901047671826291e-01
-7.600645941497115032e-01
-9.912306093927032435e-01
-1.683122708741341178e+00
2.480057785337420384e+00
-2.336413785473454574e+00
-1.745305335605025210e+00
-2.339935794612535425e+00
-1.228604163401234128e+00
2.382012946384961083e+00
3.527271274915690924e-01
-7.651217497624980268e-01
1.922814863089488568e+00
1.672879174848894479e+00
8.249140682930820034e-01
1.572713800559901287e+00
2.033237574055666741e+00
-1.595212295998714502e+00
-1.786858135029500971e-01
-2.543440925478492431e+00
-2.369242683327732912e+00
-5.885180902750750676e-01
-1.370140421270605202e+00
8.876929511607549728e-01
2.108601164370417003e+00
6.530614842888624594e-01
-2.572405904978271707e+00
1.823109738127950408e+00
5.454685853132668072e-01
1.062647387592424053e+00
1.732577703972372873e+00
-5.973791654474798207e-01
-5.341728198023920626e-01
2.315484425271973734e+00
-2.472578262828427853e+00
-9.485909698978813864e-01
2.536511437032011429e+00
-2.348844183561800136e-01
2.323275088393872423e+00
1.426095907298549292e+00
1.071029397648136872e+00
-6.497108136126739097e-01
7.226217995407875350e-01
-8.264092827219791104e-01
1.508786279017451548e+00
2.454090137190357623e+00
2.203610307217798159e+00
1.517279563151089583e+00
-5.290766963807156387e-01
2.975242100799393441e-01
-5.317750149359969924e-01
1.202388785232521684e+00
-1.089109884393111738e+00
-3.473537361076202146e-01
-2.104821767564355905e+00
-2.796745489879972624e-01
-1.675038146693267116e+00
2.839342264792447779e+00
-8.621347317544669764e-01
-1.456806832781137651e+00
2.864449970373201815e+00
8.849729450771839367e-01
-6.455445424495707130e-01
2.895553100543901692e+00
1.715752280725721945e+00
2.606131408560012908e+00
-2.956546087026978853e-01
4.249202270080303379e-01
-7.073678552969902000e-01
1.436569957464750580e+00
1.060837558463392227e-01
1.962427723215094844e+00
1.769391335919568320e+00
1.634377879550996226e+00
-2.186382297888313175e+00
-1.232004504123649369e-01
-2.287679732637465158e+00
2.493177780503655683e+00
-2.528781781589817257e-01
1.634372857551396940e+00
-1.699142232251087403e+00
2.272637749218188397e+00
5.649807343747870192e-01
-2.123962376208552882e+00
-2.290700711212800389e+00
-1.904639768974814906e+00
6.508909294597238215e-01
8.094946409688139610e-01
8.935172176806993605e-02
-1.979175867700800673e+00
2.652400981064443997e+00
6.995469624201628989e-01
6.560573027838128013e-01
1.959798728619652763e+00
1.805350584650398105e-01
1.928381952653914766e+00
1.482411174770685847e+00
3.079922505974401759e-01
7.568697935016643896e-01
-1.727518213149643600e-01
1.595675125137576700e-01
-1.062354397948515050e+00
1.052297700971934091e+00
9.231234161904202651e-01
-4.853573008666955957e-03
1.424139930732854609e+00
8.050848415690072812e-01
-1.164722114506455686e+00
-1.068195476506481612e-01
-2.019470320749403580e+00
4.069978187351974697e-01
-9.200426443947478106e-01
1.231533223901369212e+00
6.719661472824718373e-01
1.688356902353707056e+00
1.733539288918333199e-01
1.658303577038722665e+00
-9.620659105475164452e-01
-7.133038285554960112e-01
6.410173848193059243e-01
-2.016297768620927133e+00
2.201971032958926600e+00
2.842653832466693231e+00
-1.969727172726676301e-01
-1.408911984909715365e+00
-1.163512049362429135e+00
9.319720793122847624e-01
8.638019065463744539e-01
-1.143063477785004611e+00
2.365095834865524438e+00
1.398755203399222324e-01
1.633787454769061398e+00
-1.974571459200205492e+00
2.797233349669903113e+00
-3.407613951088599435e-01
3.054438237900534148e-01
-2.197660972649619904e+00
4.643313254251228983e-01
-2.275673509538931327e-01
1.363309917833658957e+00
2.515115810909014371e+00
-9.984770938655795902e-01
-7.944068552241869696e-01
-3.067149045102759430e-01
-1.358790966711592496e+00
-2.056912482482768922e-01
3.896457684410812305e-01
5.730721845980255580e-01
1.773203046969044294e+00
-1.717400966048221456e+00
-2.129341974737037901e-01
-1.927873300505831278e+00
1.258193151130731380e+00
2.043820282054513271e+00
7.526985990579735386e-01
-1.068098147825564670e+00
-2.060107760059749715e+00
-1.327685152826641790e+00
2.685818391080720957e-01
-2.169651457543225526e+00
1.751160573669796605e+00
6.871788255610367102e-01
1.328832321372880543e+00
1.194649620025824532e+00
1.031480730139833213e-01
1.702334563433662851e+00
-3.177447763614180687e-01
-2.687141835671142509e+00
-8.719414412688175631e-01
-2.574533041643353837e+00
2.457486513316879950e-01
-2.133274586989362120e-01
-1.835610062100946571e+00
-6.766689890821906417e-01
-1.751503300365889970e+00
-8.074939948320700722e-01
2.763779674658333185e+00
1.501285727641716861e+00
2.771844482197904469e+00
-1.655380050951711368e+00
1.251440764862320698e+00
6.932649469057334812e-01
-1.432450450896983973e+00
1.756071504535166028e+00
-6.189003265928061381e-02
1.802325634448729730e+00
-2.191543708443852712e+00
-1.958218995077205538e+00
2.632932219911517713e+00
-4.603968654967625085e-01
-2.118970361785779133e+00
-2.599821821163590840e+00
1.017926938478327159e+00
-1.216612797941414303e+00
-2.740983098512858707e+00
-1.967571854342050841e+00
1.862839219012981218e+00
1.299060412117498231e+00
8.111250864459229604e-02
-1.145105402881163137e+00
1.592047265703257608e+00
1.269328923015650368e+00
-2.310301686296002188e+00
-5.473238830744806549e-01
1.994869735252427390e+00
-1.299579168676739727e+00
1.020752058732798062e+00
1.949618291367256617e+00
-1.688481318475556492e-01
-2.506963049289366197e+00
4.292879483904084026e-01
1.384478043362499022e+00
3.143948943544758734e-01
-2.056271926323269383e+00
-1.617639167750735130e+00
-2.630191825272341077e-01
1.828896010102392111e+00
-2.398495791351732187e+00
-2.081216917133232869e-01
2.319045662563681276e-01
1.021494584915155102e+00
1.564366285984016613e+00
1.350868177324179520e+00
-7.367539893309631438e-01
7.913277020703368692e-01
1.606047297587398504e-01
4.012034179923791299e-01
2.660170450441214918e+00
1.866080045419598932e+00
1.117872125807551242e+00
1.408703987633508348e+00
-1.444608680284486635e+00
-1.310714658237611907e+00
-3.493579540321514187e-01
