2.308810074023276648e+00
-2.519688510261341108e+00
-1.752077072803444047e+00
4.647083438006260891e-01
-2.166927385272780171e+00
-9.897876507627163534e-01
2.228544967039363556e+00
-2.126714634848724916e+00
-4.979130042777857312e-02
1.852068871052113153e+00
-1.976456779595707758e+00
2.426750530620955359e+00
5.359277206677788286e-01
2.077145011692026699e+00
-1.497585005234900457e+00
1.509798286114691912e+00
2.453086198069904356e+00
1.388777703634912264e+00
-1.745726260841004240e+00
2.766617799835907832e+00
2.338447818078694951e-01
1.535329409759231822e-01
6.683744786057133069e-01
-2.404416942437382687e+00
-1.240453041138451340e+00
-1.465370806839214612e+00
5.954290672758393299e-01
-2.936700958164264019e+00
-2.298726286947863962e+00
1.968520382922386958e+00
1.042645994231536477e+00
5.779524326256577638e-01
1.100464844135325748e+00
2.890790732879803926e+00
-1.712605444608750194e+00
1.157515918063034555e+00
1.091288495574724848e+00
3.962045094936446077e-01
1.709141783500367495e+00
-2.065409440794192530e+00
1.629252474625877412e-01
-1.174036817638166585e+00
2.648852240124963231e+00
-6.306555812923244630e-01
2.420393143562646010e+00
-1.018206348933062166e+00
1.609400357694577011e+00
-1.562637838692597647e+00
-3.018118834680182161e+00
1.875620772971315908e+00
-6.924321364981480542e-01
-2.440699331545228112e+00
1.742597808921328095e+00
-9.021892031155358538e-01
2.283083341184360293e+00
-5.793906515500086840e-01
-9.792272661407279699e-01
-1.797196696371475166e+00
-1.357968237705429182e+00
-1.111819369471504615e+00
2.735029228110467336e+00
1.850132597857642835e+00
2.313534829119763714e+00
-2.830881130154681014e+00
3.135835754135252174e-01
1.693572777519548822e+00
1.357969573569690169e+00
-6.032469058173228760e-01
1.445782820969219173e+00
1.673334617063678920e+00
5.949752175810161248e-01
2.271247220833849667e-01
-1.117897627849843367e+00
-1.535374417955051030e+00
9.483822245089630343e-01
-1.448469557203718949e+00
2.338113311320572762e+00
-1.499963010027562049e+00
8.840811726423360994e-01
6.852898490175647339e-01
-1.511600189779436221e+00
2.211480474586389633e+00
-1.941066519767544740e+00
1.271045788666668841e+00
-1.717371935670517491e+00
1.929551816012724075e+00
-2.544200134316920714e+00
7.104090553261777075e-03
3.048901982128171539e-02
-1.142781380006459013e+00
-8.443697329622157355e-02
3.528952119982076141e-02
1.738082771025801776e+00
-1.894156796516139440e+00
-1.293435869677308503e-01
-1.222564476321719606e+00
-2.122735326720077698e+00
-1.785416189695600675e+00
2.444100931802712928e+00
2.976872819608775700e-01
-7.920305373719314090e-01
6.500853171570222244e-01
2.540727401516220674e+00
-1.528908500276262572e-01
2.282720570956540129e+00
8.860483554575129261e-01
-1.545218396041090347e+00
1.819384828453960878e+00
2.065120729787293108e+00
-1.781809920322597662e+00
-1.588140978255472291e+00
-5.365056683238380586e-01
9.947333519400984869e-01
2.607797823364739642e+00
1.262492142435701403e+00
5.126052497160724641e-01
-2.707970457641808437e-01
9.130943654510748075e-02
2.177552580523114401e+00
-1.610886455272048323e+00
2.030926977384536869e+00
-1.793712203696251617e+00
-2.104528886452884606e+00
-2.435077827936540373e-01
5.796467014118755756e-01
-1.373390271555965381e+00
6.951395353102629571e-02
2.305311320273162323e-02
6.897707564545205727e-01
-1.003890581910886759e+00
1.223340265041754193e+00
2.731090501837492468e+00
2.222619483224628212e+00
2.169452138709871747e+00
4.209888519133855311e-01
-1.059539485278955695e+00
1.204442853110778699e+00
1.485608559830426501e+00
-2.923842640240685853e-01
3.156580923831064922e-01
2.208342079551335324e+00
-7.645801884719247710e-01
1.548585190617703944e+00
-2.195472258051417214e+00
9.373173846072972992e-01
5.958252918039086410e-02
-1.307614183698303734e+00
-1.251254040885061425e+00
-1.021568805559947890e+00
-4.454503526978177419e-01
-2.996715780244130212e+00
-1.628098960496828784e+00
1.991283323255819582e+00
-2.320812760893514515e+00
-2.371882551956900897e+00
-1.980757831807046898e+00
5.956418307953832425e-01
2.660301244084202210e-01
-1.567295853087005142e+00
-2.098685433878161533e+00
1.186559905592591946e+00
-6.428031231125697076e-01
-1.642533659578251370e+00
-9.273035602174051206e-02
2.357229708241328936e+00
7.773877121186796302e-01
-1.404117375699469594e+00
-1.286319633146152164e+00
-1.305366191616697868e+00
-1.902798328133919803e+00
-5.325438283414198892e-01
-2.011864242718204743e+00
-5.942132875820238525e-01
-1.185503786064073140e+00
1.767754607191981187e+00
-3.008821091998529873e+00
-3.544244700929901626e-01
-2.474844096766142254e+00
-2.709737779594671991e-01
-3.753893856302612519e-01
5.290283569954157272e-01
-1.458815503986108819e+00
1.658760349347234708e+00
-1.228194539963005649e+00
1.870487049985546157e+00
-2.367264588786879287e-01
-2.824055433722312269e+00
1.194368275996278150e+00
-1.217140137859105131e+00
-1.991486297673542794e+00
1.951738338675642837e+00
1.178695840243100257e+00
-1.647337253059549589e+00
1.625578421748664404e+00
-1.587028138628689078e+00
2.980291293414977005e+00
-6.694945127451026323e-01
-2.141781765876973331e+00
1.569012341507106889e+00
-1.789527744327243486e+00
-6.642209581228772919e-01
3.583438265732139527e-01
2.040741758668360717e+00
1.608388833362268677e+00
2.450061739842782416e+00
-1.723301183491592337e+00
1.015684760101118300e+00
-5.240117353529685218e-01
2.421614280673278330e+00
2.197824231054028132e+00
2.799685669187637060e-01
-3.308501799982952463e-01
-1.512948611138090094e+00
-1.494131077090388171e+00
-1.823784207567690885e+00
1.307796431550657168e+00
-1.713326184780192829e+00
-1.531831974022889398e+00
2.553824570193878429e+00
2.258677106430386772e+00
-1.756274229191019387e-01
1.354344931836503285e+00
-9.620955356426872385e-01
1.023152404431319162e+00
-1.674574017071155385e+00
1.090306482764789919e+00
9.744655548961276281e-01
2.338620772655493951e+00
7.420668394698370918e-01
1.712696970100972216e+00
-8.542857014533025151e-01
-5.167165964789868227e-01
-4.123344211931545544e-02
-1.371117201206457636e-01
8.336073139081552341e-01
-1.798761935191381056e+00
-1.195154815501116907e+00
-1.597260181314804406e+00
2.281851877515332916e+00
1.882414557463817140e+00
1.576923093285499178e+00
-2.902985252760665436e+00
1.635618127340610073e-01
3.047066668825948454e-02
2.116460536098405676e+00
6.412473253369386228e-01
-1.874219117902412357e+00
-6.811984349970554575e-01
1.108950597737017318e-01
5.353789192577709244e-01
2.928001838667269041e+00
1.307251469618513795e+00
-1.990566741930174910e+00
1.024061022239948215e+00
-3.238474457421007813e-01
-2.772792191364653824e+00
1.099158884725248697e-02
-2.742447168530298462e+00
-9.634836345998429863e-01
1.732532959693070751e+00
-2.700914164580078936e+00
2.052425271101302684e+00
-4.734474345839601028e-01
1.946130633975684532e+00
2.649466951628147271e+00
2.735768522287909121e+00
-1.444006837805058563e+00
-1.092927489057704538e+00
1.179198574608655292e-01
-1.252053288056949043e+00
-5.141868683286023867e-01
2.087409735850585868e+00
-3.488058801528683972e-01
4.604144655710236123e-01
2.557742311226503418e+00
1.391551274267602167e+00
-2.219935027714856624e+00
-2.311894681493626980e+00
9.456265925395612726e-01
8.689047395900795223e-01
7.336713590694179388e-01
-1.212362182696534063e+00
-3.437897140645027605e-01
9.159810955642448960e-01
-5.044210844284764406e-01
-3.660275317952077501e-02
1.332955114860117085e+00
-2.339538410667705293e+00
-1.375836137294185413e+00
2.495130659769349002e+00
1.870378327498923632e+00
1.122809882127752346e+00
8.613833384107785207e-01
1.107924537411682842e+00
-4.300114983992662232e-01
-1.907177798792027978e+00
-1.799727761284195537e-01
4.533574322467970319e-01
7.826617970006033431e-02
-5.584677568726599262e-01
7.723806262920991372e-01
-2.178003254251089871e+00
1.203966310359256831e+00
2.223543613543772501e+00
-1.470052335894846074e+00
-2.013328481764510958e+00
-2.802039009677985248e+00
8.916995978502129105e-01
2.258338556007832842e+00
6.815452945114781613e-01
2.871881963084009115e+00
1.285553814427411012e+00
-3.502537870036039891e-01
2.664420579057543037e+00
4.364945872933514437e-01
-5.175421186224653525e-01
2.724552957924011309e+00
-1.930052243898018105e+00
2.063691943907342008e-01
-2.093578756982179545e+00
2.422851388853302090e+00
1.833454060102912564e+00
2.804979118488526879e+00
9.401635020148066957e-01
-1.273450310450275680e+00
-2.164730998881507329e+00
2.254486054754546664e+00
1.450857680326544497e+00
1.102526056734410176e+00
-4.184738648934196448e-01
3.436984643604921175e-01
2.438548924954968555e-01
-3.754671796239126280e-01
2.179932145591316761e+00
9.771099435583394666e-01
5.923814159543505653e-01
-2.957716731375346519e+00
-2.018553015659165784e+00
4.261455286864235248e-01
2.487194573330015146e+00
5.932584359258319395e-01
-2.322994176147106238e+00
-2.193026627995615652e+00
-7.426090658888346852e-01
-3.677185712261037409e-01
-1.710217635885639353e+00
-1.345804093191613759e+00
1.576456085105748528e+00
2.389754715173095789e+00
-2.003045559683283905e+00
1.942719169996601991e+00
-1.563907122442033781e+00
2.118042941465583695e+00
-7.545514395195045410e-01
2.994314783624034249e+00
-2.065939039672017863e+00
-1.780941557049795509e+00
-1.053540211908158497e+00
1.291604358974645095e+00
-2.905672586928182977e+00
2.095395042546152276e+00
-3.029216554011894047e+00
6.845205921208030730e-01
-1.279226401481192710e+00
-5.591632633421026455e-01
-5.536200099885819625e-01
1.103829264787004050e+00
8.697288368040574369e-01
2.156855020324412564e+00
-3.115409555648090745e+00
-1.227412274818874494e+00
1.161596023469533279e+00
7.783871039359340216e-01
1.995924664595023046e+00
2.464612810502324614e+00
1.579804876915799738e+00
7.083463169283614747e-01
3.580056065197751991e-01
1.749774756871276260e+00
-1.649059191976793848e+00
-3.920356063589354179e-01
-2.079366089750613877e+00
3.903496701019681936e-01
2.415495428184403437e+00
-2.063406568706383837e+00
-5.463128767915659267e-02
-2.087308066842643584e-01
1.740851150813755410e+00
-1.495771724037680883e+00
1.788675579387335901e+00
-2.400430259641936903e+00
-2.828142096888368595e+00
3.060032072217477861e+00
1.389040229422464634e-01
-7.203963690013672760e-01
9.419297881449759657e-01
-1.731612052226541021e+00
-2.434852344101634536e+00
-6.645718074847035695e-01
2.581301011379886212e+00
-6.739698686268944527e-01
1.355175542312729853e+00
1.198243514893128747e+00
1.735680960760497271e+00
-1.184644559750555715e+00
-2.962615545388203486e+00
3.303868692386755512e-01
-1.495379258732736361e+00
1.346740835847946016e-01
-1.428228869061767270e+00
-2.582759766296505610e+00
1.451452049759957674e+00
-6.775299725693431085e-01
2.539114684189294202e+00
2.511965796477825030e+00
-1.185744213393557622e+00
-1.021063639027489423e+00
3.685029350318469454e-02
2.781186154097259333e+00
-1.230296390111331295e+00
-2.767892019066144460e+00
2.833700378390847874e+00
-2.044351403487093322e+00
-2.021298210494257397e+00
-1.846273182670827850e-01
2.875011768494664111e-01
-1.336664819905291068e-01
2.005940662824110987e+00
-6.237242535083131756e-01
1.949021387939920302e+00
1.314387728454438076e-01
-2.642390747128615658e-01
1.060512420754449181e+00
-1.893023378714268290e+00
1.940683628205313482e+00
8.902007705288994543e-02
5.266871813421953874e-01
1.891686861072551906e+00
9.754227577852070397e-02
3.923809131019666552e-01
-6.488623346047672769e-01
1.277618332495453757e+00
1.020350303295307626e+00
-2.421357571175217327e+00
2.835158345137294589e+00
2.091900574118602307e+00
-1.401342317371637947e+00
-4.090233127713656103e-01
-1.068513612366410737e+00
9.767544330448370005e-01
-2.296415102231460281e+00
2.901462232969127086e+00
1.596063918348439081e+00
-2.076543212332548016e+00
-1.618956889674314059e+00
3.015863199099257486e+00
-2.543700831824880382e+00
-1.883351432369724243e+00
1.937122966624093223e+00
1.223325859752849354e+00
6.213031327590012864e-02
-1.123338878354835924e+00
-2.531810248903556992e+00
1.587885543889289153e+00
-2.913071023950420724e+00
3.134072045595512890e+00
-1.821099694482728903e+00
-3.976311568878330149e-01
1.413566598535826557e+00
-7.316875236724049714e-01
-2.075529782412239843e+00
1.628594716226896111e+00
1.679598520150467067e+00
7.414660115006119767e-01
-2.957701686526448270e-02
-1.556410759055950610e+00
1.640523821316929087e+00
1.581259285593787922e+00
-2.673898070753322198e+00
-2.187810941596233238e+00
7.010146002177091162e-01
-5.591111810551936401e-01
2.732706911205250222e+00
-6.102722375393963006e-01
4.595739750490865916e-01
9.462046367312204609e-01
2.285799407968620578e+00
2.456364957413638805e+00
-1.258061870050148023e+00
-8.594123906367086008e-01
7.760049154652248760e-01
6.527800460589467946e-01
2.151115004685461685e+00
1.915061406644911202e-01
3.507995315205914011e-01
2.532275090201862255e+00
1.197692721951279182e+00
1.223929921470714888e+00
9.581874800335121733e-03
1.231173855823284313e-01
-2.815941910907903800e+00
-7.823968067764672796e-01
-1.124132426366792892e+00
2.250326627503063115e+00
-2.292655399984689701e+00
4.579838198340482336e-01
-7.412136683635512924e-01
-1.333761750432826076e+00
-1.126782084483679114e+00
7.762582526308916542e-01
-1.819239519707750219e+00
-1.161996944003571564e+00
6.613526203741413312e-01
-8.338048651659413224e-02
-3.240519268356507609e-01
1.054474522442313322e+00
1.836000228396567735e+00
-2.032037809425586428e+00
-6.908694778267241432e-01
1.191874852381684669e+00
2.001652895052576930e+00
2.744015311046239525e+00
-1.055727441075462014e+00
2.549619778670448866e+00
-1.424492316388041857e+00
-2.049394963804712866e+00
4.503345064292618716e-01
1.070539470623693923e+00
1.712765884652682757e+00
-1.773646765839930861e+00
2.082938929536659600e-02
-2.768292171889629838e+00
-2.278278573062861412e+00
1.500017898245891601e+00
-1.530416018560884162e+00
-1.489014150596874586e-01
1.826825937656040288e+00
-1.392855323748634078e-01
7.438136656518423706e-01
2.160322224080521991e+00
-2.564726067225416628e+00
-1.163142021741443877e+00
6.803994937261332865e-01
-1.271530889556120592e+00
8.172452942884111948e-01
1.099774437536813920e+00
2.196105610538693576e+00
2.425535491831637636e+00
-7.549508145917522839e-01
2.908703889930492892e-01
1.280391541651136222e+00
-9.149731121279067736e-01
2.761054606404251821e+00
8.397891136533441880e-02
-2.983744876948639657e+00
1.168691804220563846e+00
-1.425254010240049496e+00
1.586017337306079966e+00
-1.453771648255688387e+00
1.354330424587166348e+00
1.473167471947527396e+00
6.932390187290575767e-01
-1.718046953453198356e-01
-8.401790462263658554e-02
5.926999936741372821e-01
1.682959149345785832e+00
-1.002109025962422795e+00
-2.979089855090330197e+00
-1.969985929844267680e+00
-3.203397742097822132e-01
4.410506485481064942e-01
3.854074927254700356e-01
4.032624612503843409e-01
-8.903280350591558090e-01
1.024876046063852186e+00
2.455959044270552560e+00
-1.664199459325192976e-01
1.500674356718211477e+00
1.317807842279428598e+00
8.229223403068424147e-01
7.068101232559085290e-01
-8.790289691754917811e-01
9.953780147181099380e-01
4.655065049479105710e-01
-6.725381814788775614e-01
2.169339585665168713e+00
1.888885612699731098e-02
1.777458114346526230e-01
-1.084297681607953034e+00
-1.261002800485462316e+00
2.228975691004748683e+00
1.465192323563904608e+00
-1.738244417331957337e+00
-3.061497988695633943e+00
2.206620311499358777e+00
1.654293899601851692e+00
2.808410075302569808e-01
2.682551434606299523e+00
-2.442068713568659177e+00
-6.547377949663903962e-01
-1.894796925805031229e+00
2.765432403616030044e+00
5.102760352329731575e-01
3.578224526550011220e-01
2.323116815225700016e+00
1.095826554320651347e+00
-1.432547838728053247e+00
-1.268093164902965864e+00
7.431431558937395820e-01
-4.753666612151459248e-01
2.123625389698270638e+00
2.765179408803208005e+00
-1.927247742371322126e+00
2.121430281112044014e+00
5.887817403074127043e-01
-1.009814558853703303e-01
-2.076478638708260771e+00
1.600622477805675459e-01
2.224229631083172620e+00
-8.035519910957669154e-01
-7.016556401642928265e-01
7.521379816649531591e-01
1.332991417286379487e+00
-7.730410747046656539e-01
-5.376020731833595079e-01
2.966073396464565803e+00
-1.896819648637274369e+00
6.453034648982640675e-01
-1.241127780425701488e-01
5.332913299343413627e-01
1.144713632149755966e+00
2.622768986776264910e+00
1.399326814456949286e+00
-1.265666449762044010e+00
-2.973698059180208908e+00
-1.009264508117155845e+00
-2.866265916162191729e-01
-1.031939711359717293e-01
2.450012826137828448e+00
2.599433318439878349e+00
-1.336219134410434162e+00
-5.467950613247563041e-02
6.201693399196575029e-01
4.768501911783387115e-01
-2.644318112716226743e+00
1.295771031248563077e+00
2.784472328846470113e+00
-2.496691261646256876e+00
2.852581548289585101e+00
1.618710807220664627e+00
-2.544615985844600026e+00
-2.551430338852638702e+00
1.780630013818285562e+00
1.618797368136507764e+00
-7.732537292441756804e-01
-5.103952700380389729e-01
6.430685486988361177e-01
1.247210450679254734e-01
2.893942606938733064e+00
1.038431326643241448e+00
-1.769465020420915025e+00
-1.449026754139826068e-02
-1.489542634318111958e+00
1.655312145058269735e+00
-4.632199777893850623e-01
-1.823514628811549798e+00
2.931769974554411462e+00
9.868429866082282231e-01
-4.566592621735052759e-01
-2.905897170357417014e+00
-1.224473608067239816e+00
2.408639002113988070e+00
2.094994148953954749e+00
4.314406523030980267e-01
1.123608775815712058e+00
-6.566202068965703020e-01
4.446805633592845197e-01
-2.297187855052422734e-01
5.541135129971221929e-01
-1.715148609089844456e+00
-8.482610422341014811e-01
-1.211514731417638657e+00
1.985694932645576394e+00
1.143225700241043086e+00
3.846134776275675904e-01
-2.598621639758950774e+00
-4.075778787411401538e-01
2.261391864280471786e+00
-1.460227172117757100e+00
7.221131867929955206e-01
8.786074454139125578e-02
4.536024984385989001e-03
-2.308195965811736805e+00
1.355618240640349192e+00
1.515351080161763342e+00
1.713257427238222164e+00
8.702354154423206367e-01
2.391242930878400230e+00
1.341289394820620373e+00
-9.641317187159321733e-01
-8.571397454299436447e-01
5.616768856258040898e-01
3.795276685465074351e-01
2.683306490306993197e+00
2.200152394376805987e+00
2.048517017591708900e+00
-1.510984848239301570e+00
-9.709310842943548181e-01
-6.218187437808717632e-01
-9.998800815234147876e-01
2.186873105043458665e+00
-1.959768296588015879e+00
6.004301055254854802e-01
-1.236938397541482715e+00
-2.932749999753019310e-01
-1.576963013587850959e+00
-1.450290262921873907e+00
1.575094351679299010e+00
-3.393539871117390305e-02
-1.226885513765817670e+00
-1.327149942759386470e+00
9.984312461679927253e-01
-1.760487851180872365e+00
2.379658578539475045e+00
7.311162079806443614e-02
-2.673336579421399239e+00
1.354585547218678521e+00
-1.324783625947927312e+00
-5.700545589800505297e-01
-1.039616296172368060e+00
-2.023471268072030593e+00
6.129434249391270129e-01
-2.860688297162310434e+00
4.493060912082018632e-01
-1.800766031250573551e+00
-4.580142568532528102e-01
-7.949992868483475306e-01
-6.200465828707413252e-01
1.480648151979462313e-01
9.809875103450043099e-01
1.148883292999327566e+00
-1.700953388391153176e+00
-2.745736431563706503e+00
2.341710748407363596e+00
1.695689207000937060e+00
-2.841264364614895399e+00
9.884647797440262451e-01
1.800580870429250524e+00
-1.714365408233357257e+00
2.078267770190276309e+00
-3.050872185401755754e+00
6.967330446315838088e-01
1.657657630767138457e+00
3.642841470331248388e-01
-1.138960692058787139e+00
-1.335186878011644929e+00
4.282798809207264412e-01
1.744849402491583490e+00
1.856987548816957379e+00
-2.315615520586709053e-01
8.236806331876866949e-02
-2.815993892626031947e+00
-6.450290419593560642e-01
1.630066170768307288e+00
-5.703199701626857632e-01
-2.891358189173364401e+00
-1.442964925547072674e+00
9.565288462071031006e-01
-2.589238561294280316e-01
-1.125235808042992502e+00
-2.403999491109275688e+00
-1.911125904121818486e+00
4.528565773737902589e-01
1.346229943599905887e+00
7.817995627812255321e-01
-1.014457804668273511e+00
-1.296926252441874539e+00
2.014856199177926577e+00
1.886207030240757199e+00
-2.271455543289965462e+00
7.998523301518449813e-01
6.649990105745899882e-01
1.663796997469569661e+00
1.145497196399940520e+00
2.538592071647806314e+00
-7.176309731880268217e-01
2.483575450280408603e-01
1.711919037714265457e+00
-2.127447467343367649e+00
-3.594157064672227619e-01
9.008006605503746655e-01
2.383047483915730069e+00
-1.156775002109290185e+00
-2.371851427137551926e+00
-2.838715346479627311e+00
3.460903324545654414e-01
-2.598480596367095607e+00
1.739066402265225797e+00
-1.038816092464251994e+00
-4.543647561338524099e-01
6.809566585558393115e-01
1.185158893154890869e+00
-1.137987986789398498e+00
4.165016952490585567e-02
1.231642567266177934e+00
7.757773389875044501e-02
-1.192254701630638181e+00
-6.325287735288123159e-01
2.308390618248504111e+00
1.612716524791681927e+00
-1.489093024969569967e-01
3.408392875607546557e-01
4.599415422288908317e-01
2.156924930402581708e+00
-1.433820617045187262e-01
2.499731614823686776e+00
1.474703484909789530e+00
-1.194644190461303879e+00
-1.678891029079937702e+00
-1.040166734206681820e+00
2.092684085378699876e+00
1.351939477552370761e-01
3.166640707758805462e-01
3.273681272370243533e-01
2.850645980217971776e+00
4.974004373789187028e-01
-1.183675557156522729e-01
-2.939428870165942342e+00
2.651015045138503723e+00
-4.775688856539250793e-02
-8.635433640724246018e-01
-2.093886801005094611e+00
-2.055491849829116369e+00
-2.278102707981435326e+00
-2.479858245713661091e+00
8.857131994149796128e-01
-1.512062810509099187e+00
6.558702491829659920e-02
-2.177566672004445092e+00
-5.034241862074146923e-01
-1.527652833673162736e+00
1.378688182533331030e+00
-2.676549187154166454e+00
2.738363377557906375e-01
-3.051987332134988407e+00
6.155207456057532056e-02
-2.347989301701240983e+00
1.881446600367606692e+00
-7.704055121185309218e-01
6.186799013856658647e-01
-2.448030856883782747e-01
-6.906515450099544040e-01
-3.050843198862981609e+00
-1.742285663154095943e+00
2.150923724039200735e+00
-2.220269747956200579e+00
2.124141597373006007e+00
1.899130821796555679e+00
3.929154867945516827e-02
-1.864990493207594024e+00
-1.679125093367223265e+00
1.164831741380574215e+00
1.373036057681873423e+00
-4.666583451462145149e-01
2.945171288513250829e-01
2.912600730932375370e-01
-1.213912418714384600e+00
2.617591155528725899e+00
-1.242277426932394846e+00
2.263293285752686401e+00
1.129420480443723562e+00
-2.482787369221423290e+00
3.796399360349420604e-01
1.197356586879826601e+00
-2.124863384981672709e+00
1.271538975820041273e-01
1.859420081303511552e+00
7.036438587190829708e-02
7.842143243448376211e-01
-1.617295265353639877e-01
1.202331364976650718e+00
-1.802191921267284336e+00
-3.711927446147003096e-01
1.734390217703531079e+00
3.151654876154861284e-01
1.244983550220033486e+00
3.530225163384326237e-02
-2.051219690094716608e+00
1.882087550592591363e+00
-2.205202145255951152e+00
-1.160548845519302041e+00
4.669887138715402841e-01
-1.287133480425593390e+00
-9.863978437086107220e-02
-1.762501180965761360e+00
1.651924872420821089e+00
-4.506429906169735489e-01
-4.336745717025971558e-01
2.232512150587696809e+00
1.135220807719634628e+00
3.070673583630286529e+00
-2.218852323649730174e+00
-2.178560826663318295e-01
-2.482341337720763708e+00
-1.413707536233497652e+00
2.526677972472620937e+00
-1.953350562165552695e+00
1.897261825250286194e+00
8.039958721219830906e-01
-2.795226718097732377e+00
1.386988926739207706e+00
6.499778952480657068e-01
-1.064805985039402714e+00
2.435308162937546150e+00
-2.287673656329252125e+00
-7.796278728228198673e-01
-1.437656303875392005e+00
1.299081564735216077e-01
1.387060191385753427e+00
6.306814042800379383e-01
2.024600760344371864e+00
1.743782280159383191e+00
1.894448020269371646e+00
-5.817230146284488868e-01
-2.803253408875467922e+00
-1.157372657091396029e+00
2.483545840984389130e+00
-1.603048208935792474e+00
5.188220148071200910e-01
6.663213465802844127e-01
1.258169344450442928e+00
2.540121381104308185e+00
-1.014176314850417704e+00
2.108184578637731121e+00
-1.511202687124506561e+00
-2.189051987813339650e-01
2.328265870587986619e+00
1.493260300951146924e+00
4.906379601493879861e-01
1.231633735847975863e+00
2.035096030347927076e+00
1.472764605087240497e+00
-2.409640439841247428e-01
2.432178955612183557e+00
-1.382256920449344229e+00
1.895879677721414858e+00
-9.199847047234852582e-01
2.585172837880302943e+00
1.053003309410761368e+00
-1.126181836941062109e+00
1.836315916334692488e+00
1.883789912031045510e+00
-1.414383893443048379e+00
1.416814350642667364e+00
2.467759420789089830e+00
-2.074427355796349293e+00
2.798105504158598045e+00
2.874485125090582294e+00
3.250991805997935913e-01
2.049806097464426102e-01
5.033450396892913403e-01
7.824382815221175846e-01
2.413236017788573662e-01
-6.996219276240118745e-01
1.515301372151578008e+00
-2.007804212282817691e+00
-4.490748971421067992e-01
1.447547869990490454e+00
-2.019025220106113849e+00
-1.297520873496444516e+00
2.810947676385062266e+00
1.804210593139323748e+00
-2.698989102981562027e+00
-1.294594618933484487e+00
2.904802261613134817e+00
1.901630121818974395e+00
2.510158742531820586e+00
1.744836779676638194e+00
-1.740798365319093932e+00
-2.416668636183580521e+00
1.145098461868165884e-01
1.012370881926453414e+00
-8.297051496864664699e-01
1.766852943226469463e+00
2.837524558446293810e-01
4.988924904524338899e-02
1.408422903170930773e+00
-1.554851462144847041e+00
-1.702236983502488421e+00
1.945721570687641844e-02
-2.220028843230013038e-01
2.322937739407183955e+00
2.982806381626037506e-01
-2.629867001428643825e+00
2.433167060345464705e-01
-1.130277757162911456e+00
-1.289494157875862967e+00
-3.507010524828464426e-01
5.103705540029181975e-01
6.288850410863791041e-01
-2.127122445992729816e+00
1.102722842492141808e+00
-2.542506164901801480e+00
3.491568280639185673e-01
1.721758388417864438e+00
2.007012444846999699e+00
2.927357642712387076e-01
1.585049511411538603e+00
2.470028356722556495e+00
1.354178504015363771e+00
-1.579184738578611302e+00
-5.816936530229082081e-01
2.146251472107252312e-01
-2.133365739389967430e-01
-6.451090719187488887e-01
7.397228008682503742e-01
5.898394900604433388e-01
-7.464178154525669129e-02
-1.823805357556534279e+00
1.818129414747977179e+00
-2.450668314638146050e+00
-1.245650968495936262e+00
2.829091131050223140e-01
9.311157189703065384e-01
-7.738268751082921781e-01
9.578695498061593483e-01
2.721554726278552216e+00
-1.728187141181561692e+00
2.267274024350971473e+00
-8.199925269163186314e-01
-5.180580095993736478e-02
-2.893105953878851722e-01
7.555542594980373394e-01
4.893362561319811732e-01
-1.440219333991559658e+00
-8.752194574327631926e-01
-1.219984040476142617e+00
1.666279629732255074e+00
1.271205856738832907e+00
-2.889836023658288511e+00
-3.261656457033614842e-01
-2.144231735450261578e+00
2.221654289731558762e+00
-1.996617999521262732e+00
8.736476213094626075e-01
-2.509948238218908667e+00
2.060315539289768516e+00
1.595652970956232153e+00
4.100788901199790004e-01
2.336171157564902678e+00
-6.118773618790891433e-01
-2.862630392633067178e+00
2.847234606873696450e+00
-1.280461979051858101e+00
-5.633996036618711400e-01
-3.766320159548239843e-01
2.272743639454587239e+00
2.787694669062684483e+00
1.134188588639732487e+00
-2.029007756547387409e+00
-2.313895918000427265e+00
1.664896073894075457e+00
8.179652667636823082e-01
5.030849325528139460e-01
1.918809219641639530e+00
1.596343735661040597e+00
2.777152374917033484e-01
9.034233573818717389e-01
1.506171734276177787e+00
-6.558581081195518081e-01
-1.847712038214091468e+00
-2.411010003883208519e+00
-1.919576666193070213e+00
1.686208642234188204e+00
1.529563395685753946e+00
2.740676078478417210e+00
4.468729235483248630e-01
1.179669590286125391e+00
2.778459781297382136e-01
1.565661362924235078e+00
3.051708009054054926e-01
1.654600578654561005e+00
-4.870910632614133817e-03
2.041001582223298527e-01
3.453202265545485261e-02
-2.768611311219486559e+00
8.426430194764220616e-01
3.578757141800137376e-01
-1.102760313920073010e+00
-1.750913331037954990e+00
-5.275649349406199562e-01
5.316767765159262638e-01
-1.976016036127728359e+00
-1.227581296619275619e-01
1.529656898278101806e+00
-2.797306056541912334e+00
1.246785007537530632e+00
-1.268210713012538626e+00
-2.077737556490424353e-01
-2.224765080463246836e+00
-4.010591696395051642e-01
-9.405718827564077955e-01
2.635245660316263283e+00
7.283189319919003424e-02
2.075553832651334751e+00
2.187134450762322047e+00
2.164468655075197923e+00
6.555251487407920408e-01
2.247055489334901068e+00
-8.324439281275219926e-01
1.727263462345664635e+00
-1.996728578636094653e+00
-2.575730980131869963e+00
-2.187169834327143292e+00
-1.774492153748774115e+00
1.148708978864804386e+00
-1.850549850186980372e+00
-1.152024851706301423e+00
-7.916345360330794279e-01
1.453026110495474477e+00
1.911517805612260368e+00
2.792390181535679972e-01
-1.311626368249132479e+00
-2.115751969552164269e-01
-1.480116812005556337e+00
-1.219949449130270924e+00
4.658236625570832956e-01
1.445062494898569305e+00
-2.792841988083161198e-03
-1.298853192301737458e+00
-1.832643923647503392e+00
-7.299733855149170836e-01
-1.437082004230214594e-01
-2.621323426601378070e+00
6.179054746647150154e-01
-3.001408851461000449e+00
7.226572185020003758e-01
1.071247248521691731e+00
1.923245356112851745e+00
-2.591861588670896221e+00
2.996423905907443341e+00
3.667557236752738703e-02
-5.927114221898950319e-01
2.138778370189868383e+00
1.980897613694013515e+00
-1.793173519181850750e+00
-1.831292954255166805e+00
-3.235159867424712843e-01
-2.380565194930146067e+00
2.200618070428189910e+00
2.724646811792361234e+00
-1.308098727598121513e+00
3.147608656327092191e-01
2.167775013966837250e+00
-1.331949827552962873e+00
1.463306548402101726e+00
2.889401996848663501e+00
1.915499352540923184e+00
2.176803523808001906e+00
-2.189001792939750946e+00
-1.173338519142728131e-01
-7.877803578442534871e-01
-2.366285496016683254e+00
-1.348011457428130999e+00
2.044190985495053070e+00
-7.322727578209020649e-01
2.570006557002111336e-01
4.270801781822965992e-01
-2.247171058755280448e+00
1.701824923257709621e+00
-4.246772744118567644e-01
-1.878304508208729295e+00
2.372330948159120823e+00
1.515236511688664578e+00
1.148708965920879344e+00
1.401213603709386746e+00
6.252460159651622718e-01
-1.664197225746955944e+00
-5.308084056961437369e-02
-2.488187833252286651e-01
-6.926534299657260974e-01
-2.928347303907594679e-01
-2.296892106100344222e+00
-9.291445334095094211e-02
1.755191802897869024e+00
-3.371668708284385474e-01
-9.514261925305520506e-01
-8.615806996570238852e-01
2.192798742448630378e+00
5.727868795044894767e-01
8.514773286377224082e-01
2.354566104005463956e+00
4.051979280239130787e-01
-3.039875182807394438e-01
3.112892695989280867e+00
1.849269265258842054e+00
-2.359243832933582752e+00
1.646601965619582053e+00
1.300976140738718811e+00
-1.234367426980798044e-01
5.131467305286241398e-01
1.329433683793182830e+00
-1.606924789277667909e+00
9.556685717149715487e-01
2.540030325664895727e+00
-3.235783072506972502e-01
-1.236938646017882171e+00
-2.501982467014547851e+00
2.339728301770093388e+00
7.081173629191024332e-01
-1.410023503051085481e+00
-6.913843846649747604e-02
-1.407323919043510507e+00
-2.585768213704452201e+00
4.661086532190461540e-01
-5.931449692413393038e-01
-4.175240442691912079e-01
5.289269376477498952e-01
1.220036716855165793e+00
-3.036973400441484561e+00
2.979728575654564615e+00
-2.407960612086945673e-02
2.674871865623988931e+00
1.994884642415114762e+00
8.301887583076039689e-01
1.725064534775215819e+00
1.822050845706701949e-01
1.784580217977676853e+00
7.579061640704809477e-01
-1.725884803728142014e+00
2.766943575769240660e+00
7.428132802368168086e-01
1.041207690421161125e+00
2.649135241638031601e+00
-1.239512358221436017e+00
1.645100447410408506e+00
-2.315046532638385113e+00
1.573513440314638245e+00
4.298074017117166079e-01
1.032245586321049124e+00
-1.104498257642827497e+00
-3.411956298082614580e-01
-1.890197194886774845e+00
1.685647933729105041e+00
1.536012039726042389e+00
7.390672757283240912e-01
-1.376532568467514928e+00
-2.730174677083128998e+00
4.210939567615028523e-01
6.810019278933552300e-01
5.250416602316043679e-02
-2.319812443876942076e+00
-4.673615311387804283e-01
-6.183331723093399290e-02
1.096104434133870598e+00
-2.890196061658858451e+00
5.107014192720615853e-01
-8.716287726124241075e-01
1.769109790028372764e+00
6.901696133076917761e-02
3.868244042965152119e-02
1.772895000958431666e+00
2.048934741671956772e+00
-1.229160087362749287e+00
-3.028970262220782583e+00
-1.842042958414260578e+00
-9.476404139991059239e-01
-1.153115745709669682e+00
-1.808388573684460265e+00
-2.641045249410820084e+00
-2.234071502897236883e+00
-1.147992738981509220e-01
-1.551767126754418413e+00
8.884923179727373110e-01
1.803697413862062504e+00
2.010984857456390884e+00
-1.246122271955391270e+00
1.225470899986040862e+00
2.248110578699908046e+00
2.757320266149192456e+00
-1.242236668257223897e-01
-8.371050133618922473e-01
1.831057562826207352e+00
7.099423207138624292e-01
-1.114271861492956983e+00
8.883165965481669701e-01
-8.891886009746485797e-01
-1.048602622642552440e+00
5.040636508205853517e-02
6.493669785501783309e-01
-2.875098370795214464e+00
-2.198336508456452343e+00
1.614661712027185558e+00
-3.874416425426332466e-01
1.536649250383847587e+00
9.884939779125652137e-01
-2.005144558633045193e-01
-1.891725495975026483e+00
-1.436490633716632104e+00
-9.176408964696696202e-01
-2.990367004256029304e-01
2.232608311609070917e+00
1.293479196204527781e+00
-1.126336307776099055e+00
-1.668260812136292515e+00
-1.286272977134073070e+00
-5.842074619190098517e-01
-8.790277014371374875e-01
-5.554590661851790401e-01
-1.190948874853018147e+00
1.687732678385120977e+00
6.746738564439516139e-01
-8.489429030411415056e-01
-1.564938789000449582e+00
-2.853261698916700340e-01
-1.243033858118092194e+00
1.543094318364217621e+00
1.766247062787234867e+00
-4.866409707618171154e-01
8.684655656889486153e-01
-5.950509002898618505e-01
-1.310806092534233080e+00
1.584857393560515249e+00
2.449737896535742365e+00
2.604782719511765876e+00
-2.018477813778457808e+00
-8.117261886983744290e-01
-8.220093963878882803e-01
2.620974352367975158e-01
-2.041222054244844486e-01
-2.546715938072420471e+00
-1.252931603488736112e+00
-1.479585243288603191e+00
-2.013948870981142392e+00
-6.719800200000456414e-01
-2.016725563234945895e+00
-1.661284503367816079e+00
6.517329713050141748e-01
2.658064488785360169e+00
1.006618428419610467e+00
8.892071334928814963e-01
-1.852463268602062563e+00
-2.239324454133710951e+00
5.461128142140001529e-01
-1.793052981117545741e+00
-9.933476567952110869e-01
2.209199307323578054e+00
-4.726408189205848487e-01
-1.049077402918223711e+00
2.330478139089260381e+00
1.549903920928499268e+00
-1.945201313989146641e+00
-2.191946936708509597e+00
2.928504335948192150e-01
-1.625811858408675370e+00
1.473405209905495283e+00
1.725934700902472585e+00
2.169514896892739131e-01
9.184765640771441753e-02
-2.347988963660603723e+00
-2.145060003415442118e+00
2.321410787866104997e+00
-1.822699723218106360e+00
-9.858842009194965783e-01
-8.162258632967116512e-01
-7.117871864702927098e-01
1.227666104784768564e+00
6.316334631337454653e-01
3.728915556081968674e-01
1.662769952621994562e+00
-5.029293436660609018e-02
-4.762763156108995588e-02
9.437195508286242429e-01
1.418378691367091271e+00
-1.112838080749345426e+00
5.473380875519060496e-01
-2.411290614019323542e+00
-1.587804397907561338e+00
-8.388331962922253027e-01
2.840227681678411109e+00
-1.050659238662130068e+00
-1.154079935568461668e+00
-2.005955682298141696e-01
-1.312189744194371954e-01
-7.385302864531961831e-02
-4.773051883819254826e-01
4.467680229200965414e-03
7.380846621849030953e-01
3.858564137403774907e-02
-1.474086208837830814e+00
2.189193654297074687e-01
1.900810802848234005e-01
-2.831481633085617400e+00
2.770961243701203003e+00
-2.183060667894940465e-01
2.126058644028905320e-02
-7.455504069262879341e-01
1.545174925805433475e+00
6.345656544260815934e-01
-1.870813789707506114e+00
2.228130029385728683e+00
-5.766794421261263182e-01
6.713600123710561363e-01
-1.946411859071787820e+00
8.364697636396565272e-01
2.549471094853682729e+00
1.761827222470280674e+00
2.428772287025420695e+00
1.987286581854227130e+00
-1.055955921787090634e+00
2.064359669087217242e+00
-1.625101799278756420e+00
2.547586912078605437e+00
-2.220691794256079543e+00
6.640075003777736740e-01
-2.803730603616010342e-01
-1.160865289713145287e+00
-1.155945150498312035e+00
-9.175822372054085463e-01
5.842934597535878183e-01
1.218456678804578530e+00
1.682370988038047521e+00
-2.250375376649494719e+00
-1.498548694755926114e+00
3.038646207198706151e+00
3.067168534247954881e+00
4.563101832768658994e-01
1.944268069266926524e+00
6.663852288200766694e-01
1.796200407568973034e-01
-6.635795595530940005e-01
-2.420748585765588601e-01
-2.526815377995705436e+00
2.430338953193746043e+00
1.777339769342713538e+00
-7.211506652495476288e-01
-2.147793210389274954e+00
-7.986966480152837278e-01
1.044552136841883083e+00
-1.492040484890377883e-02
-2.574313645931343153e+00
-1.236084984050215496e+00
2.261005642845085539e+00
2.352545094043102303e+00
5.893311675916645953e-01
2.428450863771363544e+00
-4.952691833163660462e-01
-2.977971501683498445e+00
-2.333951386808847506e+00
7.896173494529943326e-01
-1.827405393578930060e+00
9.718709159134117925e-01
-1.230612365717118628e+00
1.527391686498884127e+00
-2.915251242372416840e+00
-3.346124392201428321e-01
-1.709834766387312577e+00
-1.109153975687864779e+00
6.915722790664782238e-01
-1.575003639295703195e+00
9.447799925213757888e-01
7.164640901424679242e-01
-3.941595351198996511e-01
2.109251348417506833e-01
1.805459101949199230e+00
-2.179511026122797013e+00
2.378486349077815198e+00
-1.009788983607566415e+00
-1.532539552602509847e+00
1.851380985600307838e+00
-1.422952844654803428e+00
1.795813163113506583e+00
1.001221499895814659e+00
2.586842195332014427e+00
-1.833625883569147241e+00
-5.531626438148071756e-01
2.416342426346117733e+00
2.094643301698880578e+00
5.661643981451849328e-01
1.578130505877846979e+00
-3.628861339306510558e-03
-1.104836784907652358e+00
-9.580710513600703138e-01
1.300982513389145723e+00
-2.125030766053548348e-01
-1.312014732452806420e+00
-1.230126031659208419e+00
-1.371045862293152950e+00
5.191722164278500529e-01
1.054999177749764705e+00
1.397280702367320160e+00
-2.155962943066200399e+00
1.832676113957659503e+00
1.902415840602569297e+00
5.319968051926737829e-01
-2.903215862823307347e-01
1.034477622108233241e+00
-8.217551667959464012e-01
1.297211613625160354e+00
-1.881791442341345544e+00
-4.897573865067501586e-01
2.772033325457803343e+00
-3.166013493649320054e-01
-2.473358643051213335e+00
8.693929445951305013e-01
-2.333727212117147065e+00
-1.097030558816332046e-01
1.316883236009812386e+00
9.273881739864799911e-01
-1.703267821039520236e+00
1.212344821919783655e+00
1.035500977842000125e+00
1.627980821067187556e+00
8.145905886005255780e-02
1.117806447427635241e+00
2.153051873151817119e+00
1.257823568548111837e+00
-3.094238374000370939e-01
-1.882055802078258289e+00
-1.306502909863316741e+00
-3.026199302513052913e-01
2.413049841802543227e+00
2.436187701783323334e-01
-1.279633910324820434e+00
1.130741786773836743e+00
1.189052589731844023e+00
1.728655759354956523e+00
-4.712431268735350898e-02
-2.263004911764248561e+00
2.183477508058224714e-01
-2.784617368057306752e+00
2.385923545607294471e+00
1.190250779729118413e+00
-1.151455607193710762e+00
-1.958067371135823187e+00
-2.288749929167831709e+00
-6.273482720701064608e-01
5.088538947120060385e-01
2.631946028111988412e+00
2.991666651560800361e+00
-1.185695968999990413e+00
-2.062031116280924170e+00
-1.339059048681390252e-01
2.269699739350104828e+00
9.477392319456523495e-01
4.895452072742809690e-01
1.148012552729584357e+00
-7.206512248820322597e-01
-2.195935425871279101e+00
2.802068628662390815e+00
-2.503042899837347512e+00
8.960777372324084666e-01
-4.144681002705272732e-01
-2.104315462423018701e+00
-8.796021595684582195e-01
7.193744591096473684e-01
1.469251484528541596e+00
2.372099078382580828e+00
1.799690361617459544e+00
-2.427644755880030480e+00
4.112966480689772553e-01
-5.174643336975117691e-01
-1.690603171673377147e+00
-2.211602816051149389e+00
-1.435501853307629361e+00
1.246513305807852134e+00
1.660227595594481187e+00
2.582582832667713824e+00
1.971573592602117841e+00
-2.257216209971612209e+00
-2.681245464362553399e+00
5.833561801083497755e-01
2.482760877157347501e+00
-1.815978281206790612e+00
-2.282021906772693676e+00
1.373686907287847703e-01
-1.298448644142955466e+00
8.377943401587026884e-01
2.659515277767603436e+00
7.422102689739435988e-01
5.449049814327899810e-02
-1.673029419089058223e+00
1.772347071464295709e+00
-2.068913286097068926e+00
2.407908449422979658e-02
1.730334026662885272e+00
6.158335481253720545e-01
-2.258703031005306894e+00
-2.266797104031980759e+00
1.280057372058873710e+00
1.219825121544639401e+00
-1.052128582656025380e+00
-1.460420102229311734e+00
2.190846351434312389e+00
-2.553093326251830053e+00
-1.162179885583620731e+00
-1.571910229021846739e+00
1.336820617814355572e+00
1.351285150397760759e+00
-1.803536630563286725e+00
-1.453585776749672931e-01
1.684019476363573631e+00
8.435132562815734758e-01
-6.510315080079509542e-01
-8.609388771326180745e-01
2.782949765636127282e+00
9.194430530458461703e-01
-1.443391920595333833e+00
2.030980175673278154e-01
-8.761253791286467418e-01
-1.162668136206140623e+00
-4.454924698381628190e-01
-2.228933608604118710e+00
-1.053176767781318190e+00
-5.522326852974579481e-02
-2.760962866078514821e+00
-7.047827157995802949e-01
9.750759231217447365e-01
1.019098496480657090e+00
2.522833077007549107e+00
-1.720754758931782202e+00
1.549724153425293238e+00
-1.983291937222494639e+00
2.340061108469271289e-01
6.044823219236565848e-01
-2.991127989156514122e+00
1.081256784751017719e+00
2.095851249442697295e+00
1.637558402784954126e+00
-2.569597338833435884e-01
1.347447895389896289e+00
1.129854819577635894e-01
-2.491113844326945603e+00
-2.388229912736785643e+00
2.223127090095071701e+00
7.788446618250866038e-02
7.232455909755568513e-01
4.789415552145879218e-01
1.006707956135324267e-01
-1.849218270205059689e+00
1.029305289866213613e+00
6.347634390334988552e-01
-4.338013187116800395e-01
2.063538476277166467e+00
1.568549310350746850e+00
7.751967059429656359e-01
2.838160638098305988e+00
2.161895817827023336e+00
-2.627531269909244127e+00
-3.102207340797843216e+00
-1.349449738272393340e+00
-4.506464540815526831e-01
-1.354463503241256639e+00
2.739604006840981931e+00
1.121038875555423253e+00
1.624076523841052833e+00
9.805383498198905201e-01
-1.180667972752599049e+00
1.301619348332465620e+00
2.089566392654775839e+00
3.985937675168127470e-01
1.652815423414399021e+00
-1.288972929354843533e+00
1.189192169901987839e+00
-2.149614552055206573e+00
-2.813744732770043555e+00
1.456784736260390289e+00
-2.016341427181628898e+00
-1.768528125406518825e-01
-8.388894351261892979e-01
-1.974934150554403800e+00
-2.242484428669033747e-02
-5.791583265152784321e-01
9.210776064668024787e-02
2.041960231416764415e+00
-9.329407170587238340e-01
1.811371691553876673e+00
1.318019675407393621e+00
-7.049415427057255101e-01
-8.381809635894068577e-01
-2.449157703512154782e+00
-1.000707437879841066e+00
9.756852956973318669e-01
1.687325885399850733e+00
7.587302461220097882e-01
2.566783699289585385e+00
1.544869255681895481e-01
-4.199916782306978291e-02
-2.433274370693188526e+00
-2.405729749428314967e+00
-5.604351477489686317e-01
5.933717836139784652e-01
1.527247691608391911e+00
-1.086151693086385706e-01
1.120756934005660455e+00
1.612681699919594536e+00
1.263039557433529581e+00
-1.492972724663519823e+00
3.116700764489834796e-01
-2.292807673355166109e+00
9.436112817505648565e-02
1.583831604568688434e+00
-4.435377555968980090e-01
-2.033051193214436836e-01
-2.925281947219699141e+00
6.889804849133165376e-01
-1.615943677218005803e+00
-1.840971286866971646e+00
-4.553144291530832888e-01
3.647156837710694433e-01
2.833805237194278348e+00
-1.079712570961341545e+00
-2.306789304940567220e+00
1.821900907243687584e-01
1.313973638705645541e-01
3.056484647323651771e-01
-1.877622774806041228e+00
-6.095528836403723005e-01
-1.832177380937491940e+00
-2.050187469287715558e+00
-8.074219262923518770e-01
1.356889914476422376e-01
2.671810658329089705e+00
1.030408081805596510e+00
9.695598021479234774e-01
1.433209454625323787e+00
-3.850502356904224044e-01
1.538785195033129050e+00
-2.581579771433149872e+00
1.140384648727893691e+00
1.724715363403827695e+00
-1.414316573984732095e+00
1.848887528752872100e+00
-5.778613557408815993e-01
2.239402521747672736e+00
-9.419306595385101843e-01
-2.243787602630388456e+00
2.954166365598672961e+00
1.306338148737060223e+00
-2.889498871932734136e+00
7.093286880811477957e-01
-1.670971585207446708e+00
2.712325223162167731e+00
-1.271331779661055705e+00
1.004456697903485463e+00
-1.760091746960129377e+00
-1.044290161031788955e+00
-4.022205957213262906e-01
-2.638087783140453002e+00
2.600742181763315841e-03
2.074227200657410286e+00
4.481447138395857621e-01
-5.554438523700877539e-02
1.469524529952927594e+00
1.422461032431291628e+00
-1.453497843797909361e+00
-1.297670082557718096e+00
1.520718848452715655e+00
-8.111249633677566351e-01
-4.450088077983433976e-01
-2.621630633459766990e+00
-1.054150411691975986e+00
-6.725366951934086401e-01
-7.870715042937828088e-01
-2.802172786839213003e+00
-2.305577740998092651e+00
4.063461319922403447e-01
-4.893978698157912532e-01
2.037475487112145878e+00
-2.527905817184437520e+00
2.845260138918728643e+00
5.996209540041448349e-01
1.404081425777608416e+00
1.776895995819563367e+00
-4.127618459623354497e-01
1.688558998768731279e+00
-1.378212121314270178e+00
1.492968855301710640e+00
-1.944947629284410340e-01
-1.081685757999421682e+00
-7.932889512217125016e-01
9.362532668353278353e-01
1.882119900231042919e-01
-2.094078197344462211e-01
-4.452911576640321556e-01
-7.772683391448955703e-01
1.238379733932942983e+00
1.143111562382086888e+00
2.589327106821723845e-01
2.351877193989877490e+00
1.120097430013612616e+00
-2.248005703388088250e+00
1.948099204272438101e+00
-1.458759832724956240e-01
-1.436293651543468997e+00
-4.674730452487860788e-01
1.329181539635392539e+00
1.709951627859052969e+00
-1.194622077756592571e+00
-1.095260808434634914e+00
1.041873413061322751e-01
-7.206357005293231310e-01
1.694941688365050325e-01
4.585169495027159314e-01
-4.395789842050854546e-01
-7.676751006484590079e-01
-2.066061419041323788e+00
1.244986610646284575e+00
1.707222982599315486e+00
-1.409108223749161226e+00
-2.445246819211196687e+00
-5.010264118586871263e-02
-1.943487949859790120e-02
2.657335716029891159e+00
2.846635924209457436e+00
-3.378445276554211674e-01
-1.011439798479492502e+00
-1.434531672569205440e+00
-1.163437713616573888e+00
2.063062415415188866e+00
1.136177848116401101e+00
-1.642591678057554461e+00
1.469841935973832392e-01
8.082999002858084481e-01
-1.949297817218141660e+00
-1.055369426830645718e+00
9.544387434297156858e-01
1.456630118683477804e+00
4.729086397547401788e-01
2.394129058351305517e+00
1.263706641599194214e+00
-6.134673080080199625e-01
-1.592111518500312073e+00
-1.199293698209419112e+00
2.058246267362909165e+00
1.208209306800062777e+00
-1.129585585228627398e+00
-1.502177772837699266e+00
-8.437107582705127840e-02
-2.185208693481396125e+00
-1.947387287299471303e+00
1.453972624688823601e+00
-3.715988077899927688e-01
3.359698526087324666e-01
1.935581460187374425e+00
-2.015134885260849718e+00
-2.332428544668561976e+00
-2.171192131715866225e+00
1.429958253579249217e+00
-3.133011216717742631e+00
8.675654916305131081e-01
1.058256755531985505e-01
-2.333486849154046361e+00
-2.068882308714856677e+00
-1.445178618998721909e+00
-6.457882284872171752e-01
-2.549105467035845951e+00
5.960014305358454223e-01
-1.293567768098113469e+00
-2.746753576327156665e-01
-1.109005014926784494e+00
-4.530584732692597427e-01
2.253239564340128176e+00
-1.064795058839105746e+00
1.002954407027036865e+00
-5.387234102705713568e-01
8.455488907539088217e-01
-2.493191109464838462e-01
3.502657228608665463e-01
1.805299895141754263e-01
-4.724488874025318808e-01
-1.290954114782404183e+00
-2.056326985987690481e+00
-2.122907266788442993e+00
-7.968388659260128293e-02
-1.108722891354481987e+00
2.706067190235038389e+00
-1.134965469116244297e+00
-8.678037402377238863e-01
-1.741024603554052863e+00
-2.402914904006042018e+00
-4.368624758546433284e-01
1.640574362539510389e+00
2.679569807331185771e-01
-1.613390690954157769e+00
2.539895294439763695e+00
-9.675206809600309654e-01
4.120892525646269178e-01
-3.056728780452724337e-01
-4.637105270944683610e-01
-2.861103990149464593e+00
-1.004958979718209022e+00
8.306499383642131917e-01
6.968278990305964982e-01
-1.440570879079752231e+00
2.381196214293762381e+00
-9.542552587490717997e-01
1.003618536639606873e+00
-9.551084465509198651e-01
-1.068986100594807809e+00
4.290818133445384319e-02
-1.872628597795591432e+00
-2.890245626239807297e+00
1.143150728300642349e+00
1.621324887888071942e+00
-3.106925854085034189e-01
2.509481190124061456e+00
-1.639331229461049588e-02
1.445381439783247401e+00
-4.808018837890113417e-01
2.169087582587199137e+00
-4.501081953435237537e-01
9.903379679095971611e-01
-3.717695558271394418e-01
2.640628798612228323e+00
-1.198183500811502711e+00
-6.235811933513968341e-02
6.272136151219758204e-01
-6.268663137903836002e-01
2.105458870296377683e+00
-3.667724813380308646e-01
1.266892133072476057e+00
2.158653329374812024e+00
5.357094977009433379e-01
-9.492845302002352881e-01
-1.510049984787368960e+00
6.308631887999016641e-02
-3.050100632620127428e-01
-1.195893845420483714e-01
-4.560926734100156921e-02
-1.641595497443405272e+00
1.522165838748917643e+00
-2.864201413667876395e+00
-1.698786598212895349e+00
1.220940472664032939e+00
1.202423060132186805e+00
-1.332927306107846377e+00
4.964011247041524300e-01
-2.517321320958244790e+00
1.593505034543305499e-01
1.330525322373707908e+00
-1.952787964742111804e+00
-5.939683600228251592e-01
1.544359532023662496e+00
-1.312415701815340618e+00
-2.572652676502805047e+00
1.592462273160540676e+00
-2.677586331748200710e+00
7.656894041572206433e-01
1.249649716916323428e-02
2.812486756047034575e+00
6.073440096276581102e-01
1.568553137411018206e+00
1.093740803500517167e+00
-3.929835894813376029e-01
5.888620523698566700e-01
2.359166749791619111e-02
-1.264507115386905856e+00
-7.926013960029845151e-01
2.340016260554396155e+00
-2.249154385307093662e+00
1.659962241854859855e-01
-2.461219193444936337e+00
8.995258070802307770e-01
6.013988871162467831e-01
-1.147351610759067775e+00
4.507829609346494237e-01
-1.765226636189054510e+00
-1.034549836917553201e+00
9.715174940993662744e-01
1.928168324773178455e-01
-1.016567773356087834e+00
-1.444598833247690006e+00
2.501373918709221655e+00
1.517067871499609311e+00
-1.790598906242342192e+00
-6.183787003327445575e-01
2.291493451984121243e+00
3.002742508814678857e+00
-2.721710882944884169e+00
-2.819812866559914255e-01
-9.796086039153966141e-01
2.020415376472075586e+00
1.299796652465126989e+00
-1.822756347744671768e+00
-4.263492686214940264e-01
7.857270619908778286e-01
2.279740616642018658e+00
-4.655755265577168345e-01
-9.396632308771666331e-01
-8.681624757632109279e-01
1.431361901290728156e+00
7.816353730186342830e-01
-3.104500977701569742e+00
1.141084087344824916e+00
