2.983622969398129321e+00
1.639458617086257952e+00
1.839069195024857883e+00
1.088060100267933983e+00
2.946808927650015342e+00
2.630359398017432682e+00
1.765949326995375657e+00
1.196980750306219754e+00
9.991383964992781586e-01
3.563714683109449055e+00
2.996085790960592909e+00
1.768936424927930240e+00
2.623147594066481680e+00
4.866458004960444228e+00
4.483928012195853796e+00
2.860897382984221693e+00
4.503497080891394333e+00
2.374455716364279212e+00
4.853791246720204455e+00
2.646155101122873887e+00
1.547733196349819096e+00
2.609818173109889727e+00
5.286077314805266880e+00
2.917417244437799262e+00
3.948325148571868226e+00
4.354269391992779958e-01
3.365660880491830653e+00
1.828535156875148893e+00
6.619394524519766065e-01
2.748292911777517666e+00
3.021272913895259649e+00
3.343420186974912056e+00
2.704602061620962061e-01
1.792217051361479463e+00
1.540566477168633597e+00
1.201925689497890914e+00
2.225003002949959452e+00
8.303473781039265589e-01
2.684273316152651745e+00
4.338028424030127894e+00
2.964715383026198303e+00
1.439448134413098046e+00
3.280935951842847587e+00
5.251212338871702912e+00
2.036286932213948297e+00
2.329822109419503740e+00
3.477865912875122589e+00
4.047935533761837235e+00
4.614433245939551398e+00
3.078650771048074830e-01
3.023702676578796655e+00
3.756553219585466508e+00
1.858838025699458996e+00
4.663603638760244863e+00
2.097939859064664958e+00
2.304202226156268907e-01
3.562760030459690697e-01
5.353849040065004061e+00
3.823584892365806454e+00
1.578804981411932040e+00
2.813677759051788740e+00
1.296554729497427338e+00
9.393039561509839430e-01
2.652057749817391397e+00
-4.531576697274353194e-02
4.862657136975217398e+00
1.245342422089883883e+00
4.918640910470255534e+00
4.725382938927952026e+00
3.874108421408557490e+00
4.187189667125773340e+00
6.106467953128005277e-01
4.142207943919260060e+00
4.100923737613086928e-01
1.618247619963418593e+00
1.830484785894046951e+00
5.099209782588372875e+00
4.890758124211092905e+00
3.671161752624302110e+00
2.547035972249106273e+00
8.597145275249813423e-01
4.637363008632615191e+00
1.510743698343534724e+00
2.928945298541847819e+00
2.794125326475789706e+00
2.483720377909289567e+00
1.988726660359059650e+00
4.996048623798772681e+00
3.936872580657331255e-01
3.547051805297162019e+00
3.674143355985663106e+00
5.291518009432296665e-01
2.697042925678916347e-01
4.938652976399149352e-01
3.752463314847496179e-01
1.864711335404072301e-01
4.782723521861683480e+00
1.043736639143081568e+00
7.112309518280968135e-01
1.098248379324470392e+00
2.821573075140871190e+00
4.874490252917969002e+00
3.316865953354971808e+00
3.725807227338520988e+00
4.289473359349019077e+00
1.724082195299310172e+00
3.553675412168896486e+00
2.662631553789492678e+00
1.896201090266558253e-01
2.058058335235372738e+00
1.272053374703640216e+00
5.267017872249956767e+00
3.625442440745651140e+00
4.970973317982188888e+00
1.438464149990138274e+00
3.369748863696411689e+00
3.245496823784083773e+00
4.918979120539152206e+00
2.864771468732250526e+00
4.846550126083345233e+00
8.922597111664014591e-01
9.057532968078412239e-01
3.744883221959874220e+00
-3.781634653086918263e-02
4.281369001567588484e+00
3.823885228266931335e+00
-1.448936774852311871e-01
3.600166788149973485e+00
2.692620926638026546e+00
3.674804323647352433e+00
1.137020486317587675e+00
2.894183901133446035e+00
-1.083833715857078772e-01
4.779280851524399409e+00
3.326981835203765669e+00
2.433894482866278963e-01
4.249745329788293446e+00
9.123136387262338332e-01
1.411314484187551344e-01
2.072332134662421943e+00
3.707699398242510824e+00
5.122946980256001481e+00
1.355567777706815136e+00
1.936908509210037543e+00
3.231446283250345886e+00
4.049205967653481508e+00
9.541925229693530852e-01
2.747894158559543776e+00
2.883567792182455847e+00
4.253386503015786246e+00
9.280417208863145362e-01
2.101527904991077556e+00
1.895879102435470642e+00
4.006913251004286636e+00
1.300901269304898022e+00
8.902412042731455699e-03
4.933099970056531447e+00
4.397429958915248349e+00
3.682333488889572237e+00
4.384478368855319275e+00
5.088877033756100232e+00
1.107136669789179351e+00
2.885578030156941587e+00
2.969950325172220573e+00
3.583345023340401170e+00
4.746094631614623083e+00
2.069602993893759901e+00
5.308683761999171580e+00
-1.171671624050070193e-01
2.093509398871185034e+00
1.827458715274838497e+00
3.700832401411451755e+00
1.720265728136803673e+00
2.310075199142999303e+00
2.754949218477221962e+00
3.717843070732818944e+00
3.403947905816835373e+00
1.045371037497162092e+00
2.953435042718781212e+00
6.776416833605214407e-02
-4.039555839578792273e-01
2.546372505211155435e+00
3.052345815821356112e+00
2.217170629612883026e+00
2.458714443128215521e+00
2.922478851347323214e-01
3.766298463499534677e+00
4.182756983871534828e+00
2.005769591433317345e-01
2.240393617250356684e+00
9.965234393841022609e-01
7.457581520302341005e-01
3.876249642483440283e-01
3.885150649572377546e-01
5.928832553269121064e-01
1.916238027079937289e+00
4.956403604180191991e+00
3.920480009956147427e+00
3.275164093084663719e-01
1.519992405457086804e+00
1.964659441973807930e+00
2.030276282811227517e+00
3.052213494368109181e+00
6.005597350382521071e-01
5.090442258152565458e-01
3.159595234374840800e+00
9.854090841709970405e-01
4.213436843492814887e+00
2.241465192352780633e+00
1.556169138302640143e+00
5.060467937278261275e-01
3.415317571548577291e+00
5.296754564497430096e+00
1.794572486650187315e+00
2.648616342740971241e+00
1.737452990083949267e+00
2.114663239960533403e+00
1.902605047429430485e+00
1.408890891110767818e+00
4.410271573811025192e+00
5.422816173462566169e+00
4.546429966618525498e+00
3.204496887754118006e-01
4.630784048174049872e+00
5.307280403366760879e-01
4.880553758578621171e+00
-2.253451051864647781e-01
2.004333087303466598e+00
4.088250384184794584e+00
2.611379592673404915e+00
1.863619193634827198e+00
2.648739471157570691e+00
2.660798517522176887e+00
2.350336499903739274e+00
3.863452402340678660e+00
4.887540836095968899e+00
2.603928228611628981e+00
2.176690408177073266e-02
-2.116269615908370483e-01
2.207138310057144892e+00
-2.790029709576984374e-01
3.704575018560056776e+00
3.362260409851318244e+00
4.878764990040735938e-01
3.922134092139481609e+00
3.030395309558432615e+00
2.874806027617094806e+00
3.424287872909440367e+00
1.328954581838187821e+00
1.265060655461338612e-01
2.296701491598314604e+00
1.050006207627775190e+00
4.469470658725334999e+00
2.883050261026771643e+00
6.514323801239987333e-01
2.716908914492187854e+00
4.634921190227794696e+00
4.020164663720397158e+00
2.317250564490614728e+00
4.066890928592783894e+00
2.108741353328501766e+00
2.717899024199622815e+00
1.241147238342609427e+00
3.164589330313022586e+00
1.738212854820022635e+00
3.766878193919179552e+00
4.664191814548308557e+00
2.066057739967169127e+00
-5.352951743276790353e-02
5.900239031506195886e-01
4.697788849081039331e+00
2.335903688467925399e+00
4.243724002138373308e+00
2.358714393972839218e+00
2.950815880258688573e+00
6.745739952655158689e-01
-1.822695085085577205e-01
4.169578282945208159e+00
2.789160907191126526e+00
3.163296405970999814e+00
2.400341913358547963e+00
9.371701442380189206e-01
3.274103379759711885e+00
3.195409429307837001e+00
1.569066079454112916e+00
2.062595605116131381e+00
-9.092535840250359769e-02
1.541130135214032748e-01
-2.830018737424389030e-03
3.974553843622210536e+00
2.707724231299470041e+00
4.725929679031915853e+00
1.829758104650919925e+00
2.444961980049872530e+00
4.059840858683276821e+00
6.232747578919299869e-01
5.075336522115252436e+00
2.827847702838873545e+00
1.000541605038129944e-02
1.267311775405357110e+00
2.649754480198805773e+00
3.504527226456135125e+00
2.421021627017756472e+00
1.122737963731054833e+00
8.571585588103625142e-01
1.940626047180168179e+00
3.405796318483741203e+00
4.105335824756439322e+00
1.417590989659764489e+00
3.184081012908878350e+00
3.800547932770397708e+00
1.028165477297386943e+00
2.716011544719093784e+00
-1.779343427558117696e-01
5.327511914073225441e+00
9.271337699714994329e-01
7.995862715158050804e-01
8.385460450338699800e-01
3.510859256862559619e+00
3.075812198153236920e+00
2.906347833511050638e+00
4.798199941878184660e+00
2.521374189023852352e+00
2.390102985677286185e+00
3.301964779117486870e+00
2.039412942845173049e+00
4.695105101515157031e+00
1.660140404819236082e+00
4.615325820730138418e-01
2.404177170212404846e-01
3.120767664227063420e+00
3.962924505458374824e+00
3.652198578264028939e+00
1.546264464028961783e+00
3.162636440241209712e+00
1.847929394525958280e+00
4.093696828162842749e+00
3.847846813570784619e+00
-1.871440631584579961e-01
1.054612800410052564e+00
1.570490267559042863e+00
3.302360170328233480e+00
5.917319485656848954e-01
3.440220959090494190e+00
9.448103774221916495e-01
4.755320433354839338e+00
7.702955480452455816e-01
2.362809907482542826e+00
1.820730427491445980e+00
4.004626571825614434e+00
2.247361913112806420e-01
4.920955095946784041e+00
1.311300047996057039e+00
2.375954943151581844e+00
3.524764608420515088e+00
3.001390655370260063e+00
5.153809313328537201e+00
2.952122442471616814e+00
-5.375331062086097234e-02
4.013307700521375310e+00
5.338348898789170960e+00
2.707232564058393187e+00
4.279115986814879591e+00
2.728185564949802355e+00
1.820974473280743133e+00
2.540965282009901571e-01
1.659716429620803346e+00
1.927236530302927520e+00
4.123781598994316511e+00
4.099288820620836660e+00
6.123086265208916856e-01
1.257979006495811625e+00
2.460569070967681959e+00
1.933856598438778107e+00
1.141795686443911606e+00
5.381355151546438620e+00
4.575220449675651224e+00
9.822904015912392595e-02
4.308243060145152015e+00
2.811510683679912859e+00
1.559473413982471079e+00
3.900881548315220826e+00
1.018835701087130730e-01
3.063557315996934705e+00
2.235303179193724787e+00
4.419466034454289982e+00
1.842918433351485419e+00
3.382314693982729992e+00
1.058702351118056662e+00
4.129270415501100189e+00
1.813660036465265968e+00
9.604193940227174764e-01
1.989609983817245187e+00
4.571686450563369419e+00
1.418811837701778877e+00
5.312002208121091584e+00
6.558042877068013254e-01
3.151015103371731740e+00
-1.151333456227199292e-03
1.045077544261509672e+00
3.401757112648160941e+00
2.157923596130027377e+00
2.205365598396626048e+00
3.449780142060967947e+00
2.059051119799535812e+00
3.811281162893276786e+00
1.035979964470955750e+00
3.480985209913347589e+00
3.892286202242027926e-01
2.436927600248327330e+00
3.793973758942810193e+00
1.884618140278059961e+00
4.098610705054838377e+00
1.911534004957160526e+00
2.309245699244969252e+00
5.395235086374601252e+00
3.800694101913816070e+00
7.316830065236343827e-01
2.667256355568881077e+00
3.186572748788805143e+00
3.146901826295263049e+00
1.527240085221889032e+00
2.014357427446460846e+00
3.697990897507629882e+00
3.358630942741424263e+00
1.386437326787858026e+00
3.279063398204888458e+00
1.408387497938250910e+00
2.366774560969804320e+00
-3.994271470180770223e-01
2.613738847539477383e+00
4.699572751905582990e-01
3.752905840272294569e+00
5.210373511917705258e+00
5.892562808958405896e-01
1.229473712824070475e+00
5.587134074238448989e-01
2.485432679673219347e+00
3.158162057384723553e+00
1.398615224128867851e+00
4.712734779627615112e+00
-1.131015995410971087e-01
-3.838737925296058506e-01
3.938420000170989255e+00
4.869712772242515086e+00
1.282180448627401326e+00
3.639312489984305898e+00
2.827112887796374707e+00
1.584586647064930354e+00
1.589618268207650509e+00
2.991718906980985970e+00
2.811844027081421338e+00
4.172818791922059845e+00
3.833464472821150437e+00
3.196920327013112129e+00
1.718874541585011073e+00
1.766637060443219553e+00
2.759441002942513599e+00
5.289306338291428489e-01
3.607030227441393677e+00
7.728933226296597070e-01
2.517552690114611025e+00
3.620754578605822616e+00
2.845516007622233445e+00
1.221337543165059714e+00
4.798305381842624229e+00
1.468694025231533473e+00
2.244336419047136211e+00
4.030394187430811570e+00
2.308967258667015798e+00
4.194029690617842476e+00
4.303948253486765907e+00
-1.920843498104334302e-01
4.021993216165821394e+00
4.191703015937122245e+00
-2.566656509764921879e-01
1.304073714685417329e+00
3.329149676705291938e-01
3.120412082203586124e+00
3.739134850867740667e+00
4.202869558842703412e+00
3.077369774404417058e-01
1.012476881860139066e+00
5.297314753510820040e+00
2.808581364391726787e+00
3.936229037078353699e-01
3.624498286748957909e+00
7.823553388845443379e-01
7.735665897953971637e-01
3.316228016963739478e+00
1.534128746445595048e+00
3.188443616507399270e+00
3.426358288776594208e-01
4.351259993043470331e+00
4.046790047089938724e+00
1.904726783295390469e+00
1.327534185607468942e+00
3.753916391582697187e+00
2.924509704078124273e+00
1.849489496881727923e+00
2.898836668457478893e+00
4.021503146401222750e+00
1.851288397305472344e+00
4.447079794931102725e+00
3.798334425028553341e-01
6.899827687238602181e-01
1.266994704024920537e+00
2.205464145062732584e+00
2.831278678512162195e+00
4.045109067763673849e+00
3.236313469589433112e+00
1.888438250978142108e+00
5.409187231735968382e+00
2.723571636309734423e+00
3.536150412780550312e+00
2.869556605585314557e+00
2.755143659998751104e-01
4.648069383644223507e+00
1.778300138532436847e+00
5.133951795546451535e+00
3.869033437827246402e+00
3.794270572766576421e+00
1.035394396977064702e+00
1.399914947668190024e+00
6.867508135160846905e-01
3.249807450759336191e+00
1.215159376090781507e+00
2.013809980399314803e+00
1.174237482696577572e+00
5.141807038708739341e+00
3.761814845318253830e+00
1.601609534977284532e+00
2.877714551041741231e+00
-8.218564185827581525e-02
2.503561474024257549e+00
1.018406093816635050e-01
3.948358730561869478e+00
1.845056356922665231e-01
3.460490011410286115e+00
1.794782719264376603e+00
1.702635985379519212e-02
3.248703772517322008e+00
9.298122751182527068e-01
1.587523490964757755e+00
4.990206248504868825e+00
1.809273065825242277e+00
1.974118270774624762e+00
2.462005020666908628e+00
3.577858539962134543e+00
3.025159386925885485e+00
1.804638747305989277e+00
2.906268943041226294e+00
-1.636089814228860462e-01
3.120305671892683819e+00
1.923812318111695063e+00
1.908892378812250712e+00
2.672472249662228627e+00
3.711751539651006127e+00
5.159398874046452477e+00
3.844885588320444469e+00
2.173245593943231135e+00
4.175302147671150266e+00
3.450320592827935684e+00
5.098508534976456730e+00
4.049535611530515666e+00
2.814119843143672028e-01
1.300631759360166839e-01
1.018395191911324105e+00
7.084544016941549671e-01
2.197154410295625304e+00
3.078702365866051949e+00
4.607037899082817134e+00
4.661836015876405170e+00
2.544027051849909071e+00
2.918103209657201269e+00
2.110988461464724075e+00
6.558021658816572952e-01
2.580884349053087057e+00
4.131888709472658405e+00
1.738927023603356936e+00
1.531742232349158961e+00
2.282916089572920804e+00
4.171154092059691010e+00
4.086826244090884686e+00
9.487203920899496268e-01
7.479342997853484221e-01
-2.602018540260964130e-01
6.309975671684844301e-01
5.096660578037148781e+00
9.835463399443487020e-01
4.198132346290314842e+00
3.426385451922124403e+00
1.300794620860346917e+00
3.895144591099409581e+00
1.503297255476226724e+00
1.651715181532788179e+00
3.834325294618361468e+00
5.529120323311715879e-01
3.169860959261377786e+00
1.652146354472940004e+00
1.742877948514883535e+00
2.097643886008373038e+00
4.124931412106587203e+00
1.473539529408938620e+00
2.019801785387269177e+00
2.594569171491565740e+00
3.797668696140553024e+00
3.256448901000769780e+00
1.088552826733570456e+00
2.928500929756224558e+00
3.859086482262140905e+00
9.565219787361192161e-01
3.387555510760620336e-02
3.944724732997697103e+00
2.280090481278927328e+00
4.320390331173298293e-01
1.989359033105007946e+00
4.298508528499853654e-01
1.623171926421957956e+00
4.870971639626532124e+00
3.037204951107074891e+00
1.767613011793169875e-01
4.377446833625276312e+00
5.677912046218756004e-01
4.443129812360902875e+00
1.860532809189648695e+00
3.616875905315612982e+00
1.431725523304653969e+00
2.165646379365918861e+00
3.063132464576307612e+00
9.613596877541912278e-01
4.662949472732996981e+00
2.339049828176788637e+00
3.384936044580600267e+00
3.254446973520973785e+00
2.454306000146130096e+00
1.058826304449414835e+00
4.695525479925583667e+00
4.746835299543494813e-01
3.686022821777575231e+00
3.598236882929567670e+00
3.552655956021961714e+00
1.207653868022588561e+00
1.202540719896560972e-03
2.741407586193344237e+00
1.252069781884846300e+00
1.658807427854640970e+00
4.322233232904709510e+00
-9.169112244665100775e-03
3.740281010771745684e+00
3.733572922559611484e+00
2.343482919800364606e+00
9.559027882548196686e-01
5.347684554989600159e-01
1.177260378746019853e+00
3.971299230839379746e+00
2.271550489509271742e+00
6.159196268342803648e-01
4.843411200544222694e+00
3.097472326599739034e+00
1.076678851497311129e+00
-4.235984748108414522e-01
9.880374739165178610e-01
1.886935648347144223e+00
3.366766309419132241e+00
4.081240730276510575e+00
1.330913107686421348e+00
7.341103996835611767e-01
4.160684344379541599e+00
3.270522691255850489e+00
2.100861320467713789e+00
4.836632654552952104e+00
2.275986152700504306e-02
2.337330122551845690e+00
2.639077294694946119e+00
3.591451310713324574e+00
6.518525891141990769e-03
3.484108640388249967e+00
1.311895205541190990e+00
4.381790096126207956e+00
1.557262814947102392e+00
2.631610179031758534e+00
8.001756554652406095e-01
2.808018857190516471e+00
1.443819802795066387e+00
6.677702257454285473e-01
5.020232594852931385e+00
3.107271928835277919e+00
7.827492241560092268e-01
1.899529844812605006e+00
2.610216608463707288e+00
1.210552741944823651e-01
6.407362452236835537e-01
1.514706932919372306e+00
-2.660259850956787631e-01
9.175146940527856287e-02
2.758535978501857500e+00
-8.444476522670285590e-02
5.809495244660825009e-01
3.455387860602643357e+00
5.288121103524723310e-02
3.798185686868190913e+00
2.615664961476603878e+00
4.005506038555736836e+00
3.878646376023384690e+00
2.419876761152933931e+00
2.765814532687559613e+00
4.273367138322470282e-01
3.902802330888594184e+00
4.879626230241127516e+00
4.640407670572429311e+00
3.744203018868873301e+00
3.057997816118572132e+00
9.099831960078210713e-01
2.667072906015313549e+00
5.265351097627807064e+00
2.040860624556683156e+00
4.821859036455270697e+00
1.002999318037091747e+00
4.667894268776993982e+00
1.292034595117424800e+00
3.911100581031641710e+00
4.950844295618948010e+00
-3.783681303409203167e-02
4.765119345434831288e+00
3.836699306589336445e+00
1.112701844325483691e+00
1.102919405894399851e+00
3.736719395471546079e+00
2.605655484461529170e+00
2.128979958304963560e+00
3.860315502646967545e+00
2.437134463565747922e+00
4.629704688968715232e+00
-7.442551585161716332e-02
5.115025806572992551e+00
1.719335965158494517e+00
3.163953577200288692e+00
4.308223334625402856e-01
2.297986555826982524e+00
2.933719086484537719e+00
3.222893035410086426e+00
1.075363920493662917e+00
3.006002972902345860e+00
3.357062930624890029e+00
4.351725802181086067e+00
3.175596396100841545e+00
1.143526395177270949e+00
5.113276507458451192e+00
2.007915326936196010e+00
7.762706912991390595e-01
4.824384587681851855e+00
1.934507264216790645e+00
1.323421746525802689e+00
4.451854713887485104e+00
4.988400181009842171e+00
1.472016048833316049e+00
3.625964833453735991e+00
1.890136924001912355e+00
2.954956837658112789e+00
3.376081964725095474e+00
3.307545579603006658e+00
4.261718283501231497e+00
1.502552847181002349e+00
-4.834694306523976692e-01
3.712951931301477160e+00
5.113737295355738510e+00
3.592176243661636903e+00
1.063135216755343393e+00
4.373328432045003211e+00
4.403423811090833695e+00
2.746786633265266175e+00
2.237241365219156286e+00
3.115096795936471707e-01
4.018171145299069380e+00
3.175936329226994204e+00
9.900727443030010733e-01
4.638392762611456277e-01
3.001202560800328101e+00
1.516848591248436406e-01
3.029394151917434996e-01
2.906849797848479966e+00
4.481896990047932405e+00
2.590709993009594925e+00
1.885226886723858186e+00
2.410446349337515670e+00
3.809403103341333363e+00
1.656555752367808054e+00
1.392742718684673697e+00
3.778300555843932429e+00
-2.888258497854687690e-01
1.264994380818308173e+00
1.250263490905374475e+00
5.018086957591304298e+00
1.774428469742930226e+00
1.404494899607349190e+00
3.291238393836229292e+00
1.740797890922500812e+00
1.679896331630221340e+00
2.726301500751096896e+00
4.239527332436328066e+00
3.588931194329543217e-01
2.128984276592778002e-01
3.545266043184662763e-01
8.578904832482701082e-01
1.442456134937684098e+00
2.236309956105513308e+00
1.790260878098146158e+00
2.753252773410400422e+00
4.970139139888424040e+00
1.073396091133197672e+00
-9.862738592603825794e-02
4.765801287712431389e+00
2.208452880262218088e+00
1.372233005663135330e+00
2.094202492849621677e+00
4.196748315155689468e+00
3.994730879517693012e+00
3.440504592532560579e+00
-3.004121605604339607e-01
3.743694289359309479e+00
3.659768898775034529e+00
4.621661422923343920e+00
4.731920411441699059e-01
2.793519253955484061e+00
1.007146488987515021e+00
3.764374785612123020e+00
1.163935370988116169e+00
3.505450838757230514e+00
3.281232297000961751e+00
3.043164394783865134e+00
-1.729783666161290867e-01
5.121230877667125370e+00
2.489059280515019346e+00
3.788581280269498919e+00
1.965610498267799322e+00
4.885859279026515622e+00
4.993632171434443379e-01
2.513930048815265827e+00
5.266217396759268254e+00
1.333468788731728694e+00
2.901332574704633238e+00
4.041713315217744906e+00
3.848604593352593639e+00
9.180438829330794803e-01
1.247652688660498832e+00
-6.610189649643682941e-02
3.927445670699366786e+00
2.845532909548635025e+00
3.854010609140983590e+00
4.526220815932086694e+00
3.229740020554540791e+00
1.920683468940074690e+00
4.243237272453287190e+00
1.095722388922410140e+00
2.961476631665444614e+00
2.513453619746465861e+00
8.468978572143797123e-01
3.026073480078551370e+00
3.805218951966379493e+00
4.601596143750370516e-01
3.144041911740023565e+00
2.500644687250330733e-01
5.039385028543836853e-01
1.641351318013754224e+00
1.630614857541700324e+00
2.596676215268721499e+00
3.010700331039020128e-01
2.499350413874195986e+00
2.327379181847604173e+00
2.421081256957491767e+00
2.735059130772009794e+00
5.280236848185195342e+00
1.152577209782302603e+00
4.396999665554677250e+00
7.241731106470812307e-01
3.936182491907969094e+00
2.273442540062187156e+00
2.777476770043944221e+00
5.130672005154190529e+00
4.111595064434366620e+00
2.267141321415537369e+00
5.274774840804706599e+00
2.394410487022938128e+00
3.902833043119944278e+00
1.119842337258786458e+00
4.256333545862208467e+00
4.030562248445130891e-01
2.763249565594520618e+00
2.677743043545525836e+00
1.243962255720090226e-01
5.165788542848517295e+00
2.543533597339244778e-01
2.243597937129725217e+00
1.788787251677385726e+00
9.008863984536326086e-01
3.655760146409235745e+00
3.071709072271023189e+00
3.088590181874106833e+00
5.163837843100889557e+00
5.669010791745145994e-01
2.679008465623484270e+00
1.297418965569995919e+00
2.651788163994343250e+00
4.134452382714716379e+00
3.896577819378121532e+00
1.051265058756359672e+00
-2.517299010204272491e-01
9.823756832476400191e-01
1.387222513192471141e+00
9.610823838145243769e-02
1.442602538609311758e+00
1.145613006493209518e+00
4.002966046793750010e+00
4.818661344376737432e+00
3.486778986071389141e+00
1.035183999075466765e+00
3.147395386857875010e+00
3.113662947782509960e+00
2.768063137171788313e+00
7.709678283692547041e-01
1.080361797893871767e+00
5.050569716158904043e+00
8.580490445959991774e-01
4.793057385778100254e+00
4.563108458590768635e+00
3.246557129619207061e+00
1.852761577761815381e+00
7.683703296237851532e-01
4.451408089612334251e-01
9.347353289391939768e-01
1.506996946681369742e+00
2.600209611431804291e+00
8.936174570878314682e-01
1.758477215179054198e+00
2.405141381897887953e+00
3.402762013405302710e+00
-2.024568908395325550e-01
2.425727640007774966e+00
4.042369088382880449e+00
2.375977283935321260e+00
2.863135653067672592e+00
9.749311810314926774e-01
1.023288597263563027e+00
6.955260528109779017e-01
7.407346708681350478e-01
3.173689551887584059e+00
2.078556407937106165e+00
1.533964172634873613e+00
-8.079882784822522979e-02
-1.457117067319586567e-01
3.111294435476574805e-01
4.147083600719652097e+00
2.293365965057872380e+00
1.430212170987139153e+00
4.086776476427386839e+00
2.676595079674111588e+00
2.001807898351313675e+00
3.274354098509205002e+00
5.188120460638625531e+00
5.054458529105687603e-04
3.402696747604551319e+00
1.392133545135317618e+00
2.345277218514921103e+00
2.964959963433067003e-02
1.929837169666797081e-01
2.459547629797189217e+00
1.452904287628468794e+00
2.683287330819955407e+00
4.122041933511674472e+00
3.193570001829455052e+00
6.085641760466025119e-01
4.307394803713572529e+00
3.553249013114394117e+00
4.955968264619457386e+00
2.852842427371171219e+00
-1.359912142712618177e-01
3.325819306215031190e+00
2.127103122359440768e+00
1.170713868342751596e+00
6.827002155880279588e-04
3.074215634944561515e+00
2.656532018068523904e+00
4.011954321021240943e+00
2.714973899288684045e+00
4.477949606211822697e+00
2.703736512822466409e+00
4.625306111180117696e+00
3.373113550647371284e+00
5.228494925994880305e+00
3.358014680267030982e+00
3.364341774404794094e+00
2.686505114022913254e+00
2.686461468114340612e+00
1.455247416316900910e+00
1.154067937724209791e+00
3.015748873714496625e-01
3.143507316903015436e+00
3.687068049946116588e+00
3.048058179303120951e+00
3.809386410466034434e+00
2.366125095887320562e+00
1.711103613599394890e+00
3.867881803939010155e+00
3.845059187877170714e+00
3.248149039482456146e+00
4.355223270007746450e+00
3.472821642514068330e+00
2.586271853047730218e-01
6.035767106962524053e-01
4.148075689289461465e+00
2.858128640295235279e+00
2.640933258085683910e+00
1.690128604985082106e+00
3.722711920056356760e+00
4.190342832793406913e+00
1.310025255395073529e+00
4.602874767771419684e+00
1.460978682103309723e+00
3.807899419309745070e+00
6.147439864990174030e-01
1.988974772298855775e+00
3.122541716615501173e-02
1.474771731230066329e+00
5.869992515710702463e-01
2.736180748229687154e+00
4.416447865834994602e+00
1.262924516979050615e+00
3.471158282339262158e+00
4.080549630056472310e+00
5.202546108092008126e+00
1.813930033944473941e+00
2.725188450694224329e+00
2.399092277309859966e+00
3.787846110592624882e+00
3.851795312279030270e+00
3.195496455316373385e-01
7.772544345302012658e-01
4.807079161537696876e+00
1.329004789357847827e+00
2.692957963088050910e+00
2.703455823466040187e+00
9.131831662015015283e-01
2.394295121088466871e+00
4.782278164663027908e+00
4.285408614103761948e+00
7.075013774775351649e-01
1.053750412595651831e+00
4.836374189564656589e+00
3.061992484755450050e+00
5.039912861851711057e+00
1.970040583572465032e+00
5.114949355642375295e-01
1.721679051562681195e-01
2.854842752520394988e+00
1.920262482254726066e+00
2.264624521771269272e+00
2.310146704772040316e+00
2.438528030799540502e-01
1.480716517368660945e+00
6.510418671665716417e-01
7.232747060720310373e-01
4.853470848574879426e+00
2.229206870483734448e+00
2.656927762771030821e+00
3.576974711338325008e+00
2.124347160694761705e+00
4.569551794642189080e+00
6.346710883670372283e-01
5.890772623936015862e-01
1.038958141639096056e+00
3.186519527681912933e+00
3.797981382005563233e+00
4.565953180448120818e+00
2.735664999371043571e+00
2.472058370906012215e+00
1.965496177948390155e+00
2.616524813792569404e+00
2.383265067199282328e+00
1.397729268766549460e+00
2.838006966689047061e+00
3.457878214224773927e+00
2.658032287592275722e+00
2.832912630485503236e+00
2.346035318013054649e+00
4.131663855515352424e+00
-8.801014183526589818e-02
2.202859873621588527e+00
2.485028080325426103e+00
1.131925905267068266e+00
1.754782846943585106e+00
3.611793845859901708e+00
2.144276686943451082e+00
1.680300711130246150e+00
4.013765726497016573e+00
2.698059889624652818e+00
2.551764183852297307e+00
1.079695443661473853e+00
1.570596530583499018e+00
2.482722788543439307e+00
1.889284747420497901e+00
7.587399295183629988e-01
4.838249351166309609e+00
4.760652455269264394e+00
2.041224355689027270e+00
2.255751312042981738e-01
4.248402247298063372e+00
3.527555753483024858e+00
2.664229425475404867e+00
4.674045431092951119e+00
4.708408000462856791e+00
5.676661489878274125e-01
3.194458963781189098e+00
4.336587239370153668e+00
2.825795302745754078e+00
3.156176916121879117e+00
3.974536902452983966e+00
4.856044965818457015e+00
4.094908327822158967e+00
3.725556715353887327e+00
2.537250434245445163e+00
2.741620750632602466e+00
1.369102792538918756e+00
4.617527826642437105e+00
8.019951978943380411e-01
5.418613352095956515e+00
5.034925889855648151e+00
3.302138825201801353e-01
2.181078202765343477e+00
3.181820981768622048e+00
3.265879542776264799e+00
1.412435497955952357e+00
1.728930269804268782e+00
9.670800220755362275e-01
-2.144197241764675965e-01
2.799928506825763108e+00
4.351294972896296187e+00
1.846144492655962921e+00
4.162353350004501351e+00
8.670290710110153398e-01
2.077174160517921031e+00
3.695641610501191110e+00
1.694131331634274318e-02
1.500077096587214776e+00
7.993482954486239578e-01
1.626630385919079380e+00
2.876951136099224371e+00
9.872767635247452489e-01
4.172268607934874751e-01
1.392704370295302141e+00
2.859498742021690632e+00
3.187780760360643839e+00
3.748865897426904681e+00
2.194414421426627904e+00
1.793396711023818924e+00
3.536078872268221929e+00
1.025439856597704313e+00
2.774481666444385652e+00
3.104210028197909921e+00
1.131356431312372735e+00
2.100887793832426631e+00
4.651036735303954117e+00
-2.181634248354402672e-01
1.982572093600766472e+00
2.080543078612997476e+00
5.278192360959836904e-01
3.169315358583384423e+00
4.973312757097337666e+00
2.601849050277712294e+00
4.529452114907803306e+00
2.175263544036097230e+00
2.425896589243172308e+00
2.979600839253228273e+00
6.516328688691643833e-01
1.346312475611965986e+00
4.085386365528252739e+00
-9.161219591810265683e-02
3.928234759953594946e-01
4.527026528632424274e+00
9.096310723248297592e-01
3.098947185716275143e+00
4.348126864491412391e+00
1.434558290166918049e+00
3.791361249295398750e+00
1.869296602921544981e+00
9.199019393662926092e-01
3.687306291306576611e+00
9.555874880963948215e-01
3.211790615368959934e+00
2.300376147631562063e-01
3.025392137191452946e+00
2.181592808173913767e+00
3.865056170035328975e+00
1.490845462240733887e+00
2.017574172807476529e+00
3.945534776394922005e+00
1.694178541357411305e+00
3.552917709383024203e+00
2.529101744010650243e+00
7.070426989961582365e-01
3.539635036755527153e+00
3.545840798771234148e+00
3.992230242071162394e+00
2.613299435989148378e+00
2.622147736341761792e+00
3.739335028225839963e+00
1.950444049965872395e+00
3.065449249606418292e+00
1.226948209008407176e+00
2.900373572610679851e+00
-3.969481422426195394e-01
4.485069109710305923e+00
4.166957897290490820e-02
1.625268437558068158e+00
2.439773559604540232e+00
9.138071432942798111e-01
6.632150105775558302e-03
2.291155249810205241e+00
2.199100343382651701e-01
3.730476931200435331e+00
-9.246173923304823461e-02
3.739191929202881681e+00
1.054546455840930541e+00
4.139073962990698519e+00
1.625743840620916814e-01
5.633292909511187219e-01
1.455203452907325889e+00
2.378981210566173843e+00
7.437183202141826044e-01
3.502272593024116532e+00
2.129133704409221117e+00
4.365245586985956550e+00
2.750640507883979957e+00
1.533696295466548953e+00
6.891502074462474425e-01
2.344508560461437519e+00
1.402809906470709578e+00
4.303292074230691711e+00
4.654414088786303694e+00
-2.962618842466966385e-01
2.746789479650599830e-01
4.628374641231561171e+00
2.421439656351325631e+00
1.769591451299092455e+00
4.505924496492339060e+00
3.440975822817408769e+00
2.957817836003149736e+00
1.859125030956137792e+00
2.526418602834494820e-01
2.424631691904722608e+00
3.300114066433961213e+00
6.018110993535756847e-01
5.061628761556709932e+00
2.307700047125271325e+00
3.566464681994531816e+00
1.879195805865596647e+00
2.059982844548508218e+00
2.144554642019762092e+00
9.825368016195028531e-01
4.787333740992796294e+00
5.028587586490452566e+00
6.266350843280390492e-01
2.734380267299676426e+00
3.444033998451523360e+00
1.741715205876887218e+00
2.471664580705041914e+00
1.659197164416710280e+00
5.374650428527095514e+00
1.003522994369503429e+00
4.512321570884623156e-01
3.935772119384118639e+00
4.716229979612451828e+00
4.232281168474546718e+00
4.175225731793089423e+00
3.202671649259706044e+00
2.835737749582737166e+00
5.293271457666598678e+00
1.517009833076361502e+00
2.992264112780888219e+00
3.523514613393352590e+00
3.169276153603254542e+00
3.955679065318086884e+00
2.022187090185362024e+00
3.350012763037737429e+00
1.567141727356620606e+00
4.825222305402224521e+00
3.446284579703101869e+00
2.694329551200039141e+00
2.856012390659127931e+00
1.457596335108676477e+00
1.619011985522545771e+00
1.232282958883725854e-01
1.720334709408636975e+00
3.648197104542102664e+00
1.759754616526335802e+00
3.186619435714451498e+00
3.885497837712657443e+00
3.812499185258996448e+00
4.898458614500748709e+00
4.576540210921953289e+00
-2.971439462121416852e-02
3.929778213562807210e+00
3.117022167807702360e+00
4.716108609353510062e+00
5.038455073919493543e+00
1.528593387895751832e+00
4.460035828919650669e-01
2.488101006352145816e-01
1.632791422808414161e+00
1.048837641105955676e+00
3.066258668419733269e+00
1.924975010131642961e+00
-1.895180032186774000e-01
3.495132840669034735e+00
7.709670027595558750e-01
5.296490612039615797e+00
4.854651931292831790e+00
2.295392843157302742e+00
4.031340145842863265e+00
3.040492988956433607e-02
5.436787437827286240e-01
3.442438981802663278e+00
2.112193179110062324e+00
4.589541464651208713e+00
4.897113193471435366e+00
2.803672398849184511e+00
3.771756345215143469e+00
4.168043339628479060e+00
2.230768720924107384e+00
4.416149986674295036e+00
4.452615780731200346e+00
5.468316888468223169e+00
2.007075154173067588e+00
1.983545952823955183e+00
2.061764461559876693e+00
2.864880486569815865e+00
6.724251492165445043e-01
3.985409709493676900e-01
3.348299589031459078e+00
2.219651954426363538e+00
1.644445922883619460e-01
1.308745781174370570e+00
3.483062073876030951e+00
1.602170318972129692e+00
5.232407565715858411e+00
1.208907702791740313e+00
3.833529063213790167e+00
2.656782663588424853e+00
2.752832944391746750e+00
3.640126628196398428e+00
4.463391966248110521e+00
7.551146508033799165e-01
2.245389257033012065e+00
4.883875360331696669e+00
3.930493036344810065e+00
3.373132163486895152e+00
1.575395278005686350e+00
1.640961359556175836e+00
4.998246423872402033e+00
-2.922116121320579296e-01
2.589876883675076513e+00
1.412703446654901107e+00
2.669823446942114487e+00
4.777628864694374755e+00
1.959581478401252852e+00
4.094376745094161052e+00
1.625381051545055300e+00
3.848638153658814787e+00
2.116014815567520024e+00
1.682597310986840178e+00
3.814266433289299485e-01
2.596601173784867989e+00
3.036665384863617589e+00
2.488374676278660935e+00
2.589675619902712000e+00
5.144748891752438880e+00
3.828721107198180817e+00
6.089176449830233651e-01
1.551656091378434077e+00
2.903068777020197722e+00
4.087623175548191767e+00
2.146612919667309605e+00
3.254640437944008369e+00
3.724591158010884584e+00
4.257209468948978781e+00
3.413314965648826416e+00
4.383049338813208351e+00
7.784631108448563097e-01
-6.789241952084168474e-02
3.085437070644102775e+00
5.256487646439031991e-01
3.659357233362760198e+00
4.201341850715687443e-01
2.963282800927346194e+00
4.832872058879917887e-01
9.969513199981712148e-01
3.404412546131482031e+00
3.254799714599586835e+00
3.755762467852209241e+00
3.542875141570897668e+00
9.378412645841578410e-01
9.835731109815659678e-01
2.068726148796058872e+00
1.715759133166413264e+00
4.936937398939871713e+00
4.468429274151395347e+00
3.404488035938394219e+00
4.944772793172358405e-01
4.368368933898285178e+00
3.620679094843479717e+00
2.521129449803835243e+00
-1.812222604280666616e-02
5.542248701693672785e-01
1.245470090906128924e+00
1.526088656791670495e+00
-1.855564383164303166e-01
2.430067092811347251e+00
2.008861282258584957e+00
3.288070061149142020e-01
4.137417383276966731e-01
3.384054249966881756e+00
3.735349722184711396e+00
3.028988134112385211e+00
5.975699438504333827e-01
6.721865035543839184e-02
3.054324094597616224e+00
4.953709335763235799e+00
5.373230790447289351e+00
2.415918406925552375e-01
3.672700905603285548e-01
3.585821636009898228e+00
2.343392824197992219e+00
2.519938107597246457e+00
4.138009115731415832e-01
2.310329977731834461e+00
-3.596281068616651311e-01
2.566594384187366629e+00
3.740449191862792233e+00
1.372138892658352205e+00
3.035862064775056268e+00
1.303815110139293409e+00
5.332207180524282109e-01
3.170634905468419973e+00
5.383505132422419237e-01
2.434008562167841561e+00
2.171929377024842900e+00
7.067127134022372914e-01
2.750812232854072725e+00
2.853377099373918035e+00
4.452432016156661732e+00
4.823257916584410054e+00
1.820238668468871168e+00
4.323711856312062451e+00
-2.981708448298352465e-01
3.908204221638605702e+00
6.661813249735581977e-01
1.006116101148203157e+00
3.352048743492520799e+00
4.576677509206238170e+00
5.255051880019056654e+00
4.562180032011230679e+00
-3.356844097256059811e-01
1.068970117557249466e+00
5.606640149035504450e-01
3.785789059752616481e+00
2.835784233958628775e+00
1.161583312103386056e+00
1.352917406678312062e+00
1.177282063680141988e+00
2.028998242416138353e+00
4.602190793962035897e+00
2.845329484184524915e+00
2.334928680187777772e-01
2.826524299842558818e+00
1.735362643332185151e+00
2.644047459493262586e+00
3.097939100396697398e+00
5.052591274417766343e+00
1.425914578160336177e+00
3.072521321346775025e+00
2.118421273275497008e+00
3.071084059267509048e+00
-1.258544630627040917e-01
1.983342206359971271e+00
1.956130297353265490e+00
4.191460171774657795e+00
3.591152593760806866e+00
2.229382549453780449e+00
-4.394823591529073425e-01
4.255086183652771581e+00
2.463665122741858227e-01
3.561594882479512947e-01
2.157440492704076895e+00
4.034681884137912178e+00
1.282176981220582768e+00
4.853402557501066639e+00
4.438923353373397163e+00
3.899227395746983404e+00
3.860613341739480120e+00
4.288407879491643371e+00
4.670505879426055884e+00
1.437444501406304198e-01
2.264517006217228179e+00
1.331038648341374753e+00
5.066561970417671645e+00
1.731559835279251836e+00
1.313160181426262341e+00
3.415589417318450671e+00
5.404411892825219610e+00
1.383904632687365854e+00
2.190719898524475795e-01
2.065906968706924474e+00
3.990084476701966310e+00
6.415534798400059913e-01
1.906203716887899802e-01
3.775436237943976536e-01
1.763232889220727628e+00
2.939378386318887593e+00
1.075639172288845202e+00
3.609599341975707532e+00
4.548955754412336461e+00
3.080170609049998731e+00
3.851464068254815132e+00
3.256539102437594480e+00
3.037285565842065438e+00
5.255487921647487681e+00
1.755040165127145002e+00
-3.916044562230958093e-02
1.257984439755423622e+00
1.517969300479681927e+00
3.636422565946222818e+00
3.134985919604112325e+00
8.166293083382143436e-01
1.988141498281658315e+00
2.633395521906533254e+00
1.318316334089782771e+00
3.535165340797309597e+00
2.001770861654442513e+00
3.132896111423756125e+00
8.060289997575802445e-01
5.260884664813103129e+00
3.076565979242271709e+00
4.565168253268005571e+00
4.645164468864580343e+00
7.928693165224256489e-01
4.513243705874664613e+00
-4.042673839875643438e-02
1.046468520349729481e+00
2.775762540467522577e+00
3.301599011184553234e+00
4.569477315466787815e+00
3.868507798027259525e+00
1.040044583624225361e+00
3.323116145311711733e+00
2.168938103249032245e+00
3.279505435167354932e+00
3.582001137866800633e+00
2.720797386891042002e+00
2.852325812006147210e+00
4.450175334336863742e+00
2.910887700692791569e+00
2.536586426980722564e-01
2.446021056513272285e-01
2.420832384744656451e+00
4.463026113618594692e+00
4.855582333424454333e+00
2.745230994155448023e+00
1.041635519289501488e+00
1.790318384638498017e+00
2.143341074178652050e+00
2.094053544332140859e+00
4.706108494683219234e+00
-4.170161869965518520e-01
3.652392413317079090e+00
1.425377130051823649e+00
4.063573077308593184e+00
4.908729656217996506e+00
4.549025984500104869e+00
3.480074049638925970e+00
2.069552228210649325e+00
4.879854517682087334e-01
3.490866677141873708e+00
6.047335805008664522e-01
3.353822950555386484e+00
1.740085486839340945e+00
3.509778042694421174e+00
1.279663885947312174e+00
2.473990373327950465e+00
6.633833028147773092e-01
4.918369372328207589e+00
4.871235071308351650e+00
1.067101841936439754e+00
4.152019226861774825e+00
5.181690825491960695e+00
4.592372961168953438e+00
5.315034583421605063e-01
2.529433245949555875e+00
8.183314078320105267e-01
2.323738625337899322e+00
3.985255607611616568e+00
2.648326907053030865e+00
1.962224911786260684e+00
4.529727473990428521e+00
3.555808572728160755e-01
4.272127067586538374e+00
2.559724109277507154e+00
2.993958357496313560e+00
3.742080196779363988e+00
2.318224728799389567e+00
1.828144685771842859e+00
3.702217673030535394e+00
8.205716933956868075e-01
3.704719421368512400e+00
1.943140751155940649e-01
3.205132959708299367e+00
3.658855238114595565e+00
1.268302336468480895e+00
1.896708678658160174e+00
-1.307190175224759443e-01
2.952341744952502012e+00
4.437108719463637385e+00
-1.886632043158424921e-01
3.243564626224413772e+00
3.398373635871108078e+00
3.405840835259901667e+00
3.285872504850027909e+00
1.741870524955216659e+00
3.792279988645233857e+00
4.466577566833489499e+00
2.440886368171845788e+00
-6.452309420795288020e-02
1.061469716115786888e+00
5.261346441062908497e+00
2.180760821682968142e+00
8.423290410455734900e-01
2.553978665398516590e+00
4.629866965368210074e-01
4.270387081083972802e-01
2.514892717315007964e+00
4.610748583018409619e+00
1.302903676547524370e+00
2.735170919360089492e+00
3.105181933063773769e+00
1.587179979126442930e-01
3.790589699578340799e+00
2.630273216021386418e+00
4.336713581436143272e+00
2.896605741744308737e+00
1.796934151871184326e+00
1.092513979892785869e+00
3.049503595455446359e+00
2.039093287840271884e+00
2.800984318942307816e+00
8.714498510472452608e-01
3.172194250304492869e+00
4.558288385705798973e+00
2.010149000113013784e+00
5.153946539749826528e+00
4.528324637655920526e+00
3.961048149972082655e+00
4.545470302466682710e+00
3.870678300596033239e+00
3.461058717876351665e+00
1.511970927892680727e+00
5.221675273084205315e-01
4.488589891875429672e-01
3.310481916669347768e-01
2.708528110940742195e-01
7.157176378144480822e-02
3.261333658983307515e-01
3.339854379294690645e+00
3.128975415801033222e+00
5.416448771134275475e+00
2.059168184240836474e+00
4.949413271810323423e+00
2.527295138745431657e+00
3.771798720448297004e+00
4.185545451933361250e+00
2.969303833965207140e+00
4.391229059977101556e+00
4.787003616950750384e+00
6.399855094431687874e-01
2.566813589121224481e+00
3.758019616559604259e+00
5.723669932726220821e-01
2.102670835595932708e+00
3.149817073906193698e+00
1.121428936269952992e+00
3.008682901045986569e+00
2.742371409527719628e+00
1.066253529774099817e+00
2.900932875414562240e+00
2.650595420860685891e+00
3.273504060422594009e+00
4.781568944547693434e+00
3.721583790601075137e-01
1.846528463521743824e+00
4.060434513030134696e+00
3.201190509999737088e+00
2.801097691775670917e+00
1.410485323215419307e+00
8.556349065802617559e-01
4.888495026176816083e+00
2.455898776862918353e+00
1.664639691665297683e+00
4.011082216315200455e+00
2.200456265793921951e+00
2.906636319685271808e+00
4.768016468183681411e+00
3.013198910019513121e+00
1.938116337778569509e+00
1.314048046488609955e+00
1.065588811275734571e+00
-3.800771482752756114e-01
2.231043054297396466e+00
2.117819232421735087e+00
3.938992475638713131e+00
1.578726855850485222e+00
4.504150992051860314e+00
8.696091928127227533e-01
2.062010203109697848e+00
4.142778292965306974e+00
2.788922008929779039e+00
1.069966381863791227e+00
7.104597305874778002e-01
7.316282798507982577e-01
3.929609544015640665e+00
1.836142876755301856e+00
2.814017745335908316e-01
1.726431964519069773e+00
3.014231133360439685e+00
2.399614891058085675e+00
1.828844650228292679e+00
3.698145405338179259e+00
1.164529809028096885e+00
4.733898047810187748e-01
5.152742324452326272e+00
2.268771151093427640e+00
3.054607042871335665e+00
1.136389770167213875e+00
1.597924740272208766e+00
3.558981508781370096e+00
2.937701862472922087e+00
6.891148415351402434e-01
4.463145715189648755e+00
6.163385539858348139e-01
2.177403535535862744e+00
1.686771076756047094e+00
1.261083200298698692e+00
5.505566579757461554e-01
5.112601507125267730e+00
4.314596314889360684e+00
4.187611621351074120e+00
2.951469459494584058e+00
4.252344910780612608e+00
3.335759716305451761e+00
2.312237114561277451e-02
6.846000531709881542e-01
2.937637834163654205e+00
3.014490099363417386e+00
1.571644433430877896e+00
4.912799082298947795e+00
4.262905364270778819e+00
1.066702975553798005e+00
3.774474784887287271e+00
2.655354010657251962e+00
5.256756200458914563e+00
1.244200438520194574e+00
2.335017183045914990e+00
4.640313997849784045e+00
1.260440569052622806e+00
5.181851502739664994e-01
1.458573033132174679e+00
4.780410748983925373e+00
3.050728331165281304e+00
3.699767807730243163e+00
3.174470894463716775e+00
4.843080240136297121e-01
1.923604226027384456e+00
1.788154305470290417e+00
7.336461089853649753e-01
3.790794769712492851e+00
1.515802519475276000e+00
2.143502793705288845e+00
3.094364582789227214e+00
2.892759607141909939e+00
2.348214861853733737e+00
-4.359343250950287185e-01
2.744283171987937919e-03
5.378720385823108074e+00
9.674217100387139112e-02
5.157788919346037559e+00
-7.602041950255866709e-02
-3.570033856520558047e-01
4.810410004421708408e+00
-5.286672775845424610e-02
3.827846868573972827e+00
2.505618691777477203e+00
2.817325047546319183e+00
2.493951805236908292e+00
3.382780290245337440e+00
3.508137496450547843e+00
2.432262357330420954e+00
2.399200004905164718e+00
2.654049576647787845e-01
4.209586130555093675e+00
4.076465615393827235e+00
4.582276446549816029e+00
2.929060547983597829e+00
1.193012545433415283e+00
6.912570665967816552e-01
2.667591078166260843e+00
2.904650347479095451e+00
2.499470264795029983e+00
1.884411582745713964e+00
1.024487239762788882e+00
-2.662240154018702398e-01
1.061465417424159341e+00
1.353894756342329586e+00
3.024913186516599239e+00
1.359359811944526264e+00
3.312491063070199360e+00
1.775446176637381690e+00
2.676254371737457838e+00
6.279089708576028883e-01
1.496714672103212962e+00
4.011445927839266901e+00
4.876644293546032571e+00
3.959141826451928026e+00
4.158151985828094865e+00
2.013539022259791977e+00
1.859371723941592336e+00
9.487478729376723763e-01
3.811395710590273822e+00
1.783257225287457004e+00
4.705986498262213047e+00
4.805784806996703296e+00
3.478679158934602000e+00
5.312181715739825449e-01
2.904853444646860794e+00
1.533514491073734831e+00
4.587278844700000136e+00
5.157299294549915203e+00
4.606954471950217567e+00
4.735694101058648187e+00
4.339275641016094198e+00
1.785998991081938492e+00
4.719285365225854179e+00
-2.872074048309194438e-01
3.646729023141912052e+00
3.284213336456467403e+00
3.553203972057282556e+00
7.141941112848106954e-01
3.951551363027814290e+00
3.475962626246888121e+00
3.768249113688668217e+00
5.112881355705189534e+00
-1.101510306608615153e-01
1.699300402557297751e+00
7.112369547487471522e-01
1.485927078016882952e+00
4.399165876981937728e+00
3.467810410606684712e+00
4.984275968751100905e+00
5.306079625766852104e+00
2.635877769951142646e+00
2.350840470317341335e+00
4.922609478647178349e+00
5.290599517786155559e+00
4.273162960729440130e+00
4.389102647023751302e+00
4.057425719493434002e+00
3.131732916337067962e+00
1.340353979951786734e+00
3.792048428384315883e+00
-2.635238531930195194e-01
3.298326192348945085e+00
4.843718368964159637e+00
1.291929013333399823e+00
4.427460533539846921e+00
2.114136404753635290e+00
6.059442006360624688e-01
1.048980276690402391e+00
-4.518907522067729943e-01
2.890122173661074712e+00
3.390224625003572356e+00
5.008860016460667808e-01
3.940477167619340193e+00
3.147828397828314806e+00
5.184999731961491776e+00
2.174855874016293988e+00
2.611759683257097286e+00
3.816484276578856694e+00
3.006997857001618257e+00
4.493848540126402114e+00
1.002451607861171823e+00
3.927011755006054372e+00
2.223099925529904652e+00
7.105653602346464481e-01
2.699054668065056006e+00
2.451968127481033655e+00
3.844133596675680664e+00
4.873852761029901615e+00
5.399867679145874177e+00
9.607428891115441516e-01
1.309816576516142916e-01
1.699426554385069288e+00
-9.098433965245700250e-02
2.348349409261535570e+00
2.493742602703482802e+00
5.295106385211319378e+00
8.673817031136348277e-01
1.068729617159815071e+00
1.615662905012796635e+00
2.334040667795340696e+00
1.619021844040217317e+00
3.238682678802717874e-02
-2.289676089691301542e-01
4.597320976082935218e+00
1.550525732863351713e+00
4.208061188684645515e+00
5.567169421864095469e-01
7.408773593887243436e-01
3.431546243586184985e+00
1.927502049417613605e+00
2.398387492944518584e+00
5.029731222955909686e+00
1.606242041820252986e+00
4.042678588727184774e+00
1.207340177259592195e+00
3.417104273462385322e+00
3.579189383358748699e+00
3.520634558429765804e+00
1.345099159704373548e+00
3.807006538487208047e+00
3.812217446860726611e+00
3.760297399573829580e+00
4.006200586867729285e+00
4.162287601309095919e+00
2.600644463622352021e+00
1.305184569142690876e+00
8.177333349825044451e-02
4.212675542103058390e+00
1.968258176912907942e+00
1.295152737046008973e+00
3.041348497524950290e+00
3.368636155894845885e+00
2.494848749138746768e+00
2.398760220576789948e-02
2.649874238213708821e+00
4.101872404948450068e+00
3.953894083666822823e+00
2.123085539962607626e+00
8.495485820919750353e-01
4.280028706180933895e-01
1.714860455594712896e+00
4.001731108657523350e+00
5.326005301886628018e+00
5.218926791992393177e-01
1.823415843620440846e+00
2.985253965150206135e+00
3.509288165639597779e+00
4.008814442546961843e-01
1.856904930735567838e+00
-1.268377803322486841e-01
2.051386339490467670e+00
5.185971055907618421e+00
1.495441855241255169e+00
1.107979412677486231e+00
4.581151565411994753e+00
5.851757527134200387e-01
2.439343005190723446e+00
1.476323080995351589e+00
1.488195708621714353e+00
3.773145404165239469e+00
4.568303478844976340e+00
2.294091249036132929e+00
2.141787683713864077e+00
2.725775958317142589e+00
4.947247407757059179e+00
2.619645429896586997e+00
3.543887005841725113e+00
1.100221405836624200e+00
3.781194913393216339e+00
2.046007573861896134e+00
2.307095962069786843e+00
-3.253634418629873792e-01
9.349314979872227482e-01
2.493251732773163809e+00
5.370101321045153142e-01
3.196452484159843621e+00
1.026319871606793832e+00
2.908439331448429144e-01
4.135380368803337703e+00
3.532835943112839772e+00
1.615885672522047400e+00
1.938841502001585226e+00
1.641842787554288030e+00
2.583186026346796282e+00
3.881579616704215141e+00
