2.089738618166261830e+00
1.591196323815786684e+00
2.601045470846506724e+00
3.125920626236622368e+00
3.091460289259828187e+00
1.323418019227156073e+00
1.207532527077763262e+00
2.386635335775685540e+00
2.526711417903778845e+00
1.473693726222048639e+00
1.536384363395039365e+00
1.896735302919696942e+00
3.401157226667827160e+00
2.980525170643806732e+00
3.653658311658439573e+00
3.012918219670453368e+00
2.558437243814276840e+00
3.109279800640704750e+00
2.659080413778710295e+00
1.373551819832623089e+00
1.969937550175786534e+00
3.803065976798276182e+00
2.827979994184882884e+00
1.930071958003495070e+00
2.033200997991891690e+00
2.294726605814226161e+00
2.087950927560767944e+00
1.751659937589394644e+00
2.916047961365949348e+00
3.386069939010404539e+00
3.143720829481505774e+00
3.117597995227866292e+00
1.467481405790583615e+00
3.211643359314845014e+00
1.303985917381314863e+00
1.986521930953952797e+00
1.144378638173102480e+00
2.259400232493839589e+00
3.622371713316208997e+00
2.715534641391697868e+00
1.823818886613881141e+00
3.509745872824355573e+00
2.223894121000073554e+00
3.585892529438906351e+00
2.470806350113888605e+00
2.946846173531174173e+00
2.386117127694456386e+00
3.372766217960041502e+00
2.377344375961055079e+00
2.668135635436370556e+00
1.990528908668974140e+00
2.418313860354562195e+00
1.459096644257743769e+00
2.375674294425212274e+00
2.917473606399805242e+00
1.147890189067109823e+00
1.658676386509436718e+00
3.043552982066145773e+00
1.632507409146094268e+00
3.501919568865083932e+00
3.408536183141583464e+00
1.672018051157180274e+00
2.379458921786245185e+00
1.905211678864518809e+00
2.667464700456731563e+00
3.342380638507027157e+00
1.015406609886478684e+00
2.654489458696510873e+00
3.525106869048915570e+00
2.939051308272054186e+00
2.778777731994045652e+00
1.536709016373775327e+00
1.839610722046836955e+00
2.792962070307069666e+00
2.934163072683961815e+00
1.082973070641906510e+00
3.454615650034332575e+00
3.409915943395022353e+00
3.199525938410767267e+00
2.739789910610117118e+00
1.090438992145209340e+00
2.964161186173602580e+00
2.980490835801320237e+00
2.992445626002181669e+00
2.175011620518770172e+00
3.675754315107486292e+00
3.652754534821609056e+00
2.282574131155207020e+00
2.272320198797375568e+00
3.636732160897167887e+00
2.698718296056211052e+00
1.769684552443184344e+00
1.390374391733024240e+00
2.960921120836228937e+00
1.909860422033072602e+00
1.989804359873798667e+00
3.022075583542495281e+00
2.272575338654711175e+00
1.632127796936343245e+00
2.735889298332324415e+00
3.011948166624579315e+00
2.860832327143414844e+00
1.936145136099320041e+00
1.774400398819325986e+00
3.034815181124416839e+00
1.035189221906120061e+00
3.052439778167707729e+00
2.029510628499541447e+00
2.052250813645496663e+00
2.448922380814019917e+00
3.460036137385614552e+00
2.854387471091397899e+00
2.808232573114047170e+00
3.307207945747856925e+00
1.355543659969844050e+00
3.410335571196318583e+00
2.872461144797181731e+00
3.119808867379806117e+00
3.507485296694285992e+00
3.242391272547466841e+00
1.465602823804704080e+00
2.522437326979382277e+00
2.001587364830004212e+00
2.018465880065508422e+00
3.241788907178552392e+00
3.764997563514896228e+00
1.418658582051009809e+00
3.528082807063110948e+00
3.587712033589461669e+00
3.053278276845263761e+00
1.360769719207918449e+00
2.395954567514149147e+00
2.335445903077580709e+00
3.027251943659386768e+00
3.296256498265941914e+00
1.844821874192739131e+00
3.678585677655410890e+00
2.307848990957436897e+00
2.620482791894776398e+00
2.662975441414508815e+00
3.330748804928342466e+00
2.797469857158346507e+00
2.380590258137636361e+00
3.002311456961129110e+00
2.716732969384238139e+00
2.293674547025108978e+00
1.521112699344253194e+00
3.144240205177869285e+00
1.996001032383262874e+00
1.920060317434048258e+00
1.604587098707549231e+00
2.382928222846363298e+00
1.686228694480457868e+00
1.842843840389037702e+00
2.625146099284779488e+00
2.578409722295496032e+00
2.361698563189274402e+00
1.929637375002303479e+00
3.540515797514361296e+00
3.585302931801363613e+00
3.042903549172221389e+00
2.862614674005226512e+00
2.250310676932831377e+00
1.427277651839398587e+00
3.226440635046561312e+00
3.246015042462586209e+00
2.144631634629130978e+00
2.675200729454242143e+00
1.930880446705157460e+00
3.347733383181591194e+00
1.038534050882200077e+00
2.282048407030182524e+00
1.135741434343969125e+00
2.720063997791196897e+00
2.416900967950446066e+00
2.736519601299931992e+00
3.927779756891446539e+00
3.273986825885065954e+00
3.339304628295112209e+00
2.663055683042813371e+00
1.693309111170436587e+00
2.018414167392515779e+00
2.724038547990365267e+00
3.433106141453762916e+00
2.467174165041926770e+00
1.408113233486828264e+00
3.045534509571011128e+00
3.864205476941487305e+00
2.102554537668061663e+00
2.486751425929172754e+00
3.145936129429390604e+00
2.921330524332858225e+00
1.458628408308380919e+00
2.704729262661929035e+00
1.358601613052955237e+00
3.036074199429876330e+00
2.497798901690048368e+00
2.994090779809413405e+00
1.612363619189689956e+00
2.263930485164229012e+00
2.116633659786283594e+00
1.689895593588540912e+00
2.513442470253856698e+00
1.048443673813682864e+00
2.579496048123122165e+00
3.858504160837355812e+00
2.979213416724611818e+00
1.877727735875448722e+00
1.735115664862705742e+00
2.459725207624019028e+00
1.462216596457658113e+00
2.928774140774452306e+00
3.527680723882646419e+00
1.800761715029253196e+00
3.213504316782763937e+00
1.630005302218546781e+00
2.769108315494015926e+00
1.966212456813539511e+00
1.182376736219580060e+00
2.132680367415686895e+00
2.866378651550327561e+00
3.208106687223743592e+00
1.271183766757714828e+00
2.547731121771360741e+00
1.537085150336211292e+00
2.243107369841902177e+00
1.642533451129412292e+00
3.562497022147031345e+00
3.053312768570272340e+00
2.363364922865428319e+00
1.088183804608109817e+00
2.944719478442366700e+00
3.027241086807583414e+00
3.622410572932393436e+00
3.452953827783218799e+00
3.787428750222449736e+00
2.262680179321858276e+00
1.823256619315599458e+00
1.718268751352908907e+00
1.781887921088471494e+00
1.820889728794663043e+00
2.465597315093644326e+00
2.483646892926544503e+00
1.777727078423526841e+00
3.432645513008379723e+00
2.575195297369200276e+00
2.109277964608125444e+00
3.923402135389974177e+00
1.657284883912320872e+00
1.779417828043472483e+00
2.616024361125165676e+00
2.464007178249355334e+00
3.724202857416475609e+00
1.275902665533611646e+00
1.323494957840245512e+00
1.435472389459022224e+00
3.162980216248133303e+00
3.161233166433898845e+00
2.829470788889829613e+00
3.060914323400981019e+00
3.477665795608185562e+00
1.367808064485545927e+00
2.551316422006738804e+00
3.155983425829958833e+00
1.412652400788548590e+00
2.890698884684102410e+00
3.559287570331713724e+00
2.810576828506995639e+00
1.432961414607902384e+00
2.115049502352776223e+00
3.324900780014665713e+00
2.686121681987031273e+00
3.153159488716848813e+00
3.134818771008914595e+00
2.374484914335149632e+00
1.782707298729963696e+00
1.655422684411748335e+00
1.983121320991699577e+00
3.814261676526722766e+00
2.177565979455189371e+00
1.660646042268719036e+00
1.254391411918429178e+00
2.495694257368761271e+00
2.459014401653963233e+00
2.771944407084107276e+00
3.723755623438483653e+00
2.024767200511098153e+00
2.187138063275940070e+00
2.332682690397430036e+00
1.792342337623305859e+00
3.589590069863357158e+00
3.390143406139696225e+00
1.071638578374406237e+00
1.238994248531836817e+00
2.380672442508579678e+00
2.797952327656209270e+00
2.846661582423307912e+00
1.281472291772788097e+00
1.390763184426697663e+00
3.261993740995757562e+00
1.632086972880223641e+00
1.718986835553015347e+00
2.591162603317297197e+00
1.937319824463281215e+00
2.220891792366553652e+00
2.562432320073847691e+00
1.832015310983447165e+00
2.349096878601496741e+00
3.340273201317399909e+00
3.541437547126943031e+00
1.889308195485539521e+00
2.210707559301387626e+00
1.272441519861930104e+00
1.876993592012434320e+00
3.204176723144346539e+00
2.314075344356337105e+00
1.099169536219219090e+00
2.054591624103498937e+00
2.064558470760074371e+00
1.779981466682738045e+00
2.751744211542365370e+00
3.242498435413665447e+00
3.308231828125212104e+00
1.137872500582767898e+00
2.495895234150281361e+00
3.555505624630665551e+00
3.093108678292132652e+00
1.228017276398514213e+00
2.274567194775478640e+00
2.854547296723435323e+00
3.103245561419221588e+00
2.331920944140747132e+00
1.551848856113132058e+00
2.510911703232281411e+00
3.837556207783247686e+00
3.546640497254545110e+00
2.487343892734809714e+00
2.778831020330180479e+00
1.404201323812336533e+00
3.011866873926519972e+00
1.097428698064239150e+00
3.949969813753924086e+00
2.271019920342910225e+00
3.194447200123844866e+00
1.074285594989592418e+00
3.569740910662430267e+00
2.913788187898174620e+00
2.230192270508314145e+00
2.951125159954838928e+00
2.893124423769629416e+00
1.353157708072910026e+00
3.226337395893743576e+00
1.084917839731485145e+00
2.332785837031410736e+00
2.333415481908774680e+00
3.354471867617451863e+00
3.033087412108340430e+00
2.532700417973140716e+00
1.409341315251015914e+00
3.096344548117551554e+00
3.133727205969151441e+00
3.291529665399405502e+00
2.691816169979992068e+00
2.083937137267446893e+00
1.070337331755395915e+00
2.072302755931092477e+00
2.688294005256308239e+00
2.282796489124033990e+00
2.241254724084537742e+00
3.328450205146269880e+00
3.092174514785874351e+00
3.338242134028872599e+00
2.369387985433538013e+00
1.927359505799945971e+00
2.214903647832633382e+00
3.304438930100548788e+00
2.813688272405989288e+00
1.744965384962165800e+00
3.342844484248129078e+00
1.417983588777010695e+00
3.512228716246006854e+00
2.938730869948066982e+00
1.790727108265280698e+00
3.824107636187234149e+00
3.315968482466084666e+00
2.491783322194885741e+00
2.751663094541854093e+00
3.907981926106860016e+00
1.943091247899674023e+00
1.869836893157499347e+00
2.267532683758498813e+00
1.662835974285522767e+00
2.448298818069016392e+00
2.281210252674947370e+00
3.074174383263940769e+00
3.162630970552985588e+00
2.552555790780587586e+00
2.152151854894585270e+00
1.262349889403360237e+00
1.677997580401189737e+00
2.581469241339652498e+00
2.526930566242385545e+00
2.371646033205289328e+00
1.787776274179768699e+00
1.112591245180550636e+00
2.489314405344249970e+00
2.876536613236935658e+00
2.737529671010122456e+00
2.200174125412035053e+00
2.741268840843508414e+00
3.059016792269952489e+00
1.769928045735522204e+00
3.903366781865591051e+00
2.340085625450404549e+00
1.717462863849101851e+00
3.252846085542163479e+00
3.958699209164912247e+00
1.748359008478891141e+00
3.348664950823861730e+00
2.305519848863423427e+00
2.340176604899365742e+00
2.851880571668114150e+00
2.592855017116985294e+00
3.330430873651756940e+00
2.395763680262918527e+00
2.390585595888569337e+00
2.658894973927782956e+00
2.734758669276845744e+00
3.669029669670585747e+00
1.988711805833172086e+00
3.592753167627979138e+00
2.134966418285149992e+00
2.768506983321088910e+00
2.911195715046083876e+00
2.371815944261060238e+00
1.288280445634096161e+00
2.331831070700249420e+00
3.155068139444816566e+00
1.440241098587063284e+00
2.681353466152440745e+00
2.802808927733304145e+00
1.735329781768319535e+00
2.076486238699162712e+00
2.495587693784236727e+00
2.781502838874882144e+00
1.394018878372726533e+00
3.160785428135634234e+00
1.902753628359572069e+00
1.989994067555048041e+00
3.421003112465641038e+00
3.261215441805910942e+00
2.321572802443830241e+00
2.663382011005354322e+00
2.887984507000600942e+00
3.695014346335046440e+00
1.234084712321735111e+00
3.181837561505053813e+00
2.292224889350894301e+00
1.563846630240278479e+00
3.401946255578087275e+00
2.715203797765223470e+00
3.114712903203422201e+00
2.433791482937329498e+00
1.466781602648003613e+00
3.238934192284268931e+00
2.857558417635607917e+00
1.899311989920073884e+00
2.058351240404070026e+00
2.985355710121336159e+00
2.776375706177333313e+00
2.560809927104331862e+00
2.174968032165500276e+00
2.376418516060078368e+00
1.662219319142425711e+00
2.160758408968293409e+00
2.356816621995070804e+00
2.257897283175648084e+00
1.891640894741149381e+00
1.683626876124828087e+00
3.602157637550117641e+00
1.803558257719769742e+00
2.863490020860556484e+00
1.874981119071529534e+00
2.986136373169263614e+00
2.609667330879290148e+00
1.416904886898999294e+00
1.573405544391280664e+00
1.372513893401418272e+00
1.402386095688879841e+00
1.569580684865967690e+00
3.575877046906947854e+00
1.697409862172394313e+00
1.678297178182647897e+00
1.900865315911270947e+00
2.944703722303174231e+00
1.650941103069144766e+00
3.239350448821378237e+00
1.539914217624033910e+00
3.871813971874880522e+00
1.393152120835201124e+00
2.969301668799674054e+00
2.839592823518950482e+00
3.129952729535768086e+00
3.094140799528320329e+00
2.822678421287402095e+00
1.656370727954036504e+00
2.882723187445053625e+00
3.288466070337067393e+00
3.168801983512576470e+00
2.198693761357214171e+00
1.645729587563797836e+00
2.867190790393086886e+00
3.204841137797243888e+00
1.356943952118088603e+00
3.241068118391623898e+00
3.306859464463792975e+00
2.109937296411334984e+00
2.270753075415881561e+00
1.652869735735145618e+00
2.820455401669665463e+00
2.286066051254119991e+00
3.635685349755588547e+00
2.806644978230287357e+00
1.014937219352011866e+00
1.477136589455281701e+00
2.431898751963035288e+00
2.284576892175390839e+00
2.344644017993731566e+00
1.285428050534343392e+00
2.650949246573933493e+00
2.345054356172421528e+00
2.352649598029119993e+00
3.379713236079608052e+00
2.295962496405573816e+00
2.974760686813730182e+00
1.265567940621684428e+00
1.909651122826767633e+00
1.176951933521833915e+00
2.550485198957979094e+00
2.413883233977889731e+00
2.231044580266050126e+00
3.356519083685451932e+00
1.522464721786787045e+00
1.938120517326227699e+00
2.573526930330780615e+00
1.593462621505624455e+00
3.402444384689774282e+00
2.667915198248208775e+00
3.840279872307055697e+00
1.465151060026646412e+00
1.116958245607353462e+00
1.640675129511151908e+00
1.909235486312482521e+00
1.504636790189199047e+00
1.865461001517763506e+00
1.830870403610510344e+00
3.831843598589509625e+00
3.193976809827917762e+00
3.449932190678692834e+00
1.955345599388687461e+00
3.032216442528543610e+00
2.230707767759017912e+00
1.563571475937092004e+00
2.521565978701422850e+00
2.986834079513747575e+00
2.692209715976418671e+00
2.475978122312340268e+00
2.370013421309180579e+00
2.329468128113425962e+00
1.369330782612919961e+00
3.821285386413318719e+00
2.044539055646614756e+00
2.754355864582610280e+00
2.900007895938570890e+00
2.784448331508483143e+00
2.496359152737590570e+00
2.994304043725526832e+00
1.800338576351126818e+00
2.655547115473159359e+00
2.875029588062748331e+00
2.573770584794389471e+00
1.774969838226722274e+00
2.444441574614210744e+00
2.942381855096539489e+00
2.438074089096843089e+00
1.764763030893636397e+00
2.074236863020370691e+00
2.754912240764341824e+00
2.804801952478250371e+00
1.787481114833568085e+00
2.581663186641292462e+00
1.717745920741434063e+00
2.674139263909326658e+00
2.723862526336866985e+00
2.718682562826566951e+00
1.463253985165925641e+00
3.474709139546202863e+00
1.196374121851252248e+00
2.421277595240455938e+00
2.464951047750386870e+00
2.117421634285227228e+00
2.100895253571224863e+00
3.132669815819895121e+00
1.368545804987112646e+00
2.593203721001310136e+00
2.233535710651894490e+00
3.842888263713870600e+00
2.146864363086311123e+00
1.891692642868642693e+00
1.869341449127268184e+00
2.126613446044870237e+00
1.531282669622059167e+00
2.569596463840607470e+00
2.661474767924604912e+00
1.340437797437793677e+00
2.400145505616113617e+00
3.637946794382452609e+00
2.953098301391007041e+00
1.720313474309708823e+00
3.056636619118146214e+00
2.375638636331174780e+00
1.857124923698131980e+00
2.586719039138594134e+00
3.006279816597926313e+00
3.523354450842788310e+00
1.745048332368261512e+00
2.846718689921291734e+00
1.802768751239117506e+00
1.906599905094801706e+00
1.902002411189742226e+00
2.849969130015139740e+00
3.100196904012760157e+00
2.533492274439190339e+00
3.844803496495849515e+00
3.698421015252424837e+00
2.509224333566802301e+00
2.460818567760585829e+00
3.008685630386519705e+00
2.973666679435070570e+00
2.505132142451103938e+00
3.760765169716249190e+00
3.673470935223658529e+00
1.316852741019310713e+00
1.228471150294913272e+00
2.037940768501147915e+00
1.674362114644291744e+00
1.383015806408413262e+00
3.290525914714123701e+00
2.265694337962769644e+00
2.207426094816947959e+00
2.346890694770069175e+00
1.991813247622765459e+00
3.166832027663772919e+00
3.054304052975480133e+00
2.491618482643811028e+00
3.724397483114398000e+00
1.134361209978767882e+00
2.329935203828527257e+00
2.376185932707312709e+00
3.365432481447056645e+00
2.704955147220048595e+00
1.906302123771531853e+00
1.396855313305698232e+00
3.037794025358975247e+00
2.981942407329101208e+00
2.158931644808647299e+00
1.694450905407927088e+00
2.862697520409182239e+00
3.574519134144328092e+00
2.539632458741301058e+00
2.961079663769377035e+00
3.434636674567350667e+00
1.851140796775544217e+00
3.315018267141008224e+00
3.329792466108122184e+00
3.378202900980420864e+00
1.953205689569964321e+00
3.207107057495209190e+00
3.032800904385533514e+00
2.255358322193817600e+00
2.001815626002898085e+00
1.660603676933589234e+00
2.972566456941811097e+00
1.948558606226768575e+00
1.939352130216105863e+00
1.897533797857927418e+00
2.386280474131369900e+00
1.600941114878747129e+00
2.908124274247198215e+00
2.519110603841396845e+00
3.304992391994478140e+00
2.254284509953175863e+00
2.547209460884244159e+00
2.128855855004373687e+00
1.644575369204478221e+00
2.266299985474486078e+00
1.556790090582122588e+00
2.362423965476568632e+00
2.747437068455835352e+00
3.725205281664932144e+00
1.585424560891556922e+00
1.674171197539639167e+00
3.184810539261615503e+00
2.625913540942809377e+00
3.351503855090392392e+00
2.877452409390096832e+00
2.612705672308964999e+00
1.623924181839564440e+00
2.106163241979364997e+00
3.638002667446158966e+00
3.605313674467078400e+00
2.061324941712165959e+00
2.116192048789402591e+00
3.041808369972539339e+00
1.555713705032175653e+00
3.585010371238123383e+00
1.745462665498232369e+00
3.697623113989548571e+00
2.833626535795104928e+00
2.263624883140013644e+00
2.402333472213414645e+00
2.629986915909078071e+00
3.391041780357429758e+00
1.816173818257629691e+00
2.469537563376309919e+00
3.488731676311299879e+00
3.070545559337933383e+00
1.953860115448781798e+00
2.192363398029678834e+00
1.574586428673961258e+00
3.368151895528232131e+00
1.713655157657575145e+00
3.666606485128607318e+00
2.044185609736229203e+00
2.397962757944766210e+00
3.594803900158678900e+00
1.695816806184808456e+00
2.420219991654326108e+00
2.617322845241992546e+00
2.574502391286440428e+00
2.642596652344081143e+00
1.708394466309138160e+00
2.715807306018848344e+00
1.625808626583282290e+00
3.096501729599363983e+00
2.838550475409736151e+00
2.247458018268682522e+00
2.025096690626574159e+00
3.178291000034045410e+00
1.868188111465616252e+00
1.971454894784062439e+00
3.382731405320495099e+00
1.755354502106141190e+00
2.335040571722613478e+00
3.738517262772532490e+00
2.623030687661715099e+00
2.780359545386427378e+00
2.456971230035371434e+00
2.853597213927968390e+00
3.617078941981034745e+00
3.661296460894339688e+00
3.524423681316324775e+00
3.959786147128047773e+00
3.515289093341333881e+00
1.895326574966374800e+00
1.777629574692316972e+00
3.252124781597593994e+00
3.065051925264841159e+00
3.039582157994969336e+00
3.504808439683245069e+00
2.380783742889899912e+00
3.868077320667827834e+00
1.928507746434548586e+00
1.365836337204072493e+00
1.900967555063864722e+00
2.935898915137133081e+00
1.431017328024618784e+00
2.202092336087251745e+00
3.419471990988213861e+00
2.219321766503455251e+00
2.104641609326440843e+00
1.436609895584945562e+00
2.883840651647223474e+00
3.409337345251909568e+00
2.726039954341583638e+00
3.498163860775893141e+00
1.938851916751728410e+00
2.293716691669340335e+00
1.408293312921298224e+00
2.316461878279249653e+00
2.390476186335058095e+00
1.405068109251115693e+00
3.193047847942729334e+00
3.132864978716744631e+00
3.267514555275083055e+00
2.148884118339158711e+00
2.489069297040250817e+00
1.039694217791487851e+00
2.655468191244976239e+00
2.333715522474372861e+00
2.278230343302729111e+00
2.651579850859782539e+00
1.183691953355291204e+00
1.362365734834170006e+00
2.257726060533312484e+00
1.028313010017159357e+00
1.481554455089026057e+00
2.258590915966818713e+00
1.420401585027982527e+00
2.621926211040942256e+00
2.101795901526212873e+00
2.540093665391067290e+00
2.366644360757924836e+00
1.388367283584976519e+00
1.622228467943074293e+00
3.581541598642939306e+00
2.899645070636109878e+00
2.759502462474547002e+00
1.963532084972207770e+00
2.234496125736176175e+00
2.329018211971692232e+00
3.537697331094742381e+00
3.248414610707644812e+00
2.367448863825829974e+00
2.839756796898933011e+00
2.099891342717837617e+00
2.366095230727183640e+00
1.930112823778512343e+00
3.369479331146695955e+00
2.815441406545603265e+00
3.420371031827521335e+00
1.388713737732736320e+00
3.594884186366792633e+00
2.421182402837137815e+00
3.118995434063576155e+00
2.397026624700970387e+00
3.229250089697920600e+00
1.191247492176391809e+00
2.557236217964699243e+00
2.603828690191179795e+00
1.565983921774359189e+00
1.375082390766380058e+00
3.481260166352576846e+00
2.224121926038757913e+00
2.693219983352458158e+00
2.380740210585250871e+00
2.551326482922490868e+00
2.093336863903014766e+00
1.622524097867188431e+00
3.488874767231184393e+00
2.840794807642345710e+00
2.672352482883717073e+00
2.981426612533238263e+00
3.246398650731006086e+00
1.721585731146420883e+00
3.001313516093013334e+00
2.898967332392621721e+00
1.274398926906524565e+00
3.623998702390714755e+00
1.702828967481486266e+00
1.721794108313010163e+00
2.105832828264995626e+00
2.631645882743432807e+00
1.501493245009324795e+00
3.361653068255542109e+00
1.909355889144746854e+00
1.523378439027102793e+00
2.592148835021756526e+00
1.358348138578885589e+00
1.167290465224366969e+00
2.524697033636521759e+00
2.321808225835350292e+00
3.045999886406363544e+00
1.990687267462496912e+00
3.076741134316813842e+00
2.162723233619716190e+00
2.891878314411437501e+00
3.341382905664399772e+00
2.646420313961427517e+00
3.146699074880068281e+00
2.021019513566974624e+00
1.298732707398285946e+00
3.123031906153542536e+00
2.441283041562826384e+00
3.556562093226233401e+00
1.337336331626129748e+00
3.180942448386105070e+00
1.294392671972352638e+00
2.172902357046647026e+00
2.033714802472868399e+00
1.337407920401401107e+00
2.495268674465075165e+00
2.076247446287266207e+00
3.652244157411519865e+00
3.197825957872106883e+00
2.846703606764731553e+00
2.891051896357100581e+00
2.708270854512085712e+00
1.674015435617727476e+00
3.181701170249407795e+00
1.897176093596825375e+00
3.256334456490165508e+00
3.355342158434392985e+00
1.348844018704410175e+00
3.024861364317382950e+00
2.078441556372372823e+00
2.392843370508051848e+00
1.982849917224963399e+00
1.261363247442133684e+00
3.001988472858895918e+00
1.312945819852974871e+00
1.135482603858199546e+00
1.748456410186184584e+00
3.901035092117094649e+00
3.452722236444447645e+00
3.235529704462541289e+00
3.014203227906261162e+00
3.508761519771592674e+00
3.470077569432428177e+00
1.268418670972128126e+00
2.202963178674782085e+00
1.601016745792165352e+00
3.362885301823929751e+00
2.883253352930096547e+00
3.290806168796207132e+00
3.610126885232267213e+00
2.464495853003998427e+00
1.150196128693996123e+00
3.194915467640321083e+00
1.437462846292206997e+00
2.007320157903741631e+00
3.489554602360932734e+00
3.344296910401997280e+00
1.852766948175071704e+00
1.903984519110068163e+00
1.483385694424690371e+00
3.145793718505911940e+00
1.469509979742574579e+00
3.000480517321564733e+00
3.573037504819884802e+00
1.143406555720638984e+00
2.079666348432500200e+00
2.801503838445245087e+00
1.821317017799858107e+00
2.399459304678131844e+00
2.796256077877788293e+00
1.418215691857021454e+00
1.165560488027294284e+00
1.742700748059844429e+00
1.412844197304108818e+00
1.476333635110834486e+00
1.962342430875549937e+00
3.851122125263513496e+00
1.108965318318801074e+00
1.243650112223618542e+00
3.019280189315727725e+00
1.395937348952413615e+00
2.620520317326772819e+00
3.858408955841722943e+00
3.329194213266626790e+00
1.802327421084532588e+00
1.990443298656917825e+00
3.042682708467246755e+00
3.321489819736486382e+00
2.300332066782950768e+00
2.126564216770181481e+00
1.864960463081327902e+00
1.753907033870365062e+00
1.960901343586667345e+00
3.858530311734286400e+00
2.112845754003166654e+00
2.713346354146631612e+00
2.634417338662370156e+00
3.089255553857404024e+00
2.610487737779152440e+00
2.036069745094747141e+00
2.280248424962411313e+00
2.092950616504804628e+00
2.936799731072831321e+00
3.284577567179370661e+00
1.526100481247774532e+00
2.086835891471939597e+00
3.445392886048349368e+00
3.091901465224044188e+00
1.252740135030844471e+00
2.343978801628414210e+00
2.099099722393276579e+00
2.741949708328832003e+00
3.867143907325004903e+00
3.039889517814650333e+00
3.878450950477438042e+00
1.425014470216724227e+00
3.088999251394382028e+00
2.870485823730878572e+00
1.590915248147537930e+00
1.640203688066885768e+00
1.778675791707033937e+00
1.390339213474923064e+00
1.694397880096734532e+00
2.282017374552733457e+00
3.188449214947931765e+00
1.193857205598018112e+00
2.575469506153275745e+00
3.575151200504061322e+00
3.417689635967033013e+00
1.870330572846401473e+00
3.197541197293409354e+00
2.454683104676363747e+00
2.560987989440644874e+00
2.989944450583384317e+00
2.823397852627865134e+00
3.358061853714218614e+00
3.272773344348310687e+00
3.037382109537293928e+00
3.839529180915491224e+00
2.696086745477767721e+00
1.854831225455360055e+00
2.345251509134935297e+00
2.443375654405129715e+00
3.689389398440992451e+00
2.561035671156908222e+00
3.388336307997420249e+00
1.359117713954758777e+00
1.192807322355017519e+00
2.376363687818650483e+00
1.484252859332350738e+00
3.550642475358035455e+00
1.637897564050081911e+00
2.408986688889372729e+00
2.958967978932832921e+00
2.652029645994923968e+00
3.495104177431731074e+00
1.713322178189626399e+00
2.844808568821985517e+00
2.781758408863329812e+00
3.953664271712769462e+00
1.629505796584486355e+00
1.523093078285187474e+00
2.915517149892403737e+00
1.981138151565748018e+00
1.195371763087034189e+00
3.194192291681709150e+00
1.461099489223426140e+00
3.178511671503212455e+00
2.616323662041292408e+00
2.405279535376046773e+00
1.319983629045228035e+00
1.206044800824198404e+00
2.700405420178436877e+00
3.674799178468516558e+00
2.614985341761312476e+00
3.206317137842688680e+00
2.563099849519888451e+00
2.735591285389266325e+00
3.591531585727119946e+00
2.093826612980407731e+00
3.324774092876900511e+00
1.324161242305206265e+00
1.888559749916924879e+00
2.678114785102944317e+00
2.956453835846346578e+00
2.844814562871660790e+00
3.449913881312198782e+00
2.646871737639099997e+00
2.960728307106820445e+00
2.001710716533970036e+00
1.989278068580744296e+00
2.006397757793735082e+00
3.162438574035242311e+00
2.897458670279483783e+00
1.593303468584124083e+00
3.726740475858814960e+00
2.731366905792339317e+00
2.057693278309412399e+00
2.951182380584308262e+00
2.602965949309787419e+00
1.527198205152394905e+00
1.627543305594572054e+00
2.688171926682776380e+00
3.065631422105925097e+00
2.577918456902642319e+00
2.766214554965131356e+00
3.019202556948187066e+00
1.466110398730688047e+00
3.177921605231661673e+00
3.090885057157215954e+00
2.324398480086686369e+00
3.779995546802821238e+00
1.542962153253449209e+00
3.021259509176935865e+00
1.297559085542941304e+00
3.659167407838920028e+00
2.253885888834340712e+00
1.308878873583751101e+00
2.415958755473257114e+00
1.871560167986147327e+00
3.230702651489274047e+00
2.802669654769424312e+00
1.676280431020244599e+00
1.634625446798393611e+00
2.290711345547177480e+00
2.645101554779955677e+00
2.472737143135165461e+00
2.275048294652708414e+00
2.074357774121240894e+00
2.200263940762739345e+00
2.151451007467414911e+00
2.910019806380199192e+00
1.515604710177211878e+00
2.768191074822979658e+00
2.650523016136248522e+00
1.189951882077016521e+00
1.769262187052755841e+00
3.001791627162781140e+00
3.199157356797455165e+00
3.240295672124499760e+00
1.663379425319122973e+00
2.242868697014590573e+00
3.106673170731218292e+00
1.988223486029690790e+00
1.808385645984488477e+00
3.743257854917398930e+00
3.083130858704283384e+00
2.805412481684914638e+00
1.205713586303335916e+00
3.310618525749477570e+00
2.852057290552539648e+00
1.760114122621038391e+00
2.666985554296569916e+00
3.931374091050285458e+00
1.614901599843562963e+00
1.388042416219519737e+00
3.578547311110632734e+00
1.163629873159467643e+00
1.512435112589434638e+00
3.338467761659298816e+00
1.996601987835807002e+00
3.141302577269170726e+00
2.898227923108106729e+00
1.608283932765559143e+00
1.985781425907534370e+00
2.871887431245442990e+00
1.908893398217446524e+00
1.882091931830100151e+00
2.572401532862521378e+00
2.940733199139010878e+00
1.415952986745264042e+00
3.069285961513603667e+00
1.507742751107849166e+00
3.001486990583803305e+00
1.492856205557972160e+00
3.548830795728862952e+00
3.598492063916298278e+00
2.743687005484014563e+00
1.874259233128071855e+00
2.085495186653403721e+00
1.666660447003372347e+00
1.471227177604345293e+00
1.673515192177381650e+00
2.280764526392601077e+00
1.424808847202516660e+00
3.712400401157394114e+00
1.959959773045456544e+00
2.045237306448687065e+00
3.723534532832990962e+00
1.220650782285002123e+00
3.909417332052020910e+00
3.682750334296539307e+00
3.257046621177792645e+00
3.845927114214504172e+00
1.730282390398736325e+00
3.742496584538717030e+00
2.280509856806181013e+00
3.086142388425516359e+00
1.282971533522512253e+00
1.725806866694084007e+00
2.507451608073814953e+00
2.277330080745286089e+00
2.078760368132032355e+00
1.046047189270643329e+00
3.897291401900918828e+00
2.129459395108001196e+00
3.415338263154112042e+00
3.157247260781067766e+00
1.916358370898718633e+00
2.684767539488816190e+00
3.311012146102351394e+00
2.587440718648682747e+00
3.320867458795843774e+00
1.533317549801677337e+00
2.183458305832868263e+00
1.872560042758657062e+00
3.912324680105676578e+00
3.381105123743628482e+00
1.173482710674991658e+00
3.131260543344890124e+00
3.264684935245625752e+00
2.447604878523869765e+00
2.251357290089945451e+00
1.527101293078920285e+00
3.323736964068446653e+00
2.183750604290707109e+00
2.544166093879144164e+00
3.658481498695524081e+00
3.562558050070668614e+00
2.373998608684134481e+00
3.661884918881476381e+00
3.555092984796855760e+00
1.400947186635252528e+00
2.923025940104970744e+00
1.624961131406531756e+00
3.317743665014569743e+00
1.619215744576537830e+00
2.026022735323712354e+00
1.586129817503946882e+00
3.269232011901790358e+00
2.089787476827935642e+00
3.542910544905243597e+00
1.268077935559504432e+00
2.115398882926704971e+00
1.633914577772695331e+00
2.183993903508842926e+00
2.670684045471148238e+00
1.744221719301220830e+00
2.043729800830044852e+00
3.041303022066269790e+00
3.338852288160548909e+00
1.824982350846797274e+00
2.360493565696633489e+00
3.011895902637077072e+00
3.511297797187925340e+00
2.731864528550974391e+00
2.568479564738444409e+00
2.473233348450250446e+00
3.072886798088838134e+00
3.371337610920868144e+00
1.911183508716587376e+00
2.419099216877572900e+00
3.117954771445159423e+00
2.286671044484801740e+00
1.461251431533964862e+00
2.105252767095978861e+00
1.230204546640950802e+00
3.552355058261969845e+00
1.961684091528241858e+00
3.399085678131315902e+00
2.887226909659404761e+00
1.330747323085582856e+00
2.153183499234403442e+00
1.566035047795665491e+00
2.241599948942829990e+00
2.954959077598084072e+00
2.767089386246389893e+00
1.327088369872252649e+00
2.651597710500903204e+00
2.849818271382953405e+00
1.910325903250508439e+00
2.275550756363955429e+00
3.067880012252123478e+00
2.264396369570541800e+00
3.493656828523107549e+00
3.060659317753348319e+00
1.996652899765803291e+00
2.940119579467106448e+00
1.562870191531159136e+00
2.645420544302990784e+00
2.066826064399954532e+00
3.162302241557549465e+00
1.566391374780217838e+00
3.012528013632373103e+00
3.562758818238668468e+00
3.057644038154434085e+00
3.717910919448792484e+00
2.471120875044060305e+00
2.508385363292420678e+00
2.735133230477381439e+00
2.948547372493177221e+00
1.930985195888683670e+00
2.632105006328147923e+00
2.835786870043574659e+00
3.603756853160971829e+00
2.351544953264610882e+00
2.500267445910090203e+00
1.786159245084006031e+00
3.175177217375271255e+00
2.811635989983497730e+00
1.801793201388278476e+00
1.991277674214197546e+00
2.335550289457978046e+00
2.582082777597024759e+00
2.621887853933596801e+00
2.090063789130969241e+00
1.599723903120595203e+00
2.881419312178050696e+00
3.048161784909634520e+00
3.119069161502139309e+00
3.863121864081596968e+00
3.143414404346334123e+00
3.277113736422768042e+00
3.102763989482969720e+00
1.825858643342509247e+00
2.864928590159325772e+00
2.534368688159939431e+00
2.315085765166933207e+00
3.239315697282854956e+00
3.123440429458808509e+00
1.837343431132051563e+00
1.251220091022640979e+00
2.070538542840756335e+00
1.120141304294131501e+00
3.232718966089144885e+00
2.495027729982864706e+00
2.524117909576324870e+00
2.392534049457242240e+00
1.216176546320583363e+00
3.467395745658622630e+00
3.584413759902322028e+00
3.442179198893443370e+00
3.970060856469117994e+00
1.969714900367983468e+00
3.003437521392022802e+00
2.447051731208028436e+00
3.683127124201874381e+00
3.429246364144889370e+00
2.548869849806770560e+00
2.567736732027531943e+00
1.793112910917311176e+00
3.383316453953350234e+00
2.029763402022899399e+00
2.008653986898854882e+00
2.396951149882252885e+00
3.193408810283063559e+00
3.634363936903129755e+00
1.381631610230455109e+00
2.672850195767402681e+00
3.778623994337101166e+00
2.044888733907548328e+00
1.149106276646273628e+00
2.920842848976052508e+00
1.189142696835041590e+00
1.445476290490514515e+00
2.561891020383525230e+00
2.869754462680757179e+00
3.394740595016287443e+00
3.634835574393699531e+00
2.794865163148798182e+00
2.142272150492385840e+00
2.354927316884649180e+00
1.611682550433251038e+00
3.438084117495929348e+00
3.401462857404428775e+00
2.114710644771245818e+00
2.830270017086115253e+00
3.553650329081467163e+00
3.406681456772323813e+00
2.654889223268622978e+00
2.149731980315706004e+00
2.739925187189912847e+00
2.827123478005432844e+00
1.722569792673895428e+00
1.372176749985098532e+00
2.989799219237893269e+00
2.769218117516360600e+00
2.750214626226518355e+00
1.160734078837917238e+00
2.016587951162371439e+00
3.251799716739737889e+00
1.921735667138955606e+00
3.166417604844102840e+00
1.579183269602411954e+00
2.403319480376787887e+00
1.170978481954147554e+00
1.705503403204024160e+00
2.710411610716767505e+00
2.926558451002607697e+00
2.731625668600928591e+00
2.024629423315473353e+00
2.673092264608500912e+00
3.381348633510395274e+00
2.125403858164171211e+00
3.911565179411555349e+00
2.584831692641112788e+00
2.984217712340547557e+00
1.655495721852259905e+00
2.955458666471131757e+00
3.447855141706629212e+00
2.509602695316081267e+00
2.154851863570026893e+00
2.087791383233716935e+00
3.154353680488762635e+00
1.088312354830657469e+00
3.234341297602844278e+00
1.319193477455000263e+00
2.576023103738212860e+00
1.592121708350760834e+00
2.670546654677131038e+00
2.740711888408712049e+00
2.062607171805706407e+00
2.825015030900140722e+00
2.430170464022436860e+00
2.642474961145374834e+00
2.346801274983716823e+00
2.433249555799783970e+00
3.191734406787141154e+00
2.239007280257253818e+00
3.114955212324982625e+00
1.947129236889352022e+00
2.410190913775320354e+00
3.078860969916608070e+00
1.691401977634939158e+00
2.197501339347129878e+00
2.664882602651397647e+00
2.477727625300990333e+00
3.386989628334953650e+00
2.108191675051457104e+00
1.796520656233898450e+00
2.970060368315907695e+00
2.116268441892231955e+00
2.122131324555445175e+00
2.406332996965843130e+00
3.851911298820265728e+00
3.596206972492730358e+00
2.605441655660486688e+00
2.046521056324944077e+00
1.343586797153275114e+00
2.328827149785858808e+00
2.763658839474324225e+00
3.300807080107823310e+00
2.035265604785204019e+00
2.449522478827888428e+00
3.757323364872094729e+00
1.940763260759453601e+00
2.737508036312149784e+00
1.823176090200565369e+00
3.535849986937041223e+00
1.792410716727509623e+00
1.532276432480094819e+00
2.837299706536152932e+00
3.485024961047210823e+00
3.296864765384320606e+00
3.325564725528385779e+00
2.009067654065987085e+00
3.008415123965335169e+00
2.002000613916825600e+00
3.472708722519680435e+00
1.782606706624194182e+00
2.975270290993891287e+00
2.309125621884885682e+00
3.907683098553576428e+00
2.726089588185351964e+00
2.760087799216095483e+00
1.509020834740445238e+00
1.964138886825871566e+00
1.442369692979433182e+00
2.116112142051926881e+00
2.699426984519154971e+00
2.850819694361232060e+00
2.551582022386426729e+00
3.045554910616047550e+00
3.000690629756240568e+00
3.311524106570221448e+00
2.162304411664828230e+00
1.389646141425837200e+00
2.946711218849346281e+00
2.695758848527332496e+00
2.982209887777714563e+00
1.823680815110350295e+00
1.042821235285471104e+00
1.317623084640480613e+00
1.409204986589757347e+00
3.837590632232414478e+00
3.908235295786862906e+00
2.495780884555620638e+00
2.193497593276555691e+00
3.047364342271938753e+00
3.039478908828904480e+00
1.694570778277353362e+00
3.502809976839532879e+00
1.639961558220747406e+00
2.094490179665823959e+00
3.381662461997438029e+00
1.544161782039647157e+00
2.297930076537817001e+00
1.122000697615733955e+00
1.073779667764629409e+00
2.804089526244374575e+00
2.560331974187072035e+00
1.969643280517950679e+00
2.021215877112388704e+00
3.169417449250316210e+00
2.127151424322756057e+00
2.334316586187001441e+00
1.216058932807310811e+00
3.690040769461832681e+00
1.264098335904294323e+00
2.464701654857246460e+00
2.867595849021299159e+00
1.869380828613975254e+00
2.603168296813628935e+00
3.927654988691125837e+00
2.168302164688802769e+00
1.275508223843793587e+00
2.197397400581162508e+00
3.128873677937392017e+00
3.594560184777494172e+00
1.378017297855401502e+00
2.229124867334114413e+00
2.785459978039158457e+00
2.793099227351481417e+00
3.503397448727653796e+00
2.509412105710994823e+00
1.613095099848788294e+00
2.835727228223050567e+00
1.817916322878810220e+00
2.193886229337820737e+00
1.564444814768800818e+00
1.380943842154207069e+00
3.782351495091589300e+00
2.575033741929072306e+00
2.084119642229225633e+00
3.737547286112450351e+00
1.672993313838504470e+00
1.694406535271194336e+00
2.191141597651743211e+00
2.314934466725238948e+00
3.613812371519777855e+00
3.264674352259852697e+00
1.661215046094904224e+00
2.592366151741561708e+00
1.200892743539264451e+00
1.897700631661911608e+00
2.222433514318469250e+00
1.028859677693837682e+00
2.898608295341488450e+00
2.715424579049419584e+00
1.137496388430288441e+00
3.570033066493813578e+00
1.431755060549820158e+00
2.592878173848273349e+00
2.155938946055785621e+00
3.384472440455489561e+00
3.576880455259857428e+00
3.202618090136965634e+00
3.444126767534887890e+00
2.402990210388683323e+00
3.142175781084754149e+00
2.363848496141097044e+00
1.103492849810336018e+00
3.606893673463256178e+00
2.499561266258278458e+00
2.931558873315419866e+00
1.713688284394212502e+00
2.338636946542462347e+00
3.702930453313259207e+00
2.443197334116568697e+00
1.392508904312820484e+00
2.644893690556936683e+00
2.045269842129747495e+00
2.008176328598194615e+00
2.453800082404065108e+00
3.673282202806007035e+00
2.022591898099721952e+00
2.289480637267709007e+00
3.787759080992522343e+00
2.863765059520911649e+00
2.519682904189728845e+00
1.684273976376226223e+00
1.697818330681851506e+00
1.635090307027390999e+00
1.720733950547796098e+00
2.292546656849299147e+00
2.200930059794097282e+00
1.824733594223001631e+00
3.249054588830675883e+00
2.156813513299559837e+00
2.255450274148055101e+00
2.728267052156329697e+00
2.884106721017843711e+00
1.905285734860754587e+00
1.383659361088501072e+00
1.319932857280372573e+00
3.989371792345666634e+00
1.491148665805845042e+00
1.510834934411872332e+00
3.048936498012931651e+00
2.891352556041598021e+00
1.997172199783367574e+00
1.500533317653049536e+00
1.785393127867041407e+00
2.499856985116443830e+00
2.244750463887634773e+00
1.196529480800426093e+00
3.371845962619207882e+00
3.544282305844472347e+00
3.424651802992611849e+00
1.429689866616543625e+00
2.822485764056493984e+00
2.850165061859255999e+00
1.704306572061837777e+00
3.644743707150045253e+00
1.753261151065991896e+00
1.295155863544191988e+00
2.014491813102787354e+00
2.579368901030319350e+00
1.936417077183475222e+00
3.075159721188747142e+00
2.687723971669588430e+00
3.113383549759287661e+00
1.221828115097697953e+00
2.711206879444460149e+00
3.178239641746124278e+00
3.171549859096394641e+00
2.945413717058654512e+00
2.615570921636297896e+00
2.527229094924599906e+00
3.528875537997105738e+00
1.694606327945447077e+00
1.903325047566916339e+00
1.571680843943833672e+00
2.471228216860044569e+00
2.106175007799144794e+00
1.519278127411277879e+00
3.236903429214278205e+00
1.814225965008472663e+00
2.304784941418254185e+00
3.052041012884297189e+00
2.499105080535422907e+00
1.891917658347263220e+00
2.837113835079484225e+00
3.659289047752970703e+00
1.782112640723813257e+00
2.198581256144607643e+00
3.084541602132356175e+00
2.841592612497961134e+00
1.398478573204283926e+00
1.163590736309243923e+00
1.578952929341614464e+00
1.988148926756966972e+00
3.564982884851374934e+00
3.814404832002074031e+00
1.771245742244996535e+00
3.052447087505075984e+00
2.129525399827773668e+00
2.095720496127868593e+00
2.433059614174872820e+00
1.308097329782460960e+00
3.093999459783155714e+00
3.671072816776229431e+00
2.457883128989820420e+00
2.461933000022417772e+00
2.925352626544021284e+00
1.547183778742853733e+00
3.641544565627071961e+00
2.182933710983098408e+00
3.806176041146219546e+00
2.438722914596987756e+00
2.103388200017392684e+00
3.579545592642713103e+00
3.459372566909671320e+00
3.657568070003554439e+00
3.050824850345584593e+00
1.871786234534704718e+00
2.244200893517191098e+00
3.359430329100664636e+00
2.886063987529237984e+00
1.880635124708134320e+00
1.976136547517007180e+00
1.922327462343280224e+00
2.776544570918800581e+00
2.681969190309885676e+00
3.930249007413728179e+00
3.892221900707285798e+00
2.994542393917635437e+00
2.183791099402188074e+00
2.823307777080309222e+00
2.304452772765717583e+00
3.710036530850507219e+00
3.412522496496128710e+00
3.825676401081977929e+00
3.626389037266921633e+00
3.229948024328280098e+00
2.507911188138189473e+00
3.018381932611532648e+00
3.444935628658397420e+00
1.545824104734332849e+00
2.546307859130482854e+00
3.694539208040872325e+00
1.281815842905317027e+00
1.541516628728338389e+00
2.510454772405871005e+00
1.513714910824266013e+00
3.335008310436043288e+00
1.985335256463528708e+00
3.214997615082250348e+00
3.797245252479580557e+00
2.598205298516583994e+00
3.187395476533259497e+00
2.255763661843499079e+00
3.788284076258301880e+00
3.350455314736901613e+00
1.291079678009300125e+00
1.905049548266646298e+00
2.197309437796506337e+00
1.309525154685054815e+00
2.805530631803178743e+00
3.805154893767301871e+00
2.889207596481317530e+00
3.599959110500066117e+00
2.831657640968657574e+00
3.770531995361654509e+00
2.516565647960014473e+00
2.321774173913607520e+00
2.206565217820132929e+00
1.622482961446817029e+00
1.643019775664257054e+00
1.864204211422957336e+00
2.479809031689679699e+00
1.486914062644390633e+00
3.105332428947251699e+00
2.854720379460983892e+00
1.142591999759488886e+00
2.870719927755124523e+00
1.820956469595723881e+00
1.140095005403881423e+00
1.430223193341163324e+00
2.786524800620683529e+00
3.971753722082917548e+00
1.830619341794996302e+00
2.173444106901104789e+00
3.422831810375697614e+00
1.857817897466523149e+00
2.586795311355381877e+00
1.647820461067357911e+00
2.816080200586110749e+00
1.209737458633594720e+00
2.823597330062112221e+00
3.067871681028378816e+00
3.406360325436754266e+00
2.698505267138594732e+00
2.712768856290815656e+00
1.324971151364635169e+00
3.950760210610109624e+00
2.178487678817309536e+00
1.626646128193639740e+00
2.169474789873856224e+00
3.028495602127980746e+00
3.740632101781189434e+00
2.320353740743924753e+00
3.239821012384350496e+00
1.183602587517350813e+00
2.523266428720969401e+00
2.216265007903191808e+00
2.771278122545139055e+00
3.573272245476747599e+00
2.719599411378946563e+00
3.122484253230577878e+00
2.062672931288123124e+00
1.572885611553801688e+00
2.382847971382904717e+00
2.518047368047740875e+00
1.754928954128613938e+00
3.572544447636193610e+00
2.045666244562084124e+00
2.293856367266666751e+00
3.566638086879194702e+00
1.985373036843914640e+00
3.222194302534106214e+00
2.613567762650641058e+00
3.276902740386695712e+00
2.718656523077529918e+00
1.915837649880013593e+00
1.578308359710294262e+00
3.348001569200137695e+00
2.672412014028538785e+00
1.421460553109600511e+00
2.188767398073093950e+00
1.595660547202993662e+00
2.699563632633430466e+00
2.859448400151118008e+00
1.337380471762041445e+00
2.057615542381048712e+00
2.995533935464169240e+00
1.235125961997778354e+00
3.164967644623143173e+00
2.957498665842582142e+00
2.585597624230570268e+00
2.150989874847000216e+00
2.012009858216955216e+00
1.492729764903747203e+00
3.116959444630060361e+00
1.774676335640441138e+00
2.670411345150847993e+00
2.550430198063738274e+00
1.720711533316667818e+00
3.474334436041269569e+00
2.598058110359734663e+00
2.217936100193577786e+00
1.378756020781865210e+00
2.225131103189976756e+00
2.069594952613199368e+00
3.846129201537914710e+00
2.342697226741579541e+00
3.146987190062844775e+00
1.672554270597756521e+00
2.626217690222032886e+00
3.101870254798773985e+00
2.191622774639616189e+00
3.576538550367521552e+00
3.827798519643103248e+00
1.849285471558268057e+00
2.596002490545804342e+00
2.725840679383492393e+00
3.400171945528191131e+00
2.189648763361423889e+00
2.571569872699466686e+00
1.898383573264981194e+00
1.740492915074258740e+00
1.958488081839363737e+00
2.406865258348444669e+00
1.449334988546232772e+00
1.109756305391338849e+00
2.179838131530612344e+00
2.529159035173755399e+00
3.042922432177244119e+00
2.397565159627814246e+00
3.045657952566463322e+00
2.576940774356163644e+00
3.500580919698197846e+00
1.967466793479999865e+00
1.834930655497351459e+00
2.033229219375603414e+00
1.392125722557365108e+00
3.190131434130176302e+00
3.364108304425482032e+00
1.576239344148621768e+00
3.312967527498885900e+00
2.245243007903726884e+00
2.632543236703604350e+00
2.682280809458662318e+00
3.668139155974944998e+00
3.010775920043746723e+00
3.313803297944703630e+00
3.213715419605534862e+00
3.585005703477023076e+00
3.301530358782965635e+00
3.359392576407437048e+00
3.645287158475760236e+00
2.717345513750704988e+00
1.588361673871209412e+00
2.086289172575951589e+00
3.004024433974993968e+00
3.386519419644855589e+00
3.042117456577425827e+00
2.905701962786519488e+00
2.760508568774580951e+00
1.827335741920744994e+00
2.492128862687470914e+00
1.697034938601543530e+00
1.938952179272975584e+00
2.621054630043139433e+00
1.579542704484353521e+00
2.751312327219517684e+00
3.331921706019610241e+00
3.350900541382923592e+00
2.878995299328787283e+00
3.198503910923371052e+00
1.274417304688331143e+00
2.819021333126983109e+00
3.002118256570126320e+00
3.824072261734757561e+00
3.760409771038448312e+00
3.811560230887160117e+00
1.500022438037232675e+00
3.396501995461781220e+00
3.723154627876398948e+00
1.493980407159016366e+00
3.179465081158006967e+00
3.153979152887893989e+00
2.217903971355968729e+00
2.708927614718684929e+00
3.121413459933096490e+00
2.599860598774071718e+00
1.220333542803762050e+00
1.821773903676435324e+00
1.587307135818536885e+00
1.409015190106416959e+00
1.773485106650744214e+00
1.830829064727439892e+00
2.802473766393701382e+00
3.211835684898474597e+00
3.122195872876323719e+00
1.818543772106038681e+00
2.476867742228552771e+00
2.085881287946450335e+00
2.551904063455938676e+00
2.431842520848234379e+00
2.040122162711381471e+00
2.441562307469802739e+00
2.929697765817334876e+00
1.316972870967403786e+00
2.907215029820735985e+00
3.488305234236994679e+00
2.738574369332176239e+00
2.985427031994655422e+00
1.390832618251254260e+00
1.793621001605478327e+00
2.714465880517293428e+00
1.542859919004728297e+00
2.077113160014447679e+00
1.284625900276786581e+00
2.774964217686568979e+00
1.187787033583122209e+00
1.338224330399977902e+00
1.277372896624796361e+00
2.616405640422469148e+00
2.812440657255072196e+00
1.610679089589440061e+00
1.905688435905187106e+00
2.022858356029896498e+00
1.744778316672878304e+00
2.162027252877559924e+00
2.470720737877605266e+00
3.166560545656890824e+00
3.623554129315163408e+00
3.085011757957509815e+00
1.492574753895366868e+00
3.217619370211894037e+00
2.039344893346732412e+00
2.757196635793013328e+00
2.609067230401945103e+00
1.592226432093649890e+00
2.911844587071924728e+00
2.333185953228893439e+00
1.086717825278079808e+00
1.937682241136878147e+00
3.659074356479855794e+00
1.611212137937147126e+00
2.699349644317251773e+00
3.742113926743929397e+00
1.198831043314200429e+00
2.395793075766382785e+00
2.647541990551321334e+00
2.264740746757279766e+00
1.629615342180298576e+00
2.241839909077733672e+00
3.127318587717290654e+00
3.529960542637672560e+00
3.610905797567490083e+00
2.327893226361695156e+00
1.398297017759734473e+00
2.244606822115801315e+00
3.431593434929689934e+00
3.016830688209211075e+00
2.682479822866800312e+00
2.474118305112148697e+00
1.304945330585006502e+00
2.744834501740717414e+00
3.135567292921063398e+00
1.932272746727279333e+00
2.133499992164085590e+00
1.317617355444923533e+00
2.084691461478366037e+00
2.650195116009232521e+00
1.266553670800323772e+00
1.494703864601554244e+00
2.578957653452987664e+00
2.735900276668829179e+00
1.695970888462264625e+00
2.110947510401022242e+00
2.410436919445493764e+00
1.179552776110080359e+00
2.376962216442493947e+00
3.018782412681128235e+00
3.138192384985421413e+00
1.859106408751549644e+00
2.317584452397884576e+00
1.329124367572989129e+00
2.640759932625811324e+00
2.995443550635182639e+00
2.952282499621830425e+00
2.942922365973873688e+00
3.940355670603230109e+00
1.799525675495027954e+00
3.688563778094330559e+00
2.230361112915050015e+00
3.714043198488187869e+00
2.190056055324730799e+00
2.201551691342676698e+00
1.198360214600637796e+00
2.496530976714804062e+00
3.654844740543817139e+00
3.022246225838809863e+00
1.889572761438063964e+00
3.572335858193698144e+00
3.791257586849798855e+00
3.034283495010447140e+00
1.716770548880298008e+00
2.144870553171943861e+00
1.861774051847415734e+00
1.627074059342490386e+00
