5.605246508314793985e-01
2.118666390771179131e+00
2.333825279888853466e+00
5.093696357808445541e+00
4.336756411807773048e+00
-1.206040148282099267e-01
-4.271460868526668619e-01
3.593804176696540509e+00
2.865978855909144585e+00
-2.003867484932868592e-01
1.053511240550187189e+00
7.098068667606236559e-01
4.987609084135430138e+00
1.742186673537528208e+00
4.221948398215525700e+00
2.194090238436397833e+00
1.524033244986370050e+00
2.626191224529560664e+00
2.538304868213814736e+00
-3.371353036709212603e-01
3.014780719847154344e+00
5.151664580251621217e+00
2.057506435420249247e+00
2.128270241533606111e+00
1.267407107587584569e+00
3.819817455753270252e+00
1.542301249478848391e+00
2.321687314277393277e+00
3.838869707008527143e+00
3.363650091579415857e+00
3.017377320267888408e+00
2.145857203172650607e+00
4.703428501332709288e-01
3.750914059939022493e+00
1.000725771205826398e+00
2.330167153702380922e+00
-2.123669710594144888e-01
3.138738515952997687e+00
4.145428509695678443e+00
3.311891022065719170e+00
1.820511427934447646e+00
5.251177061366275822e+00
5.811224793835698677e-01
3.764285230723562137e+00
1.421415228501091477e+00
4.767441170908991666e+00
1.716973837529670810e+00
4.773268258342529435e+00
1.802996284736550159e+00
3.005946857938917915e+00
2.328300342564186387e+00
2.692513426378766006e+00
-3.833562747183902886e-01
6.549590224881391975e-01
2.172993092320825603e+00
6.620983604048502613e-01
1.872703280421309735e+00
2.627379182424503412e+00
1.104084696097116236e-01
5.266817473130242178e+00
3.294230717037738287e+00
3.779635659155413663e-01
1.951867988423028777e+00
2.489396664673036774e+00
3.724065712497949932e+00
3.472108634530652438e+00
-2.148235036142294163e-01
2.422434631914799574e+00
3.021841029465541340e+00
1.740030941202932446e+00
1.283904920684467932e+00
2.103397771071096933e+00
1.034699563412573298e+00
4.431147902619215984e+00
2.493736582688995007e+00
-2.372783209743767330e-01
2.912071148719217462e+00
2.807554547389562671e+00
2.483043333953921739e+00
1.588623788781632129e+00
6.585039411839685997e-01
1.670679645974926686e+00
4.995755746931720864e+00
3.896167863941206733e+00
1.570728545504112894e+00
4.201488005906636403e+00
5.230733949410655725e+00
1.186240847265862541e+00
2.239817001770894933e+00
4.399643805066435931e+00
3.720497418254760547e+00
9.103060559099516169e-01
4.055204002692800458e-01
4.536484853970708997e+00
2.549607955359477707e+00
2.747674935136355856e+00
3.323836718483072161e+00
3.148592822888891973e+00
3.720358634827292121e-01
2.829600051956453477e+00
3.994958979580269798e+00
1.534557134542967383e+00
-6.893745000845008519e-02
9.456393678558221438e-01
1.822487489860902699e+00
-2.983948677290824136e-01
3.400648269685733638e+00
5.787882319585460067e-01
1.551772311824356265e+00
3.814864092906656623e+00
4.709295520439120253e+00
2.429428692657771727e+00
2.807336418946161594e+00
2.907599786789283769e+00
7.805664116494757110e-01
4.733071865482262552e+00
1.601334482973618023e+00
2.849291186655747765e+00
3.435640067984538248e+00
4.011915778548347689e+00
2.311731807379002746e-01
3.472920270041168322e+00
1.691964721789773307e+00
2.122748933763373813e+00
2.751589365913453378e+00
4.757567793837898407e+00
8.830645428755428128e-01
3.156966569859148919e+00
4.893724942786118248e+00
2.062512050883075432e+00
1.435976933384901066e+00
2.359273384576419552e+00
2.623350188716882414e+00
2.775696834906144161e+00
2.711120386590561537e+00
1.061765493357754941e+00
3.840894344000792771e+00
1.719460674878979134e+00
3.057532318061255694e+00
2.290730786319371326e+00
3.681109321218887231e+00
1.713451556617517468e+00
2.554956942249924978e+00
4.432063143162384478e+00
1.546190873220385953e+00
2.393985496106155075e+00
9.426432356359288889e-01
4.361514254138963764e+00
1.666728633210444954e+00
9.860193880549346090e-01
2.321259795999482733e+00
2.546929447487131348e+00
4.647461710845917082e-01
9.356891673912706153e-01
3.375416995714990875e+00
4.057849079101686129e+00
8.958196451739715016e-01
6.183965512769544759e-01
5.099097759062161117e+00
4.875739931417864881e+00
3.336918449230049433e+00
3.273041643567692560e+00
2.987162025201585358e+00
8.281985656201804602e-01
2.334896128317842212e+00
3.435078752993719675e+00
2.000049623353977957e+00
1.828062707279491939e+00
1.952631686378210496e+00
4.705257817480434923e+00
-1.601915623027840851e-01
2.134001382913582212e+00
1.162501130240505276e-01
3.824033609271230816e+00
1.168662249652318685e+00
3.262370310330497958e+00
4.952402054143290044e+00
4.848245889987648383e+00
4.555212938414124224e+00
3.320895225532192185e+00
1.889297601888186406e+00
2.850489090942678772e+00
3.256741759355740840e+00
5.087958024480641939e+00
1.368258979130471786e+00
1.612290956113744400e+00
4.366581950643332988e+00
4.130210863344894179e+00
3.205584677254240233e+00
3.164757866835504529e+00
3.681741012381896994e+00
4.152943875471516222e+00
1.905729598799887903e+00
3.344161831841692134e+00
1.195362688043660526e+00
2.633351458842792425e+00
1.871223115728873232e+00
4.235078893432875802e+00
1.990608339356082723e+00
3.708426277351664524e+00
2.854015909289105757e+00
1.364279328958000193e-01
2.653067216661799677e+00
1.981773870977505680e-01
2.524961449479063091e+00
4.612866984599667930e+00
3.143138975703758220e+00
1.132558714034193947e+00
6.696196727014793737e-01
2.095520196744685926e+00
1.513064307166981592e+00
3.573890308392563497e+00
3.356749365207710056e+00
2.616179017943412788e+00
5.154396977459096973e+00
-5.456544974358834565e-02
3.975090162863013532e+00
2.757259446417295479e+00
-2.002938690856215231e-02
6.377068088282635827e-01
2.023145335995041094e+00
2.972833366452257486e+00
4.556798447007368580e-01
8.812455248261130691e-01
2.075402849700193286e+00
7.701183783806095917e-01
1.248337621052924895e+00
4.173527144253657895e+00
3.129394298268318053e+00
7.655971666121184072e-01
-4.208287126060259453e-01
2.078896898597839993e+00
4.610159780591779111e+00
4.104180178283851177e+00
2.877530585562945831e+00
4.257495383801407129e+00
2.942775586391265463e+00
2.364906249587368947e+00
1.331048063324802300e+00
6.172777305750907217e-01
1.804138577105238284e+00
3.084279917615678102e+00
1.915669675796778826e+00
1.768870201191695912e+00
2.871831076348954959e+00
1.296488140201493167e+00
2.858566790208519670e+00
5.337192235651878391e+00
2.310894307978775153e+00
2.583149538318831873e+00
1.382437492907779841e+00
2.685938404700943138e+00
4.776132404082590099e+00
-1.399198489995692185e-01
2.658568142204265072e-01
8.590750243026796795e-01
4.049931812137586462e+00
4.398120017780788871e+00
4.147552237662383234e+00
4.181467996167384626e+00
5.236168478034835871e+00
-4.065019023425264777e-01
1.822043911280669448e+00
3.645504665939412803e+00
5.002950567290262995e-01
2.230593162563716092e+00
3.159457399479537187e+00
3.721025715065344741e+00
1.760548962465308342e+00
2.330959350785987816e+00
3.675231171460579205e+00
1.523125744094047107e+00
4.209386852285810221e+00
3.925397660377843323e+00
1.105672057482096626e+00
9.826457352118005417e-01
2.065551437513844846e+00
1.566006880049210181e+00
5.613411463833859472e+00
2.277325940222035605e+00
1.833778312812563982e-01
1.073367067087266591e+00
1.230859535585951292e+00
1.414282352076410731e+00
4.521852279641191075e+00
5.023422391018220523e+00
2.678850368245021762e+00
3.294550091284634163e+00
2.581260773170641620e+00
-8.955400148210479472e-02
4.194451612041566690e+00
3.527000590496632171e+00
-3.269945013756965224e-01
-1.524850299353479599e-01
1.309174477851280827e+00
4.456796459981475778e+00
2.195176379656627041e+00
3.101192677439073009e-01
8.893517737282694569e-01
3.804562447151594640e+00
-2.228327651069763604e-01
1.370899747645767164e+00
1.675132929196082365e+00
2.179901137700261948e+00
3.729132210951298987e+00
4.180098269983101744e+00
1.829048598590055974e+00
6.836360130193543938e-01
4.353529879548755588e+00
3.878190869200112800e+00
-6.211090536621188818e-02
1.217083511857372180e+00
-7.095065975585690410e-02
1.577595800576029106e+00
2.884736957658790679e+00
2.500459319603911545e+00
8.013412339552505870e-02
3.029612019471047191e+00
8.269667611369779792e-01
1.345668190939132813e+00
1.448031009190660967e+00
2.332454971380059305e+00
2.976681218984960964e+00
-4.653454244621428870e-01
3.104347843184115163e+00
5.521427319905273023e+00
1.932189859709768420e+00
4.205064402037343996e-01
2.406427668282081989e+00
4.249834965966522660e+00
4.317497518884948704e+00
4.597825978778979916e-01
1.268097659211449013e-01
2.161597596303495017e+00
5.016706411856391767e+00
4.257319029574365032e+00
2.418735701319283393e+00
3.554448611888970433e+00
1.561908709284566932e+00
3.479832970520881474e+00
4.530062495429554303e-01
5.345472870441511759e+00
3.847298892622212918e+00
4.503261367155751316e+00
-2.873946890924727882e-02
3.918065498988818618e+00
4.792193556639245955e+00
1.916442325916568379e+00
2.466409613186301364e+00
3.183949713332662412e+00
8.170709567330796119e-01
3.522424379255911120e+00
4.203422185877006001e-01
2.619356538655851274e+00
5.119952424958986725e-01
4.830841146544900155e+00
3.278655391877462577e+00
3.027927551087504554e+00
7.996061976010873096e-01
4.242040847073914378e+00
2.477846553321086276e+00
4.404250465206478893e+00
3.153287949684406399e+00
2.927847428230181848e+00
2.214053097163404260e-02
1.630224272513525641e+00
1.928813589491550573e+00
2.260227732638258047e+00
3.548187054712164112e-01
4.442634242558238356e+00
4.057833385881160382e+00
4.190751597995152622e+00
1.277641537752203682e+00
1.158410571205181760e+00
1.124889431716233013e+00
3.095220912948340342e+00
2.089727367703651417e+00
1.629840673718503830e+00
2.618260936790965054e+00
9.077608599514572774e-01
4.591696235157529671e+00
3.839997227935739943e+00
2.376790138398519048e+00
4.385335938015574087e+00
5.277907885504244945e+00
7.461263500326378306e-01
2.523607954914778517e+00
4.654955991210218968e+00
2.968301546040607697e+00
9.146786397277022473e-01
3.483502915751623519e+00
2.337900231590272604e+00
1.898293603096041338e+00
6.062123485311676774e-01
3.026669777880748313e+00
2.691393156617422733e+00
4.183369407874684143e+00
2.869314450648548842e+00
9.956178339496286611e-01
6.852343176201900476e-01
1.994825761728565183e+00
2.447116964021822660e+00
1.323513192153824569e+00
-2.723969258270209082e-01
1.837372341537433229e-01
2.845875484482048634e+00
4.753125513519520950e+00
3.294013045747966828e+00
3.191868789975451648e+00
4.307126350069831133e+00
4.034063265464526538e+00
5.689432537304126569e-01
4.405457375844830992e+00
1.700962412240924593e+00
-2.087730591937528857e-01
3.074011913779600036e+00
4.776267519895885272e+00
1.309108347079713575e+00
3.009903131884959393e+00
1.515608676744516714e+00
2.820055720475839856e+00
2.386416871442109233e+00
2.374983043362415280e+00
4.933709602194879196e+00
2.289447977635927778e+00
2.469627759380222720e+00
2.433484710642136228e+00
2.138703691687343422e+00
4.577002458366148829e+00
2.470459663703915787e+00
5.443750055347706507e+00
3.437968956595195635e+00
1.901197103181437420e+00
2.913971098308264729e+00
2.585042138571063575e+00
1.159902402864166682e+00
1.799884909971281921e+00
3.186761000435634372e+00
-4.969211223797946886e-01
4.050023717843414417e+00
1.378380701956237964e+00
1.922051241835898594e+00
2.797657672309467713e+00
2.928818228010422686e+00
1.989336209401477262e+00
5.824167380268772121e-01
4.668440079009235077e+00
1.428602773228809575e+00
3.140006100661612010e+00
4.018863815804410322e+00
5.123201074172573755e+00
1.546801931535128460e+00
1.138454132479200354e+00
4.082713426452020400e+00
5.031805689859615072e+00
-3.450393637221864651e-01
5.227391190379430341e+00
2.520661043021094727e+00
7.753658419097897436e-01
2.891560146303550738e+00
2.912854855559871226e+00
4.914769994750193050e+00
3.228793085652966965e+00
-5.343560261683020229e-01
5.097527554904138114e+00
1.458575920571131057e+00
2.644783892363376410e+00
2.655820364346915596e+00
1.691375992576112708e+00
3.483527526417958597e+00
3.145672359973618271e+00
3.795447245401204484e-01
2.945168028074418132e+00
3.577615430039253752e-01
1.837886117243213491e+00
3.016126243612992752e+00
1.196180457566893729e+00
2.414437162926779123e+00
1.574391827702970481e+00
4.960114720576187963e+00
7.400158590029501937e-01
4.001139516878415847e+00
1.596217398078140448e+00
2.215408818044277695e+00
3.402267162793163990e+00
5.785401238766159082e-01
3.097342120606638716e-01
-3.278873103453072702e-02
1.774097834537479379e+00
2.687409320644507105e-01
4.980461803633048135e+00
6.719107291597028464e-01
8.363156804602871475e-01
3.806540948124395030e-01
1.772774956236228050e+00
3.084076927635859278e-02
3.716497939687133822e+00
1.909611027691280327e-01
4.770806632979347484e+00
4.295390789812554289e-01
4.196891467706187484e+00
3.256978469588247549e+00
4.451398390580441955e+00
2.292190083495107444e+00
3.979781461090801997e+00
1.525683839463562563e+00
3.360591856361299534e+00
4.925772173760622152e+00
2.461731574219303553e+00
2.238120852808881622e+00
1.360557179218077728e+00
4.490248494062722528e+00
2.657218933953277684e+00
-5.308706750398686225e-01
3.978492285023122577e+00
3.384156541918995842e+00
1.649544562798769043e+00
1.186389528293747553e+00
1.272396456135161280e+00
2.023452308702691660e+00
5.325101585457359121e-01
3.406733781998447341e+00
2.600252049053237258e+00
-2.788371638574993483e-02
1.720031556507159110e+00
3.427977660474624599e+00
2.732069399103459695e+00
9.538047304594261533e-01
3.134671121752194978e-01
1.823437505674987413e+00
1.412620018751612250e+00
3.705261395736114238e+00
4.846688079107915215e+00
2.860451314470330964e+00
4.831768603025171416e+00
1.136619516760628557e+00
2.055070078524492416e-01
8.694960511544209680e-01
2.575675349632868816e+00
1.444545085403442286e+00
3.609672269002651035e+00
4.773278435063302183e+00
4.396966217441402591e-01
3.018222551335872694e+00
2.101481751114391727e+00
1.230118165226095961e+00
3.660949533050185778e+00
1.473047582932541566e+00
5.472433633105401540e+00
2.936856506987268745e-01
-4.005122953648845296e-01
4.611759009462312875e-01
1.622988730829785453e+00
9.708759041423773439e-01
2.655267263548908296e+00
2.951390993817941677e-01
4.762334818655991953e+00
2.312156088019219347e+00
2.945935761026713173e+00
9.355133482697937097e-01
2.640780964275146303e+00
2.239453627990380724e+00
7.864319908720549535e-01
2.006200041824706126e+00
2.433223068433948200e+00
3.297511163559997627e+00
2.629727861537485722e+00
3.218464337034554035e+00
3.959988414917283706e+00
-5.708167171036615528e-01
4.770825748023980850e+00
1.085086722396432890e+00
1.789866267546623924e+00
2.367459585405760514e+00
1.578398917319374206e+00
1.745536628306562754e+00
4.185136108985000547e+00
1.192849522213883517e-01
1.132297781758845545e+00
3.866414470455458385e+00
3.266885533780053308e+00
2.247643078630440883e+00
8.034703483119383094e-01
1.779309910587042687e+00
3.492823204697806716e+00
6.784509799960636300e-01
2.567894404035340195e+00
2.829164483657296891e+00
1.996919601966864910e+00
2.527561187275889409e+00
1.449573129813777506e+00
9.008350961618258879e-01
4.072722507098671230e+00
2.835319852888206427e+00
2.129296883624170356e+00
6.902872057280813323e-01
4.176488045453583098e+00
2.221012300981151100e-03
2.410882588326892062e+00
4.003859292906632561e+00
1.831874198842867507e+00
8.392314506990956602e-01
2.654120550398949341e+00
-2.796489784873568141e-01
1.574816073104874370e+00
5.058099267981450708e-01
4.529151160433054102e+00
2.781060408607275214e+00
8.472754488578519982e-01
1.431911920195061860e+00
1.999505754906962807e-01
2.459645247652737510e-01
3.195826731391131048e+00
1.118853122045866400e+00
-3.001820184303269912e-01
2.156492998700021424e+00
5.093540974680802691e+00
4.569776853327425670e+00
-4.415496498815230098e-04
2.927032051740824592e+00
3.261183816059384455e+00
2.327449301544032956e+00
2.308018637254934724e+00
4.302698061996764523e+00
4.231817771780967519e+00
8.622836796741779608e-01
3.628018186749070395e+00
9.660017416126409628e-01
1.821615481787733692e+00
-1.309225154458273366e-01
2.999965862749373713e+00
2.093990740120093896e+00
1.179435800459739170e+00
4.899432083732568444e+00
5.235983621908340879e+00
3.689717428314537528e+00
1.967771515118106329e+00
3.389987579907336013e+00
3.812408133046728764e+00
7.677967240723573283e-01
5.175782285397412252e+00
3.955156327383269499e+00
-8.752520254067075456e-02
7.853051918735056702e-01
1.631903151483470538e+00
7.873469856264172506e-01
-6.386018516585867388e-02
4.286729534484679860e+00
2.756901755062013848e+00
3.878288355552017563e-01
1.753158006970392258e+00
2.567236910845167586e+00
4.153959571718436550e+00
4.443053844058544755e+00
3.347975850841761414e+00
4.271567943222700947e+00
-1.274763491106396529e-01
1.822801533345955960e+00
9.517474464520088162e-01
4.108539334867964854e+00
4.606814972495390847e+00
2.690438284662400648e+00
1.738827466116666720e+00
2.818061140966767297e+00
3.932957061574107627e+00
1.767279529042220076e+00
1.119209206893367892e-01
3.722490900480744713e+00
5.009325598526690015e+00
3.473936299774532444e+00
4.318891008944502730e+00
2.811611733401523594e+00
2.306623538395113471e+00
3.117282801233129064e+00
2.970716951178753007e+00
5.047087692784431923e+00
2.335615844944496367e+00
4.160710605060103262e+00
3.146002341268802738e+00
1.926856238385134645e+00
1.640895777972549041e+00
3.196854114181064688e-01
3.313362597063756354e+00
3.570637304736345996e-01
4.336271091009988865e-01
3.067959237309157317e+00
1.613842400774663233e+00
-4.065890804894021215e-01
4.366082524454643732e+00
2.769581039356419083e+00
4.956054006649694088e+00
2.778002906528307392e+00
4.313468603527287115e+00
8.018967408726362933e-01
1.808758467206144971e+00
2.438741619588136622e+00
7.279266192396738333e-01
2.687456043439989450e+00
3.119057932093081575e+00
4.884159696423648001e+00
1.292235811404203183e+00
4.613326892581355310e-01
4.404996428090798943e+00
1.883081448106461053e+00
2.794451436717623416e+00
3.166694102949143996e+00
2.625991773385845995e+00
2.303114390231362663e+00
1.476378400980747685e+00
3.379555612727559222e+00
3.304223017232491344e+00
2.124668756643210976e+00
1.728907355136449553e+00
3.769240541628436247e+00
-4.675403533965134528e-01
3.669928524302392248e+00
9.241873554714157279e-01
3.866737102652393787e+00
4.197630492368773503e+00
1.111981455403382668e+00
2.043912856244275211e+00
1.053720101434331369e+00
3.827084634400540253e+00
1.693871884747642831e+00
1.318880466839972065e+00
3.850474565022400597e+00
3.285175466658090571e+00
1.714605989292778965e+00
2.457000444554990892e+00
1.950533741548099442e-02
5.401790195480014489e+00
-1.924843583403941238e-01
5.064566509375914904e+00
8.078532206606636734e-01
3.458081054541191079e+00
3.715647083478144097e+00
2.177783165846767233e-01
3.329019663665343742e+00
2.816705967187631998e+00
2.970123279655095594e+00
1.330351420465529344e+00
1.597216119744413021e+00
4.622887251654008267e+00
-3.472588437620851565e-01
2.490673449070048839e+00
3.638736818741985957e+00
3.976421430249796884e-01
1.095335158518284224e+00
3.270986457226683797e+00
1.434084157929684800e+00
3.030979228698823746e+00
3.417935502434163553e+00
1.794119406792384908e-01
2.986760700509133670e+00
4.537886438534451727e+00
2.344030646909422977e+00
2.378579019110127035e+00
7.021772110731010486e-01
2.742375750928530032e+00
5.044161217682329834e+00
4.098069517219247615e+00
5.090229119910588906e+00
4.996744599216958349e+00
4.664703648571196126e+00
2.437349826704486411e+00
1.374174773290691931e+00
3.339330888014266918e+00
2.127497658369344791e+00
3.871194391918519884e+00
4.631198952329029339e+00
2.439277336987290212e+00
4.887202619957093930e+00
7.161614678659731226e-01
9.246088215571361957e-01
8.314636468875207242e-01
2.966793513192234499e+00
1.747436610544591318e+00
1.748874752742068495e+00
3.056041169540318236e+00
3.335593913653065457e+00
1.551500150478283047e+00
-4.876026595217011206e-01
2.287376692702699721e+00
3.325663684109944285e+00
1.818776711800566659e+00
4.571800042917720575e+00
5.258659891204668924e-01
1.761404828380872978e+00
1.643681264191106273e+00
2.794611864746100238e+00
3.398388194175826271e+00
-2.264429849567379804e-01
5.101731071686774754e+00
3.543646034966029035e+00
4.875285771474834107e+00
2.905017797944781321e+00
3.545653410301774500e+00
-1.529629903892448795e-02
3.590572060281282063e+00
2.090382644816552116e+00
2.125222058451416096e+00
3.491915346241421858e+00
9.551259052704539343e-01
3.170519353668037610e-01
1.450269517577667422e+00
-3.379999218619227364e-01
1.501213118235518174e+00
2.759473663602364013e+00
-5.885259045253778964e-01
1.281566986703018607e+00
1.138664285480118998e+00
3.198726650213034262e+00
9.145604102175735051e-01
-5.727230017124247397e-01
4.066238406740447786e-01
4.448405358930422437e+00
1.991166736284268879e+00
2.885895746677123341e+00
2.066648095122270767e+00
2.656120838368052794e+00
7.678577236218266933e-01
3.910648088593411842e+00
2.278832055196957640e+00
3.714338252451144129e+00
1.826211410884008401e+00
1.123380911641950419e+00
1.413218373536992978e+00
3.097008305479716839e+00
3.000910524093816534e+00
3.953265839345467825e+00
5.060928170825469863e+00
1.506048884936554977e+00
4.156944217740891290e+00
3.733864624368301577e+00
4.409696380942515148e+00
3.765288426304508107e+00
3.913277034587265391e+00
1.074068749942889589e+00
4.061904377655451981e+00
1.508997114799035977e+00
1.382517421447725603e+00
4.329428951708553797e-01
4.954708156879664926e+00
2.230937818711220544e+00
3.914378735400081410e+00
2.941436035076500310e+00
3.910880553571395524e+00
8.491213584422405702e-01
1.602514189993274663e+00
3.031538648265172498e+00
3.091942669157393908e+00
3.771483386220806366e+00
4.953966923180232129e+00
3.578104650078497428e+00
2.532099722150578103e-01
4.672624922190442120e+00
1.962098309517460670e+00
-1.337073353500057848e-01
4.706896236708654868e+00
1.006052052710472822e+00
2.368862980153207509e+00
4.829829402851100184e-01
3.267420173317812981e+00
1.953760820574410140e+00
4.572139432400806669e+00
1.515373105289740785e+00
5.996016289113583753e-01
2.794327003214190697e+00
6.394871557338532853e-03
-5.473857566537159158e-01
2.328507487764182038e+00
3.462751255324796773e+00
3.051095780224219567e+00
6.821302028086320135e-01
3.649228236782994017e+00
3.633271630948636144e+00
1.999476792182005802e+00
3.453850784034578680e+00
2.665568177143075701e+00
3.063122313336819502e+00
1.307951340742405932e-01
7.744179594041780135e-01
2.257250264972560316e+00
1.530813096715782251e+00
3.421453956128328144e+00
-8.485567330653864815e-04
2.262800799483839498e+00
8.808896132982289018e-01
4.986206223396010273e-01
2.161643406954895319e+00
1.210453954753820227e+00
1.290901089721733008e+00
2.791688103913642749e+00
4.354174890064836490e+00
4.058388315646293876e+00
4.270499859622749028e+00
2.043917755318884311e+00
3.879129795442999296e+00
-4.025263121035278502e-01
2.936736215379170289e+00
8.960881242126186308e-01
5.200333765162636013e+00
4.804607878653575526e+00
6.341326701606142535e-01
2.054043063320090567e+00
3.392520741629327929e-01
3.347223045478267878e+00
1.967255353886556257e+00
1.160623611676836475e-02
4.526897014326722868e+00
1.038917174956831779e+00
-2.463850614217468760e-01
2.662007444880472917e+00
4.356336071530300558e+00
3.954884189662685401e+00
4.414266249914954088e+00
4.835833123956271962e+00
5.390196422092486728e+00
4.744041534300091456e+00
-5.295318525231422768e-01
2.887880637219244484e+00
2.054067633672739035e+00
2.947946996414589904e+00
4.342078400319602238e+00
4.134707563738475145e+00
4.392884443056882304e+00
1.472199804764511732e+00
3.496083486264973672e-01
4.234368911524445167e+00
1.657965899590775116e+00
1.848858434221138936e+00
4.421350716735094721e+00
3.046186014440737111e+00
9.074030209134971159e-01
2.720770951271228810e+00
1.273109752308048570e+00
2.268990647064230259e+00
1.743578802065447242e+00
3.101340144152448630e+00
3.877424143425688641e+00
-4.034171989596222474e-01
1.646436839934493079e-01
3.857768691152742235e+00
5.366015074676031560e-01
3.352943918284344349e+00
3.226055145281380376e+00
-4.189823313630576251e-01
-5.734725437464307518e-01
1.040408684784024373e-01
1.394019440284770539e+00
1.116304488725663902e+00
1.250884396352036632e+00
4.749926490932704581e+00
-3.517773043170375757e-01
6.142468814165891189e-02
4.142478762033462658e+00
-4.966244085743660719e-01
1.533017957337817094e+00
4.489019952250071555e+00
3.673214990174873407e+00
2.726729741092853487e+00
5.614716604506702069e-01
3.192851491215865423e+00
4.848231619827830130e+00
2.280816782923892561e+00
3.502040811134801146e+00
2.167414356793731400e+00
8.734273510489023451e-01
2.364390488713854488e+00
5.100697043028890931e+00
2.338894123952792725e-01
2.876830373702293997e+00
3.228617686951750443e+00
3.529602364140021820e+00
1.340840616412013020e+00
4.187380505684998866e-01
3.003899739448183226e+00
2.270706157410691262e-01
4.862087291825561763e+00
5.091080060789467510e+00
1.280153805188732896e+00
2.312571662726392141e+00
3.836208841731989949e+00
1.953785824462650922e+00
2.562215374150307312e-01
2.289721456901922636e+00
1.730796281349149979e+00
2.336601161589833886e+00
4.997329696935461030e+00
2.096948004133666110e+00
5.520091871301069375e+00
-2.180096947316574330e-01
2.384508789096929426e+00
4.595784721555638441e+00
1.696643847666663873e+00
2.365607024049027451e+00
2.758040129186800193e+00
-2.896512999695071144e-01
-1.316630453599643147e-01
5.967004474273576164e-01
4.063390353452840387e+00
-5.277372986588062531e-01
3.438847767232818597e+00
3.206082555289349045e+00
2.927017139818484104e+00
-1.079214231597696028e-01
3.577420189700241338e+00
7.074531329844022665e-01
2.811425609025793193e+00
3.687228553792751384e+00
2.369393091972932908e+00
4.864532287189183180e+00
4.031469832622684990e+00
3.396126137889421415e+00
5.271601665140247306e+00
1.797757075861636800e+00
5.534645854627271433e-01
2.036006497672858018e+00
4.124061940620361355e+00
3.873502259658602398e+00
3.550658150062677265e+00
4.494872586182426133e+00
7.754927871841799103e-01
6.376249795193027481e-01
3.356174268074665790e+00
-5.215991635906256363e-01
3.411410628805683132e+00
2.210221454384502238e+00
9.649205728558207795e-01
3.838838636165343488e+00
1.749678794233591184e+00
4.081959077133939573e+00
1.732930846201877095e+00
2.338239263326274298e+00
3.338803854027222684e+00
5.069214915176086578e+00
2.418114402094275306e+00
9.134135639555189812e-01
1.686934185006449205e+00
3.119715032184672054e+00
-1.789878632798052038e-01
4.664460393566905339e+00
5.912755909498912388e-03
4.686640358572878640e+00
2.166443504623339678e+00
1.922270973514630832e+00
-2.823056457891226501e-02
4.335906264182955994e-01
1.324690582953793161e+00
4.211351686557433638e+00
2.165189039239768576e+00
4.781459906398945137e+00
2.732824448608022649e+00
3.538716429018675669e+00
5.532913347989321551e+00
1.098475398486137067e+00
3.702979922136142577e+00
-6.032585931071228202e-01
1.143649551164100053e+00
4.531460795272705511e+00
4.539461721063274169e+00
3.137154181016150289e+00
2.815167638507690917e+00
3.538581694395379174e+00
2.027776708181474596e+00
9.034125627856894880e-01
4.500956272602438801e-01
7.555857299893435908e-01
4.593663060037563639e+00
4.341295385859524458e+00
2.281650531636982393e+00
4.990463755236330456e+00
1.759261560277050052e+00
4.750191181128275986e-01
2.836597321968696406e+00
1.817726765321260096e+00
1.159918597896367309e+00
-1.018582590972743063e-01
1.498682775674089029e+00
3.940811406483897272e+00
3.563175741475808067e+00
1.349629351298036184e+00
2.261651679425760619e+00
4.398776121301066766e-01
5.110664659346056737e+00
3.429185503341624752e+00
3.034526059752151284e+00
5.361094478820332299e+00
1.116168722373723554e+00
4.911575820417327876e+00
-3.954307228911275729e-01
4.303534801776832452e+00
3.550730595805603684e+00
1.163613035468845425e+00
9.208178594945151119e-01
1.402184431282918808e+00
4.913296695618500465e+00
3.974806851394344420e+00
1.741994362791356998e+00
1.588730627500767767e+00
1.969694338796736055e+00
3.779881241611121823e+00
8.723189989626431995e-01
1.762298708271211822e+00
4.256165029158598401e-01
1.846679008683499212e+00
9.768038972708135148e-01
1.698648467596784783e+00
-4.428505363706722875e-01
3.105714316755436855e+00
1.556574842699522954e+00
9.160349455813880937e-01
1.524039612983009384e+00
3.838781098775008616e+00
5.085932424650380312e+00
2.616025628787076229e+00
4.048547334164860345e-01
9.366129900378279416e-01
4.188058262801092724e+00
1.176737707155318446e+00
-3.017981773983802185e-02
5.633643786170834389e+00
4.954280762838399355e+00
1.378846021170355485e+00
2.740574164262206125e-01
2.816691417620592830e+00
2.951562735690227868e+00
9.314594156941620184e-01
1.534258004349937643e+00
4.903272362071813717e+00
1.219570150308958212e+00
6.818569122967330642e-01
4.733381957020450059e+00
7.683163054489883237e-01
1.563412042781054723e+00
5.283810192818190643e+00
5.102396442931826925e-01
4.882747358595834086e+00
2.030022606447563049e+00
2.201561968560062255e+00
6.545511426599484039e-01
2.851247083125287851e+00
2.491220348978321120e+00
1.020315992734724730e+00
2.265075095414305295e+00
4.727784450873446787e+00
8.669426278982390599e-01
4.699924768035254274e+00
1.846956152679477547e+00
3.561591789531842522e+00
-2.573229445265452497e-01
4.754383680495635645e+00
4.968530115592312058e+00
1.758046042935293762e+00
2.793926220994835674e+00
8.701178860645342183e-02
2.187800197173679351e-01
4.050633277220025974e-01
-2.669314879738884372e-01
3.746628556422745504e+00
8.138624479859437599e-01
3.891403266346097567e+00
2.851339769829336568e+00
1.432797107163959360e+00
4.911740203860844645e+00
1.204006399406069683e+00
5.468250815723832758e+00
4.409325001584234016e+00
5.061841510862928217e+00
4.231603616435076987e+00
2.270344578931969615e+00
5.520737348758450125e+00
6.284927926977541546e-01
4.651107125956963628e+00
2.703220956501626304e-01
3.445885189360087253e-01
3.197468769892962470e+00
2.733517921717469434e+00
1.118666238821279357e+00
-1.239731685367218006e-01
4.881201897896545461e+00
1.433822105634244615e+00
5.072387965354419492e+00
2.932233636023851453e+00
1.976753792197185611e+00
4.166220932680808176e+00
4.660977687786088453e+00
4.370839663509329398e+00
2.713477515772806825e+00
2.124498392162714744e+00
6.022499859296690516e-01
6.962462086221954394e-02
4.766561539147550874e+00
4.643061727881798717e+00
-5.395891886550909788e-01
2.108314917302439362e+00
4.264690232923868507e+00
1.480041691178207941e+00
6.275978060448492712e-01
2.060368502669214230e+00
3.832453089164969739e+00
1.014844629822285071e+00
2.695490010534783210e+00
4.028895204225413806e+00
3.878518766691218644e+00
8.466625587478198156e-01
4.771350543323579885e+00
5.366966511093675507e+00
3.630687443048641327e-01
4.210524634669635446e+00
1.552829546151492046e+00
3.284836144426218851e+00
2.289986507414597305e+00
3.208066845365413755e+00
2.277606156079228228e-01
4.912785006833827239e+00
1.833765939148356949e+00
3.844925708052587154e+00
6.172972935004814588e-01
2.260265026769977759e+00
1.047155090091528962e+00
4.427203468174560896e-01
2.295328426816023892e+00
3.199981816149080061e-01
1.558869476755942785e+00
3.925437885072309285e+00
3.957162724792574693e+00
2.296765975704930796e-01
1.765371061258401930e+00
3.364972956443873287e+00
3.940898139834885683e+00
2.513845448184118148e+00
1.238811724389250912e+00
1.963665190846737296e+00
4.876861379395752039e+00
3.396403247914001611e+00
3.002023838270813982e+00
6.523045385691919051e-01
3.422406289800605350e+00
2.993971385593841461e+00
1.411497698917349553e+00
5.219114125171975260e-01
4.839452749346397908e-01
4.639182871590817214e+00
3.957540984909257986e-01
3.708379728305542855e+00
4.011919025012382178e+00
5.203459800038059413e-01
2.666073618129224165e+00
-2.516782164029613966e-01
2.993697765139595290e+00
4.484307899695865629e+00
2.763659012524503744e+00
1.349256381740291388e-01
1.089954833347174024e+00
4.770857029070057820e+00
2.353502386150603698e+00
3.609656266765835397e+00
3.470161492877819498e+00
1.247308374698418376e+00
3.926883552662022936e+00
3.922508703068162461e+00
8.400419109543388885e-02
4.077989143914120262e+00
1.925953310641234317e+00
2.977520031032443448e+00
3.225533490897603883e+00
3.127580914689094271e+00
2.222996922764066241e+00
4.612965550147878346e+00
4.477239010993145030e+00
2.453398765451771268e+00
5.091531005380986130e+00
1.476900603554433644e+00
2.848713707760927250e+00
1.794760746570791987e+00
2.880769220815547094e+00
6.879241824572863706e-01
2.313924190010833826e+00
2.333422320465246891e+00
4.375623763708578196e+00
1.498243834994602786e+00
1.390427818419399664e+00
7.445757516405224763e-01
5.241306773498768834e+00
2.394024558858299123e+00
1.278817898063229208e-01
2.715842341441319974e+00
2.351480440924938797e+00
1.762797009163335815e+00
4.297102129666665604e+00
3.328666287284489655e+00
-1.476387489226205219e-01
3.326921104361371562e+00
2.713917057835003810e+00
2.255964501547000012e+00
5.162200024459879799e+00
3.701350797162922035e+00
3.718393270078847124e+00
3.923270873073377629e+00
2.135014646919926484e+00
3.005508626480255074e+00
1.888911478484443407e+00
1.975774677534419155e+00
3.386571986545888535e+00
3.760208057786552871e+00
1.842473630703830523e+00
1.103516494841577433e+00
8.522942865230724863e-01
6.969635074660747165e-01
3.244759736863731092e+00
3.376545224272915036e+00
3.505103996289879120e+00
3.058428817409520661e+00
-1.872837046411568451e-02
3.738002279276628315e+00
4.208487316468483286e+00
4.621170478310238749e+00
4.861024308264344285e+00
2.569494379769245107e+00
3.918387312946009615e+00
3.239394015691418716e+00
5.213685284950464904e+00
3.213761890363972640e+00
9.896061856266404888e-01
3.588780869096730441e+00
6.305529505311273653e-01
3.871445953795037198e+00
3.264132826259125153e-01
7.249923182837090252e-01
2.469055941794072062e+00
2.817832506026797468e+00
5.533807114059040799e+00
8.691179778289797042e-01
2.401027002040199143e+00
5.547146870920428796e+00
3.357152866337580477e+00
5.262013447618647533e-01
1.725514685859092623e+00
3.529600057516564249e-01
9.710914556266150299e-01
3.667827690585834688e+00
3.447697288446065045e+00
4.252429808523471522e+00
3.853242105078363622e+00
2.884810236200882727e+00
5.267033521373267746e-01
3.028538310865549477e+00
1.349852258626385471e+00
2.905872322813908504e+00
3.183670964259823322e+00
3.433325650046105793e+00
4.020744295862586526e+00
3.133919007161974690e+00
3.514774442209125382e+00
1.100445250310448486e+00
1.047420163964634554e+00
3.828698776572522888e+00
2.090130534810292318e+00
2.051235377094145385e+00
5.924717394745036003e-01
2.960813396091204197e+00
2.742981686547715015e+00
1.796649702582372221e+00
-2.683539237175285308e-01
3.517081328004776353e-01
4.219383974107026702e+00
1.158231484614535844e-02
3.303204561753579682e+00
-4.896672648220157242e-02
2.755622039988525174e+00
-1.230454824080613463e-01
-3.200311663054975497e-01
1.768513444134319990e+00
4.716892110575610531e+00
2.425549485321622178e+00
1.672966800206589610e+00
4.197418165827302872e+00
5.039204565835277094e+00
8.002677465246383903e-01
4.652548564551292287e+00
3.959582296951101199e+00
3.582921394327390985e+00
8.268556020394086659e-01
2.264060369515757287e+00
4.006741740055810297e+00
2.722272141864520378e+00
1.346803475681033646e+00
2.026918669761195169e+00
4.543762308116974680e+00
9.810440035415624038e-02
3.751728913611376726e+00
1.544455677382321035e+00
1.061523255250238051e+00
7.320769077097519784e-01
2.272081752173104263e+00
3.977220166080240205e+00
9.007684939971980498e-01
3.556294442509514653e+00
3.216561722978452664e+00
2.481048224952742132e+00
2.241788862057465082e+00
3.925493446970541811e+00
4.344302294998808378e+00
9.314433553930374643e-01
2.247680711488519556e+00
-7.241819216535461123e-02
2.052110877510894937e+00
1.897281331100725055e+00
-6.411444830517876170e-02
7.029580503085428589e-01
3.782500946730396052e+00
2.740335431187719273e+00
5.132680516123810932e+00
8.081925103561333756e-01
1.435224982180409725e+00
4.831000057374604140e+00
2.917039825100441242e+00
3.375492134293876845e+00
2.648787214194568307e+00
4.783752874858134163e+00
3.872843639538242400e+00
3.906672935943134917e+00
3.370950650263630166e+00
9.464397316558201823e-01
7.399653065053648504e-01
1.426099557701044240e+00
2.846374064680857074e+00
3.286331063787473639e+00
3.708147450930569633e+00
3.881939012638911279e+00
3.034283022664290286e-01
4.214284131539930200e+00
1.889526752550097832e+00
4.794416870814904641e+00
2.058705954859092913e+00
1.319188796482348103e+00
2.492347770959286279e+00
5.229242759381087069e+00
5.050745349431023712e+00
5.214308239900718789e+00
3.135454283016020582e+00
2.181303131651293192e+00
1.524846247954972256e+00
4.433518372175607070e+00
8.753247968603243834e-01
4.748636765150379802e+00
3.442326779060996600e+00
5.280321372500534238e+00
1.513349969857905819e+00
3.053152162689102056e+00
1.792663846971456643e+00
7.517251038082628511e-01
1.480174256059373583e+00
2.089887759970297409e+00
3.336476782334321101e+00
4.484781466658937177e+00
2.937818513933753373e+00
1.928402540040511148e+00
2.008040752697972664e+00
2.471110015657350445e+00
3.130303243638497435e+00
1.679071570321733375e+00
4.584952030158117253e+00
2.010984262166181757e+00
4.409182201229324249e+00
1.180468961118857685e+00
2.287094279315224910e-01
1.324029768058983869e+00
-2.355902681082353567e-01
4.295390017993591769e+00
5.126886869542209624e+00
2.542145623065230176e+00
3.724248496301694189e-01
3.316272396127411426e+00
3.694952458702084996e+00
1.326714510787878609e-01
3.578673723561424325e+00
2.079400837535551716e+00
6.681147691404305533e-01
3.461801302182715645e+00
-5.936870958258566588e-03
3.565225841485450076e+00
-1.116744031545868765e-01
-5.944734158711995065e-03
3.108636557730589445e+00
3.182401811026000615e+00
1.348503629715957608e+00
2.847258204908083457e+00
2.305762262303049148e+00
1.629627201663556235e+00
3.841097199655907346e+00
-6.175319696324139684e-01
3.696981425136959487e+00
1.226968546155775996e+00
1.361087242087339000e+00
2.775682293571279047e+00
3.883127104327632750e-01
2.192728143305385125e+00
4.516055100316188842e+00
1.547279881413331282e+00
4.227304917525458450e-01
3.366296120727701791e+00
5.171828897193460506e+00
4.201835097265947283e+00
1.365664642689958796e+00
2.397442293827386273e+00
1.891839394907512961e+00
1.990606927024140660e+00
4.797704980957327336e+00
3.037107011070165896e+00
1.924204978094873120e+00
1.601022119206339411e+00
1.182958562812978620e+00
2.026484958208050635e+00
1.492626338102191141e+00
1.039912229330298921e+00
4.340584569280293792e+00
3.760990210113142496e+00
2.352376833101099685e+00
4.888717544406148363e+00
2.269517735122441593e-01
-1.478403896341573542e-01
2.460524564732739172e+00
6.793738185879769631e-01
3.716529033672019366e+00
3.379327178915252361e+00
1.028802592283250661e+00
4.409361845088964671e+00
2.574545709379165714e-01
1.481728266822353035e+00
7.679958362260119742e-01
1.893443526325881976e-01
4.722440983399991410e+00
4.251140549806907032e+00
3.027806040891487527e-01
3.338202834217939952e+00
1.489001057035076236e+00
1.845679370238926253e+00
1.573803778014236876e+00
3.179957072289262499e+00
5.241082036104764086e+00
3.446058596080630920e+00
2.857013473061352116e+00
1.798696971287693458e+00
3.374555471658668537e+00
2.532053489358013998e+00
5.749510476739185805e-01
5.057402138763158916e+00
8.145065401463398302e-01
3.610718944575443956e+00
2.056872476567939145e-02
1.463496854533069325e+00
4.634093041910780642e+00
2.696763474860175869e+00
-1.790204974965501350e-01
1.869919626267915191e+00
2.037721073754772405e-01
3.888140585598760524e-01
2.610050735563686608e+00
3.908422153929507203e+00
3.258957223055524821e+00
3.665284537959641042e+00
5.373494068674839141e+00
2.477471502143147930e+00
2.303275522267605346e+00
-3.268350324939142126e-01
3.295357169853945223e-01
-1.118659906737962118e-01
2.083452674067478583e+00
3.468389936008335894e+00
1.426053074999353854e+00
1.986649624335434794e+00
4.810135853711166476e+00
3.418632746862474647e+00
1.375853818648964833e+00
2.249838295555191436e+00
3.496961203940699647e+00
-1.105192101943774929e-01
1.301006730810109424e+00
1.371531730938087001e+00
5.163828563184136300e+00
7.307020230244329895e-01
7.614553692117027595e-01
4.317607140083920214e+00
1.869563454970493588e+00
6.283363029981465786e-01
8.136472372387437701e-01
2.744385524726259185e+00
1.830696799451372314e+00
8.295624166450270565e-01
5.542251756668603591e-01
4.659700651649830050e+00
3.338579742588436261e+00
4.517239039773672360e+00
6.031592729353549842e-01
4.113929533244130354e+00
4.319596381982455213e+00
9.807141500323330874e-01
3.968747025454103294e+00
8.604441686252588539e-01
1.045708249252251143e+00
6.646631570606045258e-01
3.021450886409379422e+00
1.401108909650643497e-01
2.376532683835755222e+00
1.339937199242312360e+00
3.570788259598460357e+00
4.299879690984269587e-01
2.268397975925823040e+00
4.093199000384283082e+00
4.497922636054246581e+00
3.420754687311752917e+00
3.521837410017504055e+00
2.467673165277848746e+00
5.202712535667135541e+00
2.309465822600844653e+00
1.250174482577466328e+00
2.046636410016843044e+00
1.661547067543450495e+00
1.596221205358277828e+00
1.596142126731256106e+00
4.928423971319308095e+00
1.764498162493605804e+00
8.722814266321474719e-01
4.555074989100809546e+00
3.581594564685175897e+00
1.026036960898084160e+00
1.403211390062633512e+00
4.181592586833184910e+00
1.258228502415146721e+00
3.591422597043163023e+00
3.030353548675238429e+00
4.657687788672047802e+00
1.254920221487054732e-01
-2.353967561098713190e-01
1.682217746873468478e+00
1.381804970162131774e+00
3.852539585199085792e+00
4.370481923927467705e+00
4.398177942461440892e-01
4.708726664599838685e+00
1.977075174161695870e+00
2.017409543757620938e+00
7.212031049821350237e-01
4.984304839186455283e-01
2.225628742205466359e+00
4.118775810808587678e+00
3.945441665282062971e+00
4.163033153652794027e+00
4.544138604977440821e+00
1.242082670318450432e+00
5.331748386056441191e+00
2.658379357087438777e+00
4.247575657682503447e+00
1.238745480473521177e+00
8.048923109065828640e-01
4.014389867882458773e+00
3.344231825964874005e+00
4.187686423767130961e+00
1.829398162198073052e+00
1.153154045619397827e+00
2.303125500702846828e+00
3.943803231289289002e+00
4.525481765115683785e+00
2.826281497459409486e+00
1.233105909793454025e+00
2.667970917718115231e+00
3.912240440420578835e+00
4.402950540500260246e+00
5.205060844781733920e+00
5.529033304902878143e+00
2.548410007298733682e+00
2.046679149365139061e+00
2.025951075212682362e+00
2.585534355184584854e+00
3.711734714374969712e+00
2.850846076256780215e+00
5.346576621236689419e+00
4.811450084097613100e+00
3.935112977046482996e+00
3.896919397683159758e+00
2.445215507705147395e+00
2.989382033583264153e+00
3.224581471624787810e-01
1.724287738420894556e+00
3.907095187238786238e+00
-2.303707807731605328e-01
1.009431319400608373e+00
3.875935923013871687e+00
1.660075335760495818e+00
4.502977533926149079e+00
6.667820118352540959e-02
3.163689461099105316e+00
4.246853201127986921e+00
2.719107098808933642e+00
3.283153455977071644e+00
2.499260057396340606e+00
4.959991174662919278e+00
4.661561626670817304e+00
1.207511478055161902e+00
7.224076686698275296e-01
1.073467980366308083e+00
-1.825512382746818929e-02
4.663937064017991574e+00
3.928239374350278368e+00
3.699046701438655660e+00
4.585347659879898785e+00
1.796329479357201109e+00
4.255359595599237821e+00
1.447326170004276769e+00
3.316496681013820336e+00
3.697485161059343994e+00
2.058490541990929401e+00
1.648517942019168459e+00
5.591419287290761986e-01
3.128002293581269910e+00
1.838250019498579135e+00
3.658174724777168763e+00
4.014117558768859340e+00
3.673110981983525036e-01
3.523796109278377386e+00
-1.895086395208895880e-01
7.995512226773637821e-02
1.287142568213766936e+00
2.811490296268618572e+00
4.771232353616449373e+00
1.110624127645879256e+00
2.998303789413055753e+00
4.045293318621961731e+00
8.533142414901293549e-01
3.028205209152696753e+00
8.471671789437573707e-01
3.625709213164608258e+00
-3.679359882430137674e-01
3.439324434471105363e+00
2.729029222594573589e+00
3.426601561585570721e+00
1.377478264098059846e+00
4.617433638796137885e+00
5.025144932192882052e-01
5.400826977722264388e+00
9.746197863740171385e-01
1.339583671887282890e+00
1.569205849957028498e+00
4.687549848733629787e+00
5.221689003768878123e+00
1.872789720408265524e+00
4.240254643607773488e+00
4.548657201568193642e-01
1.150805463541127338e+00
3.414154605399053466e-01
2.424033959873184152e+00
5.224352791187584444e+00
1.163225390838520390e+00
3.806208637887275259e+00
2.414158904021197039e+00
6.434276682960717864e-01
2.782886972004058102e+00
2.733645700259125455e+00
2.538695969733521629e+00
4.404666229571567726e+00
1.376606392798357170e+00
3.532672400296982929e+00
4.338159126482896255e+00
2.451802957371726599e+00
3.159273468244684580e+00
2.953499443058680285e+00
2.987685265690965153e+00
2.770038897920138687e+00
1.027819172843858375e+00
4.264943693263543167e-01
4.017100299217720050e+00
1.251715871502468325e+00
-4.199883445418626238e-01
3.916338403998009809e-01
9.308544724546887750e-01
2.914681976259565488e+00
2.290277905482920318e+00
4.454659654822892279e-01
3.383548283579226990e+00
2.727922513761809498e+00
4.023196210066641854e-01
3.268845953556743567e+00
4.540178527328208702e+00
3.647070277480162659e+00
5.239225365377429000e-01
2.340137194420610633e+00
1.496692777403881180e+00
2.303345397125007743e+00
2.223609742897661334e+00
2.268877760529612431e+00
3.414486836241277246e+00
1.755211064542783639e+00
4.106995652457619883e+00
3.471025728753110329e+00
5.664471193944473626e-01
7.952704712065257198e-01
2.609932621429258859e+00
9.636914266747984570e-01
5.543586716522149516e+00
1.229351975849827916e+00
3.423201719449727065e+00
4.824349128627103411e-01
2.948619092717884804e+00
4.028068675770798635e+00
1.371934899592476498e+00
3.623941444110776899e+00
4.733673791017260157e+00
2.898987917251339752e+00
3.608306830064003989e+00
1.592267669550180287e+00
3.518506797254250529e+00
1.089512201668640934e+00
1.586913479249336234e+00
1.144206180678265738e+00
1.916774601306071801e+00
2.485819122910952750e+00
2.830542715149276134e+00
-3.514281720863108305e-01
-1.731179051027789129e-01
2.517077055520802631e+00
3.419441293358080003e+00
2.655802644740091978e+00
4.036528365567708221e+00
4.803096027508907184e+00
2.692107078238140438e+00
3.542033799198094357e+00
3.600206601286775054e-01
1.875832990753236729e-01
2.508376818553614385e+00
1.416825399436890009e+00
5.018009115877418935e+00
3.830810314847116871e+00
-2.640836112782061207e-01
2.547266489712721516e+00
1.123086172867230559e+00
3.625980094508230778e+00
3.660918392634961549e+00
5.398001774874426673e+00
4.062214156706353663e+00
2.551981860907807764e+00
2.900477155222712433e+00
3.171476907006121948e+00
2.780122630314615151e+00
3.356849434248147190e+00
5.286254440267455834e+00
2.421591678490984556e+00
1.374007640971099953e+00
1.561825867525311828e+00
2.734537653639661947e+00
3.133325417505409050e+00
4.619018415594501548e+00
3.537659218088213819e+00
2.926929308890250603e+00
1.044659716519685588e+00
1.696765104717034234e+00
1.617482838969803716e+00
2.988791763319318839e+00
4.165220567098703697e+00
6.491037113575188755e-01
1.215433075603655766e+00
3.203753821267955715e+00
2.844729426520230753e+00
2.264769513220594277e+00
4.880504681121902166e+00
-4.146711513501228907e-01
3.065473665513225754e+00
2.825347003334340634e+00
4.098171329038679644e+00
5.025384112808900738e+00
4.199457586163369172e+00
9.253763316451486531e-01
4.913320069270186607e+00
3.974895785268298454e+00
1.790785209644567999e+00
2.300984224281226176e+00
2.075223552439891428e+00
3.638332289251746232e+00
3.195912974413777974e+00
5.094607048503355884e+00
2.654684384671338826e+00
-2.861659585331741695e-01
2.343509012412037684e+00
6.038333275021035007e-01
-1.195463545487243096e-01
1.635963696471579354e+00
-1.039832144304320138e-02
4.153086789811558432e+00
2.334451112338957302e+00
4.157297794722863316e+00
1.488505805696884288e+00
1.064285937810146798e+00
1.485636489948794825e+00
2.871217590999315838e+00
2.409725360868673505e+00
2.014215148372215047e+00
1.882193938760749141e+00
3.655326305642949691e+00
1.601675201968211226e-01
3.923643017129249344e+00
4.715339231021513200e+00
2.904618445992148246e+00
2.643869600633635741e+00
1.483905519799320061e-01
2.715558603535973781e+00
2.165133123351750122e+00
1.155801783237348168e+00
1.336610872694681262e+00
2.929906799057597766e-01
1.645281335112785293e+00
-8.211030350136550027e-02
8.567888931848433032e-02
3.461944585488225812e-01
1.420692368456643706e+00
4.348012897521456921e+00
1.289885277642088823e+00
2.060556325613440265e+00
7.980355010741932986e-01
2.957290719380729627e-01
1.085517344870519985e+00
3.094364271051047055e+00
4.193279834200776435e+00
4.090126530206775968e+00
3.200756749455177186e+00
5.109775531543441218e-01
3.703632786890414863e+00
3.112643081854898242e+00
3.697667475069311038e+00
3.077352108372368278e+00
4.921585907005994187e-01
2.257634214490545688e+00
2.091441479227836631e+00
4.283573869293793024e-01
5.501295191220707537e-01
4.024454397674004369e+00
6.468237064077264620e-01
2.010175132321520231e+00
5.162903488828550991e+00
8.766484071386937416e-02
2.454249013817451086e+00
4.076663472969872970e+00
1.964331313735302231e+00
1.453676570603510854e+00
2.658726345404711644e+00
4.886861204368702971e+00
3.642053956101198864e+00
5.426633258902871404e+00
2.496185508338949255e+00
5.135002961990133841e-01
4.801061249305584866e-01
4.163786759953644889e+00
2.836994387598469558e+00
3.360232860452036618e+00
3.333119855984772784e+00
-4.967825270039858410e-01
2.977066432135796248e+00
2.971205600172936556e+00
3.127227621598894558e+00
1.105398488332530071e+00
2.997799133497913715e-01
1.327347343354128739e+00
3.360475824858307092e+00
3.511615947699660012e-01
1.072597923714794454e+00
3.165107787112727777e+00
1.575449964057348495e+00
2.212021443440225887e+00
3.375079705712147771e+00
2.075283776445148831e+00
5.958808735270011425e-01
3.157172611014376074e+00
4.969945030748581516e+00
3.165324775845657967e+00
-1.545758468208813241e-02
2.172906936744704254e+00
8.071757415474030140e-01
1.529091633020104091e+00
2.060195820890647234e+00
3.306479804997813687e+00
4.721297849320050588e+00
5.350776765365392151e+00
4.614526176245892231e-01
3.948689413628745370e+00
3.534249835328557410e+00
4.766453960663204370e+00
3.062367335240349320e+00
1.599969731976896625e+00
1.602859430141192476e-01
3.876663523302683600e+00
4.838787768995908678e+00
3.369388097608309707e+00
2.862081218330259524e+00
4.683347202462549319e+00
5.196527433706279453e+00
4.007660994830832379e+00
2.327232394779199076e+00
3.405548823619957588e+00
1.105410875948131810e+00
3.851171867087987977e-02
