2.711219380826132838e+05
3.163222133314161329e+05
1.901982770606786653e+04
1.414351220649825700e+04
4.336754369296100049e+04
3.833912666692917701e+05
4.147772300956665422e+05
1.380077362903115281e+05
1.391258331895187730e+05
4.925380201380347135e+05
5.197016745344264200e+04
1.462736653638541611e+04
2.980051614168755259e+04
1.670062760578981542e+05
7.177303501652738305e+03
1.237041578673390613e+05
1.660725190713069605e+04
4.261921536588716554e+05
8.450813663488546445e+04
8.056708038803117233e+02
1.166415841414110910e+05
3.179714279825228368e+04
9.574533236343688332e+05
1.580071397208262169e+04
1.737936520353543165e+04
3.607769988958843169e+04
1.700599190451552276e+05
1.450187405206438416e+04
1.846433976799389711e+04
1.215758876394764229e+05
2.093623713511833921e+05
1.229717501890260319e+05
2.686556550287354912e+04
1.348262462291356933e+05
1.890136650654418918e+05
2.945420598247093585e+04
2.488003934921678592e+04
9.489700545543137705e+05
4.699831059831251332e+04
9.721220675556545611e+05
3.822329759955732152e+05
1.781169178110699795e+04
8.659979009336426680e+04
9.927535108570733573e+05
1.101222978288818267e+05
1.031341823384261341e+06
3.976562850624692510e+04
4.734220223869309848e+04
2.297910494816511055e+05
6.167077032992303430e+04
1.024039594380058581e+06
7.870843441266972513e+04
1.031592625429023756e+06
9.106538840985751449e+03
7.990244693009253751e+03
3.514996245808227104e+04
1.234968254670920869e+05
9.607569755512406118e+05
2.324218165223888354e+04
7.368636114719681245e+03
1.084063425648851080e+04
1.998429245367561816e+04
5.569025159688624990e+04
2.637160625178216142e+05
5.855123138865197689e+04
1.434298991065575101e+05
9.211519806259903999e+04
1.794564810667906613e+03
8.882057531986403046e+04
3.283831278692993801e+05
6.031826012167145382e+04
8.136571583227408701e+04
4.162003305045986781e+04
1.233257288695779243e+04
9.300619162573269932e+03
1.855729838777855184e+04
1.026803428814042709e+06
7.100473279436559096e+03
8.660226467430756020e+04
9.381546871700671909e+04
4.480808803289962088e+04
9.797288717851977563e+05
1.386995319802907179e+05
2.126716193601117993e+05
9.247202599252056098e+04
5.156357526655868278e+05
9.131940892822266323e+04
1.433172865046600054e+05
8.815349728091688303e+04
9.104225538078547106e+04
5.731020654348772223e+04
1.032391572370143607e+06
6.077798694793137838e+04
1.887328773443771206e+04
1.035048346870834706e+06
4.170525031777687400e+04
6.786438200420360954e+04
2.579504887664106354e+04
1.403874448433415673e+05
1.311732348570087925e+05
