2.711219380826132838e+05
3.163222133314161329e+05
1.901982770606786653e+04
1.414351220649825700e+04
4.336754369296100049e+04
4.099836152776635136e+05
3.351824868311711180e+04
1.393809435390892031e+04
2.043525439616275253e+05
2.403866969451926416e+05
5.877842302668366756e+03
1.852791233948119043e+04
1.014142642876457976e+05
7.659678047247139330e+04
1.294920932563132374e+05
2.461282147872662172e+05
3.470281982571274057e+03
9.195746673552960856e+05
7.794147898402961800e+03
1.215603311601532732e+04
1.266918329271871189e+05
5.569795757560170023e+04
5.521585843914943689e+04
4.501300423804193269e+04
7.338953993089975484e+03
7.161746586852062319e+04
2.964701027918721593e+04
5.152795466668600420e+04
2.863455981549971693e+04
1.549278796374470403e+05
1.402751295882760678e+04
3.698162330454599578e+04
8.464696876433001307e+04
8.278096353884513519e+03
8.805656661004641501e+04
1.266365927280331525e+05
5.501396247022569150e+04
5.907105095537694433e+04
1.728325591388633984e+04
3.734728918538635480e+05
1.685192237125354950e+04
6.378782742308214438e+03
9.976639571039931616e+05
1.057170178177462512e+05
8.045284626795214717e+04
2.414107303692508867e+04
1.833366257134116677e+04
6.576598865091500920e+04
4.416513645448609896e+04
6.823956680629717084e+03
3.217223878485360910e+04
1.086399442680072680e+05
8.991932653289569134e+04
5.752482608735173017e+03
1.924272361127538534e+04
9.433463768534176052e+04
4.369236094548930851e+04
1.545221380310890891e+04
1.075579293197911466e+04
1.574789074443764366e+04
1.407925353874486464e+05
1.988554958693589724e+05
2.795894202262659383e+04
1.087785841459058574e+05
2.099699522041861201e+03
9.423214798245313432e+03
2.448730690136697667e+05
2.756403985763674427e+04
2.700339239374607132e+04
3.280009874483275053e+04
7.178197073692877893e+04
3.427312277024419018e+04
4.816988824054523138e+04
2.768424680676747448e+04
6.254865887725508219e+04
4.594989018901227610e+03
1.272160837845183414e+05
4.667947528533324657e+04
6.242085070987405197e+04
2.558420532556050603e+04
1.187528736976975415e+04
6.499485131860603724e+04
2.221363286441328819e+04
3.471998445125920261e+04
1.034984837828464806e+06
3.624492682453112502e+04
7.482491333420506271e+04
9.150626998418479343e+04
4.769878793905207567e+04
1.365208517158023897e+05
9.712390859973304032e+04
6.269921215929538448e+03
4.572686111175228143e+04
1.661596385031553800e+05
1.016449950638685841e+05
7.990738209425914101e+04
2.856512938253221000e+04
7.320251412635047745e+04
1.795953895412777201e+05
2.373741137154124590e+04
