8.270000000000000000e+02
2.758000000000000000e+03
1.975000000000000000e+03
2.046000000000000000e+03
1.568000000000000000e+03
1.603000000000000000e+03
1.981000000000000000e+03
1.058000000000000000e+03
3.119000000000000000e+03
3.360000000000000000e+03
3.320000000000000000e+03
3.274000000000000000e+03
3.326000000000000000e+03
3.288000000000000000e+03
3.323000000000000000e+03
3.317000000000000000e+03
3.303000000000000000e+03
3.277000000000000000e+03
3.356000000000000000e+03
3.240000000000000000e+03
3.237000000000000000e+03
3.274000000000000000e+03
3.353000000000000000e+03
3.325000000000000000e+03
3.394000000000000000e+03
3.411000000000000000e+03
3.343000000000000000e+03
3.268000000000000000e+03
3.364000000000000000e+03
3.340000000000000000e+03
3.379000000000000000e+03
3.249000000000000000e+03
3.259000000000000000e+03
3.257000000000000000e+03
3.326000000000000000e+03
3.246000000000000000e+03
3.362000000000000000e+03
3.392000000000000000e+03
3.321000000000000000e+03
3.257000000000000000e+03
3.276000000000000000e+03
3.203000000000000000e+03
3.328000000000000000e+03
3.374000000000000000e+03
3.291000000000000000e+03
3.435000000000000000e+03
3.335000000000000000e+03
3.381000000000000000e+03
3.423000000000000000e+03
3.295000000000000000e+03
3.276000000000000000e+03
3.309000000000000000e+03
3.387000000000000000e+03
3.286000000000000000e+03
3.416000000000000000e+03
3.411000000000000000e+03
3.350000000000000000e+03
3.318000000000000000e+03
3.184000000000000000e+03
3.368000000000000000e+03
3.299000000000000000e+03
3.292000000000000000e+03
3.262000000000000000e+03
3.287000000000000000e+03
3.376000000000000000e+03
3.432000000000000000e+03
3.387000000000000000e+03
3.307000000000000000e+03
3.251000000000000000e+03
3.311000000000000000e+03
3.293000000000000000e+03
3.381000000000000000e+03
3.308000000000000000e+03
3.285000000000000000e+03
3.247000000000000000e+03
3.300000000000000000e+03
3.246000000000000000e+03
3.338000000000000000e+03
3.314000000000000000e+03
3.354000000000000000e+03
3.328000000000000000e+03
3.346000000000000000e+03
3.276000000000000000e+03
3.376000000000000000e+03
3.219000000000000000e+03
3.347000000000000000e+03
3.352000000000000000e+03
3.334000000000000000e+03
3.371000000000000000e+03
3.400000000000000000e+03
3.358000000000000000e+03
3.259000000000000000e+03
3.377000000000000000e+03
3.312000000000000000e+03
3.342000000000000000e+03
3.287000000000000000e+03
3.304000000000000000e+03
3.300000000000000000e+03
3.419000000000000000e+03
3.342000000000000000e+03
