8.171652935515979266e+00
-2.914779055265448449e+00
-1.973723440374192251e+01
9.018828234800203347e+00
-2.618398782932221280e+00
-1.239197680838032767e+01
-4.669682821245725535e+00
-5.385289645015298277e+00
-8.366544597265448857e+00
-1.058982997552024585e+01
-1.571161174070897104e+01
-3.257346230519186037e+00
-1.688374657464431294e+01
9.115394656600280143e+00
5.027842957797204804e+00
-1.368895618168103567e+00
4.233608887903351103e+00
-1.537618879764899305e-01
-1.074522709837972201e+01
-4.646959934702586281e+00
-2.371310397183491503e+01
-9.872338416628778646e-01
-3.764540236307659882e+00
9.658326845889419587e+00
8.690852640348808222e+00
-1.032338775941686748e+01
3.897670904531409519e+00
3.021079221862784436e+00
1.053226955913551421e+00
9.674821610884592360e+00
-2.107503737454808856e+01
-3.895252773593416151e+00
-1.939253057130763125e-01
3.532875766737255674e+00
-1.457877884575047567e+01
4.130581580008296783e-01
1.094159148390077974e+01
1.292248283525877639e+01
5.855784043503618364e+00
2.382114511236745358e+01
-1.378373722521804012e+01
-2.983193892185408203e+00
5.933678936764295031e+00
3.016295843233272933e+00
-1.144920609972730929e+01
5.972650153688697117e+00
4.936094632237789881e+00
-1.636674402314557852e+00
-1.005171283268341753e+01
-1.179479904756112774e+01
-2.354356272438849373e+00
-1.807961852910252532e+01
-1.107122692913159057e+01
-1.744943999204902596e+01
-2.135270944061420906e+01
-2.422368570543408950e+01
2.317346191589066962e+00
1.158186358212645217e+01
-6.292185327750178914e+00
4.775654029036296322e+00
7.225149142219002840e-01
-1.278533513522129539e+01
-5.401927367096966748e+00
-1.619330526368885614e+01
-1.305848013026184873e+01
9.415160880979414060e-01
1.659997147424291342e+01
5.607029716356926485e+00
-1.534173874061810317e+01
-2.981786985596055928e+00
-1.176701713381342529e+01
2.980323406553623045e+00
-1.025210117986059188e+01
1.984688601084796744e+01
-2.383593360527511607e+01
8.790647607739515479e+00
-1.872085262025299102e+01
7.744862294290356886e+00
1.524981087839904603e+01
-1.020666250049931278e+00
-7.471069611691813606e+00
-2.782335908758788889e+00
1.117158246525782772e+01
1.461605389166401636e+01
2.188434624718929911e+00
-1.385745436722819335e+01
8.718694448721187484e+00
7.010488876460286178e+00
2.959729165790548677e+00
-3.113636159065048759e+00
-1.826566676712842963e+01
-1.606361948535624151e+01
-5.407559300565019100e-01
-1.552557259260614764e+01
1.392816377851726628e+00
1.004435911411999882e+01
5.177561958907773487e+00
-4.714198252866204086e+00
-1.206112587682670778e+01
-1.054657711535681486e+01
9.415084188609732507e-01
-1.500395392839249453e+01
-1.073769636862640553e+01
1.493873035085775314e+01
3.929487930933845519e+00
-9.440926382644164505e+00
2.131376377725282367e+01
2.875395030340463620e+00
1.057338731960884104e+01
4.708348756861980178e+00
8.709309062938004331e-01
1.310399924050567932e+01
-1.451184211233440813e+01
-8.421702720597508574e+00
-4.742520910810526402e+00
-3.810506900873384950e+00
-6.626722038163350703e+00
-1.538156728115474259e+01
-7.455694780092407825e-01
-2.219558132713001442e+01
-1.535493572148054753e+01
-1.595337071050912137e+01
2.342344599236589886e+01
1.545061789550956632e-01
-1.495572213478811463e+01
2.637599994943734316e+00
1.232161445233892749e+01
-3.650613360939004792e+00
7.401800138368265891e+00
2.337964807537809264e+01
1.143742018882070965e+01
7.964773171028802778e+00
-2.168529509067843009e+01
5.973559822026260235e+00
-4.083051706795256308e+00
-3.999546453600732576e+00
-1.989805558443676858e+01
4.318196625223080787e+00
-1.540805077340418627e+01
4.667764753622748231e+00
-1.719419017200886657e+01
-4.104308742972275326e+00
1.898344378574444846e+01
1.309582658937627997e+01
1.420750305930402391e+01
7.997940446911506740e-01
-3.149049727163799162e+00
2.005472609659705086e+00
7.754791579893392850e+00
-5.443215192063327379e+00
-1.161460197346873713e+01
-1.065876074404206619e+01
1.654937303030497020e+01
-7.262094311487611975e+00
6.732325504530237481e+00
2.672153565170894751e+00
-2.067684542252166580e+01
-4.087653483542297295e-02
-1.331338021241182901e+01
-8.191295945729745398e+00
1.222219942055080111e+00
-1.558975455038481783e+00
-4.266360193261945710e+00
-2.795563192045445788e+00
1.385193697835727278e+01
-5.766100973225736226e+00
1.921254570411345952e+00
1.075938945576135097e+01
1.330871761637845196e+01
6.561568874890340908e+00
7.827859117660040056e+00
2.264162877974982280e+00
1.917801329896960283e+00
-1.659240337059772230e+01
1.335255637009015572e+01
2.065548579753938441e+01
-2.065614578635756260e+01
1.078436744386236512e+01
-1.654012558009799250e+01
-9.446148819208033842e+00
2.156576561567531769e+01
2.387105556726638156e+00
-1.680764467023804087e+01
9.615564083980885357e+00
2.204728794664347902e+01
6.705319486820179975e+00
-1.202736161059605280e+01
-4.900116799410561441e+00
1.244619086208238912e+01
9.919962755725165948e+00
1.126391501336296130e+01
2.394041096433942784e+01
-1.291684319867325215e+01
-1.221135564791602590e+01
-4.872664652010957553e+00
8.908489673976369261e+00
1.246448775891764171e-01
-1.230720365169937836e+01
7.450083087761640854e-01
-8.986782685137239213e+00
-5.210261609585732145e+00
6.892284935459827011e+00
-1.392604628842612158e+00
1.320312620550662785e+01
-1.252139632301859606e+01
-7.048597839514471275e+00
-1.893215378585116682e+01
5.597317735211689183e+00
-3.541339689515645262e+00
-2.062594365915309425e+01
-1.535942041945592607e+01
-1.595212430564617101e+01
1.564590898449857548e+01
8.697519434731844967e+00
-3.154342193362186464e+00
1.047621871790445880e+01
1.021543360563277503e+01
5.162043009804335725e+00
2.044422851692707610e+01
-1.597008332177352941e+00
2.469704437417583165e+00
1.290547300730032276e+01
-1.340731558494410436e+01
-1.182600083380450684e+01
-1.165202593460087854e+01
-3.480264266119696970e+00
1.562658560343979985e+00
-6.175339194988609393e+00
4.789683080154176764e-01
4.073443329410260105e+00
5.047593131027774405e-01
-6.207354013498964207e+00
-5.586619722196921600e+00
-5.514066803053161436e-01
7.870561278700627383e+00
-1.113166464515877152e+01
1.277617496589705581e+01
-1.448983678290284871e+01
-5.883031661103373722e+00
4.693345070660242868e+00
-1.562940553206123262e+01
-8.316891703707263162e+00
8.502227161133312450e+00
-3.517721318372206696e+00
1.356533797536250319e+01
-3.364788914233265871e+00
8.046409118303017749e+00
5.714640535347591310e+00
1.554329911067060976e+00
1.139986640451284217e+01
5.611453451034769557e+00
-5.058624108094047500e+00
9.496751185881919355e+00
1.873925529832675352e+00
-5.559351511434041271e+00
4.573582708249197992e+00
7.870037595013705811e+00
3.300124422940712066e+00
3.948084739348693972e-01
-9.529191491440027306e+00
-1.455917269819521920e+01
-1.937157415399700255e+01
3.325935804629601478e+00
1.325835087017863856e+01
1.165930856702829033e+00
-1.131510203629585121e+01
-1.507433804752062123e+01
-7.188857729763647342e+00
7.785234333834978315e-01
4.193358842464974146e+00
-1.720433409620579823e+01
2.303517776596871869e+01
-1.632814745776780896e+01
1.583948858277278049e+01
5.198890217864715169e+00
-7.544157589098034578e+00
-9.107688004823401684e+00
-1.137276566104726783e+01
-1.532445378951715043e+01
-3.608947044494502876e+00
9.707748466150640354e+00
1.071206390301122013e+01
1.060952233943881140e+01
5.585369955142944320e+00
2.900562941931816852e+00
1.070615802958336360e+00
1.552738990085595105e+01
6.835032738319540613e+00
5.500158060380428537e+00
-5.610565645600203766e+00
1.358855088661907473e+01
-6.231072728623150425e+00
-7.657150017163690592e+00
-5.483265190349243312e+00
-2.414484731127165773e+01
1.148701097571799323e+01
-2.149090112465644609e+01
-1.185006057888772446e+01
1.236543962766120330e+00
9.401034622104234018e+00
1.409344854557001980e+00
-7.835486749537281526e-01
-1.433148439963276566e+01
-5.182925402016756777e+00
9.247582188045143425e+00
-1.566831167933051105e+01
5.735510370624410825e+00
-2.807388305350187352e+00
-1.185567722902103327e+00
1.913055195730503044e+01
-7.851414572002504144e-01
-4.604685041949750257e+00
7.160733870222713904e+00
4.841535180622919654e+00
6.233055424792851795e+00
1.039999769165522991e+01
-2.986218981318437216e+00
-6.685698128866064849e+00
-2.177194084840122912e+01
1.485590238901381355e+01
-1.098562950455942655e+00
-2.432614637666969060e+01
7.416524612500971614e+00
-1.535327669475821288e+01
-8.760383268744860175e-01
-4.058778774199296890e+00
-6.815534165924113097e-01
-2.413166355493242321e+00
-1.800119972187729900e+00
8.473778885562950336e+00
9.659583296856744994e+00
-4.796375361338860444e+00
1.921213212583037233e+01
8.872307184155879156e+00
7.767999111346739483e+00
6.356345341969159790e+00
-2.071245005406897377e+00
1.728307689731545338e+01
-1.154270975793725285e+01
-1.153421546264527819e+01
-1.650424820455619113e+01
-3.858924885110532443e+00
2.232379703492568979e+00
9.213365345898765213e+00
3.251314147975200797e+00
5.341079524160107894e+00
-8.698877025242524041e+00
1.246888912966826268e+01
-7.795938272665949853e-01
-4.742196470148638099e+00
-3.297205219977399793e+00
9.794671916303734349e+00
-4.915314219605580348e+00
4.589944980331353008e+00
9.125145151463172510e+00
3.361385326195573953e+00
-3.326992132057451812e+00
-1.669069533562486640e+01
-2.351964907279546324e+01
-1.826532416560232974e+01
1.310234639720088268e+01
1.848273369555252543e+01
-3.659783000577505163e+00
1.006081839406340350e+01
-1.321791954251828471e+01
-5.071433971773831928e+00
5.920878905662789293e+00
-1.091143406846497754e+01
1.050544556168010502e+01
-1.688148161498636313e+01
1.127693592610665263e+01
-1.488516491986059975e+01
-2.662456489683453498e+00
1.688174054178144701e+01
-5.469550795347206673e+00
-3.699209954759179908e+00
6.800749838605248954e+00
1.608809295234993897e+01
2.833710324112928447e+00
1.587719309207562901e+01
-2.711028032657768705e+00
3.242539679613585690e+00
-1.011485885304256271e+01
9.589985362279030312e+00
1.134612245355272364e+01
1.180978931645552166e+01
2.291619710964497614e+01
-1.478973705552774476e+01
-1.637458592163735460e+01
1.714278497901900522e+01
1.175119425410723295e+01
6.820750795111273135e+00
-5.600414758884586064e+00
2.211618565205316855e+01
-5.365276076515190340e+00
2.857627634558305374e+00
-1.567966408238607912e+01
-1.437863969536847186e+01
-6.776126158937213262e+00
5.810075906773910503e+00
8.825449393717740065e+00
1.562625638135256168e+01
7.651553420335268640e+00
-1.173403565570293594e+01
2.326195981547852654e+01
3.553021122278153143e+00
1.645932268173503132e+00
-1.213173767562093275e+00
2.406034854723654348e+01
-3.174463643750947028e+00
-5.250685431924011937e+00
-4.040446252881796596e+00
-1.793985947820299742e+01
9.384491640795708634e+00
1.213775844123672698e+01
-1.427914525034935167e+01
-1.402029034720630563e+01
1.715485988230633296e+01
-6.797568420086548713e+00
7.398504576771280483e+00
1.008506250946907556e+01
4.076595809382652646e+00
1.865054873596200480e+00
-1.431880760098250960e+01
-1.992405451837562680e+01
4.889991952512822593e+00
-6.246434217724708304e+00
-7.457836753464981427e-01
-1.917902846887475121e+01
1.646305841548710447e+01
8.177400390609079750e-01
1.503656163496132336e+01
-7.247947573571515534e+00
-1.108593347798592532e+01
9.211164825646392273e+00
-9.738231309108073219e+00
-1.128392030209910502e+01
-1.577900501635762609e+01
-1.152084193125363143e+01
1.777235376515419318e+01
-1.204699837719804023e+01
-1.811962935993278734e+01
-1.778434570382648161e+01
-9.172277492046390535e+00
-5.997839726814511607e+00
-4.058426547811830432e+00
1.487019968768909450e+01
-2.331019570566219556e+00
-9.770897233130131809e+00
1.441925867501710457e+01
6.229449360690232140e+00
-1.555282342077722824e+01
2.660183136653607505e+00
-4.932015045825266952e+00
1.176009333811119717e+01
7.438008759916229451e+00
7.635709302381002317e+00
2.734293528855715749e+00
-3.253152410720193899e+00
2.278882313641308599e+01
-1.217471903120602761e+01
-5.912972982011368117e+00
1.004762001757613632e+01
-1.402523958413230432e+01
-3.570820373835942974e+00
1.151421095111542314e+01
-2.266954389140078874e+01
-1.125266308403378090e+01
-4.240238068063476362e+00
4.517369699512215675e+00
8.434807080658998757e+00
-5.530272795700390986e+00
-1.328923166380162968e+01
-9.878500256421851589e-01
8.127042723402375657e+00
-1.865452029011121127e+01
4.194983440516907081e+00
3.897769258209628163e+00
-6.451829185206154449e+00
2.051734121441798919e+01
-5.881470510439623212e+00
1.992643977701884239e+01
-1.575578058517428204e+01
1.381223397004323061e+01
2.029926718386752071e+01
1.841257880247805900e+00
1.456207606344739958e+01
-8.523113775077927556e+00
-2.260216239884078249e+01
5.471777778590443120e+00
-1.976844157094618026e+00
-9.459073316414762900e+00
4.324260067159627852e+00
1.979993533631503766e+01
2.743242546174286645e+00
1.303935061824986974e+01
-6.731872526235616050e+00
-7.218718667038857006e-01
-2.451418668160452796e+01
-1.945485079342478940e+00
9.166069197852223738e+00
1.067857239847737105e+01
6.663880668840178600e+00
-6.745051622198040775e+00
2.520336822553188227e+01
-3.719233942723874975e+00
-3.827858678994800812e+00
-2.795786594475828224e+00
6.710081362852605480e+00
2.087587655811676512e+01
-7.087211859759882771e+00
1.996860240125050723e+01
-5.755611950082556660e+00
