3.031016027875908492e+01
-8.559594732693938113e-01
4.673897464416889136e+00
1.195813194473824126e+01
8.513930752948546399e+00
-6.048297345908341782e+00
-1.184751740423862287e+01
-1.422066492706784580e+01
1.387912683430398886e+01
2.216482188334304482e+01
-3.574878457668699383e+00
-1.124907892844868940e+01
7.874132626661889844e+00
-1.540442443760773905e+01
3.059492994374423347e+00
-5.276808047779173449e+00
-1.301846576040624370e+01
5.481842442426312800e+00
5.032353873341463668e+00
-1.144986875218805267e-01
4.066459823450152555e+00
1.430135941539009536e+01
-1.329281361438560438e+01
1.691316290814865653e+01
-1.207156835806727457e+01
-9.303528116405225035e+00
-1.511083707195741965e+01
-1.167558559425682319e+00
2.060624990390604694e+01
2.080839799360695963e+00
5.992314873319060098e+00
4.503580206467880487e+00
5.699889661734864887e+00
-9.006039519498536094e+00
-1.286261468017303500e+01
-8.179460419371970659e+00
1.747436889862967035e+01
-1.304165296022459231e+01
-1.440524101809372937e+01
2.221366288138398204e+00
-1.382886661438798725e+01
2.212925172551087627e+01
1.043832787527674810e+01
1.229746928914611459e+01
1.277079368769819467e+01
-6.204196648820111903e+00
2.043992945203395806e+01
-3.202145705259919595e+00
1.751698037547193110e+00
9.922719674161299963e-01
2.349205490639114657e+00
8.117166266344497672e+00
2.398848187453323533e+01
1.564395067952361273e+01
-2.023898972612510505e+00
-2.549003038106363306e-01
5.860356012717083729e+00
-1.409703853295474651e+01
-1.448635624280062117e+01
2.249325521738413158e+00
-5.542811119840035161e+00
7.375776471690485891e+00
7.896812343060020112e+00
-2.353862726079860579e-01
1.762234523537360076e+01
-7.946219632376113395e+00
-1.648854465183543283e+00
7.830311110780378669e+00
2.135821955847390541e+00
1.836005973682926395e+00
1.794828279554949546e+01
4.880708246507630577e+00
3.829299632518434748e-01
4.766242008810209541e+00
1.040237397390926333e+01
8.006554591250264252e+00
9.582199632481199103e+00
-2.773441725594395280e+00
5.384838687240076638e-01
2.308202067723971140e+01
4.267196728233706438e+00
-3.572341627974264355e+00
2.537593912895303561e+00
-4.359748876403514828e+00
8.831999572351207917e-01
-1.666879657190539632e+01
1.272758071996572937e+01
-2.485306309166137595e+00
-1.384083406465736488e+01
1.240132332616185806e+01
-9.499212506664175493e+00
1.081895310170201441e+01
-7.667870312318839865e+00
4.816254203972583525e+00
-9.350746939748002973e+00
1.246167063326281266e+01
9.042072395787677408e+00
7.824725041409024584e+00
-2.973043868421296310e+00
1.192934063881217099e+01
-1.555793177336241584e+01
7.304072959524326336e+00
-1.942271470156978097e+01
-7.163704442158547181e-02
-1.133455286019525943e+00
1.270686973136314890e+01
-1.409735094668360667e+01
5.827343525677100899e+00
-1.391801618853974176e+01
-1.896188767067310366e+01
2.096668611152362161e+01
1.580193108089701326e+01
3.128801474773524660e+00
2.370629225376994498e+00
-6.495752716446169472e+00
-9.124371422512751906e+00
-1.839264206285736947e+00
-6.475837239972968007e-01
-7.621171140287330559e-02
1.542512631399258538e+01
-5.250067450189838780e+00
1.417067548380013875e+01
-4.591465837286740737e+00
-5.597412223894732364e+00
-6.986915693637101299e-01
6.355919803189820527e+00
9.294696956499315377e-01
-1.515670589210413510e+01
-3.788725094069047117e+00
-1.412779396480028105e+01
-9.392377648708148286e+00
-1.689334722854312076e+00
1.680164826489526320e+01
8.914821260753036825e+00
-1.496635988405025053e+01
2.244782911984290052e+01
1.681875778915589592e+00
7.250487549704125456e+00
-6.572991889770285923e+00
6.870470928333723748e+00
6.353971205373440512e+00
-3.911689103920320321e+00
4.813743534644608246e+00
-7.322283056605268570e+00
1.127366880072204935e+01
-8.680267105671525485e+00
1.442749046015065062e+01
4.417017322309973792e+00
-3.063808504951484935e+00
2.116353459135909532e+01
-1.641904371912531246e+01
-8.884173480400253453e+00
-1.782921338619953389e+01
-1.069535376022749773e+01
-3.134970880365461454e+00
-3.290020467138830895e+00
1.040609911569896440e+01
1.872063942396312797e+00
4.745285124144373867e+00
1.548844806332839852e+01
-7.820774986766483750e+00
1.592071774825647168e+01
-1.017449822049511710e+01
6.532414850735165146e+00
7.481958411444331603e-01
7.267632334441657349e+00
-1.520306290709554631e+01
1.514125232865582404e+01
-7.721697777220143166e+00
1.820673410413856885e+00
7.531732816799028285e+00
-8.389030513584572191e-01
-6.516857086160385393e+00
-2.791614627048538466e+00
1.320875573964431737e+01
3.342692856754077013e+00
1.415514161253960168e+01
1.146373618559346141e+01
-3.396504906343260188e+00
2.159430867390855724e+01
-8.278601183128028396e+00
-7.338805461525499396e+00
1.147991390280226653e+01
-4.115591562119263358e+00
-6.101469143125335393e+00
1.016859080812270122e+01
3.355446070985976803e+00
-1.634884377845935433e-01
-5.964850743809396505e+00
1.196753375001401309e+01
-3.460514092838891997e+00
-1.489933993941484580e+01
5.822989364383950317e+00
9.342536943452245168e+00
7.212213138091385645e-01
-3.122655854674018627e+00
5.284828366741706418e+00
-9.005573870006521986e+00
4.156847715764286022e+00
1.403570248791719877e+00
-2.291546665306434249e-01
-9.910799365431444130e-01
-1.765872814953514336e+01
6.433761193207963913e+00
1.350455640749395059e+01
-1.819166628559550247e+01
-1.025840638802992544e+01
6.132086311473074147e+00
-4.753946257714169121e+00
8.743211809640669685e+00
7.370848432957835428e+00
5.275638435327259401e+00
-1.851612563261772237e+01
1.281864495462338738e+01
-1.915374220322487275e+00
1.867210223261206892e+00
-6.896012311213468138e+00
-1.805797384526697158e+01
2.157752494552440226e+00
1.190869336349635432e+01
-6.591796704722266753e+00
-1.661910063284375383e+01
4.812098723973349479e+00
2.437963063732397018e+00
-3.052000909877250479e+00
-1.136793590386313824e+01
1.253398339957882257e+01
-3.513005127154759322e+00
6.003175383471322846e+00
-6.230004544396226862e+00
1.862582823839079538e+01
2.180219750629255770e+00
1.702589339235886001e+01
4.725025084207160830e+00
9.765327871714575281e+00
1.239982227097206646e+01
9.598945407129519936e+00
-3.318909437859439038e+00
-1.649846097570997117e+01
-2.365097891054509915e+01
-5.273580160055789889e+00
1.829290646177758362e+01
1.989023622600782915e-02
-1.579872056457831064e+01
1.376403097488061178e+01
-1.285585921953625643e+01
-8.490766293618911220e+00
-1.198024129770429269e+01
1.342007945479402764e+01
-3.235167464947330984e+00
3.342296126107072496e+00
-1.561109613427345799e+01
3.251987453107155090e+00
3.893986049223727264e+00
5.012551479070395999e+00
-2.409927686712677541e+00
1.579086633369931292e+01
-3.544929603102758620e+00
1.841333095603765457e-01
4.425430031816823373e+00
6.213016413584732334e+00
-6.288289847766002083e+00
-1.812073557740092156e+01
-8.512784845591632177e+00
1.024670544633188740e+01
-7.575199462526889249e-01
1.072957844363335056e+01
1.770445956876285010e+01
1.231312348991799155e+01
-4.792365578070622689e+00
1.513221617249119788e+01
1.723411065934801201e+00
1.034337399528133261e+01
-8.790255262112200541e+00
1.532845339593898615e+01
2.453503361512694880e+00
-1.140900649602142281e+01
1.107489488921991949e+01
3.578959505304425193e+00
7.897442398707632094e+00
-6.729898057636766850e+00
-4.015445805896856513e+00
5.065337572949523803e+00
-2.508765489930475212e+00
1.550630784257987216e+01
-1.082724168569740186e+01
-1.204101193202170705e+01
3.887671330550446669e+00
1.262522026766464478e+01
1.192662160973220864e+01
4.432108013794909596e+00
7.054408695661216200e+00
1.473317342740427449e+01
-7.798383778312743431e+00
7.457142845336449000e+00
-2.815890397759666541e+00
3.378171526669177638e+00
9.567830775144734901e+00
2.264774432542651539e+00
-3.517966587618520435e+00
-2.341614615708712321e+01
7.334654288520177090e+00
7.688610089611962906e+00
-1.477058829619128488e+00
-6.381040713470785164e+00
-5.769956551720508031e+00
-9.659938416125466887e+00
-8.054026195792747700e+00
-1.032449266104865870e+00
-3.606584216566066203e+00
-1.290968806785213374e+01
-2.190985919130862669e+01
-1.394175072519845315e+01
6.652088695492096804e+00
4.987966897018274892e+00
8.349616812262482313e+00
1.186903631606206488e+01
-8.776026667488402211e+00
7.011717738250048626e+00
-1.067035552053053848e+01
3.141675510990225462e+00
-6.414794527141630454e+00
5.662567009541987773e-01
1.147396012956489386e+01
-1.543668286755709573e+01
9.661987304533617760e+00
-1.807519452955105876e+01
-2.192483691509983501e+01
6.972802692463538676e+00
-5.541531020929685525e+00
7.736551359938729888e+00
1.950118310934959709e+01
4.832192655809599557e-01
-1.750013055363314152e+01
-8.841163775318058526e+00
1.307513656729745577e+01
1.423264008972877548e+01
-1.487835417131615223e+01
-1.059135226326553436e+01
1.000335080612368444e+01
1.266030874796899042e+01
6.786200005093547816e+00
-1.158748332330754849e+01
-1.623634820160470937e+01
2.728245810702702556e+00
-1.338194421233423981e+01
-4.443228357670193418e+00
-6.371935350001940890e+00
2.148888437206382918e+01
-1.069454955825539955e+01
1.614723967563268303e+00
5.777475924353844050e+00
1.181666056799829789e+01
4.457601774503345382e+00
-1.587488723367762056e+01
-7.283794134691632394e+00
-3.431544640771505783e+00
1.168059185223883389e+01
1.367657694503286336e+00
1.251290974626731867e+01
-7.657823776982713326e+00
-1.501336082641797987e+01
-1.162039275271055061e+01
4.499206823149357604e+00
1.961993766397880279e+01
2.054744393421678694e+00
-1.594968173679190038e+01
1.324869362221733837e+01
-2.120016080981685036e+01
1.525600502356540744e+01
-3.734991728901398744e+00
8.827710187037638434e-01
-1.090006457593946010e+01
-7.662758509173254851e+00
1.552525933909673483e+01
7.205678587864944973e+00
1.036034119769280437e+01
-7.849090689687724165e+00
1.064107900821316832e+01
3.156869614534315360e+00
4.285770960296574117e+00
1.122289421791946040e+01
5.154938029931777521e+00
7.969967606629282386e+00
-5.474943670917696181e+00
1.369858822558690292e+01
-5.650279797773606560e+00
1.223892325302909256e+01
4.626087864320005849e+00
-1.070949209285715042e+01
-7.400372584069252468e-01
-6.490403870007096288e+00
5.935859134000097015e+00
-1.924751044103444997e+00
-6.471150654315508177e+00
1.713147625670914920e+01
6.143565047747685526e-01
3.752725445985795716e+00
-7.530476465760525429e+00
-8.090549343322273046e+00
-3.856257902913231561e+00
5.471759465032583591e+00
1.308884649802692479e+01
3.338248406198893292e+00
5.818873821851326511e+00
-6.911944800152070911e+00
-1.104779629012617193e+01
-7.881623424055632654e-01
-3.026150317881548091e+00
1.867133305449208081e+00
1.466272979211531435e+01
-1.587676145896992708e+01
4.238069067686438984e+00
5.233474266569260180e-02
1.246215783066639204e+01
8.566070094364739873e+00
1.830740747123298462e+01
-7.671788096390358191e+00
7.217888361340804693e+00
1.339580615669997599e+01
9.236540174898685507e+00
1.324970679874937929e+01
-2.279621774600535389e-01
2.194625033095682909e+00
7.069774351372032584e+00
-8.556903962205737457e-01
-6.449643115313818953e-03
9.430714416691337476e+00
-2.101240741119106303e+00
-1.468033403293254935e+00
-1.799199229397956401e-01
-5.813594096395846123e+00
-8.725146883070845405e+00
-3.275460056363190375e+00
-1.536932074719500285e+01
1.346445267992508121e+01
1.777811211490695342e+01
2.512267074212736873e+00
-1.388788293127487350e+01
3.933706191029173738e-01
-1.401805430609279135e+01
-6.059240151050957479e+00
-2.656481167697307910e+00
-1.021877941609836782e+01
1.278556124064726163e+01
-1.617710019439123670e+01
-8.334638114948841547e+00
1.139949881070442217e+01
1.434792749387041511e+01
-1.548154534754596767e+01
-2.490853659421633637e+01
9.524892043784653595e+00
2.082081936210954609e+00
1.563497608640003733e+01
1.835351630288065650e+01
-1.140308711485826620e+01
3.766291213230623214e+00
3.736968846322113791e+00
1.340672413490484161e+01
-1.047139300813707763e+01
7.713664174182675026e-01
-6.960085509803072057e+00
-4.916556229420166346e+00
-1.067267361995540398e+01
-3.603235373871299885e+00
1.890665031547815289e+00
6.417065920467400986e+00
-8.050452497511646044e+00
-1.143330627882050976e-01
-7.646398938824930269e+00
4.530681787209672962e+00
7.535377578876719440e+00
6.811689770802040300e+00
-1.575791732508719178e+00
-1.044568512391834147e+01
-7.373264211056312689e+00
1.375274432639020006e+01
2.266455833277532861e+01
-5.508998317861163230e+00
7.569534792632083509e+00
1.264803839670029362e+01
-8.999677199561961771e+00
3.545478054936303636e+00
1.053586896974292841e+01
6.302178962032911613e-01
7.109599061853991486e+00
-1.219587034195235731e+00
1.108208761643280127e+01
6.910441653573080600e+00
4.935925637298936408e+00
6.596803790047843563e+00
-4.763901351119130823e-01
1.031320707100766754e+01
-8.288281626551945891e+00
6.309178215019159097e+00
-1.966401722614515535e+01
2.874561042877829209e+00
7.546720755852980744e+00
1.101017553904494406e+00
-8.462916067594253633e+00
2.948267068973912330e+00
3.055302295877417862e-01
-1.059811663211702282e+01
-1.745230600395547427e+01
-1.083139720305538134e+01
6.932082181115099218e+00
-9.852214126684192053e+00
-3.551136924127494154e+00
8.548027898106653311e+00
6.941991365773390044e-01
2.638172900792334019e+00
-5.663774698140251473e-01
1.087535007648422436e+01
