-1.869499809861977724e+00
2.264154392190360454e+01
7.145412026229145397e+00
-9.376268411748714726e+00
1.389922012227555825e+01
5.835504161306637627e+00
-1.427506541861733069e+01
-1.669319290725177751e+01
-1.023350650261207662e+01
-6.471983797360646662e+00
4.638183346077951796e+00
1.413435339609555541e+01
-1.555442252926034818e+01
2.030364069673296967e+00
1.957443447598637931e+01
-2.192654795236900966e+01
1.130017749904432378e+01
1.482264189487152350e+01
1.602347829660661915e+01
-3.580954417277709467e+00
-1.064392174206972186e+00
1.111008591510687182e+01
5.093208219323379637e+00
7.030662886021090685e-01
1.192149211104570838e+01
7.491638809255903197e+00
-6.288382216994982343e+00
9.864443055367708268e+00
2.658057549451527279e+00
3.852527096207914781e+00
5.236217815237928619e+00
1.414719717271970012e+01
9.690993364170246593e+00
2.054131214749251910e+01
-2.135426622722182799e+01
2.679438298952739217e+00
1.586472380706894825e+01
9.418775267250396155e+00
-1.176353727119479942e+00
8.084009508042136360e+00
-4.622433943726189653e+00
5.736842228960249201e+00
5.524452244503663678e+00
1.913974640067015542e+01
2.206264110878279894e-01
7.221794543373214026e+00
6.911276198386232750e+00
7.775524375663550813e+00
-5.426365581692721207e+00
-1.346195777252545867e+01
-2.124303281450896819e+01
-1.272830350910541242e+01
-1.777173946039305008e+00
-9.646300856678685420e+00
-1.331479247518306153e+00
-9.787987540617461235e+00
1.246339777229691492e+01
1.567714466078037816e+01
-1.448367508974118678e+01
1.642632653191390091e+01
6.005622202703293055e+00
-1.739039237632547952e+01
1.155649621204198496e+01
-2.287560954569859817e+01
-1.069325333781074150e+01
1.831162718109106180e+01
-1.298190975282107118e+01
1.671753327751739704e+01
-1.721327591990530692e+01
5.285616746693989398e+00
8.141102597215521541e+00
-1.407039815191106946e+01
5.606833281730011720e+00
7.995386258022648462e+00
-9.471570842531562562e+00
-3.289879318418947207e+00
-1.793592208656605891e+01
-3.408744335368169232e+00
1.656172151563400519e+01
1.089128090540634020e+01
1.670257562518852978e+01
1.677806274258267649e+01
2.078611413992522472e+01
2.096848511904099155e+00
2.260863090435522338e+01
-1.728337306821678254e+01
6.841861522195500811e+00
1.115576903266415343e+00
1.253832379637094618e+01
2.079032839778448505e+01
-9.475123927479813801e-01
-1.587027824435755186e+01
1.501993637002260584e+01
7.171034733577236864e+00
-1.349381932277172780e+01
3.857057520319102650e+00
-1.274831032418745735e+01
-1.755949051089687174e+01
1.977603715510060312e+00
-1.896098119264293302e+01
-1.280017372385097829e+01
-8.249667331743129495e+00
-1.612727207305141519e+01
-4.653545284858996212e+00
-1.246453796886693510e+01
-1.753663762522973713e+01
1.556583388278699687e+00
2.284930780990184473e+01
7.463196757927974545e+00
-7.992822542678176490e+00
-8.390868890766469690e-01
1.872452206494948257e+01
-9.011735690692997736e+00
3.930829050361452914e+00
6.926657146725666792e+00
-1.478409761443533199e+01
1.647444088254843564e+01
8.129047034038009656e+00
-3.387916654241845293e+00
4.401489305392630058e+00
-4.942986490800212351e+00
-3.989424388874802219e+00
4.214623964716999183e+00
8.751549090253220697e+00
-1.442449444965113337e+01
-3.009028379080174176e+00
2.193894325200339068e+01
-1.108404028577208322e+01
-3.854965201307024358e+00
9.877962878724240170e-01
-1.107345190882689323e+01
-1.128822254201892861e+00
1.306873100868926940e+00
-7.495667449673312888e+00
-5.583759683432283794e+00
3.226835692238388731e+00
3.447921437338841599e+00
-1.249198016774005993e+00
-1.712585781965913512e+01
2.564677423737478534e+01
1.217540882693075588e+01
-7.553644089010155938e+00
6.499764364810559414e+00
2.093882485711279173e+01
-8.403371663797862823e-01
-1.347512042988711300e+01
-1.325744558591469868e+01
-1.425414400984799812e+01
-1.741213687740429350e+01
-1.694389229380426798e+00
3.540503238689417742e+00
-1.571140269405900369e+01
-5.096887610728376927e+00
7.043450104585936344e+00
-7.976761742204203642e-01
-1.109912820855880256e+01
-9.682309919952160726e+00
-1.227098630668371726e+01
-1.028556754666923467e+01
8.965655241476895299e+00
-1.642543878751152420e+01
1.019903102242291482e+01
1.216350106319833202e+00
1.717607457556989203e+01
1.022892243479597596e+01
1.106237660472046969e+01
4.145948855064062855e+00
1.928247203635717000e+01
-6.072376871548772925e+00
9.819432096376566221e+00
-1.329258963136676286e+01
-3.930264555941821669e+00
-1.536231421533451069e+01
-1.293849877280993255e+01
1.549606253040500548e+01
1.411049449702470326e+01
-2.231857617280411432e+00
-6.450685531875606671e+00
-7.031276839334655193e+00
1.271201229124314125e+01
-6.462606688554821233e+00
4.763316112426778659e+00
-3.980356473033292986e+00
-8.629681697102540738e+00
4.693372379970341512e+00
-9.096878258167997444e+00
-1.791342213018661766e+01
5.830993960863658288e+00
-1.664119210203470089e+00
1.778358716087306846e+01
-1.179476271384686825e+01
4.266426619709669410e+00
9.814917836670403517e+00
-3.911080100914151814e+00
6.872488715741901899e+00
-8.611940566973228073e+00
1.958234254312189648e+01
1.189919085823061806e+01
-6.804132063419746856e+00
8.184398909854074589e+00
-1.453837139345356633e+00
3.830557017843204903e+00
1.069144587483586406e+01
1.159600655846901418e+01
-1.372529856278931959e+01
-9.983853709593965675e+00
-8.167990881690059268e+00
-1.524069876079576957e+01
-1.324456089211032150e+01
3.588214975364664383e+00
-1.364532113374492184e+01
-1.221847443468647043e+00
5.607857151584056510e+00
2.865978034567959298e+00
1.753957045502895085e+01
2.541276213832950504e+01
-3.711071766053976262e+00
-9.118431580677917481e+00
3.977840179546134891e+00
-1.166799447255009525e+01
-1.058242154293929715e+01
-1.565033911087216012e+00
-1.651887783127117615e+01
1.284938007583591002e+01
-1.470309485302813712e+01
-1.279785673448526495e+01
2.536143352122060435e+00
3.368615222972202616e+00
1.866116954783760207e+01
3.317109184942651723e+00
8.466540940862195441e+00
-6.979038655751526932e+00
-4.005618213350004453e+00
-1.706707011921888650e+01
-1.169870063827426065e+01
-8.696002009692612944e+00
9.617378672061605016e+00
-2.118865332469378870e+01
2.316278210469690180e+00
-2.712461028858996315e+00
5.020031340101979822e+00
6.812273609956982057e+00
1.682028174792377939e+01
-4.404395376622318281e+00
1.600032394471285357e+01
8.439231723152595066e+00
1.337023768846549387e+01
4.925002818580125563e+00
3.996250684649439222e+00
6.537375578692241618e+00
1.784667077250855272e+00
2.189162665088794313e+00
8.234182203508034092e+00
2.491504018739796322e-01
1.194836212375338391e+01
2.019157105998572632e+01
2.234690480058269202e+00
2.404528270495598719e+01
-2.074240299798795917e+01
-8.103694409210906002e+00
-3.362631837535879242e+00
-7.753767695231456258e+00
-1.924470074399491892e+01
8.171794944638406832e+00
-1.248113481289009030e+01
1.306268744393405967e+01
-6.898384804329328546e+00
-3.695862934174940051e+00
1.063251459982120650e+01
2.144142963278952152e+01
-8.596370698836299340e+00
2.919519378072067184e+00
-1.158200709419782015e+01
2.166172234442221622e+00
1.425014248524441030e-01
-1.746650136359630068e+01
-1.442827768770513330e+01
-9.331279445529826688e+00
-1.133419435295507327e+01
-1.573124839265043029e+01
-8.221205249769280243e+00
1.559814283509048494e+00
2.887640037691305395e+00
-3.782189544689153138e+00
2.173736831620659160e+01
-3.872846879070497295e+00
-4.839167551787578958e+00
1.377061409983163998e+01
6.005603646807735174e+00
-8.010677728124061758e+00
-1.171346545793647564e+01
1.154471465728521196e+01
5.629784860755499665e+00
-2.966336935273666597e+00
3.947649414270564705e+00
-1.278163255244284358e+01
-6.282277358560961034e+00
2.103017270261901217e+00
-1.164215862049666228e+01
-1.132673158558531057e+01
-1.381095955694477340e+01
1.978675297682497103e+01
-3.652130816269473002e+00
9.845815625914269731e+00
5.455507308563433355e+00
-1.603985944358597493e+01
1.116759883223834748e+01
-4.552465350864135729e+00
-2.059558342939752151e+01
2.092393012608427227e+01
-4.050457788755199573e+00
-1.158979389234815116e+01
1.141518847432443806e+00
-5.247550782195155250e+00
4.653207394785546569e+00
1.228351639741242707e+01
-5.765009167037128179e+00
-7.869884484543245406e+00
-5.378899383590230343e+00
-5.074036227304958402e+00
-1.388345539607759704e+01
-9.016501638583807932e+00
1.122100617487724605e+01
1.245093711946530846e+01
-1.424205948310357961e+01
8.338253130071784369e-01
3.324952330453321281e+00
-6.746847686552676748e+00
6.094707420792062180e+00
7.539169419180723253e+00
-1.039536918348343875e+01
3.554360773090301961e+00
7.693187909749539699e+00
1.652326640599980578e+00
1.487743489433667321e+01
1.098979681600616942e+01
5.671629626771668597e+00
-2.921661577586156966e+00
7.393787815554063059e+00
9.738029584854722032e+00
7.096294404097392317e+00
-8.435530375002613823e+00
-6.760297657574618313e+00
7.406947109821722108e+00
2.110761908857931957e+01
5.548396067652902275e+00
-1.861510565297386677e+00
-1.046543711136595078e+01
1.547270482868702857e+01
-1.226695815817613067e+01
1.393614482805212162e+01
1.534720074432513570e+00
5.308611827310308229e+00
-9.579728417580991362e+00
-1.064784192996994605e+01
-5.385977265201386643e+00
1.256787580848243380e+01
-1.782551851163812984e+00
-1.367101802913451181e+01
7.599546510071462535e+00
8.489383695149022913e+00
1.453936071296747201e+01
1.843829607459760211e+00
6.911994818333901947e-01
5.163807168021278926e+00
-1.143596661736495435e+01
7.686210091570458758e+00
9.622452085511504549e+00
-9.040896716466750860e+00
-3.208827509447178983e+00
9.500010946221038921e+00
-3.891548997176762725e+00
1.237447936241164825e+01
1.794280284368977618e+01
1.000383696625911512e+01
1.551510376191038176e+01
2.001131728399015941e+01
6.850862953466929639e-03
8.242639534597664408e+00
9.481024659282176970e+00
-1.082756364497947388e+01
-1.150753405977749111e+01
8.229424055215858402e+00
8.352471174755116579e+00
8.451146672025473094e+00
5.888204722069069419e+00
1.425522851733344964e+01
4.495634979178483093e+00
5.191228324193701837e+00
-1.034468860665239376e+01
-2.693873370831234126e+00
-5.818809844834319733e+00
-1.726826782329667509e+01
1.126883049439975082e+01
-1.320432581885104995e+01
-1.471571680788493097e+00
4.321464425174362134e+00
-3.806198713053937865e+00
-1.540313548155051393e+01
8.042629227042176865e+00
1.125063735531455222e+01
6.996674291218354824e+00
1.165238546907760053e+01
-1.225316160150185141e+01
7.723844354751619790e+00
6.152004501862464281e+00
7.222035910945493242e+00
-4.027538764594673637e+00
1.130364251853181656e+01
-6.366039043108564499e-01
-7.750715954741004055e+00
-9.409945224356103921e+00
-1.895957422361006195e+01
-1.508347885253193965e+00
-6.967439162166225941e+00
4.549684675486446395e+00
1.127747756881759500e+01
-2.674260493537197192e+00
-4.029548142276091482e+00
1.860332171865820783e+01
-1.025184407361948757e+01
-8.760119587047132228e+00
1.572225726808940749e+01
-4.752438374431871893e+00
-1.133042669626511056e+01
5.791651774399632302e+00
1.291407296900059976e+01
-5.523621669148486291e+00
-7.366217953066907853e+00
-8.429374509827738393e-01
-1.632502582772934119e+01
-1.292153262705538097e+01
-7.232713169639094275e+00
-3.318077192705349177e+00
-2.649302926051625207e+00
-2.043185352728471571e-01
-2.564920084455806659e+00
1.060570642794896656e+01
7.218035419580779433e-01
4.319232374804940378e+00
-2.577453672839116194e+00
-1.605947139648016275e-01
-1.404309744019212047e+00
7.139084151308971116e+00
-6.100312174843192992e+00
6.315113224534208314e+00
1.405184669041084788e+01
-8.826550022659745309e+00
-4.269509227421902864e+00
8.330831580613526910e-01
-3.687001186054089885e+00
-7.652669553258810708e+00
-8.782274710885886293e+00
-1.003964767589250329e+01
1.585651996568855537e+01
1.031270785799907941e+00
2.096952122725288348e+01
-1.000793669009111042e+01
1.430193584637955695e+01
9.179346825333794868e+00
-1.914875141274463743e+01
5.818585260873675225e+00
-1.192140939514431608e+01
-1.786162959695696628e+01
-1.106424118142214752e+01
9.073897630395876490e+00
2.764863676142191196e+00
-1.906443777681057483e+01
9.323773317880515776e+00
-5.828737896282735420e+00
9.365327101273273058e+00
-5.981996133685644423e+00
-5.235309438220880907e-02
1.632229749600652724e+01
4.552404185965315264e+00
-7.994997308055488361e+00
2.132973601052268009e+01
1.038915389559653590e+01
1.814622618426098910e+01
1.198705273624333500e+01
-9.469212396716731206e+00
2.058646287867475166e+00
6.072859313152008554e+00
1.353375093881761160e+01
1.483249918941698553e+01
-6.137694632268683392e+00
-1.190996390216511713e+00
-6.057992814243423396e+00
-4.021151699605656660e+00
2.599833045933817743e+01
1.865024694942832184e+01
7.986948338885056842e+00
-1.937167438557438004e+00
1.944880923794293892e+01
-1.469305724284889081e+01
-6.290645992334965797e+00
-1.062501694400665642e+01
8.123860915906455205e+00
-1.182119163987500343e+01
-1.497354372234979358e+01
-1.851710575205796516e+00
6.035188768783783075e+00
1.685603512606597576e+00
-8.344904157186107341e+00
1.080534206897517180e+01
-6.539604443836068981e-01
-7.805118274034658299e+00
-1.130761430751670460e+01
1.504533674629213635e+01
2.236659061559949890e+01
1.875209670982417265e+01
-7.676681219933669809e-01
-4.691736504193020352e+00
