2.407966979030578614e+01
1.125591215912457699e+00
1.279421349891627813e+00
4.122155430834091305e-01
1.068785072543600734e+01
3.911267460856102218e+00
-7.711974541809443195e+00
-1.881615369896103829e+01
5.184811241138916671e+00
1.108615016284958443e+01
-3.800804137999875820e+00
-4.517770400350087812e+00
3.913571307085696560e+00
-8.448927887524632752e+00
8.366468709825390704e+00
-8.906715468010975911e+00
-1.728637775431881352e+00
1.136626306618597937e+01
1.268005577398517403e+01
1.629070214555923712e+00
7.057279615637312986e-01
7.570673365111048270e+00
6.227502071626034308e-02
1.026900941909287468e+01
-8.822714511551652095e+00
-7.169733022940434353e+00
-1.632299159084674756e+01
8.555693792051258129e+00
1.098946425504021818e+01
-1.864488400663894652e+00
6.578060944883681316e+00
8.603295883887319917e+00
1.759029975505477239e+00
3.984065007721021345e+00
-1.628340152145256070e+01
-1.082757074107089323e+01
1.438274298886516078e+01
-7.029564647019199697e-01
-1.411927774025350679e+01
5.596509133108007461e+00
-1.023108455737791900e+01
1.391921158605381237e+01
6.614739413281711222e+00
1.283825418373970706e+01
8.138004914493834008e+00
2.196314354684915315e+00
1.902933473550296384e+01
-5.514599464209616997e+00
-1.633140720554287384e+00
-8.457459769552396978e+00
-7.395496614797572477e+00
1.186520350861769657e+00
1.462306861552087867e+01
2.867702277926753140e+00
2.343622189287202673e+00
-5.055111383868045039e+00
5.938662501763772639e+00
-6.001941098620875437e-01
-1.598753059425117939e+01
3.019407050726250930e+00
-5.228675466727523258e+00
-7.740780755138732872e+00
1.294811673620377235e+01
-1.152600614466830464e+01
1.002125220887332091e+01
-2.465808154352234993e+00
-3.376900433938942570e+00
1.711998514321876996e+01
-6.771133999200813491e+00
-5.188349846311453462e+00
1.294414330521760093e+01
6.933902247026608734e-01
6.488951780271548841e+00
3.028920826684036172e+00
1.947241152807755782e+00
7.400571648006888381e+00
2.358790290072718676e+00
3.211960176614724105e+00
1.239769462137682154e+01
1.714825328555005512e+01
7.627697491571296950e+00
3.698755547176787672e+00
7.299595351935771248e+00
-9.445368723892279661e+00
6.056658282981139507e+00
-1.573051457787075336e+01
1.027612698097869526e+01
-3.267130026710805879e+00
-4.835504110703148228e+00
1.463573730364386449e+01
-7.382130495188523156e+00
-3.762369344474585375e+00
8.511338806072004104e-01
3.939124998392109944e+00
-9.624116054117493491e+00
1.245978951329487217e+01
6.333507751681473508e+00
-2.382673377867725151e+00
-5.642713180536766515e+00
-2.890440024857205970e+00
-1.041670859439581420e+01
-5.980609154368028868e+00
-1.869186397581080072e+01
-1.678236107918859688e+00
-3.531301751488687302e+00
3.362125558031699768e+00
-9.503413969819419549e+00
9.589077829915304108e+00
-1.136589908527956183e+01
-1.087657605345367173e+01
1.171937424873342337e+01
1.819495400474892932e+01
3.872416678123279610e+00
1.008763004007225561e+01
-3.797096213714290514e+00
-8.610092894710454914e+00
4.346793519119565019e+00
3.554649664171165568e+00
-7.068984811887244035e+00
1.103933849380830168e+01
-8.066839226584328060e+00
1.151752602103480427e+01
1.876899646883689599e+00
-9.556720484109497704e-01
-8.753848206555101541e+00
-2.951233397313259843e-01
5.058741705766259145e+00
-1.434543250917683110e+01
2.426770223699989515e+00
-7.364201141768560888e+00
-8.090558885870166250e+00
-2.500630751444692379e+00
1.145604446981968749e+01
-3.389909172620260591e+00
-1.256901792729230039e+01
1.713043766420355496e+01
-1.555743249602215883e+00
1.671652948975697939e+00
-9.475219268356362079e+00
1.549791706322738349e+01
6.558030511269045348e+00
-1.294655417718121271e+01
2.032245993892587421e+00
3.543968217396276543e+00
6.496349062354873638e+00
-1.212930920827503201e+01
2.982621017185500989e+00
-4.759626248676227078e+00
-1.073280752628497936e+01
7.767691906644117239e+00
-7.789206716383191065e+00
-1.016806160017362970e+01
-9.249855889354275718e+00
-6.621194768992104684e-01
-9.375331253690639244e+00
-1.403546460163734899e+01
3.507110632185955978e+00
2.022951098294370809e+00
-8.866390660144141123e-01
1.103892295655549560e+01
-1.050082837033989946e+01
1.100080922223057911e+01
-1.102156181395369217e+01
5.959733574098194708e+00
-3.512820907868494658e-01
1.609856287460176816e+01
-9.944187362153854792e+00
1.990844756688441208e+01
-9.818884477502543007e-01
9.510539377612055034e+00
-3.312603769178014801e+00
1.140349867079542889e+00
-1.465158620776811915e+01
-1.194949374884803106e+01
1.199563958454945123e+01
7.742766872190678384e+00
1.064895182331280665e+01
3.934013118191586500e+00
-1.068081785579752108e+01
1.648788958136954363e+01
-4.134737727585527267e+00
2.333913755510373278e+00
-2.567117581790547831e-01
-8.665746949576476510e+00
-1.363030039272562277e+00
9.908660748671138663e-02
-9.052496140142217484e+00
8.993947040436928830e+00
-1.635204031335295127e+00
1.301862222910737898e+01
-1.086159908449533873e+01
-5.668717836170799274e+00
1.028667758757278250e+01
5.713335830983211849e+00
-3.338472643526948502e-01
-6.515687533064763670e+00
4.605324238799951786e+00
-2.864821243323010691e+00
1.474327229302506481e+00
7.674055190474938115e+00
1.676643556761675313e+00
2.681431438350337260e+00
-7.278077775073519717e+00
3.107731699522318536e+00
9.740239577152962624e-01
-1.056854929688665479e+01
-6.386748088794657718e+00
2.625452258628477864e-01
-1.460697264790331573e+01
4.944240399322211488e+00
1.881563807134163824e+00
5.504135986060290975e+00
-8.223141836410128747e+00
1.002532578972000010e+01
4.084136048932492713e+00
7.849385080065985676e+00
-1.000526577049239307e+00
-1.451135061216623079e+01
6.997090767291965108e+00
1.501493544042663331e+00
1.470697771198068438e-01
-6.412748374605421020e+00
9.604693208557719686e-01
1.100581437345659452e+01
-5.476127513397663904e+00
-7.123048083437581113e+00
2.449334791786803578e+00
-2.785627804059878088e+00
1.668183826505941170e+01
-5.803810906488912735e+00
1.650430040333773007e+01
1.748222158665324599e+00
2.872057326082298800e+00
-5.089780744198439066e+00
-4.237936253736016567e-01
-6.733581726098094578e-01
3.878114404792981418e+00
-1.142842342299822533e+01
-1.273625578253075830e+01
-1.355919546465552017e+01
-6.292786607545142630e+00
8.205339144139500718e+00
7.186487600833480371e+00
-9.730758130725355670e+00
1.074081288976633175e+01
-1.068101294714658422e-01
1.543344034861881653e+00
-1.165466582703650644e+01
6.520805110468508303e+00
-9.263595508050777028e-01
4.894188767015990038e-01
-7.742222092993618077e+00
1.252314116443988468e+01
8.904891661093557786e+00
3.512483417776508077e+00
3.927739986335296862e-01
6.608517862372814022e+00
7.061715148270891973e+00
-9.441177837504465487e+00
-5.501432635614833089e+00
5.743560054854413011e+00
-5.765394908034124910e+00
-1.811698516716095853e+01
2.749508755495675416e+00
6.362896807217715889e+00
7.846282195997858366e+00
3.693487547931930237e+00
8.017345137963509671e+00
1.823033200196579884e+01
6.897477799699721857e+00
2.380377971434356255e+00
2.078680410896524222e+00
6.798325437209499000e+00
-6.819238789080287688e+00
3.129971488264295942e+00
-5.268566291309568328e+00
-1.325923993139760171e+01
8.364062195705088243e+00
-1.457030225879808683e+00
2.697281487876800554e+00
-7.723035740440295172e+00
5.892426498345471941e+00
-1.451206093751473247e+00
9.868712468963991569e-01
1.788026140215590942e+01
-2.039653002103239743e+00
-9.283174706646398988e+00
1.702626093414274067e+00
1.092311192124532937e+01
1.831508850851705006e+00
-5.160789539416335003e-01
1.550870563011347514e+00
1.551334689260650634e+01
-5.712646749006253799e+00
5.219404196369829663e+00
-4.626443633034892144e+00
-2.543634474071406970e+00
1.178535801259729965e+01
-9.880491515856711260e+00
-1.237062465437518100e+01
-1.847563304538161333e+01
7.034221081053317448e+00
2.795187128499144080e+00
-4.408807376781876286e+00
1.341238642505409473e+00
-7.424630453268477481e+00
-4.421172694773478185e+00
1.353701125784073866e+00
-1.357106316950814673e+01
7.504072836898302512e+00
-1.134030575428239729e+01
-1.873748073594655850e+01
-2.974088542884434361e+00
8.286253216857517145e+00
1.908806361042181265e+00
7.139123919376672234e+00
-1.126627182668219262e+00
-1.402366645276977764e+01
5.324140374458878000e+00
-8.739996313222530233e+00
-9.280339002784774749e+00
-7.442358696189259604e+00
1.047626026501002627e+01
1.260978302612861768e+01
-1.613065797926260458e+01
-1.580413325927931822e+00
-1.010277334186277542e+01
-1.723117270278964241e+01
9.683093589949564262e+00
2.317124567512138356e+00
4.040404594514583891e-01
9.601343442199137712e+00
6.661684957335239687e+00
-7.370483941741142075e+00
-6.440014137547041884e+00
1.282837317770422203e+01
1.607258179780810536e+01
-6.128961048854041138e+00
-5.723419829900816325e+00
9.976941532868423224e+00
1.409780056738683385e+01
-2.600244121053240320e+00
-1.472201355158388836e+01
-2.766901682728981626e+00
5.670664788934615785e+00
-3.083352692555433094e+00
7.835465510222867636e-01
-7.575456432853446387e+00
2.066855509105602806e+01
-1.827989964034291859e+01
1.870074453853082019e+00
4.652939356815423366e+00
4.828455066858992950e+00
-1.489559079240759587e+00
-1.852971381229450998e+01
-1.056084679847926822e+01
3.211499462062938903e+00
7.058213021991520009e+00
-3.952110627576821855e+00
9.799821147043054737e+00
-2.125050314465326551e+00
-2.040364646787676151e+00
-1.248080454325429045e+01
1.154128546843509184e+00
1.600257612229910364e+01
-8.139340006775405811e+00
-1.260071751463520684e+01
1.487428738251740157e+01
-1.557717401797100543e+01
9.665010151697160268e+00
-2.416044741039009125e+00
3.472102471717988692e+00
-1.938706565070233978e-01
7.310801657238172879e-01
1.684081659116914409e+01
3.909211350495844783e+00
1.135985245803271226e+01
-1.033866220195439922e+01
3.203237123638906780e+00
-1.065591520160030115e+00
4.889464370780949309e+00
-2.690965910784925086e+00
1.078937048219893313e+01
7.825743285751798339e+00
4.908774495597434395e-01
1.488924340555976755e+01
6.079488944092034330e+00
2.481662680147955768e+00
3.854159661953644900e+00
-1.126466594709120272e+01
-2.979809845015903846e+00
-1.121748205051294889e+01
-2.953210767718335461e+00
6.142384576152878140e+00
-7.043918301169853180e+00
1.562852184610824224e+01
-2.389615834667377925e+00
6.060347634666356953e+00
-1.760635985379030899e+01
-7.370646887493354171e+00
3.065986026936499798e+00
1.264751868863113771e+01
1.873745045522806407e+01
-4.894506249748669546e+00
9.558069880547861885e+00
-3.561615819067085909e+00
-9.794744209531458523e-01
-1.485371192585247968e+00
-2.109519591419548590e-01
5.085165026803942112e+00
5.355253308082325248e+00
-1.622820148567131326e+01
-8.730337079864934680e+00
-4.073851941696698731e+00
2.581378855385821680e+00
1.347797954939998277e+01
1.415473520160620780e+01
-8.731695503946603765e-01
7.342926976699096997e+00
1.908887804877469563e+01
1.531096777590352787e+00
1.054599515253644171e+01
1.012081792367393973e+01
-6.650380196737959437e+00
-2.912522912992873358e+00
4.571727656113523608e+00
4.334729398889969332e-01
9.237836262138365839e-01
-8.379734353586346884e+00
-1.581741838858160776e+00
-3.236729605424432776e+00
-1.222890671516212890e+01
-5.579196637459247654e+00
2.080881186247751202e+00
-1.129506199116217147e+01
8.980405140244592133e+00
1.167761150489914002e+01
6.687330892059918597e+00
-7.984866984208210283e+00
8.218087543762081282e+00
-8.293511278033097511e+00
-4.028672351323507428e+00
-4.947259767934021113e+00
-6.768009727814323639e-01
6.842133005565273152e+00
-1.183332207133078740e+01
6.205958961498154736e-01
3.458578453348522430e+00
4.157641109537522084e-01
-4.648497275033925291e+00
-1.594537080236920445e+01
6.318340704871751257e+00
4.159992617104670387e+00
1.110439083537919203e+00
1.902399588144572107e+01
-1.380379966982803808e+01
7.525766271411853836e+00
6.270584830796600784e+00
1.753474019600376721e+01
-5.334661720678454344e+00
-9.886833614674468862e+00
1.357051568425173826e+00
-1.307902044169430056e+01
-1.500048770707579138e+01
-1.152318681497864716e+01
-3.278840348677647398e-02
3.296397045409833026e+00
-9.869498229082196872e+00
1.027589321297823943e+01
-1.410164772626669105e+01
9.695864520451657143e+00
-1.333765738054072614e+00
9.642455807841869841e+00
6.634583833019213728e+00
-6.454111944245990884e+00
-1.063359925871487732e+01
1.416446283105771187e+01
1.834845894350750939e+01
4.038715305629565933e+00
1.011040153739028113e+01
-1.286238873865030996e-01
-3.215549530242103771e+00
1.698582094861844638e+00
6.416247234702368019e+00
6.888071936180580224e+00
1.626185514379411501e+00
-6.847569737803176793e+00
-2.999154752137350499e+00
2.077975556374312305e+00
1.349879062458048651e+01
9.580629721213831829e+00
-4.984558532175505263e+00
1.030752128952808278e+01
4.135641939557018532e+00
-2.520717621808117315e+00
-1.356513202222204484e+01
5.805830710423734331e+00
-4.530072079338900437e-01
-4.638507482290307848e+00
-1.341913250434375016e+01
-2.775570411793356840e+00
4.307952313382372722e-01
-4.810836636852187098e-01
-1.866814431410813313e+01
-1.104260983940783092e+00
1.612958032435418687e+00
-1.186818456933490751e+00
-9.478213237250159295e+00
5.454513855340557882e+00
9.004771854115872998e+00
4.590228456851932037e+00
-9.032641439208681788e-01
1.278588523308675917e+01
