-7.948578543538900476e+00
-7.739634750713349831e+00
1.116330437940622744e+01
1.373441670068847742e+01
-1.213258393111039979e+01
-7.249290824060466321e+00
-1.948433695825637813e+01
1.002666830210998228e+01
1.685407782724215764e+01
1.095619090915153038e+01
1.537682479431676796e+01
-5.269901726001759101e+00
2.342160175961886637e+00
-1.082505634337635669e+01
-1.223847386185401476e+01
3.007923278195178796e+00
-3.137660111720464329e+00
5.760879344363281973e+00
-3.616260384017383700e+00
-1.217325034798410144e+00
1.374738136495338381e+01
2.263951081340759686e+01
-1.577989873582440872e+01
4.056375891539765632e+00
1.011789189669087818e-02
5.666050299788629729e+00
7.675195140981514896e+00
-1.947510534905742219e+00
1.879252078445348673e+01
2.946924548617786854e+00
6.661086139271191087e+00
1.329561686306741564e+01
1.703392806900360767e+00
-9.685355564146419738e+00
1.752988858406251182e+00
1.715544196844066960e+01
2.387348362809319724e+00
-1.182399496633491864e+01
6.257841709803081187e+00
-1.194246434472607632e+01
5.429621529493971366e+00
3.339296320027415277e+00
-4.079845541321418523e-01
-1.373148864672415925e+00
5.814159046800142505e+00
-2.346634613598353170e+01
1.371052812853001512e+00
1.540291266904044676e+01
7.286076494881399412e+00
2.241555772026367777e+01
7.269516994246437491e+00
1.074021368676386601e+01
1.090516165126052783e+01
1.357928115833740179e+01
-3.750289621303682708e+00
2.175249460192432593e+00
-8.268480456711948534e-01
-8.838213034827397507e+00
1.125985980458031577e+01
-4.722532358222885307e+00
-8.569255202702652952e+00
1.673896695651636435e+01
1.498156909303570927e+00
5.889928430390270364e+00
6.536099930126113122e+00
4.324047028126379644e+00
-4.043784637616106181e+00
-7.816544028522876886e+00
-3.924278519746401628e+00
1.275888359680995165e+01
1.088840321596639171e+01
-4.241807938146990864e+00
5.555253895523840413e+00
-5.073505931535315483e+00
5.128909608408768861e+00
3.852971625813026435e+00
5.418686542553388108e-01
-2.398597896633705773e+01
-1.110818378892275504e+01
1.265173629143732370e+01
1.114820425467202369e+01
-1.331452265463453344e+01
3.710129020642767728e+00
7.472316387444017494e+00
-3.809090929320078089e+00
-4.481907153288933188e+00
-9.787277245557525873e+00
2.361488172417480769e-02
-1.496913199520595228e+01
6.497991923582034701e+00
-5.869411819870265390e+00
1.928136598369236765e+01
6.988566847758654887e+00
-5.970408434720951618e+00
4.386425701326253090e+00
-1.122517108433443767e+01
-6.679983463937212207e+00
1.654936350556323532e+01
-2.918599855885837258e+00
1.158891189358610774e+01
-6.282936894949468609e+00
1.899786886991683588e+01
-4.321788087862397987e+00
3.948983246903523536e+00
-1.129902802985698429e+01
1.012854145901373926e+01
1.551346067290072739e+00
6.417304001476324515e+00
1.802013775237650606e+00
-1.326282860548172593e+01
5.672173819753723478e+00
-3.137814272758809864e+00
-7.660725867045719895e+00
-1.569911506669759405e+01
-1.216092261596028123e+01
-1.769801167924616436e+01
-1.413968937873448795e-01
-6.942968112063919506e+00
1.511761993422751971e+01
8.176098398092975117e+00
1.559914497041744852e+01
2.703200179267554404e+00
-1.420835658865636653e+01
4.796169561102963996e+00
1.743771461374160481e+01
-7.561655747623216683e+00
9.527861444404386759e+00
-7.865881644917063653e+00
-2.084228196264124477e+01
-4.902903679532052195e+00
-4.630218573101181789e+00
1.041230550609981975e+01
9.835642589413929215e+00
1.814027601656639632e+01
-1.915413029786279253e-01
8.958496411331225318e+00
4.858632717332852735e+00
1.496452769944851724e+01
-3.505006649261471097e+00
-6.581761221279936791e+00
8.074177287425463589e-01
9.252218839682498697e+00
-3.274754187516428772e+00
-1.400140922070501226e+01
6.376255398893633242e-01
1.238319283495616929e+01
4.538163672028012741e-01
9.051565752841597146e+00
9.756792566271094813e+00
1.546861688103205523e+01
-4.236309343566428964e+00
-1.110802098222602652e+01
-1.811509889744590396e+01
-1.364837025824304106e+00
1.303037463909632265e+00
1.533741349302925983e+01
1.545410578281553882e+01
-9.580555294744730332e+00
1.866129647204863318e+01
1.994848578263535188e+01
1.018478284831203950e+01
1.254417737469978533e+00
1.242374293307232591e+01
1.740163479422926684e+01
6.425038428542542590e+00
-1.023975712917751224e+01
-1.431086237372603520e+01
-1.838658857093474097e+00
-6.261459208409231536e+00
2.043520285256228419e+00
1.083220450903694854e+01
-1.929303469879040733e+01
5.643021430264809624e-01
1.953088987678037824e+01
9.480096099550237909e+00
-8.167343733132337746e+00
-3.666956996833192761e+00
1.043147000090407772e+01
1.238471694564081105e+01
1.242025042604064566e+01
-9.968029972268201533e+00
-2.507933507191363276e+01
1.092199249425215868e+01
-8.043145869752251542e+00
3.584515189254645406e+00
1.555997630025352407e+00
6.791523617877558650e+00
-6.783608778818539520e+00
-1.782541388984910569e+01
-2.246301296799821046e+00
1.224889977321859647e+01
-1.277571380323641037e+01
-7.984718467945633336e+00
4.037427720638412154e+00
1.759901043322830816e+01
1.225741837808705981e+01
1.366016149065796981e+01
-6.820886125818930168e-01
1.247827878125441714e+01
3.851537260420201392e-02
-1.949237559957129662e+01
9.070301973988613042e+00
-1.112246321235265611e+01
1.652259556808271412e+00
1.299258611537056396e+01
-6.659594729409032965e+00
-1.174976281687997925e+01
8.384362317787051211e+00
3.908448198023613429e+00
3.975035736746036719e+00
-4.775295977850070983e+00
9.742739726490057706e+00
-1.335268326631604197e+01
1.202477749560336662e+01
5.370714484055284288e+00
3.749706775913139722e+00
-1.139694684360879506e+00
-1.282560942444825614e+01
-1.661413713369135792e+01
1.429954378057517062e+01
-1.185769497953629781e+01
-9.677202903810584900e+00
-1.906893974148879067e+00
-1.263817094506212868e+01
1.197746028520043637e+01
-1.149515756220124274e+01
2.152264893397129697e+01
8.593233117289621248e+00
-1.271600146038983326e+01
1.735699697987327994e+01
1.171890873912606423e+01
1.185250567650510334e+01
2.172410680129318905e+01
9.445073335961104988e-01
1.861511233418411848e+00
8.234501619804589723e+00
1.386425122862422654e+01
6.114194790008497193e+00
-6.840731166888971870e+00
-1.699180213399495898e+01
2.905676650496168634e+00
1.499708845513719524e+01
8.143188216960147940e+00
4.037612902111561652e+00
3.098151770951602657e+00
-7.460930965179322527e+00
-9.905586013958533442e+00
1.213081440200429739e+00
-2.465734434060575353e+00
-1.610173675307816410e+00
1.843242058157612462e+01
1.294172232698560521e+00
-2.158131023494782141e+01
6.572124923255415752e-01
2.976980325683847184e+00
4.714280983018248605e+00
8.451913160731969299e+00
-1.363437922494007637e+00
1.338669903886222556e+01
2.130986257496511627e+01
1.090210245481461016e+01
4.821382440715638040e+00
-9.259448175803250081e+00
-5.920874108976470040e+00
-1.068161049541285124e+01
4.951973145162966716e-01
2.687398917056952996e+00
6.412197852418373145e-01
-9.659143613634359582e+00
-9.730821699843403394e+00
1.368412003352890594e+01
-2.691017202725326740e+00
5.416368974306173811e+00
-9.022068673944907857e+00
1.380585289209592759e+01
1.115354026473157489e+01
3.366728042404083965e+00
-3.040399542392613341e-01
-6.249071423555147220e+00
-8.325168192167488712e+00
-1.430366325694213891e+01
-1.661104910884098018e+01
7.759583033480375036e+00
7.019581587827261160e+00
1.300838024532669834e+00
-1.250318018309959456e+01
-1.230162701285789240e+01
1.969075271406315153e+01
1.312731645239235689e+01
1.648954919334152436e+01
-6.688602724807381605e+00
1.025298557800727650e+01
-1.104822668408460729e+01
1.196052374871470647e+01
5.917585339765224717e+00
-1.253994451964288714e+00
3.763673012864323653e-01
-1.364448061301748538e+01
1.701543949486473650e+01
1.565512740539332981e+01
-7.929740248069613529e+00
7.563909362180673668e+00
1.777680419221174901e+01
1.595132059824317139e+01
-2.105175992456985057e+01
-1.245456647813343309e+01
1.192774411478159635e+01
-1.829407756672622298e+01
1.048046489276453741e+01
-9.168993960170759294e+00
1.266546671066018348e+01
-8.102686234027913770e-01
-8.838697806495886766e+00
-1.573884592168266039e+00
1.808895627991928734e+01
8.701959735048774291e+00
8.187450369283745033e+00
2.876631990620992951e+00
6.587190160484126977e+00
6.031339851455307155e+00
2.170836284393507754e+01
1.979886648641734581e+00
-9.225434470711356028e+00
3.436666473188289217e+00
-5.716844677732275670e+00
1.350159115076409932e+01
1.834145163482073571e+00
-1.140162768941624094e+01
1.054332568439537710e+01
5.723590058504022693e+00
1.186596475935444062e+01
1.449033070188080785e+01
-1.545504425800397819e+01
-2.286183837725588575e+01
7.300423640773999523e+00
-4.881667457975993329e+00
5.337841909515752548e+00
-7.984902859371963757e+00
1.699368674881576169e+00
-7.358043833599779759e+00
4.054587460356330553e+00
2.309118253829647216e+01
3.345184870100290198e+00
-1.299507705564261428e+01
1.019935095484130017e+01
1.303006246483175090e+00
-3.755276333397468136e+00
-1.280748217756804053e+01
2.431044100423633836e-01
1.068201979879689389e+01
-4.481417590343625079e+00
-6.079514298765204217e+00
-9.627957930494730476e-01
-1.098978289503907391e+01
-2.753747521637055939e+00
1.264629873983690089e+01
8.382714013524335428e+00
1.278046200532169507e+01
2.036537916765091438e+00
1.504560043845890505e+01
-1.846956348733841935e+01
-1.563771572292159284e+01
1.030323549695760477e+01
-3.464388108934070232e+00
-3.049043721426158982e+00
8.985136357587663269e+00
-1.835493571636629184e+00
7.593443459078969227e+00
-1.403407038496716730e+01
-5.122840626459410629e+00
1.625111951294146451e+01
-1.048796802887845558e+01
-1.068322519800583237e+01
-7.003049946295075046e+00
-8.138913495863544512e+00
7.091630590718985161e+00
1.158417587700299833e+01
-2.051920350117878655e+00
1.057017643771784776e+01
1.453702067405379950e+01
1.284531120795083581e+00
1.232114393020204801e+01
2.251115987823105513e+00
-1.374609658006906443e+01
-9.370344879770055257e+00
9.945037468199657837e-02
-1.334622116843796036e+01
1.893555984292355276e+01
6.065573611594047065e+00
-1.063506784589323217e+01
1.605828344550811693e+01
1.577308924334877105e+01
1.754135305802169142e+00
-1.763162967277064297e+01
4.138887722895482568e+00
-2.670277284746696012e-01
3.549264716943227427e+00
-1.021177157153960025e+01
1.101963380104360368e+01
1.673635219305842270e+01
-1.905814291879656608e+01
-1.609161812889803400e+01
-4.000125627890689373e+00
1.571029091434296987e+01
-8.065642478454101649e+00
-1.664524867497801353e+01
-1.829633420567052227e+01
5.475009201361594080e+00
-5.121449848625644563e+00
-2.191347515077866603e+01
1.450333684844780180e+01
-1.010901856615607031e+01
1.472151603445846746e+01
-3.034432393234027359e+00
1.143062778872572949e+01
-1.083189693664158426e+01
6.545945909103465965e+00
-1.614309842808908968e+01
6.987689969889110841e+00
-2.007523201982788663e+00
-4.123637930398839302e+00
-3.475940772443948390e+00
1.828719407405898778e-01
8.945093961400367277e+00
2.034218527195818638e+00
-2.281183314816147956e+01
1.570863814233440081e+01
2.358425578992194005e+01
2.916299509525401845e+00
-8.953968351811262494e+00
-1.552832463129787222e+01
6.164093924756059550e+00
4.078236555332644286e+00
-7.273698364822905660e+00
-6.604257448293850530e+00
1.706981638583657457e+01
-4.113716076983095604e+00
5.682409377001945927e+00
4.926694012991880811e+00
-1.099269148183530120e+01
-1.043591009734366182e+01
-9.742384423303789731e+00
4.019262294587548467e+00
-1.150527341885955579e+01
-8.935207833824062362e+00
-3.600906218011701299e+00
-7.931386761962876619e+00
-7.815549114733368441e+00
1.764952628712082117e+01
-1.918097595671358135e+01
-8.091812811014580831e+00
-4.857479501196213079e+00
-9.866952641086058406e+00
1.500900080349697419e+01
-2.295586850350016306e+00
9.055591656777217224e+00
-6.746224800944542466e+00
-1.298567822671228811e+01
4.522404058579439834e+00
1.581860678778358675e+00
3.738959378605692052e+00
-1.969162427497361278e+01
1.420769491795163475e+01
-1.343912848971566376e+00
2.753039368817731258e-01
1.280788848946911429e+01
8.782952183862988704e-01
5.061175179396791179e+00
-4.633727552434962149e+00
1.541227362903470777e+01
8.110868298092896111e+00
8.828113820140259804e-02
4.258792023744589983e+00
-1.561222127680738936e+01
-1.456300644698012547e+01
-2.797894016444786303e+00
1.297211443835032441e+01
1.022886427748350968e+01
-4.819856707442649935e+00
4.054622150314315832e+00
8.805864003798397732e+00
-2.734208435051431962e+00
2.179785557542444963e+00
3.729919566488177907e+00
-2.489248179174612829e+00
1.624008624527370870e+01
1.505730588069741316e+01
1.492492219691168742e+01
1.601234524451038510e+01
-3.302642824626360607e-01
1.023552011910592086e+01
1.531444035721695940e+01
6.780794750050979758e+00
-9.453705628221719337e+00
1.642395409003324147e+01
-1.741341349050450660e+01
-1.535520234682092067e+01
1.397381924160374211e+01
1.271265467699356577e+01
9.581277172991590874e+00
1.082496785791322935e+01
-3.772853146146072589e+00
-1.925572569646088894e+01
-1.039016072359313370e+00
-1.285135762282894589e+01
2.359065449512532098e+01
-2.142889045713944896e+01
1.517498618802910926e+00
1.956435213029035225e+01
-3.944133504746854868e+00
2.716479957418854951e+00
-8.796770212953354928e+00
-1.218683923780256606e+01
