3.061533991377825714e+01
7.338270104546666062e+00
-7.851123069424865264e+00
1.462871189488720347e+01
5.052072419827716487e+00
-2.099712285841563286e+01
8.784833682265848154e+00
1.890247030357482316e+00
-1.606382367820813784e+00
1.070884729239593014e+01
-2.072436459262201680e+01
-1.015779013285640886e+01
5.177026426132577797e+00
3.330346357889069964e+00
2.949001954582044505e-01
3.563268164179888231e+00
-1.902565621087941850e+01
-2.561395943758966709e+01
-1.997056753004293483e+01
-1.172013957290833730e+01
-1.196384422942972492e+01
-9.088179285017627507e+00
-1.415243317503174048e+01
1.828913963171111590e+01
-4.812005973304046336e+00
-1.811986408644465030e+01
-9.505996838744493971e+00
-2.461784966523672935e+01
4.830801636114692599e+00
1.672470130705967506e+00
-1.666239781066589387e+01
-2.564754962172834496e+01
2.273130519913856062e+00
-1.873512559114108456e+01
5.588992535821247998e+00
-1.001829944369236358e+01
6.080425749790954626e+00
-9.278046345364909797e+00
-1.376654424406421384e+00
1.067432807979946574e+01
-2.033284151802070738e+01
1.431709905088298740e+01
4.163662329657384475e+00
-3.685094186196923971e+00
9.349641248404644500e+00
9.380915754294754549e+00
5.057660309653122965e+00
-1.704938965047937316e+01
-9.937144691766761184e+00
-5.221830156890348462e+00
1.163787703373387927e+01
-3.240407863430966984e+00
8.435079322357310616e+00
9.047975809536779934e+00
-1.288021104770444580e+01
6.924211842318243271e+00
-6.272339169161277539e+00
-2.401779867571822535e+01
-1.031435987340273286e+01
2.230896760245613564e+00
4.825797519226597387e+00
1.531113585795326060e+01
-9.928162554880021418e+00
1.927480857647837809e+01
1.100035115115354500e+01
-2.049926624547957132e+01
1.411905983239325479e+01
-1.580046326082772801e+01
2.255385456329880611e+01
5.116059870338446558e+00
1.936839764961188592e+00
2.194008458064361378e+01
-2.467202128002530159e+01
1.498603191789202782e+01
1.242464399551613496e+01
4.456650858909348756e+00
1.202409471538722840e+01
1.269177697220904832e+01
-1.105864131976841946e+01
-1.957415326696164470e+00
-1.975144347243818999e+01
-4.490924317560541112e+00
-9.008349013488970769e+00
6.477135673193842536e+00
-9.855839911220531491e+00
1.620225925414352730e+00
1.666348282386599067e+01
1.155494299251700596e+01
-5.358123246511325988e+00
-1.754127493182572195e+01
-1.540121475670797935e+00
1.028203748626052061e+01
-2.826089726154931725e+01
5.077345301469335936e+00
-8.977198393507013208e+00
1.107965908177413894e+01
1.531893989761781683e+01
7.937672708887376416e+00
3.900789920819391909e+00
2.035295057269288321e+01
-9.171778970469464554e+00
6.393380417749177980e+00
3.847154180359169118e-02
-2.572630010978883774e+00
2.540884884657663179e+01
9.349703986697768698e+00
-9.569840013142851376e+00
-1.291320065967352804e+01
-2.990519845245934505e+00
8.426725368656455828e-01
1.308553938657443894e+01
1.746646890760857218e+00
-1.242050354808277746e+00
4.433262549933054686e-01
3.219098337749912275e+00
2.064582615653367981e+01
-1.219050398172510796e+01
-2.284786564216108928e+00
6.500438748272458156e+00
-3.690942028627294036e+00
-1.761650255629195527e+01
-3.482440108900917153e+00
2.535176681718283476e+00
-2.407297974729089418e+01
1.105262962439621077e+00
2.433750727213423204e+01
-1.795364772599975467e+01
3.398136374234859147e-01
1.437498902879555374e+01
-6.254940366103987515e+00
-7.413112053430062076e-01
-1.427370149643170727e+01
-3.947092553207550480e+00
1.373693795714814314e+01
-1.317756818962908127e+01
4.943823315741880720e+00
-5.192294831306362823e+00
4.634804221297983418e+00
2.732791930048207973e+00
-1.307430026467422479e+01
-5.082619161580726797e+00
7.028112869436100141e+00
1.654930258192076309e+01
-1.024536910046315086e+01
1.911412424123955844e+01
-3.627854207629930272e-01
2.550727774182361429e+01
7.318692506736802272e+00
1.330072209188237053e+01
1.305448046799489958e+01
-1.902717184810050099e+01
8.965498459861855451e+00
4.540848415852693165e+00
-2.751382234160818285e+01
1.313361169131350437e+01
1.133761196352815404e+01
-5.177946140095137650e+00
1.655973473980157706e+01
-8.226125878305971639e+00
-1.128289252587583391e+01
-6.321213175534534656e+00
5.338637032547396188e+00
-8.249421726636473551e+00
-1.760495216921824380e+01
4.039931834352444184e+00
-1.087975660898522534e+01
4.691130214400104137e+00
-7.912783382760594009e+00
-6.675269597466275684e+00
-2.304866164787428673e+01
1.984624247602590685e+01
1.272368900344593357e+01
1.664281848915135242e+01
-3.497710549943189307e+00
-1.171721489133176419e+00
-1.491971553002834128e+00
8.417985549134783696e+00
1.330033599241428988e+01
-3.754653117165553056e+00
-4.919635452160466826e+00
6.226823831002185727e+00
6.732556802307172461e+00
1.411526392876803726e+01
2.538995538216241954e+01
-9.138895445586683763e+00
2.129116920780975875e+01
1.703230203053735892e+01
-1.169708037274199341e+01
1.747228750148481424e+01
-2.956601032854941025e+00
1.031461622587777782e+01
-2.160914546188386964e+00
-6.344035490635029362e-01
9.122394076578615341e+00
-2.324456982645472536e+01
-7.579253382888122559e+00
-1.396138352709797914e+01
-1.808732622752025776e+01
-1.155646186564251110e+01
-1.189187016112203210e+01
1.318509391989527302e+01
-2.197481218868107433e+01
-1.478636783590480874e+01
5.417843125056315046e+00
9.264225035479732639e+00
-1.282117867611568940e+01
-8.078758066673081828e-01
7.053720386171306700e+00
1.838515017973862342e+01
-3.946486141818144944e+00
2.039951953436541032e+01
-1.111376279850604831e+01
-1.095537066548698846e+01
-5.272220861155609839e-01
-1.740539677910589589e+01
-1.719946598699970508e+01
-1.437802340591518835e+01
2.216446678841123230e+00
1.038563880850242072e+01
4.769279128952909730e+00
-2.377756197353054546e+00
-7.527584348387573954e+00
1.388757999843372914e+01
-1.007646489508330134e+01
-8.644851604228271924e+00
-3.420668246974237547e+00
-2.677221486637751724e+00
-5.593480704189552455e+00
-1.317206579975295000e+01
-2.226883271138555642e+01
-5.015609860023307220e+00
-1.026270117397337245e+01
1.029669402197232131e+01
2.808159544461664581e+01
2.747844746827396278e+01
1.740170413708372621e+01
4.541906600091678570e+00
5.745457868167086701e+00
-2.023699528952377591e+00
-5.567308482287973703e+00
-4.275127585843659261e+00
3.283435494654163733e+00
-2.735953235809553519e+01
-2.244909540761166511e+01
5.830709876866009722e+00
-2.572150097856982853e+01
-1.853702949756878127e+01
2.626397708500256556e+00
2.235752328186120508e+01
6.303130843236345981e+00
-7.858363656730805502e+00
-1.814546224759259729e+01
4.232223769533376867e+00
-8.839940179164884171e+00
-7.362356867442358066e+00
-1.105049234628567589e+01
1.079165404255230243e+01
-2.395289920091460800e+01
7.707694927923313344e+00
-6.148934044807173649e+00
-1.127690579715768848e+01
-1.502581794170614415e+01
1.276118297147601055e+01
-2.147572316959829664e+01
2.121602134685272745e+01
-2.522274593514651997e+01
4.662983192776138708e+00
2.450651192924544119e+01
-2.349841674388102319e-01
-1.397443273830423038e+01
1.557791878881188552e+01
3.712623572629205171e+00
-1.128779517816305145e+00
3.365606971523256163e+00
1.621715568598213508e+01
-1.029578451173662756e-02
-6.986842296620235260e+00
9.642061244771809925e+00
2.095642233362220708e+01
2.536844835325133118e+01
2.408223749694602134e+01
-6.616704206647824549e+00
4.008548785720236651e+00
-1.307729831765150053e+01
-1.009605331950134044e+01
-1.360126157836369032e+00
5.745535700099438259e+00
-1.617932216508456733e+01
-1.324256018157284842e+01
-4.569299986493788879e-01
2.484423828950001933e+01
2.102370734109001660e+00
5.715658101624264020e+00
-2.338096940037534921e+01
-6.124365928818008342e+00
1.424661731559499600e+01
1.221731426588128500e+01
1.002947467457040176e+01
1.440988357546410725e+01
6.164435969352581424e+00
-2.272599641400084636e+00
-1.190558814325205006e+01
-1.496452886485236533e+01
-9.665507079845376381e+00
1.613938535725946366e+00
1.641368485927138465e+01
-2.663610837398193354e+01
4.046923797510224574e-01
1.976519337078582339e+01
-1.591917983913127799e+01
-2.089361977251670055e+01
-9.758258208638551423e+00
-1.067591527700232490e+01
3.460991132956046101e+00
-6.343857259963062489e+00
-1.098836522481374089e+01
2.038334971924523131e+01
3.054516520172128935e+00
-1.050396156538124615e+01
-1.116467401332510789e+01
6.762831093536163962e+00
-3.955728168592521854e+00
-6.848670638301605607e+00
-6.846891276063711729e+00
2.737683112106317651e+00
1.410439068848874911e+01
-2.515527983363515574e+01
1.652376854389594030e+00
-2.183980335381668425e+01
-2.165948814809828349e+01
4.682137634403844118e+00
1.134849381786395384e+01
1.060430072177206995e+01
4.168200242253561782e+00
-1.303960522521891363e+01
1.307373569870421903e+01
-1.231789626763072221e+01
-9.881585530525647698e+00
-1.309987280217845296e+01
8.404228696651742325e+00
-1.393250085931407511e+01
-6.276364802716752678e+00
1.013512588544923432e+01
-2.031195543908642165e+01
-2.173098915986442137e+01
-2.608491427152950948e+01
-3.644057035016238899e+00
1.672481453192689571e+01
3.899349814323471719e-02
3.267221746427182438e+00
3.946853919593507953e+00
4.624958654434699667e+00
1.730042355662990872e+01
2.910170872528414776e+01
1.147299674979418427e+01
8.994223485715693300e-01
-2.307499555890940002e+01
-1.564745651543024252e+00
9.412988947083597679e+00
-1.481414574310414878e+01
1.027416210023171317e+01
-1.176249952437044399e+01
-1.490687431115290096e+01
7.539307857437037796e+00
8.787029590597889239e+00
1.990587213069861861e+01
-6.047463571463644882e+00
-1.785166308328867757e+01
1.980520009339258536e+00
1.579060133433933544e+01
-1.767194515148642608e+01
-3.303346088944088876e+00
-2.018297196747458599e+01
-1.377607342209784491e+01
5.208237462878457791e-01
1.451727090503780460e-01
-1.791565706271263991e+01
9.737942393126758134e+00
1.109745164313844867e+01
-3.910646655043617415e+00
-4.724865607906792775e+00
2.242400276279826699e+01
-1.470056795805586525e+01
1.795895529648375799e+01
-9.280736831248493246e+00
-3.269286802439790307e+00
-7.934578387105034381e+00
-1.583951367460009862e+00
-1.490073490815372637e+01
1.698665971977096234e+01
-1.074420349452036305e+01
-8.685237627750598932e+00
1.331163287536006123e+01
6.131261095942008410e+00
-1.012245693113718659e+01
5.797511272339129107e+00
-4.848051369986944081e+00
7.832397332281729518e+00
1.087421245889442645e+01
-1.917312596843809303e+01
9.514664843526560389e+00
2.539645591113675493e+00
-7.159480641381207988e+00
-5.500901312449467895e+00
6.109478798334002647e+00
1.153722188926059999e+01
-9.479278172321350837e+00
3.804257879324318026e+00
5.690784913301079939e+00
1.633303353031314487e+01
1.123514598337492032e+01
1.179030434029569818e+01
9.602044590731239282e+00
9.400778326413849584e+00
1.469066097237827506e+01
-2.072329605381039386e+00
1.649063062296868054e+00
9.771883651607318200e+00
-4.621169052737915450e+00
-7.322144939051252521e+00
2.467176814196710666e+01
1.275155200868807270e+01
-2.755883815949063731e+01
1.232645424096104847e+01
1.655968411271628327e+01
1.190557389937173127e+01
-1.737148216323939209e+01
-5.241365479012202400e+00
4.572488833279471976e+00
1.953471517454891426e+01
2.603711700387832195e+01
1.186594751823634653e+01
-1.890439586585327802e+01
-1.310968879058538761e+00
5.970538387845031991e+00
-1.324280239416053462e+01
1.994905325925267903e+01
-1.745757203958395465e+01
-2.123380002337938066e+01
-5.250548781721231961e+00
-9.665876401032200249e+00
1.117335608256937007e+00
-8.687104317641335172e+00
-1.733124015480144564e+01
2.030995936224181975e+01
-8.997260774435432040e+00
-1.609228747788163361e+01
2.864717090948793299e+01
9.732992412927750081e+00
-5.578956472309574366e+00
-1.192184362884168536e+01
1.528263639263802531e+01
1.274617498886821920e+01
2.080538299132670232e+01
3.507397043351467403e+00
-6.358110473336083146e+00
8.056078551303613722e-01
7.313610359985609932e+00
-1.340196825796070002e+01
-1.161557775607565546e+01
1.544141376711370839e+01
3.454020560700200804e+00
7.663479608818711597e+00
1.306983377527679124e+01
2.251102568284151317e+01
-1.284362392162531918e+01
1.321899095435817628e+00
3.608690700915317962e-02
-2.008929359675954274e+01
-3.831888463251907240e+00
-1.986481397394276627e+01
1.515215034777072844e+01
-1.586795519002677857e+01
-4.939729502226910540e-01
1.193772253704433695e+01
5.561275588640718581e+00
-1.517929704746150144e+01
7.209533260442526625e-01
-2.265056499472303386e+01
-3.722495659291805481e+00
1.578458360976376440e+01
-1.699850034304997592e+00
-7.079886865577755373e+00
7.829506387547468194e+00
-3.373802931761517243e+00
1.030230932983407399e+00
3.140533816215047125e+00
1.468668262707259231e+01
-1.171880637302137984e+01
-2.122550331281957625e+01
-2.401632668466557874e+01
-7.784412127877796905e+00
-4.063307854897370675e+00
-1.402045280862872723e+01
3.603585976563337567e+00
6.624215303425501133e+00
7.738042959999802406e+00
3.558968239442741321e-01
-4.474635866614317337e+00
7.168203845060375556e+00
-2.641132947909685669e+00
1.333970965199012682e+01
3.840223913880464579e+00
8.981148252272532773e-01
-4.772421835130025158e+00
-1.369564847537660768e+01
2.886789574698717331e+00
5.134728020101398727e+00
-1.249079606260549014e+01
-1.037661186823096671e+01
-1.178924724458791218e+01
1.911547022338492496e+01
7.706648487316641649e+00
