-3.323169662204153951e+01
-1.813623573773701736e+01
-4.477119920006987996e+00
-1.146082862893322130e+01
-5.859452075933088366e+00
1.634567058686512553e+01
1.123790603051946846e+01
4.027656011251330881e+00
-7.854704236708229814e-01
-1.235813316035543963e+01
8.678731162711251557e+00
3.705532843805784182e+00
-3.659846877080664029e+00
-3.220297195867132700e+00
-4.358159096567192137e+00
1.040935678231463157e+01
6.892860181070886938e+00
1.317943936180225961e+01
8.130305835957777560e+00
1.969319267780257832e+01
1.295393018965462772e+00
-9.035905405231133614e+00
1.220845492035270041e+01
-2.410346108075061622e+01
1.097625926484955272e+00
1.547787436773737113e+01
1.909790308753925103e+01
1.740007096545515708e+01
-1.834735178959215318e+01
6.114962891152615043e+00
7.588129712041471464e+00
5.155124287012043283e+00
-3.318386489389411054e-01
6.591386412718271970e+00
5.308124874558060924e+00
6.455233315126207572e-01
-1.469676993251596997e+01
3.141464747998981011e+00
-1.576377924501677796e+00
-7.076232476117116477e+00
2.076606098949369539e+01
-1.815586662207874724e+01
1.593705094392142030e+00
-3.208037068218636989e+00
-2.229587373571049369e+01
-4.475731925787926002e+00
-1.608295197640824981e+01
1.215567359225210708e+01
1.655424354667215425e+01
3.800669550179037515e+00
4.044794079320084279e+00
6.808080436681898107e+00
-1.631869208533696280e+01
-6.823435816089553185e+00
1.104903915758904986e+01
-6.350774557431765999e+00
7.434230030938600464e+00
2.088000683584775885e+01
1.474817768902509840e+01
-4.646042376656073003e+00
4.118910079227397603e+00
-9.194785123360958323e+00
-9.515328284820252946e+00
-7.244415471686714625e+00
-1.449979200966033055e+01
1.044481748660485465e+01
-3.154175237493966222e+00
6.436284183785005553e+00
-7.435636917888189146e+00
-1.305672255380734015e+01
-2.035934245314097524e+01
-1.715082083710767691e+01
1.277170475626951429e+01
-1.291032004323150773e+01
-1.397773128665934550e+01
-1.192063247392074743e+01
-3.439303246386227642e+00
1.937137603746922565e+00
1.932413476734069491e-01
-1.139164604975636408e+01
-2.743971759141519584e+00
1.099641287751648377e+00
-1.010904643607373288e+01
-2.894744033297460106e+00
2.271839725067792415e-02
9.438545078222325913e+00
-1.195980067886150877e+01
-1.767902187495599975e+01
7.424946269346342831e+00
1.963074356384911567e+00
3.217501001138415972e+00
-8.466887735637993018e+00
1.174460420055221022e+01
-7.173047499113167191e+00
2.074877967129529566e+01
-4.634313643559416107e+00
-5.680390202187986404e+00
-7.774864118410345526e+00
2.112321103462697636e+00
-1.132605488834101237e+01
2.337128311791134649e+01
-6.108744006618227473e+00
1.470698702374016875e+01
1.123804160440651856e+01
-1.591213091479221653e+01
-5.643413123982753632e+00
1.318512696573002785e+01
-8.762483491404118752e+00
-1.602879437086315306e-01
6.104190284421129320e+00
-1.165758967907699173e+01
-1.463182467519988883e+01
1.085457225864391972e+01
-4.938541623683590842e+00
3.516237972793859967e+00
-3.960727801873893839e+00
-5.009289833721929597e+00
-6.333283483487342380e+00
-1.499483333464332446e+01
-7.726611168494539328e+00
1.560261174217183111e+01
1.993217533778988582e+00
6.714109923833852633e+00
2.258870699524378267e+01
-5.065170878107856822e+00
-1.298401341341147841e+01
2.760090350692507855e-01
1.916526336971643474e+01
-7.425030433869185487e+00
1.159625730953531786e+01
1.754620823737649715e+01
1.712581581301247979e+01
-5.876618534015243256e+00
-1.577442768618718105e+01
2.485468411971690728e+01
-1.852887870277760385e+01
3.383444553083052142e+00
-1.735482488652774080e+01
1.436139787750923347e+01
-2.781790585914720282e+00
-5.675026898895946914e+00
3.185332672544774368e+00
-1.541623731244276385e+01
7.198066488786253103e+00
-2.171862143944229118e+01
-5.088007485242762584e-01
-1.394364412839664880e+01
5.624984930327173061e+00
-6.741027665300080685e+00
-1.694801897440144955e+01
1.644514723229904263e+01
1.177731354874730840e+01
8.406328801042889154e+00
2.183404918208714918e+01
-3.590117823002817232e+00
-6.693715000828241557e+00
-8.349624249790963404e-01
-1.242018224829461204e+01
2.964228877498733539e-01
-9.814324192596753704e+00
1.391177969427785399e+01
-6.701340913951245426e+00
-1.090865932846501352e+00
-4.027996483128955418e+00
-1.521493081535413694e+01
6.884216594714231974e-01
2.362902870940274624e+00
-6.417026326588061380e+00
1.188825650014265278e+01
1.436406270182806111e+01
-1.647069814032483492e+01
4.675724663739842413e+00
2.615493644012246932e+00
3.765429427613575797e+00
-1.652082830461634799e+01
3.163115714745181606e+00
-1.029516549239120238e+01
-1.700001389736111435e+01
8.351949107795483940e+00
-1.122347563373733692e+01
4.739039457083173090e+00
-5.084615250425521538e-01
-1.655844394425813348e+01
-1.275785003909144066e+01
4.348705355104094394e+00
-8.641773687368338841e+00
-2.296019388269023409e+00
2.143778869728691916e-01
-1.088001980319928919e+01
-1.590911539436820732e+00
-6.968079208088688858e+00
8.019251749606297608e+00
-1.076430396028499459e+01
-1.944127036304569245e+01
1.425828495511042604e+01
1.313922791802654189e+01
-3.844786664809134891e+00
1.033136120751884590e+01
1.197399662892495087e+01
-4.754777983791957041e+00
2.891001022826635847e-01
1.703321078211025963e+01
1.541713751703716184e+01
-4.725694236452596897e+00
-2.737297254740635566e+00
1.968722773484958566e+01
9.271890070845451248e+00
-2.776636126982644726e+00
-4.549396759063622397e+00
1.541357763463398811e+00
-1.657977802903916853e+01
-2.990398987190850733e+00
2.077863068816070324e+01
-1.324953040990108377e+01
-2.767516994529781726e+00
2.275870366157661806e-01
1.876862539381900774e+01
1.836386490575734598e+01
-2.691870263301126442e+00
5.623981367067329984e-01
1.060616622695198430e+01
8.937174812142089309e+00
-1.127791759973333896e+01
2.903265507183775185e+00
7.312778598801102703e+00
2.095654323411919506e+01
-3.365898187411520581e+00
-8.974328143351279152e+00
3.006719920270541024e+00
1.495890083309904384e+01
-1.340354070145669851e+01
9.567133448624360881e-01
-1.754893542900359193e+01
-1.959003056182309876e+01
-1.959938730943564877e+01
-1.006306495737899098e+01
-1.695360781859309185e+01
9.839877762818403539e+00
6.038524824486536602e+00
1.825813650383776832e+01
8.199306522724612023e-01
-1.131291899902920406e+01
1.241587441288221783e+01
2.353930083497920833e+01
-1.345984728977614964e+01
2.142774723584200558e+01
2.119978854043657890e+01
-4.294348680143166064e+00
-2.304339815291070792e+01
-1.508330592512042401e+01
-7.012851798046828122e+00
1.016412054333747506e+01
-2.829209762868607925e+00
-1.182958066274160558e+00
5.813753939266085524e+00
-1.571723227455855465e+00
-9.042835279540742732e+00
6.973090805615022703e+00
2.271946007701750148e+00
6.655594336526270638e+00
-1.248009046821046297e+00
1.819420964759138570e+01
6.406786637122699801e+00
2.000566829087080833e+01
-8.500953319523844698e+00
1.122788079382344506e+01
3.288214395653064059e+00
-2.494563114663852232e+01
-1.103985606833637689e+01
-1.183673507740330422e-01
-2.045197809239388320e+01
2.881526801354048928e+00
-1.436442848541403805e-01
1.064750108634940773e+01
-1.919428931020317464e+01
1.018543061046561604e+01
2.110219187829621745e+01
-1.391165905703881833e+01
-1.625637122145248981e+01
-1.618571734480004665e+01
-1.033249425109781683e+01
1.388594877235851754e+01
1.314595508224062570e+00
6.563875191111044671e+00
-3.537131265830822713e+00
8.478976635122776884e-01
1.296633176736914805e+01
4.959113957179148713e-01
4.293465565088766311e+00
3.104823419801029161e+00
-1.292306566166817205e+01
-1.338794309658018022e+01
-4.967020397342711391e+00
2.075741065647555672e+01
-3.862304289214261388e+00
-9.685844358122153608e+00
-1.174146572274350220e+01
-1.223663862785894096e+01
-1.337002869348494016e+01
-5.695146868299296727e-01
1.641454322789908815e+01
4.098134710873608810e-01
8.750813638933095717e+00
-4.428001170872477132e+00
1.126292844468162713e+01
-2.439407659311829235e+00
1.554259566283732852e+01
3.328612939994791020e+00
-7.196267243892435772e+00
1.018891397779871966e+01
2.025574437521407845e+01
2.117843039361631696e+01
6.971479871829501462e+00
-8.077818239428673053e+00
-1.024143972757033438e+01
6.634095053531829933e+00
-1.425861234815792855e+01
1.050734890894123907e+01
6.887835139463938106e+00
1.668861616568118222e+01
-5.571432398487786486e+00
4.900125823501831235e+00
-5.707685167551101557e+00
-1.119389195766636647e+01
1.810298127788779965e+01
-1.941961626619822212e+01
2.503683517287319660e+01
1.057519257283303915e+01
1.041093180729213685e+01
8.698890166127490886e+00
-2.704580726143994696e-01
-2.507320125192881477e+01
-1.120283844329596690e+01
6.478843034912422638e+00
4.909654389768789429e+00
-2.371497410925432803e+01
9.366859526450745932e-01
1.725268100190366738e+01
3.104711624459923769e+00
-1.573262097129489057e+01
2.394038922678753067e+00
3.336221710093319359e+00
-7.971454480315497193e+00
2.423075657488003287e+01
7.076076100828849746e+00
1.959592223317197579e+01
-4.709068862202350658e+00
4.437450044043046660e+00
-1.207071350461903592e+01
7.420243517810249045e+00
-8.540551826646471056e+00
6.309965834620228975e+00
-1.761579426681984373e+01
-1.474235611860643225e+01
4.269908996066845930e+00
-7.048958967380094975e+00
3.689675035034483130e+00
-1.342205018795721827e+01
-8.029021195640456909e+00
-2.040497288078846339e+00
-2.735046936705334275e+00
1.340289628297367130e+01
1.664498087859566056e+01
4.251373602582845024e+00
-1.400537757564158525e+01
-1.921791868911330425e+01
8.642374125458857748e+00
4.198112424520523689e+00
1.698156219076354034e+01
-1.404172196801120975e+01
3.817769012072567136e+00
1.224417131615008003e+01
2.086440556094383680e+01
1.311350132157195247e+01
-2.777928016365123653e+00
-1.211581969156408789e+01
2.646180052846553110e+00
1.266464795362519880e+00
-2.199030687797597494e+01
-2.707417489474313044e+00
7.233521117620888674e+00
-1.762143693996650029e+01
-2.609047248618111325e+00
-1.404192763925543552e+01
1.768231858794118949e+01
-5.004574849918164148e-01
4.328372744828016039e+00
-8.941698578451834578e+00
1.198386052171727556e+01
1.057348435685902643e+00
6.570780245879468850e+00
1.289372267737242339e+01
3.407168606458824911e+00
-4.310227760549018683e+00
2.085556665310624425e+01
-1.043480294978779455e+01
5.810070298645484854e+00
-1.063122042878404727e+01
-6.007722628054104064e-01
8.124188550698690392e+00
-8.997085243550241529e+00
1.060018453814137729e-02
-4.331599721395818392e+00
1.083210129926606413e+01
-7.319058082617182492e+00
-3.944825049709166365e+00
1.880573896218975705e+01
-1.352841367304857911e+01
-6.659021982325160849e+00
-6.555426199964628609e+00
-2.059873193618272680e+01
3.399205472320147692e+00
-1.573768611808628037e+00
4.626997322891412523e+00
-1.318985960037779392e+01
-3.581444476418607081e+00
-1.724857543551193828e+01
-3.953986335535809360e+00
-6.915506226613171492e+00
-1.082961598237940493e+01
-1.134853272284501458e+01
-9.783234372856409067e+00
1.418498780309554519e+01
-1.477285285999331954e+01
-8.191437040197307340e+00
-2.278629837930107982e+00
-2.144040979484501008e+00
-3.620146386370080904e+00
3.645247393977648187e+00
-1.608937536278983060e+01
-7.284169502677123376e+00
7.809265773109075326e-02
2.358383910943911843e+01
-4.295230281311628318e+00
-4.238115682074884205e+00
3.375895096539245799e+00
-2.155575378219179328e+01
-3.628205710370693282e-01
1.423445609135954726e+01
8.174352546455622814e+00
2.005195775469275077e+01
3.551228624696292968e+00
1.306496463959094001e+01
2.006329652527973195e+01
-9.016395416328400358e+00
1.126167176607130926e+01
1.864782552200795607e+01
-1.802168091714420939e+01
-1.043396316600088269e+01
1.893153642526502267e+01
2.053570294915847683e+01
-1.724027815437502298e+01
-1.131306147334533563e+01
-2.228534813035873441e+01
-1.400240299176518555e+01
1.128225748147058027e+01
-9.739686605760951466e+00
3.615571699264521044e+00
-7.016463183949085192e+00
1.148008117491764324e+01
1.751356370944961327e+00
-2.538120496139772087e+00
-2.392266062945989091e+00
-3.228283846248615419e+00
-1.434690818522432920e+01
9.547020062684588027e+00
-5.505747096361272241e+00
3.764187666631755746e+00
7.892077692541263900e+00
9.176506859064026855e+00
5.693621620551866158e+00
-2.701814739861358561e+00
7.456748548591406234e+00
-5.926143471046760425e+00
-7.015868701193763712e+00
3.831682440312334847e+00
-6.068862646536292260e+00
-1.580685157701542920e+01
1.362249300513513361e+01
-8.377918586193398909e+00
-6.618039349209457356e+00
-1.668378560345285422e+00
7.010515375237254432e+00
-1.261448967766032325e+01
-8.962218556608757325e+00
-1.149103666988366967e+01
-7.540641340466194720e+00
-1.271371722944916627e+01
2.454111068550041352e+00
3.611471337425946615e+00
9.200635993971445714e+00
-2.887994786145860360e+00
-5.025787771116419833e+00
4.897174789186074406e+00
-1.375816453714254095e+00
1.124436763800309791e+01
2.630476140276854835e+00
-4.630787712632574937e+00
1.397694120319961542e+00
-6.066200156554522493e+00
8.784035750951318278e+00
-1.930005980154907164e+01
-2.499655150711735274e+00
1.129999982525324498e+01
8.025159108838295197e+00
2.793713537376447675e-01
8.044801087295105901e+00
1.211267303467432299e+01
-5.850425087976372396e+00
-2.212300596871422442e+00
8.364218229912232516e-01
-1.379473567872778972e+01
-4.404416477825336074e+00
