2.027752521197737678e+01
1.462638999691793629e+01
-1.461712044065866856e+01
9.004420626782732029e+00
5.202104322821611504e+00
-2.101774504614800776e+01
1.035472446968526583e+01
1.967718269764667127e+00
-1.466014233787448795e+01
-4.734100250162036616e+00
-2.420903545373843713e+01
-1.863218230053384161e+00
-7.810066867074979768e+00
1.479380064365528114e+01
6.650587433490322553e+00
-7.563822246256250992e-01
-9.254996100939688830e+00
-2.597815154431200924e+01
-2.193376586180418997e+01
-1.494438535522167477e+01
-2.243159243033694139e+01
-1.459394400328864982e+01
-7.523422999886797413e+00
1.423003670624686379e+01
6.755051833697500285e+00
-1.589271627650490615e+01
-4.051194342171942964e+00
-2.191969223705804382e+01
-4.504185395249361790e+00
4.449011086731779585e+00
-2.549127507482103994e+01
-2.706512602389773292e+01
2.360064832545901936e+00
-8.067929253097815945e+00
1.611523960949881484e+00
-6.559274855826227935e+00
5.793055955612786079e+00
3.486397191855481026e+00
6.609906608099805680e+00
2.007738920682824357e+01
-2.064440480047854010e+01
5.309431703739257102e+00
2.655100413886351873e+00
-3.307364176410992229e+00
4.860550086111388168e-01
1.797665788726858693e+01
-1.028112076293478339e+00
-1.558776898699136559e+01
-1.640985572671377923e+01
-1.446070349103521835e+01
3.895486559143122918e+00
-1.689309806453177032e+01
-6.744195553885326433e+00
-6.398479540287745237e+00
-1.913063048524098519e+01
-2.346258587814073593e+00
-5.232213443249897011e+00
-1.053828760557696143e+01
-1.065561566933532589e+01
7.752416913870192161e+00
1.016026549927250500e+01
3.213099354026127230e+00
-1.249245342261930958e+01
9.032872392871830414e+00
-3.925732922770656330e+00
-1.255778845465662030e+01
1.693796957565818673e+01
-1.378136890302474882e+01
1.373498270911135677e+01
4.797038761995494838e+00
-7.929473396508115002e+00
1.802538836622361629e+01
-2.807456299547909850e+01
2.200081663079949124e+01
-1.547198676159691644e+00
2.324613553700693558e+00
-2.513845838678925304e+00
1.714369609295560792e+01
-2.257062130196644034e+00
-1.087857033450290700e+01
-2.076215140339468945e+01
1.735789117547287930e+00
-1.550182055501789335e+00
1.347653698739942740e+01
-3.432953462236120856e+00
9.028035709662134423e-01
1.659609394028375107e+01
1.601721452071877394e+01
6.215250037356092605e+00
-1.976825652270127520e+01
-2.256237593439145428e+00
-4.423006569105471186e+00
-2.247138512762913720e+01
1.091736483347855113e+00
-9.001029255636460391e+00
1.027623056291267289e+01
9.962292691294877045e+00
-2.592470040958296806e+00
2.847565301732011278e+00
6.790675307553982520e+00
-5.634250726341459625e+00
-4.305134446903050360e+00
1.728174334646276122e+00
-1.218981546286990181e-01
2.570399732078598731e+01
-4.537870581138179205e+00
3.024056254245756747e+00
-9.203794812115841495e+00
8.743585027778529195e+00
9.681517369548856777e+00
3.545180536696591389e+00
3.723848909166491694e+00
-9.406613604499856507e+00
-1.134843811055556984e+00
7.806113252963513105e+00
2.181204692619078145e+01
-9.022990407986348771e+00
-3.704824525363036969e+00
5.193042735584128877e+00
-1.677282010788284339e+01
-2.290328945775178227e+01
-1.648647607981808250e+01
1.344755755744869674e+01
-2.070340989310798818e+01
-7.765036565493719678e+00
2.312314993334376112e+01
-9.992940391562893154e+00
3.591916207954888307e+00
1.915733749300348165e+01
7.303424567734971617e+00
3.807499564307661899e+00
-1.308467997711347408e+01
-1.858188932389467851e+01
9.069116028413290564e+00
-9.787698035321167112e+00
-6.091956744361702647e+00
-1.126384504210699333e+01
1.748329576828741239e+00
-3.336710292269341238e+00
-8.005659739287672494e+00
-9.787038922088392212e+00
5.503962737508892644e+00
2.289534103744817628e+01
3.170603834128684184e+00
1.883246593942706681e+01
-4.722946978570270460e-01
1.539270869016943522e+01
1.501219714498382984e+00
1.232197115689646694e+01
9.631184566601085351e-01
-1.446574683264971561e+01
6.569731498904317846e+00
1.749108276328793465e+01
-2.419397922478752960e+01
1.714533843288850790e+01
1.049474902831409651e+01
-2.004408782086410667e+01
1.364202479429381754e+01
-1.876226084717700004e+01
-2.005618324662729179e+01
-8.032299473004307799e+00
4.872728577603062661e-01
-5.231604566778585763e+00
-1.839209012173358815e+01
1.076686903637571646e+01
-1.301191766656952709e+01
1.481149517381431480e+01
-6.874596553790503606e+00
-1.160610439775187075e+00
-2.086560362618399722e+01
1.540485580155221612e+01
1.426479064454455425e+01
1.681872510803529508e+01
-1.186289990471615141e+01
4.365463017589021888e-01
7.185066825815297875e+00
-4.221014441475475110e+00
9.419445818523556113e+00
-9.801877555510760232e+00
-1.515810043025973819e+01
1.531321232622499906e+01
1.399922259722490736e+01
3.104523818220769726e+00
2.970139521157533125e+01
7.229956533282901887e-01
1.691606884830403601e+01
7.451805454868186018e+00
-1.170841249870381162e+01
2.549147272669596020e+01
-7.801863030200628657e-01
1.188590986412936701e+01
1.356584487084401758e+01
-3.806736047619409646e+00
5.316867094543340500e-01
-2.539834105978908951e+01
-7.251910106220165630e+00
-1.219735353323491722e+01
-1.491286362931571752e+01
-1.681947263645493607e+01
-1.341516632366753470e+01
1.311472123716845317e+01
-2.038560965675268832e+01
-3.996945094012328781e+00
9.779566205549613755e+00
-4.941220455486046603e+00
-9.616092573246447728e+00
-3.219954297192938242e+00
1.245595680253625659e+00
1.680176913565302499e+01
-1.348726315487105509e+01
1.008578712702750124e+01
-1.971273844449638801e+01
3.896732770807027180e+00
-3.896639273938951931e+00
-1.350537920048435225e+01
-8.879676142039631515e+00
-1.025173267358692542e+01
1.033606051077868671e+01
1.779703601995425544e+01
-5.313747414487643539e+00
-1.290837542264181792e+00
3.680350807308798267e+00
3.930529093325731083e+00
-1.091880255131545496e+01
-1.599975553690407359e+01
-2.556588427705946742e+00
-8.734616204776468606e+00
-5.298162043341832828e+00
-1.071910403061863093e+01
-1.946451996417419750e+01
-1.216664482242551415e+01
-1.636041269507798290e+01
-9.578840298633650718e-01
2.251841700804782676e+01
2.336234852751454838e+01
6.428026683692806387e+00
6.167695095884475620e+00
-3.058711325651970014e+00
5.151149803483711764e+00
6.746482309478061268e+00
-5.095522780125538276e+00
-6.371563612232442608e+00
-2.221368350413307624e+01
-1.890494590763129779e+01
8.077923243237819406e+00
-1.942215893063381671e+01
-9.092334597558100029e+00
1.170597606611912056e+01
1.920744502292873079e+01
1.370155551592996801e+01
-8.635347757498951893e+00
-1.263842516150006645e+01
9.093099404804803498e+00
-1.069787524939399859e+01
-8.535953431666310820e+00
-3.510210091362658602e+00
6.374575230489277544e+00
-1.570229918924109214e+01
1.441378775502091258e+00
-1.487469311262786675e+01
-2.065116595594788862e+01
-2.114305892556299682e+01
1.802908692527100953e+01
-1.242174083119035188e+01
1.479355763088008757e+01
-2.595369642436089208e+01
-6.777062093973345469e+00
1.451516629782696555e+01
-2.316640452932940519e+00
-4.532493599623620639e+00
1.318631661200612371e+00
1.062955042774061098e+01
-1.456782004174493395e+01
1.332040031430445737e+01
1.084962502641512572e+01
-9.149191910844674425e+00
-9.110826341531861772e+00
-9.789454305701177361e-01
1.328296771535661236e+01
1.800727580894393043e+01
3.000000000000000000e+01
-9.336425454850889594e-01
5.286613890945218941e+00
-1.259424803596226994e+01
-1.107113437416774104e+01
3.576366289355611627e+00
1.540710231681486420e+01
-1.400368723188622155e+01
-1.754948969015073601e+01
-1.107326256539662879e+01
2.511675710472562884e+01
9.058455746746219006e-02
-1.061777531943477015e+00
-2.427301989963655160e+01
-1.610073488870711600e+01
1.618678936165721183e+01
3.464275615499069261e+00
4.008948235880197331e+00
1.047798153872705740e+01
6.878231019676398716e+00
5.518931561339009306e+00
-1.097454159980159005e+01
-2.574622411457793802e+01
-8.822115357790302426e+00
9.931833422292051239e+00
1.166362034358429156e+01
-1.939462408674310012e+01
3.035521761537978591e+00
1.468024266551934431e+01
-3.212072400750965784e+00
-1.814500643172533501e+01
-4.617619990798004892e+00
-1.827520099795023611e+00
4.344291932613906226e-01
-6.752906591564247663e+00
-9.640838932347854495e+00
1.309248362943579025e+01
3.040542068704780831e+00
-2.276271523156290755e+01
-4.388748963761621269e+00
2.903880357915333832e-01
-1.082176709112821555e+01
-1.628364706660544670e+00
-1.361117349768494833e+01
6.047611943875054408e+00
8.947606406061012763e+00
-1.749582718225767053e+01
1.018274118526050387e+01
-2.593122089448900880e+01
-1.603435413561399514e+01
3.388367064884754143e-01
1.832609649673063501e+00
1.963282493268924611e+01
1.697882833503057753e+01
-3.338164512394740768e+00
1.306683417691066751e+01
-1.920516216671503429e+01
1.005033580428658979e+00
-9.980358807089082518e+00
4.155529240639630473e+00
-2.380820240715851099e+01
-1.468661445371907348e+01
1.499485632384774192e+01
-8.515310804435081593e+00
-1.782522444489724478e+01
-1.831043651932110450e+01
-4.504274948728539840e+00
2.189627722586592284e+01
-5.971134674635671047e+00
3.129266643557187422e+00
6.880744478868997760e+00
5.555653982925655043e+00
1.302528074661970692e+01
2.791114219935570162e+01
1.947305971923518086e+01
3.365519330526247188e+00
-2.051894101567291173e+01
-1.309128526652540003e+01
-1.411559057375942672e+00
-2.549238403363386141e+01
2.178733623539326913e+01
4.965568551575401557e+00
-1.134476904284583654e+01
9.002767688510076027e+00
-2.177890991487323902e+00
1.512395659362702105e+01
5.294937498176636836e+00
-2.610485511257465063e+01
1.323773780555804791e+01
3.974148137599520680e+00
-1.174030349490851322e+01
-8.981538866818404188e+00
-1.297449183961748531e+01
-6.135387716450573237e-01
-5.214593974049293479e+00
-3.562121633083492611e-02
-1.681839466950721373e+01
1.884528795364908405e+01
9.593748036652499422e+00
9.793919723384192366e-01
-1.121707653655825609e+01
1.550430367485831340e+01
-1.866507046626920996e+01
2.119582288199581654e+01
-1.223638196409723378e+00
-5.046008167715182680e+00
5.644204565568898602e+00
-1.133188781456524197e+01
-2.164854031808936341e+01
2.559541180177334496e+01
-9.323179283100412107e+00
-6.719386672406987060e+00
4.436366807554001923e+00
1.796101140859173739e+01
-1.345416584160695805e+01
-1.680849117537078996e+00
-8.882986533048370603e+00
1.867705432244697761e+00
8.238551485434889798e+00
-1.327284581247131356e+01
1.882020720844386119e+01
7.306347471930223492e+00
-8.131733447791571479e+00
-1.529329213282477440e+01
1.302926682016770599e+01
1.927993376000498671e+01
-1.440668732982803846e+00
2.790508960658947046e+00
1.803435839738221347e+01
1.645065324147525132e+01
5.576564993275390236e-01
1.677506166987821246e+01
-3.247404939601924667e+00
1.228258394129822761e+01
1.055249281378490878e+01
-8.561135460425035149e+00
-7.960523879376385281e+00
1.903122630785161107e+01
-1.180410155331777844e+01
-6.496510479884470612e+00
2.188342478367719224e+01
5.941515376114523406e+00
-2.416823476489240363e+01
6.286845049470599633e+00
5.117212689280869142e+00
1.726398933146888481e+01
-1.713865094319795190e+01
-1.307328186231384137e+01
-1.940752078070755005e+00
2.652081967545214525e+01
2.398013544190061452e+01
1.563027300299090427e+01
-2.048914222802527263e+01
-3.545253203161625066e+00
1.604258703406059539e+01
-2.431183114722379912e+01
8.987535366962930539e+00
-2.140785904271015383e+01
-1.925302040313748364e+01
9.972885005935587799e-01
-7.369474728597040780e+00
-6.590202357646433029e-01
-1.375976638401234098e+01
-1.363015072956010698e+01
1.235373047328005924e+01
-9.261591530828248153e-01
-4.487105746176666798e+00
2.217930073668706115e+01
-1.412962771170239051e+00
6.665823481467718636e+00
3.163777928350413049e-01
5.322749372609415275e+00
1.128841858937866505e+01
9.661257876952895174e+00
3.074415352560670556e+00
6.772868699405094617e-01
7.807581178115185594e+00
4.345500425724992510e+00
-1.761764187840975637e+01
1.768790587187201169e+00
6.712635097303525811e+00
8.045046255759714882e+00
9.250709601868074117e+00
9.921156942002959056e+00
2.154097849036254786e+01
-9.316679609855992084e+00
-7.355963827342414163e+00
-5.147084070023925761e+00
-1.961843525386594322e+01
-1.600771723217700782e+00
-1.858971512538727566e+01
9.106598849447387067e+00
-2.426982259394915786e+01
5.574426281518711335e+00
2.219953469665565393e+01
1.910897120881113409e+00
-1.588571866115302278e+01
-6.409976663894092042e+00
-1.779651520814547894e+01
1.647998387293242217e+00
5.792859735056190118e+00
9.022574321794621710e+00
-1.213790030629091277e+01
1.107918771254217916e+01
6.492676903612391470e+00
-4.286829145167114774e+00
7.113773404859337290e+00
5.424546817874663418e+00
-2.423230397746664266e+01
-1.575507876084201797e+01
-2.438124281302041396e+01
-9.067668186924194629e+00
-8.942818411840331549e+00
9.181104711418051068e-01
-3.552377628081771377e+00
1.917976668248596894e+01
2.456736003369996979e+00
-1.716600683301223285e+00
-1.638200423187470278e+01
6.392003465607800194e+00
-2.783282308760412604e+00
1.924585806108427732e+01
1.257858605910466565e+01
4.998466695960182449e+00
1.109941592539493627e+01
-2.029357425649410729e+01
5.392031609408256543e+00
2.844548139661974062e+00
-1.193900835811233208e+01
1.398721265325132634e+00
-1.044161831956167319e+01
2.662443849647365113e+01
4.815974578044617260e-01
