-4.974795066449186010e+01
-6.931727013506659318e+00
1.661515670705313141e+00
-8.089843784939880322e+00
-1.458531333316150835e+01
7.703181638668887388e+00
1.249147065073188401e+00
1.815773075529277492e+01
-5.007894320022526102e+00
-2.033819892939286689e+01
1.707192435307909761e+01
1.161100179718383174e+01
-1.248317988424199498e+01
5.605182472304363728e+00
-7.783080703156048941e+00
7.236291472239678058e+00
1.331263526707215306e+01
6.578191342586023893e+00
-1.505616489666454783e+00
8.185157650590419109e+00
3.920088046800842108e+00
-8.324360229492455687e-01
6.723501237142116338e+00
-2.414629385472681733e+01
1.524496665033844067e+01
2.161598217119632181e+01
2.830244572975978912e+01
8.227208434836711604e+00
-1.541363695687492807e+01
6.515035824896244776e+00
2.068347477522692657e+00
7.423129835133302379e+00
1.469975358514794550e-01
7.939712526887475974e+00
1.080943710680855219e+01
1.941754041354786864e+01
-1.715257440195399852e+01
6.104968040038386334e+00
1.637308235773659959e+01
-1.020957040247359870e+01
2.410883216354345393e+01
-2.453342129310421882e+01
-5.707709796541461600e+00
-8.655406592398048105e+00
-2.025802854856124569e+01
-9.840245361947861369e+00
-2.542633931086177768e+01
2.136288650270413569e+01
1.065377840306083357e+01
1.237449226712971040e+01
1.552939468905872644e+00
-2.822168759057746001e-01
-2.375451461721765156e+01
-9.911441589687449039e+00
2.642272907275312832e+00
-3.993481054815330111e+00
1.987129658876941818e+00
1.990694460749842420e+01
2.410240361084402139e+01
-2.055417350523224940e+00
5.303770199435824395e+00
-2.505579870710636925e+00
-1.146934142691697645e+01
-3.207853275211441257e+00
-2.249345072186542893e+01
1.909850176305288727e+01
-4.741085462646196902e+00
-7.235494998183938264e+00
-9.976084258660648629e+00
2.527704654131547102e+00
-1.902869767903180787e+01
-1.883756030821366778e+01
7.768525769229555067e+00
-1.011478274628555241e+01
-1.537277475294338913e+01
-1.302055905539733516e+01
-1.416225707149803803e+01
-1.209492937088069198e+01
-6.033594582319040001e+00
-1.641667277234318689e+01
3.228590461104481335e+00
-9.470100122336901904e-01
-1.453100626602356726e+00
1.044405108420317418e+01
2.005906164013545379e+00
1.287598274658301278e+01
-2.041030838517431434e+01
-6.263685745429281582e+00
9.959864242980835058e+00
-2.510726823783560491e+00
6.077541947443556580e+00
-4.173586825630081876e+00
1.820374400203336762e+01
-9.724693820954819046e+00
1.888824876387145935e+01
-1.895961610206548187e+01
-1.806586713923041643e+01
-4.457517340783546445e+00
4.124339205012873322e+00
-1.139041518149203824e+01
1.857971073806763940e+01
2.355948630087048912e+00
1.925087872256499821e+01
8.294837851312365729e+00
-1.607272322547804677e+01
-1.202667008000884863e+01
2.127703119535495802e+01
-1.806387289543490482e+00
1.628351522447622557e+01
9.072095676791107621e+00
-2.001617914113164431e+01
-2.001632643838481584e+01
-4.911857941102486080e+00
-1.608202309736975621e+01
2.939393083762247727e+00
-7.288513546437947355e+00
8.696207122674017853e-01
-6.581063680544033900e+00
1.815582716655150364e+00
-1.286122077579366163e+01
2.093010138998674563e+01
-1.230196858675055438e+01
2.460934089416468851e-01
2.103672271194666621e+01
5.448610075939377850e+00
-1.483484414930641826e+01
9.611154022753524373e+00
1.760302009349840802e+01
-1.497713189088229413e+01
1.596315505032508497e+01
1.302610164710492313e+01
1.687082675288044697e+01
-1.285746110405412423e+01
-4.368275532726666910e+00
2.541108082536704416e+01
-2.455586373287923152e+01
4.538517051655013290e+00
-6.673129680927047502e+00
7.989848448530146641e+00
-7.584706298986528594e+00
-6.000957199537026554e+00
1.231850025569379170e+01
-1.063760280195024421e+01
6.061378739506231739e+00
-2.017916724557192509e+01
1.204434548165981766e+01
-2.049993232939528554e+01
3.446874479863829777e+00
2.845306965987433045e+00
-1.664661359173553379e+01
1.958196131528885076e+01
4.860442525690714888e+00
7.991569953479242372e+00
1.894283095992414445e+01
5.015092448527646241e+00
9.308811609075789306e+00
-3.573380590194279449e+00
-1.767411361506601253e+01
3.804351545500338716e+00
-5.992184211322573617e+00
1.676226835884095578e+01
-1.320039448683373351e+01
1.644412205901706159e+01
5.789627176336516357e+00
-1.452009969893545360e+00
-1.320779013188113282e+01
7.976556731702018510e+00
-1.527099783776715469e+01
6.323850920602836823e+00
6.761540798275930797e+00
-9.614700530911505894e+00
-8.498973640695272280e+00
7.482741797530437111e+00
1.447244751153785813e+01
-1.130286906568930760e+01
-2.435592592725679850e+00
-2.154207863804327516e+01
-1.336661844146589928e+01
1.497754818826573597e+01
-1.516775387004041065e+01
2.600779980741059205e+00
-8.928236431871578560e+00
-1.117971371763227495e+01
-7.103490019525452226e+00
1.040352507461723519e+01
-1.166083058305934372e+01
-1.210187186472975185e+00
-6.147504760350987141e+00
-1.130454697101689376e+01
-8.259522721329517481e+00
6.218453766244429914e+00
1.059530810087069597e+01
-1.549272157841168074e+01
-1.804142752072772282e+01
1.865220537821693370e+01
1.594569943697397463e+01
6.210786410527433077e+00
1.454664947166909883e+01
8.014408898808270010e+00
-4.969587089728008777e+00
-1.114012606288479290e+01
1.471869043713588354e+01
1.865316631902675226e+01
-2.145916584862813892e+00
-7.033249381123237498e+00
1.825374826542329032e+01
3.958156575726150095e+00
-5.116696638959215448e+00
4.752601717172524332e+00
-3.667834077369178658e+00
-2.129212146073133738e+01
-3.225396934464789922e+00
2.052079354424864022e+01
-1.131302627398983063e+01
5.574229219263230561e+00
5.829186623412219603e+00
1.297299985951514856e+01
1.717962149166559982e+01
-1.230197880199360583e+01
-2.873511647213657483e+00
-2.934848745119857938e-01
1.149743196884463714e+01
-1.602720603818352174e+01
-7.934541777639175564e+00
9.098592661673393422e+00
1.068853679201143336e+01
2.558941539757903172e+00
3.298377421193606551e+00
-1.010594490387735434e+01
2.433638180667741580e+01
-1.623157613975921265e+01
2.024766585389762952e+00
-1.006717780829835007e+01
-1.567663834664866229e+01
-1.792753661168552526e+01
-1.043715288928151352e+01
-5.365104456201677863e+00
8.475433736029465592e+00
1.490463771057294906e+01
1.930555514463269873e+01
8.626048991793020093e+00
-9.948199485025902788e+00
1.318235802524222322e+01
2.618081801262596287e+01
-1.228214621010739549e+01
1.703088823811154384e+01
1.481956703907726336e+01
1.185125701466478176e+01
-2.253736838050421909e+01
-4.519276427483269742e+00
4.373936968530991010e+00
1.832430844190654540e+01
-1.735088985916811666e+01
-6.597906240599268557e+00
4.137677730485009420e+00
9.240206413150545472e+00
-1.072188679935965538e+01
9.260257667906827805e+00
6.040787252798445195e+00
1.206750864482825847e+01
-2.881011383210978494e+00
1.516092999152450460e+01
1.083531344848995559e+01
1.411068948999761830e+01
-2.234978348588526131e+01
6.587476893419591306e+00
-6.829305928656623337e+00
-2.776059922820070369e+01
-2.281924037431423713e+01
9.742801811274439672e-01
-1.658550921377928944e+01
3.266996941140583033e-01
-1.033243408780073125e+01
1.052664327017085100e+01
-1.245871064362957625e+01
6.785892311184824166e+00
2.064974856648642287e+01
-2.107821168489017438e+01
-1.755867182684567496e+01
-2.368838481222970316e+01
-7.993197274093340354e+00
-7.439622183453415971e-01
4.346228882971210794e+00
6.934219674296890901e+00
-1.078164142224462196e+01
-7.548954455195655555e-01
1.070698913343848346e+01
1.224640388368253952e+01
-4.920579530712743122e-01
4.764795436187760913e-01
-1.564642451284470148e+01
-3.011947407168367619e+00
-2.193734984253478615e+01
2.307870491791226186e+01
-5.247273034023002936e+00
-5.922281832458949680e+00
-9.685319970054866445e+00
-2.421163000768282103e+01
1.384815215613414807e+00
1.236327388640634695e+01
2.150457518388145672e+01
3.285173500706513039e+00
6.855924059293350581e+00
1.153113546018703772e+01
2.253967938415186723e-01
-6.968491717970373145e+00
2.550144836711463370e+01
-5.776587983304253271e+00
1.984525982421597945e+00
6.605659035117028566e+00
2.837113987721074437e+01
2.760338914311558511e+01
8.392946417077752130e+00
-1.423380383868688526e+01
1.840779091629315189e+00
4.840192188948094554e+00
-1.098637812132896840e+01
1.586151958339356582e+01
-1.691319467652995456e+00
2.099089442046273746e+01
6.526644305753499964e+00
6.619498732015962617e+00
-9.481301210104181365e+00
-1.314482856127837707e+01
1.824511268448362244e+01
-7.771847040101860671e+00
2.983274468647469035e+01
1.726596889706804205e+01
4.682929716007151910e+00
1.206618527514004313e+01
-1.060084697831673139e+00
-2.005306756426245585e+01
-1.431195348318309080e+01
5.248491030343821251e+00
1.918071919496981792e+01
-2.469734020137048702e+01
-1.015267669744034862e+01
1.574101315899941511e+01
1.253383626884242119e+01
-1.977366062879811182e+01
-8.405045799456722477e+00
8.641539403798027763e+00
8.309001075278345638e+00
1.902283880234323021e+01
1.186697833970456628e+01
2.166888498429692334e+01
-3.752158595158718413e+00
1.199014631505619377e-01
-2.258934441431425455e+01
1.985409646628380642e+01
-4.374879276419427754e+00
-3.807956485304696770e+00
-1.698233831969256258e+01
-1.805835906692397685e+01
1.510637139635632309e+01
9.803933665676481723e+00
1.024602003153029983e+01
-1.160970985091889673e+01
-7.576986892011245089e+00
-2.966300497775169021e+00
-2.703438610228641181e+00
1.343531475977980705e+01
2.691055828500669378e+01
-1.485711356545092343e+00
-2.594471259031376320e+01
-6.927380261292451991e+00
2.081962541473106398e+01
-5.224536741273475116e+00
1.813642178542807670e+01
-2.454069145089051318e+01
1.697369005806564957e+01
-2.626866101018222821e+00
1.549292223339225671e+01
1.368504696706294510e+01
-1.879419698163529873e+01
-3.776753758250329440e+00
3.295636488281310505e+00
9.483210966853860668e+00
-1.088462020960852072e+01
8.642988762156029736e+00
-3.545067040786257451e+00
-1.123907109911918312e+01
-6.107506567698496980e+00
-1.947647185656056479e+01
1.075784989137858361e+01
-1.204112559216580181e+01
9.617957651362871729e-01
-1.819850844654236965e+00
6.461916580264201571e+00
3.578407548369355595e+00
1.330162144175363892e+01
2.243513509316695576e+01
-4.454108507453355514e+00
-8.853744810046734415e+00
1.589672841389943159e+01
-2.258602725512634279e+01
6.643336491848714331e+00
-1.786915587996449517e+01
1.257501613415925590e+01
2.353927840641558333e+01
-1.027447498186209529e+01
-1.426634248669168770e+01
-1.622607295717348563e+01
1.033167872597694270e+01
-1.229757282480933256e+01
-3.271156445614156638e+00
9.494827131924303387e+00
-4.975010762783863782e+00
3.927129362533321455e-02
-1.857013139541656699e+01
-1.673188443202379005e+01
9.541830528339325213e+00
1.999990850821998123e+00
3.024968901317556913e+00
-1.064512412296130250e+01
-1.767089613433554618e+01
-1.936912832565073828e+01
-6.280225911811285755e+00
-9.182120730043916268e+00
-1.691454979381736479e+01
-1.653697238024219729e+01
-2.167671261914621539e+01
8.110989688633779338e+00
-3.550085687246856025e+00
-1.004783809997982047e+01
-1.261210989575342012e+01
1.044030247644322174e+01
3.025196139952761598e+00
5.545074718294806360e+00
-1.148231855360647558e+01
-1.542038336024159229e+01
8.705538971695695238e+00
1.958439686934469393e+01
-7.109843863114370777e+00
7.092980223152949293e+00
-1.126925786479418434e+00
-2.999999999999999289e+01
7.700096101864275511e-01
2.094256788736393560e+01
-3.195893528787632221e+00
1.553933808062350153e+01
1.184917991791540004e+00
1.185498285247565065e+01
1.255532778661717686e+01
-2.148206974753166065e+01
2.020875578101474446e+01
1.532164887512583107e+01
-2.424224926230450450e+01
-5.889680089246901673e+00
1.164430077080513826e+01
2.665078297975716026e+01
-2.307515600480547846e+01
-1.714220278232767214e+01
-1.644831390607071597e+01
-2.189522503859650726e+01
2.410351611293835106e+01
-7.343427404661824198e+00
-1.269512402631543679e+01
-1.258217406088188284e+01
1.899623643236382975e+01
7.708640857635167265e-01
-7.049661048059398638e+00
1.149560311720543382e+01
3.938993374327083075e+00
-3.956585899435633991e+00
1.434133898838889820e+01
-7.538201625595988276e+00
6.903814143603014486e+00
-3.075211555240215944e-01
2.211350765456680278e+01
3.533067193740009770e+00
-6.628165588205554570e+00
-2.548239773804457542e+00
-8.549833730879129234e+00
-1.046676137623848035e+00
6.292386781238604954e+00
-3.616650190134794940e+00
-2.044738213800892623e+01
1.135393751082817460e+01
-6.633065523462704505e+00
-8.647058146530071099e+00
5.268403062363063327e+00
3.672945145700580838e+00
-8.506810781118051779e+00
-4.334441973339213661e+00
-4.375630195153515700e+00
7.772652413342804323e+00
-5.728631812847957860e+00
2.716539432544145427e+00
1.239119451178332554e+00
8.158158256805798203e+00
1.107746931421060310e+01
-1.007412934353933665e+01
7.065131103734046292e+00
1.109002408132663930e+00
1.247276566979623880e+01
-1.440966596542181044e+01
3.657179785456939669e+00
4.094305801284242818e+00
7.481943938464944210e+00
1.014858119427088923e+01
-1.056472614217080874e+01
-4.878977004354538849e+00
2.075260081702320747e+01
8.433854175349644322e+00
7.505806446746149163e+00
-3.670368775255575144e+00
1.026705283746456843e+01
4.883407253724541874e+00
4.324828514783618516e-02
3.982827307908237913e+00
-1.072967620959610713e+01
-2.219921137454750948e+01
