1.361801685116731164e+01
-2.894444973388302245e+01
-3.472856931085900101e+00
6.138864793462644798e+00
7.893987789792362264e+00
7.962630308340727936e+00
1.215980005459810798e+01
-1.342449048910549436e+01
2.090856116142828824e+01
2.383594449294979967e+01
-4.371772259741387501e+00
-1.925039981347991613e+01
1.651757693792172432e+01
-2.882854184271280573e+01
-4.271592090347439807e+00
1.438853572120348190e+01
-2.368477709528647779e+01
1.159323707745322452e+01
1.016869474103170035e+01
2.727028953052300864e+01
4.583497028769272674e+00
-3.457701107927672268e+00
-6.735594848400793921e+00
-4.214275339144620602e+00
-2.530051987015917803e+01
-8.913637678836607847e-01
-5.865960218077752586e-01
1.008107910615197511e+01
1.836235459366868383e+00
1.066844752792178497e+01
1.502882753876026101e+01
-3.805083834403994558e+00
7.853150760881035808e+00
-1.763489111584842206e+01
-2.049769288451592786e+00
-2.266221194143163942e+01
2.056021682249316029e+00
-2.393503718891713561e+01
-2.963109988014516105e+01
-6.228103234897830021e+00
2.309759573194071436e+00
1.386971304086079471e+01
1.978738931233629472e+01
8.668214945255222403e+00
-8.626345840413787158e+00
-9.727315245854267545e+00
7.536948130316069694e+00
1.111999485847618985e-01
2.596581440204548841e+01
5.262622807603250408e+00
2.034235004935391089e+01
2.697450098608989322e+01
1.825902605825390879e+01
2.279375704396937863e+01
1.335208610948930641e+01
2.947472222342604198e-01
1.530858229848002594e+01
-6.835037200544181957e+00
-3.892006175084226527e+00
-5.961742216077322354e+00
8.735937840814926858e-01
8.661716209733441474e+00
-9.595067197350370947e+00
5.898422815533002961e+00
1.544491828298781400e+01
-1.271569338029404150e+01
-7.869706079160465606e-02
1.142729959623213887e+01
1.223292143951414346e+01
-1.857202510037089738e+01
-3.849227735362344305e+00
-4.227890008240340336e+00
7.313335515566642187e+00
-9.678444344285725975e+00
7.767961906209272627e+00
-5.905210304109520081e+00
2.492318300831093580e+01
1.013643202073359362e+01
-9.514965186238047323e+00
1.355863006015956529e+01
-1.290108315892646473e+01
-6.434678563322801637e+00
-2.507776253774441955e+01
-1.368740203670152766e+01
-8.382442830557810254e+00
-3.456875128432354671e+00
9.825579683953158394e+00
-2.814775178294719993e+01
-1.365160489740734562e+01
8.652512931767461168e+00
-5.562799015783575385e+00
1.252652589307426467e+01
-1.416704370388225875e+01
2.637477643762316859e+00
1.468442503443898062e+01
1.875129102181909246e+01
1.730727578016684021e+01
5.707067920734431254e+00
3.816790429115442862e+00
1.653990082569034570e+01
1.097417728129529735e+01
6.621093126680243302e+00
-1.310547095930925110e+00
1.332130907332539493e+01
-9.100367281858755319e+00
2.057032062588868371e+01
-1.283103665582582664e+01
-1.880097269372908997e+01
-2.928644928974928874e+01
-1.732226317465683252e+01
2.175469036677378654e+01
-2.913210843367654235e+00
2.904360323703090785e+01
7.963150438166870515e-01
-7.135869134635974831e-01
-1.826857828002832917e+00
-1.994621504912432641e+01
-9.223688872632187952e+00
-2.337866550808924160e+01
1.313649604531234161e+01
7.737403532754171920e+00
2.851373316267734026e+01
1.739277462322366574e+00
1.091584536880164080e+01
-6.306131431431889922e+00
4.946415815006801608e+00
-1.773316202901970229e+01
1.129371784187683403e+01
-6.366284219576112235e+00
-1.248525455999353539e+01
1.332088276397435322e+01
1.299911906124278005e+01
1.841075053572127729e+01
-7.085351755786884809e+00
1.040373746260865317e+01
7.906352805993456911e+00
8.127783054277493591e+00
-1.778196792575552720e+01
2.195428023021670327e+01
-5.487947228515594134e+00
-3.515274636260272700e-01
3.163007878675735185e+00
-1.269014043636804701e+01
-1.033652687293366412e+01
-9.125805911143277882e+00
-1.558377220760675996e+01
1.897697235815552830e+01
2.102815166171281902e+01
-8.881591242105567829e+00
1.287318329360186198e+01
-8.239612781696198596e+00
1.782198495861599241e+01
-1.182449360478031863e+01
2.760155408529641363e+00
-5.194576811670987837e+00
-1.166026533249855746e+01
1.610965573433868769e+01
-3.024098900461989814e+00
4.573248438125297355e+00
-1.317133501163361586e+00
6.916930872878921832e+00
1.639447196133858853e+01
-2.532558108487700110e+01
-1.261434022765844176e+01
-2.797178024654251871e+01
8.272782948018466698e+00
-1.660184756958870267e+01
3.994119291199297095e+00
2.380998726114228248e+00
9.251557199747935556e+00
-4.615096884934978050e+00
1.812543216064522511e+01
5.583640681292116881e+00
1.604917697985047909e+00
-1.417570032150651116e+01
4.005783613192910764e+00
1.743684074570430909e+01
-4.721247346303627523e+00
8.329762396747625530e+00
1.131719822017784338e+01
-3.803486746371230964e+00
-4.957662663670888037e+00
2.263739010466927937e+00
-1.171453624841409891e+01
-1.506203683067945320e+01
1.480959758235717061e+01
1.642559964088548696e+01
-5.135729053625112783e+00
-1.610215224790003319e+01
1.005002015110092373e+01
-1.412599684283487100e+01
-1.626871127590306898e+01
-5.508736119348778715e+00
-8.343445779197953271e+00
6.900451689695188406e+00
8.854899837723998246e+00
-1.261132272090595663e+01
-7.775219800259311143e+00
1.815618092985188525e+01
-1.182593299909877160e+01
1.351893880146162985e+01
9.137674297670073997e+00
-1.180070624511425237e+01
2.279051657852519952e-01
2.586727092860972732e+01
-9.686415086378730166e-02
6.410832244781360600e+00
9.534028617231186331e+00
-2.105854632634120094e+00
1.782053883392870830e+01
4.204247048420469923e+00
-7.830932594703483574e-01
-4.696270064105895869e+00
-6.052150696418269860e+00
-2.166105773030415094e+01
-1.481322031810030460e+01
9.631895018858728008e+00
4.954955165785953852e+00
3.310684671523837608e+00
2.280213952285358658e+01
9.294739369778739047e+00
-1.763870364783647915e+01
4.385489409163035646e+00
5.956609769453478975e+00
4.924516478884179094e+00
1.943267122027879168e+01
7.935187960262510387e+00
-2.480162120256603231e+01
6.223831958495352978e+00
-4.155275172210799894e+00
1.532346876040403316e+00
-5.295145603088506903e-01
2.589888717915187044e+00
-4.686634629382883332e+00
1.949154085857429664e-02
1.649189512240779720e+01
-1.722384901464605633e+01
2.012494805862457525e+01
-1.609245364458654137e+01
-9.146640552574915262e+00
-7.860500196305071796e+00
1.077704701001039922e+01
-2.599127553526692225e+00
2.632972969304105959e-01
-2.983536120246142787e+00
-2.532321549228448987e-01
7.591206985036293986e+00
-2.784257626320479773e+01
-3.245954949773015130e+00
-2.990745280953452223e+01
-1.621603371709124275e+01
-1.912350619480064751e+01
4.157225727477431576e+00
-1.195724593914917477e+00
1.171852359512873676e+01
-1.907142993642142415e+01
1.330069642678601127e+01
-1.352158171152126798e+01
9.522517868658148643e+00
1.368185085944084278e+01
3.359640119953603232e+00
1.565329429160304642e+01
-6.921376708860904614e+00
2.881167705991508399e+00
1.984482619303304318e+01
2.473092017060196213e+00
2.999999999999998579e+01
4.833432399836425475e+00
2.013657823975442795e+00
-1.922199796019441465e+01
3.185822739666335224e+00
4.343289766550441300e+00
2.108515781661515121e+01
2.704614671508352330e+00
-1.060008429922042694e+00
2.341773393095371603e+01
1.585361254955398636e+01
5.702097285960945783e+00
-1.348119386597431912e+00
7.059664092351255249e+00
-1.151790057183873373e+01
1.315959707844288573e+01
8.001484153130427046e+00
-3.025338655080471284e+00
8.653913378112797261e+00
-1.389939862295958406e+01
4.715511000873796377e+00
-1.084029725609054751e+01
1.479442035747485562e+01
2.367878187777461818e+01
1.199761191454481235e+00
-1.218627231760559937e+01
2.258231508782054675e+01
6.770221120317074792e+00
5.953993251144510168e+00
-1.205749739425533562e+01
-4.098246625530812537e-01
6.957722380064183199e+00
-1.155712482128298646e+01
-6.598843081067439442e+00
-8.904194130834884646e+00
4.162662522086861827e-01
1.843551700902725798e+01
-1.956471578424514490e+01
1.024027049325795957e+01
5.581396926734498720e+00
-1.211476230055776782e+01
-1.937981522311819305e+00
-2.412094876418890976e-02
-5.062183838326205887e+00
-2.077557858711131189e+00
-3.600421158382587805e+00
-1.763661424270241085e+01
8.457662058853543385e-02
-1.854556465310757574e+01
1.143531799723554343e+01
8.017281789230644051e+00
6.894844744525400415e+00
2.142341321541700694e+01
-5.518171151993627177e-01
-1.838796743337653083e+00
2.157518988011744909e+00
-1.420291342866925355e+01
-2.984187407451681651e+00
9.988558652369533775e+00
-9.908645696475947062e+00
-4.327476767966274451e+00
-1.348300611110182246e+01
1.277632053482307128e+01
-1.213076864428698443e+01
1.220045786993348713e+01
-5.077567809524467179e+00
-1.392242608298296958e+01
-1.316168631221862739e+01
-2.049484715142990154e+01
-1.220674524140412132e+01
1.607525844290449157e+01
-3.683967564032027298e+00
-1.910999652431391738e+01
-1.986071641220515716e+00
1.827265280843332107e+01
1.044774772257338213e+01
-2.619355178568266496e+01
3.780647692807903582e-01
-3.731711750223638546e+00
-7.711547283127075048e+00
-1.384879856341670035e+01
8.409718759194731774e+00
1.277190141462924089e+01
-2.489302316068318532e+00
-1.005317949142790468e+01
2.124239709288131905e+01
9.537989903926700208e-01
3.329110904624556611e+00
-1.198613176831623761e+01
-2.550899989904017673e+01
-1.651133284783698230e+01
-2.155527230394866933e+00
2.315487367936988505e+00
8.133794586211386957e+00
-1.180723944919125401e+01
-1.335549942792322042e+01
-2.410219869235973533e+00
1.696922719218571984e+01
1.725235606789217968e+01
-1.506474843443495359e+01
-1.819293742244463630e+01
1.733805090327972209e+01
-3.593634609716971795e+00
1.701704548914346304e+01
-1.823781784285081287e+01
2.610838095939537595e+01
4.985373204947116221e+00
-5.120609326348052548e+00
2.243565137452565494e+01
-1.166436990505295057e+01
2.906668454636424315e+00
-8.570220173280901577e+00
-1.664215033537487898e+01
-1.030946035496044999e+01
1.868555622679426165e+01
1.434542633116009824e+00
-3.996624471264400569e+00
-2.884925809667713281e-01
1.224183169637521473e+01
1.595130611993584324e+01
-1.199694486820348160e+01
2.956579964524912896e+00
2.000170656213636278e+01
-5.694307317317864658e+00
-2.442881602606203018e+00
1.395150282472059189e+00
2.735924839898360972e+01
-1.012890596742601446e+01
2.051185201364268806e+01
1.425843935528535411e+01
9.659560523986755243e+00
-2.590204497307553311e-01
-4.959020560528127675e+00
-1.780974251423861787e+01
-1.561527820533289912e+01
9.074761209697598474e+00
7.192344687139417658e+00
2.167633831221767338e+01
-3.972570566958815164e+00
-9.552443506777322568e+00
9.270820675305401437e+00
-2.129946716362920967e+01
-1.929372058830560377e+01
7.531193530583777829e+00
-3.433285035154366227e+00
-8.777606944586739957e+00
1.460461735742504175e+01
1.182011651471005109e+01
3.495610425913717734e+00
1.191909658801842653e+01
2.508231481172842336e+00
-1.329911318500152362e+01
-1.191115809839395467e+00
-4.782376885883742546e+00
1.152566561500159992e+01
1.481619973195592621e+01
3.309103102349546077e+00
-1.113470197203424661e+01
1.423452642953988345e+01
4.509187616508164353e+00
-1.814860027375073770e+01
2.643446092055441454e+00
1.036731428210002548e+01
-1.908666496168440219e+01
9.343885755246638780e+00
-4.913568734094745594e+00
1.545462753865325567e+01
-8.275434301416204619e+00
-2.894033813635761376e+01
1.858250143934011334e+01
9.658371564770092732e+00
-6.214223420550116117e+00
-1.044046379576552752e+01
8.447270747977924543e+00
9.686654706007274740e+00
2.850427959133902789e+00
1.543465652966048651e+01
9.188146242247995588e+00
2.264287791708617448e+01
-1.300329193650011561e+01
2.927906562630752774e+00
9.906645831951017556e+00
1.138283251728575607e+01
2.936326827151418684e+00
-1.330292220825850080e+01
2.599786354677348754e+00
-4.323921128347283371e+00
1.173275912902589369e+00
4.030297091582461633e+00
-8.022020334882235204e+00
-1.370406182136891715e+01
2.055443488302255162e+01
-1.599546990187405981e-01
-1.269587487000900694e+01
1.882070593964133565e+01
-9.020849136244351030e+00
-1.072083142892960694e+01
-8.209213814604670034e+00
-1.343106887183740028e+01
3.940911994561162146e+00
6.852562296661652397e+00
-1.785578836971197347e+00
1.309758776325871565e+00
-3.175269477135966412e+00
-2.918156215441172208e-01
1.916358975436652656e+01
1.643205851139604334e+01
-1.211013420042329969e+01
-2.135573506449839698e+01
3.835056835693755772e+00
-4.111417054369780999e+00
6.716977441828724693e+00
-9.499194997139106533e-01
-1.139084316068284508e+01
2.040304639459670000e+01
-2.294334656193155553e+01
1.514190614428873971e+01
-5.484064962746373340e+00
-2.264081753234792060e+01
-9.243528606845181628e+00
-1.901422746131762409e+01
5.803942423710459764e+00
1.113461455574989856e+01
-4.586371561069018554e+00
6.501534491640150293e+00
-1.281961873144802411e+01
4.359326054643062776e+00
-2.010921509516881045e+01
8.876489772360820041e+00
-8.137100101403451191e+00
2.061841848435171443e+01
4.781092200334171594e-01
6.745634110110316328e+00
-1.840326978848160877e+01
1.348401066827931061e+01
-2.615988910029148329e+01
-1.690510848612803585e+01
-6.362380401196993773e+00
-1.264773851316202524e+01
-2.603704151821695234e-01
5.802490148530438319e+00
1.941862980090058954e+01
-1.158816196745814864e+01
-1.687811203660380244e+01
-3.807384334260945025e+00
-1.496267192926534229e+01
2.018755346973501474e+01
