2.282658147187422060e+01
-1.741131853984121136e+01
-2.340110968691328353e+01
2.704880036676845378e+01
-7.922770102391261560e+00
-2.474444279920539103e+01
-9.738530035272734864e+00
-3.590172420306036116e+00
6.327273704139159349e+00
4.706956038894013261e+00
-2.023387924730479170e+01
-1.847080961325000459e+01
-1.081007339036781190e+01
-2.151849193383654324e+00
-4.100199475025632978e+00
7.522534377897727609e+00
-1.023251006470089663e+01
-2.933754927772376675e+00
-2.043363518589418604e+01
-2.582594843312591593e+00
-2.467149721936307216e+01
6.892141954125918346e+00
-2.047021869837096730e+01
2.065025395383037221e+01
-3.833729549537139292e-01
-1.842447849117627001e+01
4.826400898683395724e+00
-2.685685425961747086e+00
1.509725371948437811e+01
1.584733876949284337e+01
-2.451437492085529612e+01
-7.463870258171382943e+00
1.432628214088463636e+00
-1.427683073127127322e+01
-1.476351011486010556e+01
-6.149550147903433128e-01
1.670359503471319584e+01
-6.121785357984990128e-01
1.376889968909662088e+00
2.465664300198583447e+01
-2.079769055722434246e+01
6.736435361081532847e+00
1.319994976436063894e+01
2.179658485166122261e+00
-9.267058425163444468e+00
-6.228739919873589770e+00
1.220823645037689431e+01
-1.085373414663798997e+00
-4.688446754616190759e+00
-1.392693408216132411e+00
1.253400775386967325e+01
-8.735134444750691785e+00
1.699248982182677281e+00
-4.091798082501235001e+00
-2.932074162866759792e+01
-2.642160007816028866e+01
2.615304693335723130e+00
-2.286160307763083210e+00
-5.368083761145818755e+00
-3.083303558372669784e-01
-4.487439740919505482e+00
1.946868523275231411e+00
-1.142760709733451918e+01
-7.461830522770693364e+00
-2.086453885002640618e+00
-9.760463918900523339e+00
2.527267947214885879e+01
2.644712478366635366e-01
-9.806838059582581479e+00
-1.589273514119774688e+00
-8.738442843028018103e+00
1.002843697500340880e+01
-1.555575842790361563e+01
2.344242568582386355e+01
-1.973137263214928083e+01
1.533552801712680491e+01
-9.948326984594853428e+00
3.860058235639556301e+00
6.408025582094388994e+00
9.083376403995650605e+00
-1.437351889703406371e+01
-1.681681925914760711e+01
4.626533352583457770e+00
1.941854102442564312e+01
-8.008599747565394722e+00
-1.961064528790886285e+01
1.318690302321851959e+01
4.922466864719453383e+00
-1.295164980908973718e+01
-5.341779199612012974e+00
-2.949464283213186988e+01
-1.005557632158005532e+00
-1.147437757600919284e+01
-2.193380016944733057e+01
6.271226262447846977e+00
1.557030079572659531e+01
1.530493532693547820e+01
1.028976582674414431e+01
-1.643971831171113251e+01
6.448695969978246012e+00
-1.503772543264961570e+00
-4.377817381929848040e+00
-1.626818109129721890e+01
2.438955885179498750e+01
6.060781033278026086e+00
5.569793060670768625e+00
2.026989743118372900e+01
-4.167730131007573391e+00
3.136893012430583383e+00
-5.437944638206818837e+00
1.549325189727626650e+01
1.399240347800022732e+01
-1.374382031905084034e+01
-1.830462706744261325e+01
-1.427295651522131514e+01
-7.501785001341701786e+00
-1.959514057426143907e+01
-2.751178928766690746e+01
3.409263652121119037e+00
-2.077248385215332149e+01
-1.458324436713095018e+01
-1.028882707650189232e+01
2.254457725644567745e+01
-3.660840554154997761e+00
-8.931481523987965687e+00
8.018814743338495532e+00
7.816084805755316722e+00
-6.468002198911129597e+00
1.756800529992940341e+00
2.084733671672400135e+01
1.589450601720884748e+01
1.468931668003916968e+01
-1.728303935183060958e+01
2.117724773926637027e+01
-7.761085133915262446e+00
5.554191257386037250e+00
-2.333938930596143990e+01
1.165123723301557845e+01
-1.367439942881522441e+01
-5.638601304549126780e+00
-2.456254561049674123e+01
2.077657612629352002e+00
2.324390652306527727e+01
-4.383766568011040476e-01
2.330062700625013861e+01
4.958081619247614924e+00
1.155205123619950314e+01
1.695682033183439330e+01
1.904852454684900209e+01
1.030237854319765489e+01
-2.687081289653882621e+01
-1.144045242992726941e+01
9.011788805306579775e+00
-1.909335135967747732e+01
1.046829870229250048e+01
1.250140963783609038e+01
-1.277941644303751190e+01
1.729793724876028449e+00
-5.822924357194136036e+00
-2.883195251021913208e+00
8.734177379199117297e+00
3.869820850219866770e+00
-9.072522687057549717e+00
-4.596417672515965336e+00
1.364017360797212319e+01
-1.388651119174871695e+01
-1.075170567480364525e+01
1.070199655445107112e+01
1.324396275482438057e+01
4.519226087194262220e+00
2.308813778492705637e+01
1.117029095508925707e+00
9.675302334560406337e+00
-1.022766817639340786e+01
1.747980397447565082e+01
2.064579181170111610e+01
-1.952106176964140616e+01
2.450605360721937842e+01
-1.371387690676881732e+01
-3.718756995101077933e+00
2.356880621533794340e+01
-1.081362735618746385e+01
-9.879714726362077926e+00
1.279215579069589381e+01
2.271424504925835208e+01
2.113872857225226198e+01
-4.508383475573189969e-01
-1.436058756490156973e+01
7.319413237321299448e+00
1.137637976480230861e+01
2.158557013152241666e+01
1.705342500872892231e+01
-2.276038802239709824e+01
-1.077315500727064190e+01
-3.094774341332112044e+00
1.882226570284329625e+01
-2.654515287369793697e+00
-2.631457853786140788e+01
1.056000343242347128e+01
-1.813201468364317037e+01
-9.934486683387813599e+00
9.251410301830254923e+00
-1.871740220630549700e+01
1.748183775255658645e+01
3.209152913762395087e+00
-1.623130798049167467e+01
-2.887619560896059667e+01
1.949994126130268057e+01
2.826214279079358960e+00
-2.100053271024652091e+01
-1.205996502833161799e+01
-1.712377375234935784e+01
5.530281991334078384e+00
1.743632830152807855e+01
-1.427504351963200513e+01
2.869900124730250468e+00
1.109511386465251803e+01
6.208241873218156570e-01
2.101587556857060690e+01
1.551539205280130318e+01
3.137983628933262992e-01
3.923819599504724920e+00
-9.363388666914527647e+00
-2.457391410900598316e+01
-7.343910251277915080e+00
-5.821280463825303286e+00
1.502435793789410923e+01
-1.176278508385089339e+01
-9.985770936056706404e+00
5.690045698274886377e+00
7.200050902085578741e+00
-2.599891378580061030e+00
1.003324976188901019e+01
9.733921297967526698e+00
2.160629422762018947e+01
1.118638952178947932e+00
1.998848911842637222e+01
-6.125710950928258569e+00
-1.848490791956627888e+01
-9.121017174367434421e+00
-2.364610981961844161e+01
1.250128662618660513e+00
4.445089363835634799e+00
-9.516605083739559490e+00
1.852276141504918172e+01
-1.791543883425428874e+01
-1.529984433255009435e+00
-9.211523255222822115e-01
6.679727502230555558e+00
6.907972981644967092e+00
1.109176166950661013e+01
-1.739097886539676097e+01
2.698443417735646221e+00
1.420014748489052181e+00
-6.800766538463392408e+00
-3.526416687580177012e+00
2.176683250291557670e+01
-1.068407495118969663e+01
1.531205881539076330e+01
1.954654694915806346e+00
-1.326294398296003152e+01
-2.212207996741258142e+01
2.120948731971466827e+00
6.735583210636903573e+00
1.020554176637499211e+01
-2.242020284984901579e+01
-7.199124715815369058e+00
1.703604284955606119e+00
-3.079995593159882361e+00
-1.211521879727639472e+01
-6.727665961989494292e+00
2.977499881759570854e+01
-9.497981574255980775e+00
1.512916454767037777e+01
1.940396716696563573e+01
4.950758305368736956e+00
-7.305070962369857313e+00
-7.040186732361839006e+00
-1.507457873021630235e+01
3.689044863430972043e+00
9.143804549020629224e+00
6.243098158924048846e+00
2.007833106575142779e+01
7.525849430346440272e+00
1.982486399446543146e+00
-8.825749143602607205e+00
1.513989695161582461e+01
9.809800948799612286e+00
1.462251476379937287e+01
9.556679421498543547e+00
2.361525703658750786e+01
-6.686884904195455448e+00
-7.465117792223352922e+00
-5.931211481113141559e+00
-2.786309569870055469e+01
1.726025447136051127e+01
-2.286597950740765128e+01
-1.658430363550039033e+01
1.338524214669763523e+01
2.129790302199709373e+01
-5.689360005600548220e+00
-3.182765181016847578e+00
-7.117973378429820031e+00
-8.022076720686474260e+00
1.956742731145070024e+00
-1.873435019084155329e+01
1.703797860295672706e-01
-1.295158315388223613e+01
1.218675641010032962e+01
1.026560065257933019e+01
-1.645958376749266705e+00
-1.085804043448618117e+01
-3.844718161593124961e+00
8.943550800716572269e+00
1.122110953931934318e+01
1.624610019768184088e+01
9.669798606755520609e+00
-5.203517101958521351e+00
-2.006753047349848273e+01
1.851469574319440170e+01
1.366633357637061152e+01
-3.000000000000000000e+01
-1.601985753914373589e+00
-2.085749241450033509e+01
-9.559366915288975974e-01
3.720043861172939614e+00
-1.073548757243884211e+01
-1.375399182878090443e+01
6.145692169728143028e-01
3.626446023529645402e+00
2.555155752585102391e+01
5.054502723276250720e+00
1.524349880720982497e+01
-5.009294164368604640e+00
1.026090747754704324e+00
6.245960070491051397e+00
2.138426161968546069e+00
1.339938875024123632e+01
-2.473794129708848288e+01
-1.720690260744723332e+01
-1.764091312600814376e+01
9.988837642216964241e+00
3.926513707070213854e-01
-3.458588382129782701e+00
-9.278215808919725305e-01
-3.639198230904355569e+00
-1.699980951976640142e+01
1.654975578536163994e+01
2.470774082747709599e+00
-2.915642682299690591e-01
-1.061416771438408446e+01
1.594785234326630530e+01
-1.824221707594297470e+00
1.081712900810464362e+01
9.678291454638255686e+00
4.945628152842893144e+00
-1.233722073427460586e+01
-1.349520173361877795e+01
-2.336065484797527603e+01
-1.724326763702450549e+01
4.415273457547463920e+00
4.769476398584373555e+00
-6.446338353767433915e+00
1.716473412739028959e+01
-1.025428569774594223e+01
1.872862367346741053e+00
-3.403717005012243391e+00
-1.028583139277904479e+01
4.489408122489827235e+00
-1.341636963232729585e+01
1.157747899183362961e+01
-1.827686796336744735e+01
-1.683832013763222690e+01
8.662562337195787165e+00
-5.305029384731632547e+00
-6.113731799657657007e+00
8.307060804388619601e+00
1.841277529586398742e+01
7.669652018402047133e+00
2.263078611629234160e+01
3.470806762534394352e+00
1.996242297423291490e+01
-1.677400643826030091e+01
9.323875263336638852e+00
7.666677373408660401e+00
1.930584007331290763e+01
1.466113882642624588e+01
-8.591188888711212002e+00
-1.763053114026707391e+01
1.982337579843734687e+01
2.035175081537845188e+01
1.460996652706162990e+01
7.361269871605735204e+00
1.645108946461175492e+01
-1.075585069427280160e+00
1.163963500494617875e+01
-1.855837859523652611e+01
-1.996783630517134611e+01
-2.569458979277214894e-01
3.960272403821605280e+00
-2.173761303471053452e+00
1.455767859302589073e+01
7.933577842138738845e+00
-9.281554854921232334e-01
2.608863982793038616e+01
-5.616087750683067981e+00
-1.048311160825088351e+01
-1.764107076110210670e+00
2.253002720029072492e+01
-8.746655799508246787e+00
6.526574127524760627e+00
-1.028198311038570978e+01
-5.882585396629920638e+00
1.542518833849108262e+01
2.900464830192907328e+01
-2.071895970091376782e+01
-1.310616858442174504e+01
1.303757724004177021e+01
-4.229818763052776376e+00
4.425002289535406419e+00
2.299730709133465467e+01
1.424116671552780389e+01
-6.410514051439495375e+00
-1.244503181919095880e+01
-1.419664158932902609e+01
-2.431508816243290738e+00
-1.124533801894942542e+01
1.270866125134947566e+01
-1.899532019164299257e+01
1.715901011895699924e+01
5.117846577261531138e+00
2.561647697848788141e+01
-8.306519632237151285e+00
-1.948469553420705580e+01
1.589982424644865944e+00
-7.541226399264502334e-01
-5.990686178241322324e+00
-2.465958241759206970e+01
-2.220404256662079234e+01
1.752320264599971011e+01
-2.271209869371079293e+01
-2.829947712737200760e+01
-1.996716204972323894e+01
-2.274949296678279964e+01
1.125727243679477851e+00
-1.635827169254063307e+01
7.606235726440090161e+00
5.877870170217711632e+00
3.924258062823341220e+00
5.730381996692827329e+00
-5.219511078372388369e+00
-1.473740292158902321e+01
3.223837285060490387e+00
1.084324529410297089e+01
1.566089222641744527e+01
8.162917238684997301e+00
-2.066721181233681648e-01
6.463962692848198799e+00
-5.567647012140458429e+00
2.069547024256326750e+01
-2.133702410723405052e+00
-2.071762048309530257e+01
2.078666172950923396e+01
-1.557634247048162734e+01
-6.245460759600689471e-01
1.708949192125614758e+01
-2.649589121825969329e+01
-9.580076714628035006e+00
-1.378346309916214807e+01
1.130185554624433308e+01
9.134744449428630730e+00
2.976819340044777107e+00
-1.366062725946714451e+01
-1.535478913271390233e+01
-1.426119854760511174e+00
-2.303598421911399186e+01
5.119527783472257454e+00
1.350981377910294867e+01
-2.100966674454086203e+01
2.392797274306254707e+01
8.857727342988034991e+00
1.703066005673962735e+01
-1.844233842555670222e+01
1.895656229945389981e+01
1.625440513418259769e+01
1.120042000636716750e+01
2.254408336918476152e+01
3.912908176234495272e+00
-1.948880028116240481e+01
-3.712984946259883401e+00
-4.629141601557897445e+00
-1.140870910275086558e+01
1.140820489763100198e+01
7.704351492339455376e+00
1.858112668782573706e+01
5.888114143438315295e+00
-6.771229404556912357e+00
5.287116802038347885e+00
-2.219578195868984238e+01
1.517255386988036747e+00
2.008285653456614739e+01
8.063923231690075966e+00
-5.571264686836556734e+00
-1.194028187444300215e+01
1.810629289499069472e+01
4.823870776502104718e+00
-1.321458045398960479e+01
4.106938743668749225e+00
1.087323625529749904e+01
1.422524265782331554e+01
-1.512306378180813482e+01
2.267722617346017699e+01
-3.903767662346677270e+00
