3.692350774146055414e+01
-3.123018131014591603e+01
-1.516193472159929811e+01
1.437734282900826344e+01
2.643236310968077873e+00
-1.937034728883535450e+00
5.235430398361899051e+00
-1.625064055637673732e+01
1.901617345771023082e+01
2.213688865706424735e+01
-1.657983255984031956e+01
-2.582949498950157263e+01
1.540295734542983297e+01
-1.918421894846049724e+01
-5.727285035754974274e+00
1.294978010623418641e+01
-1.812364622148493254e+01
7.091663267002005000e+00
1.441358421091788244e+00
1.471698590887309166e+01
-7.486783773417290178e+00
-1.895985870955097852e+00
-8.068447465850010047e+00
1.303617414384777362e+01
-2.584363042816956124e+01
-1.866619215220001138e+01
-1.114173429555921757e+01
8.786093665771957717e+00
1.132194227497376460e+01
4.070560407816188331e+00
6.924831055284386139e-02
-3.917625225150352719e+00
-2.681523985812074073e+00
-1.691606731567750899e+01
-9.519951541300230247e+00
-2.332655507571879738e+01
9.401986274405288668e+00
-1.177293037466773740e+01
-2.468120086958786530e+01
8.347142748819685210e+00
-1.257351620980128715e+01
1.478339222112817453e+01
1.419923172168695658e+01
4.432318559043288531e+00
-8.533583728756219955e-01
-5.076544347132401214e+00
2.128651603718585505e+01
-1.234132594266595007e+01
9.209549537076902936e+00
-1.962961090173688916e+00
1.574822080451813378e+01
1.438731980553157541e+01
1.982775059319349964e+01
1.167926078670515011e+01
-4.724980590747627218e-01
-1.003477045063000261e+01
4.674776837125477869e+00
-9.269138841273967699e+00
-1.057074698699286941e+01
-1.015619135562380038e+01
-1.026748668351615379e+01
1.900067367609441504e+00
-9.928599506912227923e-01
-1.034482729968182468e+00
1.950273319178401721e+01
-2.145460389305297255e+01
1.411087575578552844e+01
1.430225479685387313e+01
2.710786504340546799e+00
-1.979693046765020625e+01
4.581890288643641895e-01
1.064410853219708031e+01
2.141982164325909821e+00
1.860893310337203843e+00
7.130965741664851976e-01
1.259118968159928897e+01
1.790298330482386291e+01
1.385716693360772211e+01
4.657298350247522478e+00
1.596554531540281374e+01
-1.305711916204810663e+01
-1.327993561601253347e+01
-1.327322192254846200e+01
-1.129127816412707475e+01
-1.340554715690049647e+01
-1.222603459595875464e+01
1.371101878313452005e+01
-1.377293586619401111e+01
-1.968440774792875558e+01
2.817005384687014669e+00
-1.891419114741245266e+01
5.456001320556296719e+00
-1.600857829477811833e+01
-8.176346827169748366e+00
7.490948073336191726e+00
2.335036122166311401e+01
2.659287212276176149e+01
1.119257408625239236e+01
-1.250137225275738828e+01
1.284873611475925514e+01
4.222157952348304377e+00
-4.993253685479288606e+00
-1.394869595365220505e+01
1.510786025972203817e+01
2.779923462730067740e+00
2.159475381738098321e+01
-6.405810246202470637e+00
-1.356959690342511848e+01
-2.598259769873770608e+01
-1.096257627060139583e+01
2.296211102350901712e+01
1.055400576952911962e+01
1.694426543915441385e+01
4.327412189639467499e+00
-1.270421793927537024e+01
-1.550426230814966999e+00
-1.957988610378629346e+01
-1.400974692372667185e+01
-1.594226131429119420e+01
3.729812538471037442e+00
-8.457841623854587709e+00
2.069923521317480208e+01
1.091422991052906610e+01
-2.119602990110827534e+00
-8.379396810353917147e+00
4.240180250816194985e+00
-1.253829612777308355e+01
-4.226493723676824743e+00
6.007470645324048064e+00
-2.545285858068002227e+00
1.121763022941487264e+01
8.364353707454426967e+00
9.223338033914792788e+00
1.452568737176427760e+00
-6.540875390682199253e+00
1.786514326113795903e+01
-1.063125490049498012e+01
-2.811838220897062257e+00
4.760003292725059509e+00
-2.581285953821431889e+00
-1.082916277077124789e+01
-9.533948593263115612e+00
1.462864152137441920e-01
-1.031743388925868743e+01
1.013042281796813171e+01
-9.050050839254982549e+00
1.929420051769191247e+01
1.576345889492321817e+01
1.299386770600442276e+00
1.227843235065401473e+01
-1.993021497685243304e+01
3.085608404762567147e+00
-3.442948731722967892e+00
-7.406837640343180595e+00
-9.499102547564515220e+00
-1.111378017590578793e+01
8.711615625944830299e+00
9.985140634182826602e+00
3.113366935164521010e+00
1.202902870152900761e+00
5.323119773997589732e+00
1.014839087725648881e+01
-2.592222819551319546e+01
-1.298478964022881854e+01
-1.397234896390701664e+01
1.046723364305202608e+01
-2.097615838427691415e+01
1.433934650665605659e+01
1.174418472326139096e+01
1.121986437821788485e+01
7.864216848284904415e+00
1.265490882962788532e+01
-1.650215446166463096e+00
-1.035826088581608673e+01
1.635702064317975157e+00
9.362113528853150513e+00
1.059830941161278872e+01
1.227422168367519362e+01
-1.078080171052140557e+01
8.773360636899809606e+00
9.267286928846644400e+00
-2.534736850931210483e+00
-5.158205175473664639e+00
-4.398984892179985451e+00
-3.728752072645953319e-01
1.600545992289536912e+01
4.443364681598339416e+00
1.409536309737365656e+00
-2.168747106764485011e+00
9.701957140429612991e+00
-3.726295128442952631e+00
-4.845119261789900378e+00
-5.056360185598531842e+00
-5.005244300703495242e-01
-4.141407630268481910e+00
8.218810662144427681e+00
-1.519918512863513627e+01
-2.131018964456255915e+01
1.591612726577896098e+01
-6.848530333151916949e+00
5.561761664197867105e+00
8.420168860619106965e+00
-2.181388330129094655e+01
5.068834427884567617e-01
1.658053546592852712e+01
-6.731502508233951687e+00
-7.214012886395600788e+00
1.908745572441972627e+01
-9.393537330089646531e+00
3.082552516119747565e-01
6.248812059099257965e+00
-4.555398762182534256e-01
-7.498125251513130252e+00
1.074574794681786472e+01
-1.947080876986364828e+01
-1.190401328425912908e+01
1.180149129847503531e+01
-4.453504699496932062e+00
1.566122144128801352e+01
1.984996780745662903e+01
1.401637502871657404e+01
-6.749381872969014040e+00
8.916307763835341405e+00
-7.532309691554530673e-01
2.490424164512276661e+00
9.059952938599678873e+00
5.054967359861599618e+00
-1.923935847364037954e+01
7.328100227776161546e+00
-7.796092564317213203e+00
1.295686254798475545e+01
4.848042754143385480e+00
4.299081542674080936e+00
4.282240824648837929e+00
1.143228712097426580e+01
6.908215013635675916e+00
-4.657055075741908468e+00
5.360668407143833747e+00
-2.593534978768625621e+01
-1.441958903985153917e+01
-2.202461849302244445e+01
4.098811714367514014e+00
-9.298660433636456446e-01
-7.868358158649389367e+00
4.341934845517862129e+00
-7.368269380748088793e+00
-8.501892091666682916e-01
-2.634295584347540853e+01
2.335678637748259234e+00
-1.381497266914233890e+01
-4.623347949566603887e+00
-2.024248702470583794e+01
1.371234352453063821e+01
1.071447496844714919e+01
-3.022702593121515235e+00
-2.116569155797365198e+01
1.469015874884626527e+01
-1.434363113001238155e+01
9.977260045236121755e+00
1.823753193754683366e+00
4.015805007665065318e+00
-2.343073370495680763e+00
-6.894432863144341894e+00
5.424000672571068549e+00
2.519789483636930782e+01
-4.919278902834179235e+00
1.487344599448017846e+01
9.248933802843453122e+00
1.322173341951392445e+01
-1.495964084484721290e+01
1.662770382822305493e+00
1.306206607041141865e+01
1.801572492132338965e+01
-6.155281512796939580e-01
4.704040148884601535e+00
1.445950622328812329e+01
-6.581480211761281396e-01
1.325965645732348008e+01
-1.770764969971050817e+00
1.563067280507444679e+01
-3.475255251419262947e+00
1.665317005668288175e+01
4.518807070940553672e+00
6.324544415589564039e+00
8.294847749722798369e+00
-4.544377296508461228e+00
2.836094365723539568e+00
-9.577799006517018654e+00
1.723859040296297707e+01
1.593523778350544973e+01
1.480533152854759038e+01
-1.596822491407327860e+01
1.851598418899102683e+01
-2.626648684554030666e+00
-6.382649995092027240e+00
4.872735720869712850e+00
-9.258240263276750426e+00
8.158882264722997490e+00
-6.817794629779125870e+00
-3.281619247613715373e+00
-1.269357306994125523e+01
-7.609239909724202278e+00
7.698907043651779247e+00
-2.333624402599622982e+01
5.969941076886883025e+00
-1.673559575457620241e+00
-1.493492515322477310e+01
2.933393200635400433e+00
-3.022771429729260717e-01
-2.907193218574128935e-01
-9.688199197687197284e+00
-1.508726263067980433e+01
-7.735692474963379084e+00
1.582404657875397902e+01
-6.106759991061394999e+00
8.774824248039905683e+00
4.281356508118967952e+00
-9.972955832725261871e+00
9.290369734066509011e+00
1.953496627770231697e+00
-9.215276805405707705e-01
-1.203263430968052106e+01
6.929351121933962077e-01
-4.350933137921700222e+00
-2.999089859328151420e+00
-9.429715091835880969e+00
-1.494518119965716529e+01
-2.105271564508206694e+01
1.173407562723988917e+01
-3.331203260041601055e+00
1.862160159797058867e+01
2.829208853635876153e+00
4.282772571938991746e+00
-1.113004122019448161e+01
-2.350179041808584657e+01
2.825812770443981492e+00
2.005291213804769512e+01
2.936867289367839362e+00
-2.563366757613475500e+01
-3.620488485019169644e+00
1.055308819923547503e+01
6.793298210698317519e+00
-2.178342253456021638e+01
-3.322342179506222237e+00
-9.473929554241681927e+00
-7.245334859043392584e+00
-7.672031568655864220e+00
8.792743867520719903e+00
1.590141716727617904e+01
-1.428354700536043254e+01
-1.528422515734617271e+01
1.771078371723685052e+01
-1.769712019764941857e+00
8.214653451569041920e+00
-1.351570972719522956e+01
-1.685559875052997114e+01
-1.402397623251161640e+01
2.996368059715628362e-01
-4.575281025489090325e+00
1.457662638036580915e-01
-8.369922227103003820e+00
-9.998330852871763597e+00
-1.760958097709414716e+01
1.259942779177163885e+01
1.425455301869611446e+01
-9.945600043223581821e+00
-2.495062966912319524e+01
1.196962318539745240e+01
-6.722411860440015374e+00
1.158037339578700653e+01
-1.167122443502089979e+01
1.102508273834144603e+01
-8.341069366211122826e+00
-6.768718260842135237e+00
1.777987974136637206e+01
-1.493623202071865208e+01
2.227693657889922463e+00
-7.872676759564342319e+00
-9.330796807342750299e+00
-5.178776026278974598e+00
2.115527065492747738e+01
7.313097901987248406e+00
-4.283974464099280510e-01
5.756473338221006486e+00
5.075349029170610038e+00
2.488823548375300732e+01
1.964169975130246826e+00
-6.782137654763779722e+00
1.401476741733770126e+00
7.982864689383504242e-01
4.168518621704073723e+00
-3.501849797760016259e+00
1.885397265983465331e+01
4.108226943444947210e+00
9.374496438278278276e+00
2.602408474636353475e+01
-9.549483335872842815e+00
2.246347498457481606e+00
-1.345727376746963699e+01
-1.852590579718440011e+01
-8.456982995130353231e+00
2.008870125963721165e+01
1.896237360536989769e+01
8.147060918411341390e+00
1.403534906252198766e+01
-1.193169512293412993e+01
-1.668800080709615941e+00
-8.344487871233667420e+00
-6.006529843566490001e+00
7.020216647222781603e+00
7.646646219256325594e+00
-1.709207621508867447e+01
2.338968235490277436e+00
5.842921759574899454e+00
1.528587354051624203e+01
9.651131454660557552e+00
9.105801212887918439e-01
3.442294943244242234e+00
7.898982524737625965e+00
8.507265507731254672e+00
1.863479473718552271e+01
2.664962917467198622e+01
2.507721695846960586e+00
-1.615887405304750146e+01
1.223261794764603394e+00
4.186693083043884656e+00
-1.987094711132050406e+01
6.561688081761438696e+00
-8.797365477320511218e+00
-2.156774733581411141e+00
1.254874431279110070e+01
1.368715850821647706e+00
3.568232957471998645e+00
-3.955509714459498838e+00
-1.875108712164819735e+01
1.413718727550086385e+01
1.273347941886579804e+01
-1.057624840894109752e+01
-1.864754674787551636e+01
1.846261927786290613e+01
-8.594217411887004943e+00
-1.223548432137306463e+01
-6.181423272556465065e+00
-6.236557840338594616e+00
1.829146324974635718e+01
-2.554749068282415436e+01
-1.183220119421655170e+00
1.260203975149875788e+01
3.462519707640311140e+00
2.756919898094011501e+00
-1.700047887751440356e+01
5.900235535738481474e+00
1.055988853769812863e+01
6.340672280680827555e+00
1.601997921222282173e+01
-1.580058180201283591e+01
-1.056966627638219691e+01
2.490306059168756292e+01
7.254496577338692020e+00
-6.959682285337120078e+00
5.531838716118770094e+00
-1.016137390236709592e+01
-5.126261867197477784e+00
-1.365002985894270182e+01
-1.276285029143237892e+01
7.224545875947079310e-01
-6.875335618728154685e+00
-2.082696459755286611e+00
3.566593886380928780e+00
-1.009769886989205290e+01
8.475157297147056568e+00
8.001674678325144896e+00
1.220212522526836807e+01
-1.135745673410158574e+01
-1.671167078277130003e+01
-1.342815624759755977e+01
-1.132315790370732600e-01
1.708552878374382544e+01
-1.250948142272005725e+01
7.209629079725232259e+00
1.250727233947582562e+01
-5.159235978073759554e+00
-3.927967367467772419e+00
4.042388880720793054e-01
-3.671592202422896634e+00
3.700821906820912943e+00
-7.836977909227446304e+00
-9.782667385506087498e-01
-2.082454453105064829e-01
-3.900466302214539382e+00
-1.170704483053430778e+00
-2.181311172262029174e+01
1.741061628161358499e+01
-9.112496233897950049e+00
1.400303772291809423e+01
-7.610796672546452868e+00
2.019041841508474278e+01
-7.217234565131423807e+00
-4.697435559036616581e+00
-1.225976017343191060e+01
8.833434407895651930e+00
-1.100186484902857842e+01
-6.067739724626843412e+00
-2.042646055350364520e+01
-2.660960359436508327e+00
1.135338234514470912e+00
5.370776570760881441e+00
5.105476178303767654e+00
-6.952014645748739952e+00
-4.243827142556707344e+00
-1.447345608070747147e+01
2.072665105828747301e+00
2.357700446712148334e+01
