-1.553158979435431775e+01
-1.122734749203186055e+01
2.198661331936882846e+00
-9.816435135690753100e+00
1.697914212710216475e-02
1.212183623516168041e+01
2.340378374768947367e+01
8.258240510627238962e+00
2.179885834615426177e+00
1.035276355556863592e+00
3.328496624957168137e+00
-9.206638249330687529e-01
1.301523148788503903e+01
-5.207649279968173062e+00
-7.224153513182432818e+00
1.409662057257798295e+01
-7.854071974547778723e+00
-5.377207778048756381e+00
2.360180723046610751e+00
1.445422928739480284e+01
8.342440458823972449e+00
-1.807116729847558645e+01
8.222111074796067953e+00
-1.830483243085526368e+01
-9.362735066753675284e+00
8.283536192728817582e+00
7.614492213404872700e+00
-1.083348884888369668e+00
-1.798396145225932230e+01
-1.919411596810281395e+00
1.001001992757493042e+01
-1.107995986129631305e+01
-8.728008533352635823e-01
-7.454568043572162850e+00
2.000764642749288669e+01
-9.052256540640666316e+00
-1.950308362861690625e+01
-9.763154078746019593e+00
-7.274838526806732375e+00
-1.532330117024681648e+01
1.584429024177249801e+01
-7.364999520475478789e+00
-1.342084941057304803e+00
-9.187992674202781984e+00
-7.269498847362456218e+00
9.715354760292846947e-01
-1.542809898810502212e+01
-2.016306222044590868e+00
1.483039082581540669e+01
5.695343884369087561e+00
1.252519468970925942e+01
1.598178425594242213e+01
-3.777053639939275342e+00
9.334445569450757318e+00
1.826374091842328795e+01
1.573108008338461872e+01
-2.936547967692959560e-01
-3.179858490388664194e+00
1.102793738048644911e+01
-7.503013262544332207e+00
6.269686573994043499e+00
7.798170363868194954e+00
-1.129411424833002542e+01
1.694857829728568532e+01
2.703437207866549841e+00
-6.139123245048896393e+00
-3.900623972955436614e+00
-7.234565032733332401e+00
1.916048033734067246e+01
-9.895434821567100414e+00
-1.150393305040426384e+01
-2.072043965135442534e+00
3.088630585766139802e+00
-1.679694648928524714e+01
1.125637232334352689e+01
-1.392243063778526846e+01
1.866345891404665736e+01
8.552167971581738470e+00
-1.588265482573557463e+01
-1.411977101911448429e+01
-1.217081234907310971e+01
8.548101028961454517e-01
-2.457414410496897617e+01
-1.111481641251778996e+01
-9.110925184025830958e+00
2.167736883856332497e+01
-6.321117787236801178e+00
-1.383665132121339880e+01
2.732884291330222482e+00
-9.682112077188900656e+00
1.571575896899891234e+01
7.328348285955094354e+00
-8.014813903779238302e+00
7.383513993911577700e+00
1.285236816240922053e+01
-3.157224126862640645e+00
2.989097812835822765e+00
-1.360598547783737899e-01
1.222886735042807516e+01
8.454486305065437080e+00
1.746278441182438712e+01
5.457930983778418010e+00
2.289807697186302704e+01
-2.275583722139764120e+00
1.327825952137384746e+00
7.008268858354242070e+00
-9.031640133312254903e+00
-2.067793947694534751e+01
-1.048234174326296042e+01
6.373464839557804851e+00
-4.705644706656450182e+00
-2.232223798485377131e+01
2.139012296307826944e+01
4.742280026114627844e+00
9.329913915561114379e+00
1.585649274247243312e+01
-8.326137698292054523e+00
4.325735057642518200e+00
-1.150211872955888026e+01
4.421921940886576863e+00
1.183253888327919157e+01
1.087150844269536520e+01
-6.622855376241496117e+00
4.090207331827706128e+00
4.910511261417994433e+00
1.825365085175455704e+00
-2.271044745047434077e+01
2.194763901425623231e+01
1.229126937927972563e+00
-8.568697213781227617e+00
9.115724812285058931e+00
-5.138282639253439754e-01
5.606885252531156993e+00
-1.306398697918452001e+01
1.761694624763018169e+01
-1.253222989646141272e+01
1.212475438446232090e+01
-1.809537092404135805e+01
2.719185162142140655e+01
-1.455991130129807942e+01
2.385231359912289406e+00
8.060361046474710633e+00
-1.766930402065454331e+01
-8.294096625226487163e+00
-1.803898864656865086e+01
-1.835680771191587013e+00
5.429774807070138820e+00
7.223588697702659545e+00
-3.651111241838311372e+00
-6.857720097711094809e+00
1.228981071852796703e+01
2.639581545588696798e+01
2.713018036487191864e+00
8.392407591989211824e+00
-1.159781093335791269e+00
-3.374363781864261114e+00
8.925234518755289059e+00
2.096440810659132126e+00
2.675243673481929818e+00
-1.397357590000136796e+01
7.809670867168946984e+00
-3.608422908921657069e+00
-5.153195624513603690e+00
-1.679171116508979722e+01
-2.304860575010047796e+01
-3.761291992554518515e-01
5.441038415267563266e+00
-1.913499365587085776e+01
-2.357707958414003713e-01
-6.085296019387818944e+00
-9.312886402075665870e+00
1.361686455444687027e+01
1.145382547771627912e+01
1.032889216419138734e+01
-2.783468210484872785e+01
-1.255456583683628224e+01
1.098120419683761639e+01
-1.600507956246381269e+01
1.462498810526806636e+01
-9.978157295625397438e+00
-4.434186766239736954e+00
6.111998022885188675e+00
3.037382321594115808e+00
-1.278552794017272731e+00
-1.753957786980344480e+01
8.676149201827243473e-02
1.613658790889620320e+01
-1.759139579414593868e+00
-4.544207736676852960e+00
-1.177161039876596504e+01
-9.162393244476309206e+00
-8.634799557094655853e+00
-1.922910102105035435e-01
-3.473494752274497444e+00
-1.497871413111244721e+00
-3.500729138020695075e-01
-1.635433652414500116e+01
6.101424731588906525e+00
1.954181621077335507e+00
-5.076471928214928653e+00
1.495201461207343385e+01
-4.196783880992775551e+00
7.009078465632057942e+00
-1.233650663767883415e+01
1.023895425201268949e+01
1.763790033536844248e+01
2.399609356383705006e+01
-2.005641661810564358e+00
9.031305229598629580e+00
1.193400953343939364e+01
1.016980528824120711e+01
8.586120872654703362e-01
3.077282533406403786e+00
-2.021457559053239095e+01
-1.283528713265677368e+01
-2.037312649419996191e+01
2.209438186113040103e+00
1.700586287943765740e+01
-7.850535570243600603e+00
2.669665076990071384e+00
1.018683380899804547e+01
-2.839742336099202902e+00
9.774993760114853103e+00
6.207328415550350087e+00
9.288215795982488032e+00
2.253343171419072632e+01
-1.030490762638874358e+01
-8.507954464979619047e+00
-4.501495295301854327e+00
-5.941841767908055516e+00
-1.779633115097335505e+01
-1.651697014025682364e+00
-9.693429696707767107e+00
7.007047730982520761e-01
-6.354588268103501747e+00
7.555621296836847023e+00
-2.501167711156558582e+01
2.284627317835426652e+01
9.051265887951238653e+00
1.322204339847307608e+01
7.699563065742822232e+00
-6.376017631163545474e+00
-1.364961494992168056e+01
1.036523571117276532e+01
-2.058898679046317426e+01
7.425968886766419530e+00
2.870361783658673005e+00
-7.250179446928726179e+00
-8.964544301265600978e+00
-1.779437529881149516e+01
-1.792959824437636129e+01
2.051071331477132276e+00
-3.159766623791050222e+00
-6.845835624084148918e+00
2.403068498792059415e+00
-1.418978379045605820e+01
-9.580065658615673385e+00
-1.196255068475413097e+01
5.763490633495479187e+00
5.481833693150626630e+00
1.359152258665858426e+00
2.084459581701342046e+01
1.442035023545261652e+01
-3.205680458651908538e+00
7.188132445512927404e+00
2.201056850816449639e+00
1.586849080773658471e+01
-2.974027454873422016e+00
-9.251411914987620833e+00
-1.118892747680080646e+01
9.450284716800751994e-01
-1.126676084985455617e+01
1.110075073122273892e+01
1.356075485762165300e+00
-1.432878454278760216e+01
1.385440593778873364e+01
2.164529491554404217e+01
2.631305943994767915e+00
1.063427075530290011e+01
6.115386574332319469e+00
1.327268682610554862e+00
4.340593499979007674e+00
-6.266252961996325865e+00
-5.888549953588960051e+00
-1.357779792420011589e+01
2.617542219825693905e+00
6.495236488158887767e+00
-1.886521043598685665e+01
-1.060168624504924395e+01
3.827206801100345501e+00
-4.154845928882011208e+00
-9.865275300237726697e+00
5.614164642027098751e+00
6.988581762335030589e+00
8.258188269234530310e+00
-6.435474403198817583e+00
1.192460766713067954e+01
5.698654175609519257e+00
-6.649446684737903013e+00
-5.499750572549977790e+00
1.530874359249379779e+01
-9.841822724838259262e+00
6.174595094459633060e+00
-1.009560599035053485e+01
7.645243736805007018e+00
2.211426193014718677e+01
-8.824414566204804800e+00
9.608500918598835483e+00
5.642688290668431250e+00
-1.381028280644574480e+01
4.605847556386585495e+00
1.767573697476010608e+01
-2.736052119728668686e+00
-7.041718644198070365e+00
-2.063589461111323686e+01
-1.089298430740931423e+01
-4.237025122518147668e-01
1.533566048301329232e+01
1.468101140090250567e+01
-2.465534547760309891e+00
-3.110772532902934984e+00
1.956500696777113291e+01
-1.291833859118219507e+01
-4.924439584891690203e+00
2.039799247611132671e+01
-9.353737790880565228e+00
7.582839943231320490e+00
1.470233182685905149e+01
-4.344405536229317022e+00
-1.189316840362261019e+01
-5.404871014544038843e+00
-1.550903265435817424e+01
-1.481395929581329618e+01
6.145231454293870854e+00
-1.176242054075968468e+01
-1.800337100387228517e+01
-5.977929573674160224e+00
-2.523671802006788312e-01
2.256153566465570748e+00
-8.263429461356182060e-01
4.289493708625911950e+00
-1.520820571127025289e+00
-2.803303567732431389e+00
5.278878735894934948e+00
-1.280214579453614121e+01
-1.694105332933865782e+00
1.285989440495455938e+00
8.034950064586702467e+00
-1.181705211969978109e+01
1.050392223009099268e+01
-4.048565885903972372e+00
2.035009238789399433e+00
-3.147356699605563080e+00
3.210611390332850590e+00
5.273118271473713037e+00
-9.691818810786841709e+00
-1.010038237328927124e+01
-3.054565102832409451e+00
1.575890504217056076e+01
-1.157005109398308917e+00
-3.306054018483894907e+00
-6.248551149354838685e+00
6.171916321460557242e+00
1.149987561016917681e+00
1.763026381573297385e+00
-2.703232825128473849e+00
-7.877573043902259542e-01
-1.162450335608660623e+00
1.234451855223476713e+01
9.484809124530734437e+00
-1.848895663169168557e+01
2.157345476193091827e+01
9.365624908556775097e+00
-8.819413433155567361e+00
2.008943137600013529e+00
-1.143318109598983412e+01
-1.706731752429912774e+01
-4.605426412462396257e+00
-1.818716431086404839e+01
-1.970828176879137317e+01
6.919360682137863705e+00
-6.446605256011828544e+00
-4.413118938338236319e+00
-7.377658862127624673e+00
3.019636340840790467e+00
-1.094922954708188811e+01
-1.527940532039617594e+01
-2.994556675049505401e+00
1.147247833475600487e+01
1.655345633413109141e+00
-1.107821407124848179e+01
-9.298864701269060618e-01
1.566617197114932480e+01
-1.340681455066131278e+01
1.699057308229205887e+01
-7.296968317150202665e+00
1.158802850615114721e+01
7.779371786937318234e+00
9.483833534022330980e+00
-1.185692387282857396e+01
-6.251236140631291960e+00
-6.834138046733851724e+00
-1.324601384194686915e+01
1.266130656848654468e+01
-1.821497612027833668e+01
2.784461088411582352e+00
1.259362867688039955e+01
-9.077662785775288512e+00
-1.969255331855320890e+01
9.891004269435413221e+00
-9.800299265539244686e+00
1.510532975507670983e+01
1.544025768684342381e+01
3.077159140150953931e+00
-1.320393271762214127e+01
7.449141537674741187e+00
-7.061023404642032375e+00
-6.086287848520456123e+00
-4.303555215057237149e+00
-2.007913609413389011e+01
-1.323670948884888787e+00
-2.265225901160238919e+00
-5.826462039605903698e+00
2.433602096459523523e+00
1.642660230873547533e+01
4.907008742541961510e+00
-1.175845852488460253e+01
-9.440207345479393553e+00
1.885489209036351355e+01
-1.263801900599619898e+01
1.246819193265474013e+01
-3.591100920748463210e+00
1.519424613520558154e+01
5.440414389726484501e+00
-4.996679156175908076e+00
-8.939972209501902967e-01
1.219320145374801712e+00
-1.232486461478988105e+00
7.707884546106889445e+00
-6.170264090588265304e+00
2.262118330292564394e+01
1.798337237141068101e+01
1.788886450250551974e+01
1.556788473667818096e+01
9.802281709022821587e+00
7.300640755741738985e+00
-3.207554838016818621e+00
4.188283480671785242e+00
-2.979939748481577055e-01
7.139324593230846006e+00
9.048520334172074797e+00
6.278866045042164501e+00
-1.216767247377131156e+00
-6.367590575652304352e+00
-1.972466280004950434e+01
-1.133690945717834353e+00
-1.464176113462360007e+01
9.288575950203870946e+00
-1.349425310938203282e+01
-1.365740937565912461e+01
1.965385484553876694e+01
7.069080995954458047e+00
-6.293226857082927950e+00
1.645243223775364072e+01
3.465232300048384673e+00
-1.061248801449843526e+01
1.092299789318191472e+01
1.261656466768223339e+01
-1.072354345533735653e+00
6.010395300948090380e-02
-1.421640446133348235e+01
1.007921177850263206e+01
6.375137826438553645e+00
-3.594870574212865932e+00
-2.905845541664792364e+00
2.048576483753588207e+01
-2.164718069187376415e+01
-1.916931100959298107e+01
2.521560755811925958e+00
-2.550808093249364461e+01
6.027875831972217213e+00
-1.555823490972607281e+01
1.156431337985839036e+01
-1.882675515336668681e+01
-2.470422173246444686e+01
-1.286926990479999233e+01
-1.775344682918606409e+01
3.118334549578740678e-01
8.649339166052541827e+00
-1.534601469538884722e+01
-8.227197479714288164e+00
-4.527562199569665324e+00
-1.028504291848018681e+01
-1.743623255241026726e+01
-2.504642268448858289e+00
8.518107169757612951e+00
1.574109931354514202e+01
-7.511028561152247818e+00
1.462819185009492173e+01
5.575319968264480508e-02
-2.370699573070361055e+00
-1.669384456946873385e+01
-7.283078318161564368e-01
1.584553082762104737e+01
-1.178400520103438964e+01
-9.202257178044884967e+00
1.665524281652050576e+01
1.593872968682741487e+01
-2.233933288623683211e+01
-2.386794400435902475e+01
-3.930385313188342167e+00
-1.337046734197607023e+01
7.638153398598774402e+00
