3.823415416398951550e+01
1.334492179934650125e+01
-1.108300920844673243e+00
4.153390155723890587e+00
1.322700526704406343e+01
-9.014594496148923497e+00
7.460786095434720266e+00
-8.852290472308645519e+00
-2.334003783640245189e+00
1.312319588147501292e+01
-1.711366215909187360e+01
-6.082889317088127967e+00
1.071733821604643566e+01
1.698014379440312638e+00
6.898755707585642938e+00
-4.798049875640014506e+00
-1.312813275760314369e+01
-1.699650698872436649e+01
-4.890494458542399059e+00
-1.097538810291623435e+01
-4.790004703633954364e+00
-8.043710223620216482e+00
-4.233596169074484550e+00
1.783427500191644555e+01
-9.561615580439543294e+00
-1.776178272020541726e+01
-2.226930842484523509e+01
-1.644943371338104754e+01
5.439576765657861301e+00
-7.009361949765033017e+00
-5.813230208056392456e+00
-1.666674349264345167e+01
8.926621583627181167e-02
-8.724094378548933548e+00
-1.713214797635096431e-01
-1.652861764367667874e+01
8.567638055259557461e+00
-5.269514337605233578e+00
-9.326116079459175978e+00
7.482423244799626616e+00
-1.980756655903478247e+01
1.815113428570117549e+01
1.498445718010049887e+00
2.170606166119739555e+00
1.752574875172942370e+01
1.464014963044447626e+01
1.349624256095740549e+01
-2.192727265016070959e+01
-1.197382188317564555e+01
-1.203033851487449368e+01
4.772159530818171902e-01
-2.181426968142076817e+00
1.478982811614809378e+01
8.100896741240411814e+00
-1.903320343220840982e+00
1.091363631102220921e+01
-5.469459706987134240e+00
-2.108982322702159351e+01
-1.842666415708348282e+01
3.079012874308176606e+00
1.312249358110641140e+00
6.177278744918666575e+00
4.110166103063939147e+00
1.194631846070231518e+01
1.685240320465263153e+01
-1.864673361147114150e+01
4.870380473055611503e+00
-3.533874298592667884e+00
1.863811768598122853e+01
8.161411658213140186e-01
1.219589153313020802e+01
1.996891602971237489e+01
-1.427436026132638425e+01
9.155064252092685706e+00
1.782057894953941712e+01
6.083327156734242180e+00
1.464811137749589420e+01
1.454536033581982224e+01
-1.708107247914767868e+00
4.015784473673541299e+00
-9.295645090983263970e+00
3.648291979564973531e+00
-3.892492938992269558e+00
-6.888536478806429386e+00
-3.541408276452237658e+00
-1.467155417334215173e+00
1.743667229699902776e+01
9.538347368895955469e+00
-3.064526285494807212e+00
-7.444327022371290070e+00
3.000480850806688693e+00
4.739712938656424512e+00
-2.183974750931452746e+01
1.302093016606337983e+01
-1.740881847418155104e+01
1.312807934629047679e+01
1.439026424496036327e+01
2.065732975101667535e+00
3.203076501602126314e+00
1.288860807386429030e+01
-1.425282743452630818e+01
1.884961521358938796e-01
-6.618160496729856845e+00
-1.207516517314340021e+01
2.204610749396405112e+01
7.977167085683959158e+00
-2.031362056956879414e+01
-4.432657456308742638e+00
-9.967851463151394142e+00
-9.968117293561853387e-01
1.257067928943993707e+01
9.486608067108555531e+00
4.498741304331616675e+00
1.479155883059366516e+01
4.380597154594248366e+00
1.806351679380527742e+01
-1.470562201373027733e+00
9.518548108742216129e+00
8.554931896987127971e-01
8.004276180273897978e+00
-1.948720050408049786e+01
5.541879606239682232e+00
-1.999098183141974516e+00
-2.394034992924710536e+01
-2.316518171034530837e+00
1.922210809713277513e+01
-1.617814014865169270e+01
-7.830519775755455214e+00
1.786493014409310831e+01
-1.509114287992425929e+01
-1.097049303118752306e+01
-2.135291602620893769e+01
6.702938186975664792e+00
2.993940660649116126e+00
-1.945549557630479853e+01
1.343702772090889397e+01
-1.217014309490053847e+00
2.663828026255842474e+00
-8.298612913588101492e-01
-1.180542906701980144e-01
5.811363094102944160e+00
-5.046504043737776612e+00
1.019949128118765458e+01
-6.238707787866623278e+00
1.614578715015772303e+01
-8.537203936652005609e+00
2.060394053557731553e+01
-3.908203931588484892e+00
3.609640714985395960e-01
1.104080286340730765e+01
-1.374240730530511456e+01
4.619428502265670033e+00
-1.299233752562475530e+00
-2.009718526803029448e+01
1.600031250389704951e+00
-3.395344926303611288e+00
-4.999976131640053723e-01
1.897464624655302146e+01
-7.354879679883943311e+00
-3.990787332757339101e+00
-1.572405340151066611e+01
8.131743433639456953e+00
-1.153462402011566823e+01
-1.246712562614296615e+01
5.242518076816615746e-01
5.635676817538509908e+00
2.637610429756954034e+00
2.278753182745660411e+00
-8.897442770754782515e+00
-1.680120122119872761e+01
9.300086770524345070e+00
1.217614849514427533e+01
1.748917001833035556e+00
-9.980397790445739048e+00
1.550466531547549209e+00
-2.984160022228124376e+00
1.976473201738495078e+01
7.885178882394782818e+00
-9.173108968256421747e+00
4.663558743393927841e+00
-1.877881456121478720e+00
1.375419365179568132e+01
1.381966617172124501e+01
1.536841166810282289e+01
-1.471679558004832877e+01
1.167169842744065278e+01
7.609806609912041608e+00
1.693076484972969808e+00
1.630147131961466300e+01
4.341051758300444874e-01
-3.578619989581014238e+00
-8.188346310293120212e+00
1.422270794428686713e+01
1.671690850195238909e+01
-2.364736766155718684e+01
-1.837997677978918887e+01
-1.087857672610766713e+01
-1.109125206961399357e+01
-1.470709452536844530e+01
1.233957802526994385e+00
1.641629647559935279e+01
-2.248522804353919469e+01
-1.187594361114249963e+01
-5.867666983222008525e-02
5.023885150103119202e+00
-1.221305781819093994e+01
4.554210699387198247e+00
8.503250141323022149e-01
5.524314851745160126e+00
3.089769567394526462e+00
2.482110110142089354e+01
-1.225741307146194004e+00
-1.614574991383204861e+01
1.239803488012068300e+00
-8.340507893838132958e+00
-1.214668132524050748e+01
-1.692322509561101640e+01
-7.250014651799169485e+00
9.367144109770954685e+00
-2.080184092260942919e+00
-6.015188269511995145e-02
-8.863525166688841495e+00
1.779159632130423319e+01
5.721943251158762678e+00
-9.379742299094697700e+00
-5.935797843783163330e+00
-8.859334900821757230e+00
-1.939878937241015677e+00
2.328270631690649850e+00
-2.755748536958239470e+01
3.526751423134484753e+00
-6.987634489042122254e+00
5.860832000058039171e+00
2.071362139847698103e+01
1.881823319111371262e+01
1.236666123869480316e+01
1.978080057836599792e-01
-2.229659539331702689e+00
-3.814197843349184325e+00
-9.061082328389922225e+00
-1.949098127067912856e+00
4.513088977757661269e+00
-2.265112858886071834e+01
-2.408500156395242442e+01
5.524599780137158689e+00
-1.752540344160681229e+01
-1.630410827999318002e+01
-3.882514654808357335e+00
2.256963211197841446e+01
5.824998205450476974e+00
-1.001620888875888937e+01
-1.469711642751022573e+01
1.349445233576479808e+01
-9.989463457950904512e-01
-5.510739145173012332e+00
-9.557620856623270100e+00
5.041401474692129625e+00
-1.399532287927464225e+01
-4.724355395741660857e+00
-1.333126223238364361e+01
-2.636784336819513186e+00
-1.252428451862989078e+01
1.373006716555387641e+00
-1.929316611544852123e+01
2.108689381390238538e+01
-1.165010261577878481e+01
5.807168680807620831e+00
2.683336607517077965e+01
1.420746942629341447e+01
-2.881213153307598418e+00
1.653468928958573514e+01
-4.474221736285414863e+00
5.527913008347205448e+00
-6.416055159880066583e+00
9.257092134993698096e+00
-7.220337943249621304e+00
-1.450887832960754054e+01
1.772896398758065573e+01
2.409022321691215751e+01
2.560732718868257507e+01
1.671765880240624114e+01
-2.821568165995380184e+00
-5.974428304150034563e+00
-1.252647068166861288e+01
-9.442109018759126116e-02
3.803156501776342679e+00
-5.017583095417428751e+00
-1.870255432691469366e+01
-1.163491681950222301e+01
-5.596773113448389125e+00
1.680006383037807183e+01
3.422117762450767486e+00
1.672488243163880384e+01
-2.484855009643864321e+01
4.685612497996295644e+00
7.524061839509023741e+00
1.617169594910161123e+01
2.312381102163988089e+01
2.132942724456000860e+00
-9.762406839406054360e+00
-1.041478590497644063e+01
-8.053331447124129738e+00
-1.271920216866218212e+01
-1.047672285230605738e+01
2.239774487655751045e+00
1.715426777768422539e+01
-2.819748380515984820e+01
8.421873484122393450e+00
4.938787272679803664e+00
-1.240701009490914686e+01
-2.709598863225688703e+01
-1.753926329453821253e+01
-7.182402609851841646e+00
7.961450421732962468e+00
-7.748031396863876097e+00
-1.316409831096102678e+01
1.276929631923444219e+01
-6.874096905268629598e+00
-1.874210459053198718e+00
-2.168759840229071756e+01
-5.581524688327096584e+00
3.340651029032990493e-01
3.987545031855866284e+00
7.956470649407300755e+00
-8.331910102870228485e+00
9.358051895657496289e+00
-2.674054074013421456e+01
-3.839792608013201658e+00
-1.541057422621072348e+01
-1.823924107387832194e+01
-4.409308109821207466e+00
1.417494568271930433e+01
1.249804702868776474e+01
3.564314204696920285e+00
-1.722016562162532338e+01
1.999193633183087826e+01
-2.337237882505647235e+00
-1.524891908265763618e+01
-7.541537431274264236e+00
1.964063369440400209e+01
5.751769849669230439e-02
-1.321497369803100241e+01
1.232252306927794194e+00
-1.834879866204371623e+01
-1.824293451219820383e+01
-2.391961909876671655e+01
4.989007862908415802e+00
5.881064787627273915e+00
1.130772983210972171e+01
-1.045433314429406479e+01
7.550509200919627517e+00
7.243658570402686792e-01
1.837027735149798247e+01
2.330106025980353479e+01
-3.782574462736548071e+00
-6.247447109512997088e+00
-1.472188801461707008e+01
7.083924541180202539e+00
1.342815716345995014e+01
-4.293714451704563118e+00
8.392568769223991865e+00
-1.178810607911929864e+01
-2.206993304831190983e+01
5.189946056904979343e-01
2.035622705265455323e+01
1.299309307637058453e+01
-1.274944601770619812e+01
-5.562802982434590149e+00
-8.133013876354262095e+00
2.398651335064199230e+01
-2.162833572458334430e+01
3.617316211264501646e+00
-1.406738806644873918e+01
-1.519313927258898644e+01
1.160691485389665445e+01
3.095597747994446536e+00
-1.401918018928667564e+01
-3.644634507157864078e+00
9.432474137194127195e+00
-1.272301031220518652e+01
-2.107547225751506659e+00
1.163274951961722792e+01
-4.552265610011225760e-01
1.933191843212372163e+01
-1.167989346311405896e+01
2.169764301079055713e-01
-5.375372862656085715e+00
-4.154299545525859116e-01
-9.000743770868812277e+00
3.849343767794941584e+00
-1.870892847569190920e+01
-2.171563019112031867e+01
6.006101586071324050e+00
7.063411134004127234e+00
-1.504093236741317519e+01
1.230564834827483622e+01
-3.138922165051926783e+00
1.920493030852436789e+01
-2.573075993357921476e+00
-2.449928789238002835e+01
1.384656220013855688e+01
7.578084739134801850e+00
3.897593931865046102e+00
-1.115336093831214370e+01
5.523304306855635559e+00
1.110283461702221786e+01
-6.067284751209005123e+00
5.435627357032636553e+00
-4.032669574193974427e-01
2.243170418952245626e+01
1.194365154713752730e+01
4.341853099620678336e+00
2.449622190506282493e+00
-4.915470929937804101e-01
5.591131918883704088e+00
1.379828859243440320e+01
1.333942677280627720e+01
8.191739296110164048e+00
2.956227369186613885e+00
5.254270485784140021e+00
1.650792826114000889e+01
1.507507829614280581e+01
-1.700339899332245608e+01
1.014454052257055849e+01
1.579886427158382389e+01
1.584891165881919051e+01
-1.304826770559833093e+01
-9.836054105920865709e+00
2.301350932497371105e+00
1.444599006662638629e+01
2.179455948880178084e+01
-4.764043710585514901e+00
-1.967592773595332289e+01
8.671773384889135627e+00
9.155013904078828091e-01
-8.703634402303105588e+00
2.776193513423531556e+01
-4.302645741400727530e+00
-1.752921225338843314e+01
-3.590733517499497651e+00
-7.877436085338178628e+00
6.816961655510901608e+00
-7.944676576222505560e+00
-9.882349807775668182e+00
2.166876870616619755e+01
-1.120069735869590843e+01
-1.729227996641183296e+01
2.683140837490977759e+01
4.585260180315430034e+00
-8.266651464862462717e+00
-1.793612289104308388e+01
2.391036154719060391e+01
1.657148360381808061e+01
1.531642570881594878e+01
1.061690685490700048e+01
-1.891559675743452829e+01
5.900229735401921971e+00
9.887693632454308101e+00
9.490201570444938284e-01
-2.019287921381710760e+01
6.329303466421876578e+00
1.271453278118488583e+01
-8.053457343957571624e+00
8.157267082265192926e+00
1.410362039037722326e+01
-1.963302055965474224e+01
9.902386006786251471e+00
-2.235350658141086910e+00
-6.400716667831645168e+00
-1.818733917187560323e+01
-1.464963042041704178e+01
9.582400505654383949e+00
-4.873737615518017208e+00
1.009680959650726351e+01
9.539195312751473921e+00
4.229071221212024057e+00
-7.988880979605134769e+00
7.285574491596811697e+00
-1.254778748266311439e+01
-3.115318083080452993e+00
8.702593010215437630e+00
-5.852730825111137847e+00
-2.729905803756352611e+00
4.382028890017643619e+00
-1.290829698960450855e+00
-8.457562914762029038e-01
-8.321341424881438797e+00
7.550209808916676479e+00
-5.663860548123775374e+00
-1.022978796156996850e+01
-1.703685959638718828e+01
-8.843689142344256737e+00
2.016704454640887434e-01
-1.039991100024118609e+01
-5.048379805179799007e+00
-2.375223749977674714e+00
1.409306078591334455e+01
-4.700609873673588623e+00
-1.644215241464038968e+00
-1.094028902291459104e+00
-1.308754059868877917e+01
1.248048593813255280e+01
8.904009562904946051e+00
-8.114783056493884317e+00
-8.698787980741936821e+00
-1.472390279903162380e+01
8.533356782746103875e+00
-5.127375528998879162e+00
-1.297154923752667699e+01
-6.900941409613757571e+00
-5.097016596561143587e+00
1.244538159773851760e+01
1.741918123477575620e+01
