2.968813026506691699e+01
2.444024325873385806e+00
-3.868312732911114438e+00
7.711593916977193430e+00
6.640435814833587358e+00
-4.579484335947974216e+00
-1.873170891307609054e+01
-1.980352261996260310e+01
3.932779467212093039e+00
8.070431499181601964e+00
-7.121259859174255524e+00
-5.718259918907079964e+00
-4.139053168207645683e+00
-3.936142399275635029e+00
9.118970862106593245e+00
-1.260734102407469237e+01
2.819583487653304132e+00
1.255019131854758285e+01
7.207258656971568200e+00
-5.697184573927078333e+00
-6.762298829692877433e+00
1.533776122677296883e+01
-4.917733951960318706e+00
1.940047982548411198e+01
-3.074821518290242750e+00
-1.259199486039257820e+01
-1.653161974765101405e+01
8.912083449663676049e+00
1.910812459851178602e+01
2.628324252462235222e-01
-2.610489751114876356e+00
1.261986955687048351e+01
3.627855679586176052e-01
6.153078180612823189e+00
-2.489667302168271945e+01
-4.551556385951187167e+00
2.240356023482583225e+01
5.825616179434874198e+00
-7.599251878409827299e+00
1.521229529323813523e+01
-1.793845713402960484e+01
1.420344479932662551e+01
6.555713888388780219e+00
1.427421735474938913e+01
8.707486131177539335e+00
5.813745174857274378e-01
2.489209570320126375e+01
-4.189133824014255936e+00
-9.540693296953179470e+00
-1.009514816318863240e+01
-1.118558476776514254e+01
-8.231188327699136664e+00
1.317858919798276673e+01
-4.335731577189527286e+00
-1.018259908145014592e+01
-1.596691814148371513e+01
4.378568144219656233e+00
2.189201727842117862e+00
-1.840290936832354163e+01
4.792168974545418791e+00
-9.277544328124605499e+00
-1.151914994280127758e+01
1.570900212886062519e+01
-1.987417567360910553e+01
6.418621963494082650e+00
-2.788055785766125894e-01
2.891598760580485816e+00
1.869269227239978903e+01
-1.777148536714854998e+01
-1.006980349876350544e+00
1.454767375990801526e+01
2.961088117915210205e+00
3.295805120045294245e+00
1.277341140049103529e+01
-7.568888114270663436e+00
1.586183911117323220e+01
-8.967121659322540239e+00
-8.081651761413937152e-01
2.035029576671154672e+01
2.139453918844435520e+01
1.091323388620237722e+01
1.375007278283035816e-02
1.897962650065827006e+01
-8.736723342921806079e-01
7.806358925654215852e+00
-2.557774420079063304e+01
1.190845328929645319e+01
4.672316740886678588e+00
-7.038681363821012837e+00
1.584416656536263446e+01
-1.793506847974511231e+01
-8.105971377350890350e+00
4.527142058348310627e+00
-4.486204318518325351e+00
-1.260945418417286845e+01
1.324919228763405243e+01
5.950328184232908768e+00
-5.539713709005020803e-01
-1.425923533988757974e+01
-7.220574771889232579e+00
-1.602367529705310645e+01
-9.875948293363173036e+00
-2.846305834643293053e+01
3.130173005621749382e+00
-3.045142711226421994e+00
-9.972230223823430606e-02
2.050386300692821351e-01
1.752746727778375657e+01
-3.873718316887003965e+00
-1.133976369813546015e+01
1.256504731975739730e+01
2.753396900164491257e+01
-8.911891664086475373e+00
4.448665301417364049e+00
-1.059307982074527388e+01
-1.606537250348975476e+01
5.497870211095467141e+00
-2.840924597451238043e+00
-1.918443381889645138e-01
3.504012445534399944e+00
-1.417139192498924061e+01
2.810248229685655019e+00
8.263149927214783474e+00
-2.770590875632429118e+00
-1.077281827952594284e+01
-1.990837490813415656e+00
1.659476240877155107e+01
-2.366158405276330967e+01
2.314193013980435865e+00
2.073646826474742966e+00
-8.515650541422694175e+00
5.344589073213121821e-01
3.845875515523573540e+00
5.282793428059619600e+00
-1.973104148259672286e+01
2.075287191708805778e+01
-1.140096604585795248e+01
1.188484519885404467e+01
-2.321622440764232920e+01
1.940574066427274147e+01
2.057334622692295056e-01
-1.595025857219761534e+01
1.233332092473082753e+01
7.157300213932700217e+00
1.677478305556070381e+01
-7.656060969506608416e+00
-3.452525675594948495e-01
-6.032482878598543152e+00
-4.559436501274873876e+00
9.268850946776673538e+00
-1.488621939073932765e+01
-2.330029819773348976e+01
-6.649805180551851436e+00
-5.587571164993946127e+00
-7.479895663209987333e+00
-9.380635063721456390e+00
-3.116417582311722612e+00
1.474591421935482316e+00
-2.200711011677658036e+00
1.554526536377355939e+01
-1.041969994283773815e+01
9.677222162304090602e+00
-7.512185151773678626e+00
1.247653246736522448e+01
1.249138673373845876e+01
1.273809635013856933e+01
-1.263381737717844189e+01
2.755053786692764106e+01
2.835106424924951796e+00
1.297039659704978476e+01
4.121263497181537616e+00
-6.205873473175611110e+00
-1.775964389649997344e+01
-1.675304147115281950e+01
2.568228846924406383e+01
1.502850796070833894e+01
7.113371821320058075e-02
1.411589690500904481e+01
-1.884330126563565955e+01
1.707747252856724884e+01
2.793017468381904678e+00
-2.091036339387734699e+00
-4.932389236427603407e+00
-5.928326015978573338e+00
1.173733750144049282e+01
1.188929982932112495e+00
-1.712591923792495763e+01
8.085886010243001465e+00
2.036822442876115247e+00
1.713775218383293719e+01
-1.809601819719059534e+00
2.906465842542715450e+00
5.703179557485498208e+00
5.008772171777621907e+00
2.476823289348004664e-01
-2.290012494198641946e+00
1.086520302649667258e+01
-8.590848621252721529e+00
2.323503454713069516e+00
7.659820122444941148e+00
-8.110111063529863884e+00
6.741700740933303848e+00
-1.132777524163581262e+01
9.453764008826567533e+00
-5.083347345282309249e+00
-1.779795291901043797e+01
-2.052052797886046420e+01
4.221020548762915325e+00
-1.777068140360584181e+01
-5.646071054080440632e+00
-5.555125656596640482e+00
2.832334330310935400e+00
-6.689280472923897491e+00
2.099765826609776553e+01
8.464913462380749820e+00
1.693361897618805756e+01
1.162306984972222068e+00
-2.015134666188672696e+01
1.255594487011934746e+01
1.259193517611755908e+00
-3.144571067756864124e+00
-1.427866963630432195e+00
-4.949087663271065196e+00
3.242018194935972986e+00
-8.928469674600705730e+00
-1.690775508185603115e+01
7.890300184044114928e+00
8.812849932187880597e-01
1.546580541464076930e+01
-3.345028610798479463e-01
2.361259657540457368e+01
3.269670580338100763e+00
6.910128821962899792e+00
-4.259763623049483527e+00
4.353356270946783013e+00
-6.265431157715479316e+00
1.729397139980022757e+01
-2.201564499600904057e+01
-1.762603610643955676e+01
-1.785611000022895212e+01
-1.292611901823878284e+01
8.236976754781046850e+00
1.445807778445281855e+01
-1.273327011319748081e+01
2.012664159152947718e+01
-4.286425063102157651e+00
2.928683338139812520e-01
-6.657872003989723453e+00
8.827408435942139420e+00
9.133763653619553224e+00
1.131794860121253521e+01
-8.084062318435918826e+00
1.292636088472256262e+01
1.259058216006026498e+01
-4.077815011198602235e-01
6.301220463997822208e+00
1.140469193379779966e+01
1.115453893759988091e+01
-8.743520573843362342e+00
-7.710190307621886063e+00
3.369021947065128586e+00
-1.737198867658906920e+01
-2.143365975089190911e+01
6.543261829224817916e+00
2.601119750129598174e+00
3.658005883483426146e+00
-6.883331797897813686e+00
6.593810880481449033e+00
1.987424923715328617e+01
1.043969583768455323e+01
-8.496014033316399150e-01
1.105313562969280383e+01
-5.970341412223447719e-01
-4.854297872764917088e+00
1.034287188155188630e+01
-1.063765107268350008e+01
-2.235665736292969896e+01
5.077991530349365235e+00
-9.228705904806137283e+00
-6.988721949469010042e-01
-6.464712365030869989e+00
4.915617630698129403e+00
3.140995214581515427e+00
6.484100475199120694e+00
2.120079891461487165e+01
-2.437697158428008493e+00
-8.961826054297155508e+00
1.180074552283888067e+01
1.649394774099166483e+01
5.103582939138817665e-02
4.183683260278975524e+00
3.736526610106714941e+00
8.431504469751821773e+00
-7.739346296358551314e+00
-3.923099107367356453e+00
2.232610223652834236e+00
-1.211220341774979659e+01
4.558961807523061793e+00
-4.218665827286269376e+00
-5.224937161311505207e+00
-2.239998420567828319e+01
9.226691995471895780e+00
-1.507139823700903491e+00
-2.777089741637119857e-01
-2.402721683293361110e+00
-1.982049777746681940e+01
1.764962980121001834e+00
-3.797557638627047538e+00
-1.352589546138805332e+01
1.511272483719179149e+01
-1.076319649612657514e+01
-2.472287748223845938e+01
4.546440228619559321e-01
1.266514278858511489e+01
1.360103574372869417e+01
1.288548418691658526e+01
-1.701031296548876526e+00
-2.097017427051530092e+01
-5.103460951400506929e+00
-2.525987803679267785e+00
-5.071727050957573368e+00
-1.959304718317132199e+01
1.627935878779372558e+01
9.991227278092416952e+00
-2.363511047384924524e+01
1.893971248208497826e+00
-1.215236091627093629e+01
-2.298132227592114418e+01
1.134392162343845456e+01
1.017001989656745309e+01
6.265144863209265225e+00
1.494681137322260156e+01
1.517674355231904570e+01
-9.134309309711330371e+00
3.350751463157664034e-01
1.968356486074609535e+01
1.735992350025140496e+01
-1.439796675232887679e+00
-8.605936452182383789e+00
5.407569400906503176e+00
7.535356485391368153e+00
-3.166922290549223362e-01
-1.105009918066748398e+01
-3.663908564605872442e+00
1.071409028387765261e+01
-1.159792757584909850e-01
-9.249259456322675987e-01
-8.602806623119068519e+00
2.246900130487567537e+01
-2.119387535617347851e+01
8.271825985290846006e-01
4.186392675277623709e+00
3.237667486218590795e+00
-2.789555008532616398e+00
-1.717089838344869435e+01
-2.958628905278210652e+00
7.358973083367452261e+00
5.676728327500910609e+00
-1.442154854484028448e+01
6.301536080293381303e+00
-7.746151072328899545e-02
3.009162857243097733e+00
-1.445356635583734928e+01
1.489503068390533258e+00
9.913190306912717631e+00
-6.254809281343547411e+00
-1.080806144246503919e+01
1.197654714605405246e+01
-1.773011203106334932e+01
2.684673163842603572e-01
9.367295865037164049e+00
-1.011783176756038571e+01
-6.289357699299866766e+00
6.272096570545578231e+00
1.160356701988646222e+01
6.624221566585177357e+00
1.866738564337872930e+01
-4.857850602549806496e+00
1.112546480687903738e+01
1.109132466565001351e+01
2.294740898744535684e+00
1.937962947856526341e+00
1.012873784763541352e+01
1.005530515010916304e+01
-2.656153332810617940e-02
2.061140499826065309e+01
1.573629470083249515e+01
8.699955686076243921e-01
-5.182881310166294497e+00
-7.771521340553203316e+00
6.427127118839138120e+00
-6.932937658837690975e+00
-1.015465478201486249e+01
1.416598271668790687e+01
-1.359127503094826039e+01
1.837483575941212166e+01
-1.132808915203354871e+01
-1.067846870936897119e+00
-2.039234239339608123e+01
7.491411430412924233e-01
5.092532321412264196e+00
1.637067828739716902e+01
2.395599823770852765e+01
-1.079227706752490334e+01
2.063356225134360500e+01
-5.944769870206993545e+00
-7.949293831977456648e+00
3.714723950924607720e+00
1.219486521886160801e+01
-2.327886590805533729e+00
9.757166696247431048e+00
-2.281157951855647781e+01
-1.675116600471995554e+01
-4.163947034455595997e+00
1.161504090816698920e+01
5.185106644627452965e+00
1.239215251060340961e+01
5.022875979870882190e+00
8.787565105568461377e+00
2.681528282399955287e+01
3.731503214038497163e+00
1.195122329901452929e+01
1.195868917484384752e+01
-9.751184323398007336e+00
-1.407706647412673107e+01
5.063428097304054631e-01
4.846876519620415991e+00
7.107326731675840392e+00
-2.001964069520155931e+01
6.870571556721486672e+00
-8.716395062806615357e+00
-5.353205447279520968e+00
-1.197427368988770979e+01
-2.318672090216413295e+00
-6.026889822897672389e+00
7.983365962099391311e+00
7.077385361899679594e+00
3.592691031097039911e+00
-1.195681366381529998e+01
1.333365286537879513e+01
-2.063639755755461280e+01
-1.640899795140849093e+01
-1.620833708124456507e+01
-1.050805010801654404e+01
-4.976728274305166622e-01
-1.571161764746372214e+01
3.594069922945138273e+00
-6.463672068131032233e-02
-9.835935623582727771e-01
-5.471357134564300395e+00
-1.690103525156410313e+01
-9.116660939696785704e-02
5.338873296743891217e+00
3.857118805717334453e+00
2.700804345726887590e+01
-1.033055611150182429e+01
1.253923406728083734e+01
2.182388971819754886e+00
2.121599440777936962e+01
5.639457028776725167e+00
-1.950373565160683853e+01
-4.798171317181093798e+00
-5.348063983256878373e+00
-2.280552134422940469e+01
-1.264528072114359247e+01
7.079862444871103833e+00
-7.179594480161799908e+00
-1.455060559849845525e+01
9.012560537282546136e+00
-1.078405139635180632e+01
1.769338141607187254e+01
-7.594148262885230594e+00
4.179107629170253801e+00
5.144719851821044188e+00
-4.516977465506325728e+00
-2.284332305693263621e+01
2.283620586299259969e+01
2.589377375323861941e+01
-1.436232336095244477e-01
2.462519964388023652e+01
-3.841424009334652112e+00
8.527529664450177904e+00
-7.760856718633128537e+00
1.556829273899059274e+01
2.073442577420502175e+01
9.648622960272902560e+00
5.799825943717237919e+00
-4.256264402809424752e+00
-5.036594997261346407e+00
1.867374219002421398e+01
1.146860864861847773e+01
-4.330912045559117018e+00
1.617042160814942520e+01
1.421759130464467802e+01
1.677431437782562540e+00
-1.419729119719713140e+01
-3.222503678024271068e+00
2.263144828056340430e+00
-1.391124208623618586e+01
-1.057804821234838855e+01
8.211949270652709743e-01
9.251138543319640917e+00
4.442996256478117800e-01
-2.526162693895934552e+01
8.081412227562360329e+00
6.902982534130885028e+00
-9.708665286637565117e+00
-1.613013442342962378e+01
1.658760182578510012e+01
2.157547735460531868e+01
2.922348888285256407e+00
8.482127548348643131e+00
6.681398504883262035e+00
