1.901960405850267932e+00
1.700759463439349872e+01
-1.666690579405067041e+00
1.462072822627489899e+01
-1.197097910330435511e+01
-2.616616970387157082e+01
-8.791799941172207866e+00
2.042799019899324975e+01
-8.223764324592089281e+00
-7.114290216731955496e+00
-5.249588515929968224e+00
2.683841513179764604e+00
-8.891184010787249292e+00
1.877068754459033784e+01
-5.978810343282788153e+00
-1.297096466260139636e+00
9.671711907543460995e-01
-2.587399628246350858e+01
-2.807707413974535982e+01
-2.635330458781925245e+01
-8.206435726933992925e+00
4.048495924395091095e+00
-1.402895587476413475e+01
1.510875891714189123e+01
1.608209105954369278e+01
-8.557197976954299179e+00
4.000996264845483097e+00
-2.640979946928070632e+01
7.861899883928927579e+00
-1.926110195017905369e+00
-2.302143042809343143e+01
-1.242599783494426902e+01
-3.493890023229386799e+00
-8.169799193853446440e+00
9.707341194522996375e+00
1.910601659267367580e+01
4.287551632284625214e-01
4.586039228174840332e+00
2.596813029405929285e+01
6.890558263279871198e+00
-1.116014017714463336e+01
-2.532384492865077164e+00
-1.096043718508184739e+01
-1.300882413563089202e+01
9.875775690241823668e+00
6.600229695792876328e-01
-6.232583346593816742e+00
-2.757705439465290453e+00
-1.991925999902920807e+01
5.704288495096200506e+00
1.887366267936279485e+00
-1.626315214202784176e+01
-6.686639529079197786e+00
-4.623313617702496714e+00
-2.295643229063014701e+01
3.592425428901570683e+00
-1.612392670687111718e+01
-1.487758024992491812e+01
5.815548761367836050e+00
1.903484429810429646e+00
3.306703756640061442e-02
1.439255775933458636e+01
-5.675807540328886347e+00
1.431413252083584808e+01
-3.822248941883877649e+00
-3.700992918633293272e+00
1.198911994233449008e+01
-2.686988708305535667e+01
6.131388940861860704e+00
2.207787923266655383e+01
2.491960043211221887e+00
1.614746750313994994e+01
-2.239655799392114588e+01
1.546792770042485188e+01
1.928948099770607882e+00
7.722174461610819662e+00
-1.003052711277961961e+01
-9.119499723966068672e+00
-9.303827019482763916e+00
-9.639916058400277876e+00
-4.334452287056084430e+00
-8.053410782864958151e+00
9.718516377946343709e+00
2.184927031491729821e+01
-5.978065542957242684e+00
4.588350945424153338e+00
-1.859257581820820349e+00
2.723021024908468490e+01
-1.097891573416227118e+00
-2.010827848565441656e+01
-1.112522836901369772e+00
7.986168553058952568e+00
-7.889120673350038970e+00
-5.342127491885801049e+00
-8.909856812590483344e+00
-1.215248734762026217e+01
-4.247825787532967468e+00
1.076794715571669769e+01
-1.423185510077903615e+00
9.271419870693954124e+00
-1.187131226204860468e+01
9.413652356054484471e+00
3.718727580070542160e+00
-4.712776197965808933e+00
1.944989824349310226e+01
-3.228346004542860470e+00
8.783900307181909284e+00
2.357348505864045762e+00
2.197719269373278195e+01
9.342915650399412186e+00
-5.395051042349980008e+00
-3.165314439357889142e+00
-2.570779292152214168e+01
-1.279201565985314915e+01
-3.260502134538420194e+00
9.099230070507232426e+00
7.222247784963116146e-01
-3.381876602928567621e+00
2.849554698736469760e+01
-1.399981883877107691e+01
-8.605070387718260605e+00
-2.473279566978002109e+01
-3.265824709253056568e+00
-2.056457466838759629e+01
1.421424401777772317e+01
1.025763548063245167e+01
2.938116664201345429e+00
-6.021900193889234032e+00
3.907524749889844884e+00
7.290850635070945884e+00
-5.919144175938420460e+00
-1.024283268206369257e+01
-1.650207373434125913e+01
2.495461905302959593e+01
-1.167134047535348529e+01
-3.500753944961594755e+00
-9.045775962132356796e+00
2.163528022838971054e+01
-1.207905607253131919e+01
-1.407908426887483344e+01
-8.347532876035355542e+00
1.120974240485561779e+01
1.950092429775470748e+01
-7.354515418825474882e+00
1.904711149616137789e+01
2.011112688098616275e+01
4.814306061995402786e+00
-1.002571799814692355e+00
2.476390304976458623e+01
5.136199637530928896e+00
-9.373810395454341915e+00
-8.150553155335575894e+00
7.374579306924609057e+00
-2.216205940316337575e+01
1.686167568138949235e+01
2.784491231051973159e+01
-9.898010118741332519e+00
8.145513410997580195e+00
-6.009235101241223731e-01
-2.298417881880226332e+00
8.885867221213352707e-01
-1.015528719563267757e+01
1.894582795859818702e+01
1.314528570723659584e+00
2.501001787230202922e+01
-2.413066183216756855e+01
9.655337378711351448e+00
-1.422662158858924819e+01
-6.221902711716083445e+00
-2.259796594746482867e+01
2.448511871287186636e+01
-1.190346005786409123e+01
1.381036658243689175e+01
7.998755025286236275e+00
1.020995433554379161e+01
-7.199759267491256054e+00
-1.366005487528834195e+01
1.778189769756956196e+01
-4.937050844783819059e-01
-1.163931526284132545e+01
6.833383104761793447e+00
-5.373017322972675203e+00
1.093937146509433944e+01
2.509195179482308191e+01
8.777129834573912603e+00
7.475737056728732455e+00
6.457114510897532966e+00
-1.205538540036734929e+01
1.551412968777209045e+01
-1.264526165249276346e+01
2.757864678028734318e+01
7.876597345179071397e+00
-6.922356070793895810e+00
9.521628816079683588e+00
-1.218807427951114519e+01
-4.920479091600640231e-01
2.735043118195783052e+00
-9.369425111925789196e+00
-1.280487779654650282e+01
-5.074788510885113624e+00
-1.039595491158020479e+01
-1.579614836209754714e+01
-6.518804163972752974e+00
4.980912090839986206e+00
-5.032660859039204126e+00
-9.122669641478136526e+00
-1.097768297229645995e+01
4.553557392257644665e+00
2.032913841185244053e+01
-1.683570073559715041e+01
6.213052694460188263e+00
-6.576870844345776845e+00
-6.029459276232731924e+00
7.345694076894403679e+00
1.604509613570584747e+00
-2.567411293338018652e+00
-1.393759968641885294e+01
-1.881889977948574710e+00
-2.293970769700539591e+00
-3.971004588978416905e+00
-1.230686370601152646e+01
5.305463293392648438e+00
3.895375608364666675e+00
-2.278480536875064644e+01
-2.423490827489953148e+00
-1.757678808254027203e+01
3.289882139590275756e+00
1.542553758300180533e+01
-2.512508193548515578e+01
-1.436205651958125884e+00
-4.200497234207031028e+00
-2.015867986063430095e+00
1.435133671460105376e+01
2.453956802770753853e+01
2.134145368811778098e+01
4.383761552888920221e+00
2.089009013227892808e+01
-3.219385428438982899e+00
8.204530544620574517e+00
-1.186371002531593888e+00
2.601973582555814346e+00
-1.378070170563869823e+00
-1.444974952720014905e+01
-1.047415446822870422e+01
5.320373745401631993e+00
-2.170772363466017651e+01
-2.175825543346838487e+01
2.397283888378954231e+01
1.375371567761887803e+01
2.370231678270622666e+01
1.445438338832278191e+01
1.762324717674495389e+00
-1.320956336872315262e+01
-7.477307074632239647e+00
-1.327759970944273604e+01
6.330119004393296223e+00
2.313392998959194813e+00
-1.129530576397751318e+01
1.000404892025175485e+01
-1.456259905476478878e+00
-8.406940519780917498e+00
-1.832715779732931694e+01
1.557189412726287969e+01
-1.816762126658845844e+01
-4.506091104290721461e+00
-2.324461401430752261e+01
-1.735746960719046683e+01
1.017293689473862628e+01
-1.243577972340594684e+01
-4.898387560385202733e+00
1.200125703783206177e+01
1.532270904388273181e+00
-1.544017465650356158e+01
9.142728241494992858e-01
1.819193328156036671e+01
-7.637492867324663592e+00
-9.317636255760877617e+00
-1.368256103253195022e+00
1.025645750943623113e+01
7.835154676795490047e+00
2.069695456428665636e+01
-2.091237026408077426e+01
3.717075540257177124e+00
-2.688581138619426270e+00
-1.776560282519821499e+01
2.469878635809280354e+00
7.274237729918127116e-01
5.454968934789263812e+00
-1.441328152840938870e+01
-7.881189005984495566e+00
1.561619152345090811e+01
1.188295779189974155e+01
-2.204272734945098833e+01
-1.288784524457226155e+01
-1.075041835734790041e+01
2.034739599061673943e+01
6.174317682555688691e+00
-1.016206052993282327e+01
2.910600488883933679e+01
2.200954022121491960e+01
6.897380875713118087e+00
-7.835187288989548193e+00
-1.573768061571286481e+01
1.350490451652920143e+01
-1.471886245844612162e+01
1.989206151581978332e+00
-2.687784421634823673e+00
-8.259808267165375639e+00
2.360456274935305032e+01
-1.230350627969190214e+01
-2.776495355303758572e+00
1.106073783772082209e+00
1.404586474511507532e+00
-1.559416620412434895e-01
1.624481195922804488e+01
-1.125373016711943919e+01
1.293744953146496357e+01
3.041818454611316724e+00
-2.207543999307582538e+01
1.358827737289772131e+00
1.983417763194221095e+01
-4.231249164324857759e+00
-3.109913235345775462e+00
-8.295785963261490537e+00
-1.365337970414785218e+00
2.201234643394838031e+01
-1.031518368994818857e+01
9.273080911412378669e+00
-2.104092562525569576e+01
-3.965870505081621644e+00
3.452753198935290868e+00
1.379964666162675968e+01
8.737339245110881336e+00
3.410611564335653156e+00
1.013696661684315359e+01
1.025840038540712129e+01
-2.133991586679078978e+01
-3.308068464147186916e+00
3.371845052301793544e+00
-2.368676980064552851e+00
-2.623211528438839224e+01
1.336772127370664975e+00
2.999999999996951772e+01
-1.818128711118865226e+01
-9.534529449259476763e+00
-1.050524047138753403e+01
2.579713450204934588e+00
4.774684363152651656e+00
-1.524406003826427991e+01
1.469824661168293289e+01
4.827148108711554642e+00
-1.287797052945744625e+01
7.933348698648870823e+00
1.377068427774162984e+01
2.173530354691417443e+01
2.673247505877109376e+01
-3.401139149981375454e+00
1.574338188936955873e+00
3.889022120907142721e+00
-1.410163017229846361e+01
7.536655839109812405e+00
-4.324807072125835816e+00
-8.808915971672703904e-02
-5.787699120312559842e+00
-1.382989062652440637e+01
2.936567153230743088e+01
1.093864972411181213e+01
-2.598149676123276564e+01
3.844049003210948001e+00
-8.174116739954605748e+00
9.569273775229149237e+00
-2.684721836803730710e+01
-2.282222974189677700e+01
-7.796926198231435734e+00
-2.427283504843262918e+01
8.165225142112710444e+00
-1.157335727118601199e+01
1.683449041083027709e+01
2.193821408347951518e+01
1.343117876036099290e+01
-1.556405156261591749e+01
2.219134216656513559e+01
-1.187971893457471140e+01
4.141377022911974848e+00
-1.701661668596855748e+01
-1.507911147552276354e+01
-3.348029203837125323e+00
2.981283224779879504e+00
-2.351199526505942927e+01
1.665121518607875117e+01
5.245823469594000699e+00
6.132508793087581012e+00
-6.178626126835098376e+00
2.823130136478120278e+00
-1.535630955159299305e+01
-9.530570166764157136e+00
-9.465187747643813765e+00
-3.809295142504176113e+00
2.107389052668283824e+01
9.304129659837940380e+00
6.547427474880606724e+00
-1.362209239701726204e+01
-1.654217478266975405e+01
-9.065637233064041567e+00
2.984666349566367671e+00
6.882189395640331497e+00
-2.080898254059537678e+01
1.878909611902550836e+01
1.670825918747365790e+01
-6.606435450282592825e+00
1.453559084032837490e+01
1.335543725583336538e+01
5.449204522042521148e+00
5.223498729985038835e-01
1.485439011171263246e+01
-2.101614161220030752e+01
-4.654199055531194062e+00
1.003205419374813090e+01
-2.269433247818898991e+00
-8.789412617615148804e+00
9.111728520580044233e+00
-4.598000136664595061e+00
-2.414482175532425501e+01
1.951601047578103021e+01
1.529396077315489322e+00
-6.947570637324702147e+00
5.448409209998075653e+00
6.305820450985891057e+00
-1.990716426025333163e+00
2.371929916302507735e+01
6.026894574201847377e+00
2.109168374573989269e+01
-1.924121453978160190e+01
-1.762097030581234236e+00
2.384625062508658999e+01
-1.642219670458273129e+01
-1.180258478189273319e-01
-1.039543629539979719e+01
-4.782551756874834581e+00
-1.403760637235005859e+01
-1.677534002357738174e+01
-7.502065651029543147e+00
-1.461762249041097306e+01
-2.458285243967343803e+01
-7.607942959476883260e+00
3.051028037391631642e+00
-1.487421579185027554e+01
8.196105798432164136e+00
6.681601313899292904e+00
-1.112747986788149390e+01
2.558850023370524696e+00
1.974101420269644080e+00
5.837776990503726893e+00
1.992424140450061287e+01
-6.193283071930995476e+00
1.080018725949305747e+01
3.505842697716047951e+00
-1.523692440029625672e+01
-1.356731927209860800e+01
5.887849991455389898e+00
2.716237474383369488e+00
-3.538619973755995574e+00
2.519788813421361340e+01
1.650416669294776284e+01
2.715412518280155751e+01
-3.212851265794952837e+00
-7.858797393475200010e+00
5.809633230135403892e+00
-2.105368436360724260e+01
1.257523375690941236e+01
-1.133896448620947695e+01
-1.756738890390710850e+00
-2.399488792394905445e+01
-3.653455470852865261e+00
1.719695914457236086e+01
7.149239508928495468e-01
-6.149798828413892693e+00
-4.384424248347784214e+00
-2.021543429107919820e+01
6.077958693346552366e+00
1.910971503950769090e+00
1.586493940179491346e+01
-1.642601624899086232e+01
1.006853574128059847e+01
1.087500674117057997e+01
1.442437968688120975e+01
2.590962263485100436e+01
1.348991358228425952e+01
-1.107425292460282762e+01
-1.625815953173230355e+01
-1.936512913684189385e+01
9.873557556698699500e+00
-4.608858077686644350e+00
-6.595291740530555558e-01
7.007749933127037423e+00
7.730027715095395990e+00
-1.755729727835653264e+01
6.495255829523046032e+00
-2.922551787179106242e+00
2.554939476244607022e+01
-2.200135572500439451e+00
2.452424873107128889e+01
4.654157418913861477e+00
9.322067152499577958e+00
2.293488722407445835e+00
1.472689491472348067e+00
-1.208511892837359269e+01
-4.593010238837944570e+00
7.030585791461902545e+00
9.848188043941661363e-01
-7.762803135210344152e+00
2.134405367695985234e+01
-1.812777872054000028e+01
