1.015183405999433575e+01
-4.068825462279514937e+01
-7.289353674346735090e+00
1.813984251550746052e+01
-1.083971524104615014e+01
-3.186361199210988815e+00
6.578361181799195379e+00
4.121336373054312219e+00
2.727372638051085119e+01
2.264195364117073694e+01
-2.453916522851731230e+00
-2.609970717138202190e+01
1.929923340808026211e+01
-2.343952149674301211e+01
-2.070735933925678296e+01
2.515827510647773124e+01
-2.184661052285927241e+01
2.787013954422747020e+00
-6.377933487684948943e+00
1.928054125403557606e+01
4.658801044114383672e+00
1.074604951291590282e+00
-1.440497668711207524e+01
1.362789069301175715e+00
-2.394719032635427070e+01
-6.453714365699120492e+00
6.746927621764378102e+00
2.731152002669318790e+00
9.170117981526885842e+00
6.597590590456448467e+00
5.279557397741683644e+00
-4.291833175644971021e+00
-2.385113862803756035e+00
-2.757204954577599665e+01
8.804807506578633536e+00
-9.474032375219579194e+00
-5.295704506403303924e+00
-2.276654781222453749e+01
-1.547726473175846529e+01
-9.056593566504844262e+00
3.917571134922447129e+00
5.638469186839799363e+00
9.796058864473437211e+00
-6.970358191037668405e+00
-5.318307380553079611e+00
-2.090564376408458713e+01
4.364636319106487861e+00
7.372119722779899575e-01
2.129167936670071271e+01
1.942608209574417089e+01
2.914421632368968318e+01
2.699295855961590718e+01
1.632640905254125130e+01
2.228419991432775760e+01
3.692318510598020964e+00
5.948147711614950595e-01
1.337064481598726928e+00
-1.490378894095689155e+01
1.038569889642631239e+01
-1.735448705008444392e+01
-9.586925033692022424e+00
1.970729040334866511e+01
-1.207984326832375643e+01
1.561339389761070606e+01
1.818324030044523454e+01
-1.862193460250003341e+01
1.095397787289005009e+01
-3.066703494201881597e+00
1.143528630308085070e+01
-1.251846887004640863e+01
-4.892158311599601461e+00
5.505405382524443780e+00
3.723409055913535326e+00
-1.023526142783813597e+01
7.094743829674278857e+00
4.278023474532758996e+00
2.388913244085770771e+01
-1.663039120231211143e-01
-1.592401423298264440e+01
8.411042603211505764e+00
-1.466504223067701851e+01
-2.277511135493995909e+01
-2.479277424864782375e+01
-5.536026975927576643e+00
-2.210103967056092245e+01
2.714970650223953896e+00
-1.249774685524201345e+00
-1.800223074111663379e+01
-2.455440257300844564e+01
-4.584295035691134501e+00
-1.152233091126169384e+01
2.244901863558467880e+01
-1.443292754814748768e+01
-1.083210817805342074e+01
2.111205076484233700e+01
7.430520124701025964e+00
1.893868927444664507e+01
2.220994325093931820e+01
-5.550199497719503938e+00
2.457816563661938147e+01
1.342077745638314923e+01
1.280911220971373865e+01
3.528698049409975113e+00
1.755069621333686314e+01
-2.857041626689262870e+00
2.815381976147703114e+01
-3.447680818264441172e+00
-2.283753608859102258e+01
-2.218130636143991907e+01
-1.081485401659676171e+01
1.748879512096531386e+01
-1.109321606069232047e+01
1.856175646473176499e+01
-9.692503009428413918e+00
-1.384385582694863004e+01
-2.005991885296893429e+00
-2.497331833216345132e+01
-1.836292130810969070e+01
-7.267796989894890203e+00
4.619129886173560351e+00
1.157202481125216309e+01
2.014999264072604035e+01
-2.039043197207949021e+00
4.155987639792286359e+00
9.421365176898234495e+00
-2.715342941289833334e-02
-1.791650763585189310e+01
8.309215150522867077e+00
-8.842942087980596000e+00
-4.928970805441831970e+00
1.652215991735995715e+01
1.656234487125998811e+01
1.130149310335531254e+01
8.994413496207570802e+00
8.450635067268351008e+00
8.042766404494010146e+00
-9.789396929713731765e-01
-2.216231653791297163e+00
1.911725416268256339e+01
-2.094120491835744247e+01
-1.248608911893584761e+01
7.333060360414535239e+00
-1.068390966251798702e+01
-2.384608047862317903e+01
-1.486254964305743442e+00
4.612244263351769291e+00
1.925679964605186001e+01
2.688701895351857729e+01
1.133065854877735745e+01
1.450131789655395664e+01
-1.231943973387067359e+01
1.259952517060587240e+01
-8.816013045159028394e+00
-3.587044316512695730e+00
-3.642268862390814377e+00
5.043135563321165193e+00
2.002056713585688641e+01
2.542911489825023352e+00
1.636776330659797196e+01
1.991624320667682468e+00
2.078967639691781955e+01
3.420280267578192479e+00
-1.345792582028200002e+01
-1.150832157083251417e+01
-1.919025729155369930e+01
-5.299065134439445046e+00
-2.175792646727289537e+01
-5.964573251519148300e+00
7.885904934301095182e+00
4.985270631948786502e+00
1.186213277622331930e+01
5.154633906079084227e+00
1.155857017563236866e+01
1.327908602063720878e+01
-1.071260774598130538e+01
-5.155887915787349840e+00
6.420382247162578437e+00
9.178866750769749672e+00
9.731622741832651968e+00
3.376926286139934064e+00
2.936940655796405508e+00
-1.736189734631753367e+01
3.045383176315645812e+00
-5.711641348834309184e+00
-4.561312167563897901e+00
1.638493370030750640e+01
2.022763314591993122e+01
-8.813854712699129124e+00
-1.505596464867127260e+01
-3.569609839204193946e+00
5.941831040979373313e+00
-1.325207328743120172e+01
-1.601555188104656224e+01
-3.248825199976607792e+00
7.478065682183320462e+00
1.958115863668430734e+01
-1.501338393456691023e+01
-1.656112176632623090e+01
2.376968489058658918e+01
-1.319213971930054896e+01
-1.707666693608619113e+00
1.133525466871785881e+01
-2.088004442902719404e+01
-4.974781042642170803e+00
2.812332522610475394e+01
2.501227015516512608e+00
-1.009570797161387645e+00
2.257903028373534227e+01
4.959540650071232903e+00
5.425602432497356631e+00
5.437125430427855122e+00
2.879717624925888231e+00
-9.414770004714924312e+00
3.824655429591992117e+00
-2.298919322859045522e+01
-2.148341956072241743e+01
1.259471063080267328e+01
2.889412221439904727e+00
-2.563788116562935926e+00
2.878510498678321738e+01
1.009432876928008938e+01
-1.051947274343511296e+01
1.023021464388617119e+01
-1.204289261440992931e+01
1.680346308128277144e+01
1.509119461327593115e+01
1.329394018555626644e+01
-1.560685317129836314e+01
-1.171161519312120447e+01
4.761302530838499081e+00
3.378086139785864361e+00
1.039541047917241201e+01
1.212544328180436537e+01
6.986195894415146768e+00
9.213657080049976855e+00
1.537939486000257006e+01
-8.433451694307272817e+00
2.497195252102719820e+01
-1.867313542154874995e+01
-1.165126279194954861e+01
-1.270678196288917405e+01
6.540501037037742549e+00
-4.700150755201256914e+00
5.063072890246672841e+00
-8.177507180647097584e+00
-8.206092652997082126e+00
-5.933958528702216739e+00
-2.153975553388244180e+01
-7.066430240136245544e+00
-2.187775138251901552e+01
-6.908104484662729305e-01
-1.368158398057835257e+01
-8.752348206065168057e+00
2.834625657487507056e+00
-1.306834872717807627e+00
-2.331221481477588497e+01
1.216167597269605238e+01
-2.314095784683595980e+01
2.563270318089791289e+01
2.100998347685968071e+01
8.076690150554213687e+00
1.306996596816364331e+01
3.033224572568435917e+00
-7.729616360978042167e-01
1.673820620931262226e+01
-7.403591280669807873e+00
2.100721686142404110e+01
3.112985425379207527e+00
-7.464390455499717802e+00
-2.902893323684533655e+01
8.857770711878707459e+00
5.371931564042760954e+00
2.165096732719565154e+01
-1.590366245655314259e+00
5.419613998250255804e+00
2.999999946207547197e+01
1.825144704247308880e+01
8.501903095938359911e+00
-1.211390281726671958e+00
1.012772944201692837e+01
-8.254063846576215724e+00
4.438598905941454120e+00
7.933316466368040665e+00
7.573512774089664390e+00
-6.133022514479407050e+00
-1.061128915767116965e+01
3.025874271972362806e+00
-5.126728184091085438e+00
1.510469556144389713e+01
2.686121221656776470e+01
8.085612030650089821e+00
-1.394370862248565146e+01
4.822914190628445397e+00
1.167963854209322250e+01
-1.821807539923650410e+00
3.100532053008429045e+00
-2.800908820529791399e+00
-5.289079239960855716e+00
6.423114267925548404e+00
1.121839623954711840e+01
-8.652835211204674692e-01
-9.933781546148050978e+00
2.022539391713985424e+01
-1.416168518919979036e+01
-4.771918883064952155e+00
3.266078908083997590e+00
-7.530706453092069097e+00
-5.887738614500229062e+00
1.576765158341582662e+01
-1.539633135606472969e+01
7.313602511051009003e+00
2.774174027315424951e+00
-1.282137786629355958e+01
6.366405004130299972e+00
-4.285768716115164523e+00
6.293334132396665836e+00
9.637052302463786191e+00
6.607012427956995282e+00
1.658684741310819533e+01
9.892283221134412941e+00
1.652618112714116450e+01
1.730609820976326318e+00
-1.661851880887854094e+01
-1.113979807137932809e+01
1.112276481937852424e+01
-3.907126598884360646e+00
-3.958306910326189865e+00
-1.212907287441266746e+01
1.144231737958384088e+01
-5.637975493302278096e+00
2.315202843855659154e+01
-2.489808732993950002e-01
-1.591217229618140472e+01
-1.883368145304638119e+01
-1.908458842787395682e+01
-1.545871900850154290e+01
1.171724045075110610e+01
1.259201143853733385e+00
-1.967247321700633123e+01
-1.430676499746089192e+01
7.142843547987780539e+00
2.229489791851215585e+01
-1.257341389139320498e+01
-7.152702726151915158e+00
-1.041450401306165219e+01
-4.769850335642605188e+00
-1.022622630385202669e+01
7.877323501798031202e+00
-5.807441892610576417e-01
7.507734644187436857e+00
-2.033466810270255820e+01
1.205184133380804212e+01
-6.498893629218212453e+00
2.598306970515693592e+00
-2.578635863846301390e+00
-6.968092303798052001e+00
-1.409557736115778681e+01
2.843058362324789812e+00
5.063207990140007553e+00
4.073043970646594403e+00
-2.012477073102432357e+01
-2.070700066077336743e+01
-4.554885087799576127e-01
1.027262407181154913e+01
3.683132917957699703e+00
-1.322137524742945658e+00
-1.843501527152423947e+01
8.201970344039985150e+00
-1.590785157726053001e+00
6.290129965175978555e+00
-7.087968189199564506e+00
1.144080938485467414e+01
-1.013424266575347588e+01
-1.439045488301357700e+01
3.913863326125898823e+00
-1.680941046060416610e+01
-3.166564694661857970e+00
-5.041701444729827841e+00
-1.201366851210345743e+01
-3.100337971061620124e+00
2.152634881381569443e+01
1.327392906241391302e+01
-6.859869184171259349e+00
-1.073372696058057230e+01
7.066106880720397498e-01
1.167330291025128730e+01
-1.614435476122363866e+01
2.989330788568111075e+00
8.541624107703384539e+00
6.695417316408409647e-01
1.149907707250032018e+01
1.286933280688396053e+01
2.761742069676749622e+01
-1.628547854984490328e+01
2.312637717845121443e+01
1.316078882168114461e+01
-4.054567560433106621e-01
-4.997208370014977419e+00
7.427883803443847910e+00
-7.819393029562824893e+00
-2.488356300468687010e+01
-5.049603769974595480e-01
6.802519312301313903e-02
2.624484973833088475e+01
-4.486665348147404586e+00
-1.913393882641361188e+01
-6.885877914858458126e+00
-8.269549372374495277e+00
-1.721344202220209496e+01
-6.104522742608157415e+00
8.950234463748898861e+00
-7.973586541206298506e+00
2.274218944997474523e+01
7.619032957056774080e+00
1.489705646989928312e+01
-1.961991774868959482e+00
-5.822894277906687677e+00
-9.462700429743101438e+00
5.872411094189843084e+00
-1.193398667478084008e+01
1.372905998006876871e+01
1.647939345781555431e+01
-4.843027748956583167e+00
-5.746110865569036719e+00
1.070093657934109643e+01
-1.095517020646794748e+01
-1.425986217872697992e+01
1.692064471057808817e+01
5.937931695452803638e+00
-1.281799179378260334e+01
8.716765719550522817e+00
1.033050953719255460e+01
1.600728757917763545e+01
-7.845910483488836462e+00
-1.875709224508294071e+01
1.958372494397870867e+01
3.245577211230411763e+00
-1.076334355811033205e+01
-7.135904023861321832e+00
4.049142297482688946e+00
-5.300279180690985470e-01
-8.318289279714676354e+00
7.274075478197097766e+00
-5.898023084386487369e+00
1.222209799934389451e+01
-1.716634287543780957e+01
-7.068139901090130905e+00
6.554095602920185115e+00
1.426603509835706518e+01
-3.629911085517008473e+00
-8.860739316854534309e+00
1.047222464306294398e+00
4.330130820330104768e-01
1.186156982971812113e+01
-4.597106321454575095e+00
-1.969158884824587119e+00
-2.468149813371531565e+01
1.618357748425163578e+01
-5.343450965895634397e+00
-8.034111065821750941e+00
2.132348799005259821e+01
-2.043352660884419691e+01
8.442347003761710766e+00
4.550560609564406889e-01
-5.038993057215598981e+00
5.145792265197485449e+00
-3.380397711410097372e+00
1.147207677208724164e+01
-5.413601333794431980e+00
8.146888912225257684e+00
2.412271765302932636e+00
1.289607229412869316e+01
1.210061918431996020e+01
-2.615832055559323166e+01
-2.346076257142108545e+01
-4.170543455880917350e-01
-8.294698735819324042e+00
4.940459979405304125e+00
-1.571533460003304583e+01
-6.670816709263867494e+00
2.035479806836009686e+01
-1.174242593347692321e+01
1.999405223368139417e+00
-8.498611791209054189e+00
-1.940178599153575334e+01
7.207542877579513174e+00
-1.838668059602181160e+00
1.020853951062956355e+01
1.257198607398837709e+01
-1.723904935100369684e+01
-2.540929484321569731e+00
-1.036822665015797185e+01
1.103054827352368505e+01
-2.414764022540395061e+01
2.423712208038799787e+01
-7.452469462904524278e+00
1.296581966513559792e+01
-6.358955513858930431e-01
1.204665861472894761e+01
1.014917182196015233e+00
1.653068252415879158e+01
-2.087262713737722919e+01
-1.862814007304468689e+01
-3.455120396840928976e+00
-1.480546352233955965e+01
1.152370005163074751e+01
-1.044272834685092022e+00
1.817334830881406305e+01
-6.326488392715077680e+00
-2.127821203647211945e+01
-1.599477525957066071e+01
-9.174144685556370860e+00
1.101307790850586343e+01
