1.523614147256853357e+01
1.354658753542668848e+01
9.313755487483142304e+00
8.593971793121070846e+00
1.168746924869800807e+00
-1.262995271577916512e+01
-3.956930899741287533e+00
6.745695567345407540e+00
3.117554277036887811e+00
1.127415153193208397e+01
-1.009783513508107688e+00
-1.994406218532596142e+00
7.542346520142203303e+00
9.183568076093848731e-01
-2.514970165035936844e+00
-2.727779708986680873e+00
-9.557516976275607590e+00
-1.629907201489575286e+01
-9.859090910486660420e+00
-1.397638960959295318e+01
6.323002234000789201e+00
4.883128583807256007e+00
-1.149301164901301320e+01
1.271884743646517535e+01
-1.251027775748582371e+00
-6.431158909644892674e+00
-8.933946629362637282e+00
-2.016475611517740774e+01
1.098076157474429948e+01
-5.371281088795882397e+00
-2.162118296734082179e+00
-8.212762582359371066e+00
1.071149201767475745e+00
-1.137167359531527566e+01
7.826207124279896732e+00
3.254309016590859471e+00
2.887478485489360480e+00
-9.676427543785109719e+00
4.105612463774072296e+00
-4.665873271808617773e+00
-8.648692375138502086e+00
1.162053696407838999e+01
-3.961280845415743102e+00
-3.435178693985971421e+00
1.781759120417316922e+01
-8.084265494722870926e-01
3.339482046347804101e+00
-6.380119156546108172e+00
-7.527012405964338626e+00
5.885360626508806092e+00
3.587053202851535616e+00
1.918865781909413926e+00
1.232767433509036437e+01
1.293253625061532119e+01
-3.667983294847946496e+00
1.551522084843714566e+01
-8.190780875135452277e+00
-2.269682720940384968e+01
-3.018092815764013892e+00
9.266327312534095029e-01
-6.372374850147259906e-01
1.781843553713245853e+01
1.675503820034805358e+00
1.821756113103904084e+01
1.296228534399194388e+01
-9.131011581943628386e+00
-6.965166543777883135e-01
-1.565069041742289713e+01
1.616755799476828770e+01
1.403677702209596134e+01
1.452067370280764180e+01
1.296830611262650024e+01
-1.119240351974292480e+01
3.152453091349620706e+00
1.939954633670079431e+01
2.995248700896397054e+00
9.887460233072587812e+00
-5.491565620959274696e+00
-1.305205310813124342e+01
3.402042112079037395e+00
-5.912059443682160520e-01
-2.960706380486882949e+00
-8.320917396174891678e-01
2.556067311039029732e+00
-4.478588411391623225e+00
3.268698633516201824e+00
3.753135849873174834e+00
1.212580396841277519e+01
-6.612430146294080657e+00
-7.174647537462245594e+00
5.727600743934125660e+00
1.641227864299723649e+01
-1.224437288807803981e+01
9.282464198948602530e+00
-1.206047071163960993e+01
-3.603593701705392505e+00
1.521939626687835556e+00
1.043829370272173662e+01
5.569387928800217935e+00
1.708671710259807242e+01
-1.475486819712516251e+01
1.481995926170746714e+01
-2.878277743896369145e-01
-1.177841291086263453e+01
1.325017440144760883e+01
8.330703884450045393e+00
-1.428931748394361279e+01
7.175437838892761988e-02
1.353971098731499012e-01
-3.849396686087754205e+00
6.753251221306165064e+00
-9.081027678407096460e-01
-4.608821248501733692e+00
6.085295807540305191e-01
3.083189146749489851e-01
8.303037379375325600e+00
1.800008080564879265e+00
6.938546739051993484e+00
1.520210139837351448e+01
9.285631483249623841e+00
-3.603400847129854867e+00
-1.309514770994120170e-01
-1.410063014503969470e+01
-1.800637204505014921e+01
1.319528934192793912e+01
1.171367624519275807e+01
-8.005572379578680398e+00
-7.052998480699134376e+00
1.332204919435561408e+00
-1.493315119196070562e+01
-1.332447974502564847e+01
-1.432129713065523546e+01
7.851956280472982996e+00
1.405287358581740165e+01
-1.282356091188873748e+01
9.449835111008873412e+00
5.157303109615753556e+00
1.152444624757731617e+01
-7.940575071225808301e-01
-7.875559767469855643e+00
6.846615610426951548e+00
6.541608800712573668e+00
5.850087285087809619e+00
-1.345269295905595541e+01
1.057035792707204536e+01
4.992642885634374750e+00
1.407291207658821008e+01
-1.843202013936675598e-01
8.576580609172552272e+00
1.483462472148544009e+01
-8.243410941604562225e+00
-1.614133570519236116e-01
-9.566383764809309298e+00
-1.688544698502290942e+01
6.329236087904945407e+00
1.215365926122635898e+01
7.004140435337923520e+00
8.757093740724997133e+00
4.868000792302083823e+00
5.664870469012143417e+00
-6.295741147425310658e+00
2.982969343221341774e+00
5.678838134638446888e+00
5.527154379952321506e-01
6.854731453197345559e+00
-7.315355256102847648e+00
5.929961618577586080e-01
-7.747106544096038050e+00
-1.441370848711073016e+01
-1.895758715016665263e+01
1.390357756195073335e+01
-3.834536278908785789e+00
5.995078369619001535e+00
8.819637065744181825e+00
3.122404594387191423e+00
-1.250707671721904646e+01
1.131177619754416952e+01
9.458346615041705263e+00
4.890220517096906860e+00
5.840364356926762923e+00
-9.348957137249339411e+00
-2.996997631505607274e+00
2.078560793405761586e+01
1.177751049534241901e+01
-1.141693185052994153e+01
7.747297951380893721e+00
1.282741619471485706e+01
-4.968658964847879389e+00
4.316579518940869775e+00
-6.929570186827898937e+00
7.467118021812503059e+00
-1.348924973861354104e+01
6.812724556291669842e+00
1.663522501472477444e+01
-9.512278306293964647e+00
-9.436951725547370273e+00
3.759626777705307177e-01
-4.751175149819385268e+00
-9.389128681103731111e+00
9.690461634086773302e-01
1.483017023294038950e+00
-1.744620160365015948e+01
-1.092932991120650499e+01
-6.063553841428976909e-01
9.110094577591787868e+00
-1.047434915332673810e+01
9.113747121058182188e-01
1.652146219779069725e+00
1.323566917940070198e+01
4.522494733529072164e+00
1.827970149681314638e+01
4.146394864528090807e+00
-1.951251600462143188e+01
3.250678475730786943e+00
-1.116436674863557243e+00
-8.702843736996307200e+00
-1.845856671688521189e+01
-9.769607527327117680e+00
-7.555080297832816427e+00
2.289668737751277661e+00
-1.020285363094564701e+01
-1.112304541151107173e+01
1.335202923844464351e+01
-4.823750444209878196e+00
2.940743379451014050e-01
-1.217605301899052606e+01
3.239891748665350235e+00
8.530651815204386423e+00
-1.158021532400747589e+01
-1.126279748436784800e+01
3.236062310918526919e+00
-2.225649112176704136e-01
1.696908308411978794e+01
1.972151095318447744e+01
1.548493848649543736e+01
1.518734949095316722e+01
8.020424785668453183e+00
4.140087265538241468e+00
1.395414872847922538e+00
-1.202310222904277026e+01
6.808619850594624268e+00
1.034324978316040955e+01
-1.747167440987018949e+01
-1.482097159297968325e+01
2.493005004819984549e+00
-1.856139194383301572e+01
-2.128249867899545222e+01
5.583342811604282474e+00
1.647828910621941390e+01
7.014669420272760192e+00
2.857053859176524213e+00
-5.887264806060503730e+00
-7.457287542988083828e+00
-5.043200421889430629e+00
-3.373153995449456488e+00
-1.674748266637418936e+00
4.447906045084458526e+00
-1.243579998229471784e+01
4.296644374803555877e+00
2.316071061020863908e+00
2.532096789843606643e+00
-5.588093860601656360e+00
1.771123278975331061e+00
-2.328539298110109002e+01
5.522239252368983387e+00
-1.077499681484423277e+01
3.268746011664269702e+00
2.073003230172232492e+01
-6.298029805094138567e-01
-7.342668585482641674e+00
2.285364690834220625e+01
-9.856143633018806582e+00
3.388160850851278383e+00
-1.000859360106902329e+01
1.462685514330772918e+01
-1.074383186178721417e+00
-7.043201432333042078e+00
1.132197995003673441e+01
1.925934187743114023e+01
1.421367219404012161e+01
8.770350043617533231e+00
-1.802578921829038450e+01
-1.751649416767488532e+00
-8.697865675570355393e+00
-5.947426963782429965e+00
-2.585033177478646138e+00
-1.075677718702453234e+01
-3.641507180148263245e+00
-9.218138564188663509e+00
1.313526765145844877e+00
7.608861514962214301e+00
1.238013546185789693e+01
6.247995547918456793e-01
-1.281149803429047651e+01
8.660854900182236804e+00
5.879941022034088860e+00
1.819335360492846831e+01
8.188755934657876878e+00
1.622934822864641546e+01
4.299392044525419010e+00
-6.638119620835496448e+00
-3.017674341066886257e+00
-2.468047440712567209e+00
6.449978102212867270e+00
-1.276984947170923590e+01
1.082054911635627548e+01
-1.407032495126784255e+01
-4.274294220095850250e+00
1.449158720506889608e+01
-1.941895897305767704e+01
-1.162582749374350044e+01
-7.968943117346050542e+00
-9.573975021265916041e+00
6.475568483362224015e-01
4.588024140672935403e+00
-1.078098502568470707e+01
1.587586038294760726e+01
1.509859847883447515e+00
-1.866464960553386732e-01
-1.449853375462687843e+01
1.083602995099919042e+01
6.939229808129319110e+00
-5.109193637647685193e+00
7.415279767809025202e+00
-6.079932237193283129e+00
1.908850255104136551e+01
-1.712493655960248873e+01
-1.318369113348264676e+00
-1.238620342141618735e+01
-1.309196358406728677e+01
-1.124981654344885840e+00
1.858787728466612066e+01
-1.479920971166603039e+00
-6.708000833765645154e+00
-4.819137553978862343e+00
1.081412824512169379e+01
-7.184397871714487849e+00
-1.815475207891438103e+01
1.572878125481256717e+00
1.173559316237270878e+01
-2.789116281430381150e+00
1.524192600391881314e+00
1.152322081881882809e+01
-2.330567976971401833e+01
-9.957268254949802611e+00
-1.854049277860587708e+01
4.059872878439691135e+00
-2.827408367539511858e+00
1.512736112978366521e+00
5.016637562349963275e+00
6.807452222597319746e+00
-8.430625805747794743e+00
1.512970818402312290e+01
1.277167455669930973e+01
2.271588140307009951e+00
8.302330696736198945e+00
-5.893259940166814204e+00
1.290344310022674534e+01
1.626578877942289125e+01
3.329386700672380073e+00
-1.894689730867945343e+00
-1.818665451288854484e+01
-6.565540922551246439e+00
-5.064594477942499395e+00
9.722478635132077329e+00
2.158632334317570667e+01
-4.336473788019205244e+00
-6.418683257733430736e+00
-1.070611118434633724e+01
1.411372472355691343e+01
-6.940093410234517535e+00
-5.789443836918323427e+00
-1.729370563697580820e+01
-1.742435515616234554e+01
-2.513957123015948980e+00
9.223954808673305195e+00
-9.391791185211271653e+00
-8.420637694136701157e-01
1.584691069750388692e+01
-1.941186276581682080e+00
-6.643564838003232609e+00
1.697009001476041590e+01
-1.336531938155911092e+00
5.350607296508016475e+00
-1.790374843196843813e+01
-9.328283448971358638e+00
-1.579401941586001890e+01
1.235762085880555361e+01
-5.183848742558669898e+00
-8.360125076311994974e-01
-7.592353224399261080e+00
-6.571214516606275424e+00
3.479902598428132876e+00
-7.665404451131525576e+00
-1.090449336106144074e+01
1.289415557242527655e+00
2.444708814555696108e+00
9.643095587128115653e+00
1.205782291258964278e+01
-6.304657673467854551e+00
1.503937906089706900e+00
-1.106307801725206019e+01
-8.082383388777600430e+00
-5.005382149462747066e-01
-6.252026114732810669e+00
3.127853876949870937e+00
-1.606707946026814682e+01
1.050683382029811952e+01
-3.110166197727316728e+00
4.187674252084818249e+00
1.679929153014124665e+01
5.762254985031880494e+00
1.361299359054360991e+01
-2.898635861878304354e+00
7.620038472557183695e+00
8.470066872548684955e-01
1.254029950019725703e+01
-3.478122545551372014e+00
3.685919744453137525e+00
-3.566321712848694148e+00
7.637233131728443425e+00
3.009198517341587831e+00
-1.843573287163066965e+01
2.020720941824886552e+01
1.666496135064961948e+01
-1.895797699983386764e+00
2.062036710593318389e+00
3.896730993999511838e+00
8.545305389902651427e+00
7.838429651806677612e+00
8.412831046716632954e+00
1.822024079737694535e+00
-1.420152065693647003e+01
4.206009176277767381e+00
3.438603811118781550e+00
-2.427670982241824760e+00
1.716628876161900052e+01
6.560902183019052814e-01
-6.281536116369213829e+00
-1.657329893359331408e+01
-9.004442164500577661e+00
4.498879646478698646e+00
-1.516084388847769304e+00
-1.407183289857101549e+01
8.612936618218377305e+00
-3.702145255174968952e+00
-2.092565504725298098e+01
1.590800390809369702e+01
1.427899179917054084e+01
-1.896648725672675084e+01
-1.347795694383865950e+01
1.632272253317660216e+01
5.638809336078679735e+00
2.144348264363924272e+01
-6.973184360499899981e-01
-4.941846437645981638e+00
1.065476029701720506e+00
-5.890488499977944770e+00
-2.380630050138215381e+00
-1.524245281349372760e+01
9.829592840331798698e+00
1.505667001267045890e+00
5.525280992953518933e+00
1.392281534907742468e+01
1.869292530367886940e+01
-1.056514420087851747e+01
1.082227672955409759e+01
4.648553644822158049e+00
-1.178935445526649772e+01
-1.410258024653433750e+00
-1.285871985750217306e+01
7.452570953140821075e+00
-6.334425944836144851e+00
2.497426288162749586e-01
4.620860501115309660e+00
8.385668931507247237e+00
-3.245748797122153917e+00
4.181798010322999914e+00
-1.247051798244894982e+01
-5.274273975648668511e+00
1.072335926146036655e+01
-5.670301980114246021e+00
-2.687568741363293157e-01
3.796028735430148515e+00
-4.457594132269061760e+00
7.907632591440460601e+00
4.546838329027053760e+00
1.707933826262148358e+01
4.989751838954973095e+00
-1.241159836756191126e+01
-1.140180281632872195e+01
7.502225141167066624e+00
-2.137761795615212179e+00
-1.502102436418782538e+01
3.098335764144700022e+00
-8.019590377320017893e+00
-2.072369769295907105e+00
5.774915654437577928e+00
9.414208732883167841e+00
1.109790456568141792e+01
-6.754427031725754205e+00
1.074356222897712598e+01
-2.437163044855282124e+00
1.483050631155524712e+00
-1.574328836018720246e+01
5.722262484810940464e-01
-5.905990912734868203e+00
-2.235460965320509530e+00
-9.007096714600493215e-02
-1.090920415242085184e+01
-9.576722129291646013e-01
4.923199009120942549e+00
2.452518696535861409e-01
