3.421701474136068555e+01
-1.626108454701039818e+00
-1.407574948733593345e+00
2.402886951408409288e+01
1.452816616175379494e+00
-2.190612053069484233e+01
-1.004849734153853547e+01
-2.954596107191051146e+00
1.359050342436250958e+01
2.257712828240688197e+01
-1.113934943299145885e+01
-1.652607449819556251e+01
6.437998569863772502e+00
-1.029660026385579741e+01
-3.564994611614263675e+00
1.529681297567798026e+00
-2.038763663741610088e+01
-1.041693058695041785e+01
-1.353075416291072841e+01
-8.016662279137257485e+00
-3.324143666176830436e+00
1.184067860458679888e+01
-2.416019270738936697e+01
2.428766741877283408e+01
-9.105018332018268268e+00
-1.618760808097670889e+01
-9.952430061127802929e+00
-1.615196345049408677e+01
2.307233732030330486e+01
5.295896557104484259e+00
-7.846899429155445915e+00
-8.579671255802775676e+00
4.924368635170658592e+00
-2.133727455304433818e+01
-4.965923438566647974e+00
-3.558553298918724295e+00
1.604103699408072714e+01
-1.655821974278026687e+01
-5.536854095910982210e+00
6.574934772519533510e+00
-2.019872943021855605e+01
2.207987780523242094e+01
9.426084887198086903e+00
3.908407507086700150e+00
1.317109724968722162e+01
-7.561234480497439847e+00
1.607422674045436395e+01
-6.084431606317984631e+00
-3.111531838094482083e+00
5.756993254444779495e+00
1.248330154184371565e+01
4.939385330948688591e+00
2.181856405490076867e+01
1.780435291414352150e+01
-1.446221852669148866e+01
7.998755676859516939e-01
-8.007750014677519346e-01
-2.510878098021345650e+01
-1.008395885556144123e+01
5.272194537972154649e-01
-4.215548696718396826e+00
1.935122630422009848e+01
-2.568267483245378457e+00
1.220584922285157603e+01
1.784917592381767548e+01
-1.597197376493027221e+01
9.699248366436073354e+00
-8.099766333219402981e+00
1.117777471486098761e+01
8.625464814480281461e+00
1.348159377819166593e+01
1.543262966738127773e+01
-1.438710621102593912e+01
1.283066713313611729e+01
1.168148559027812894e+01
1.078593963284386348e+01
1.062559797397312167e+01
-2.656655577702650817e+00
-9.262276734762693309e+00
1.701901570937689456e+01
-7.057334649601287424e+00
-1.212042839919494952e+01
-1.602228238132603622e+00
7.216836432798523049e+00
-7.994767098636263114e+00
-1.237161448951375675e+01
1.449564839056570520e+01
6.481361889506430884e+00
-1.801610335341450764e+01
-2.195956174582740061e+00
-1.252665275620350016e+01
1.874977054047836589e+01
-1.943873741203695715e+01
-1.657506921840052883e-01
-7.668241794400994849e+00
1.088551832604888858e+01
1.339834836953595953e+01
1.663306714313347356e+01
-3.046138798957333194e+00
2.336339914813933660e+01
-1.620100124098857464e+01
1.398426679163636521e+01
-1.426660844992687593e+01
3.462055515767076486e+00
1.100432844412621591e+01
1.674171774785693856e+01
-9.285784509596609837e+00
-2.518100677563019474e+00
-7.728047233921536474e+00
-1.507526194163922995e+01
2.289661629021163236e+01
1.025557643860219059e+01
-4.272986326844804950e+00
-7.087874978229020684e+00
-8.434701800718631404e+00
-5.464010677200583643e-01
-1.087997006412813050e+01
-8.332343702245609052e+00
1.023771745790875087e+01
5.846042204629164019e+00
-9.396492735011335640e+00
4.711430691522160430e+00
-2.998412065176989216e+00
-1.590354110049702996e+01
5.702963661964879805e+00
1.571423085976980616e+01
-5.105333537884650497e+00
-1.192569425795011639e+01
-1.098125088912535574e+00
-9.701223509833770464e+00
-4.887375810840296708e+00
-3.222926296353996634e+00
7.543466113704361931e+00
2.281490294527296925e+01
-1.697605374033512504e+01
1.895374171989431744e+01
-3.978258386004128511e+00
1.419945491925864900e+01
-5.462961927677472573e+00
-7.348972224119275864e+00
-3.054343125783361756e+00
5.682368416205491712e+00
1.446227386359088030e+01
-1.522825132962487338e+01
2.094920021472808713e+01
9.093682718693791855e-01
2.417831998994772391e+01
1.233177669879067651e+01
1.285304358674008540e+01
2.599294240171597181e+01
-2.529116034469176810e+01
-5.580912910131363702e+00
-1.211490354365236755e+01
-2.505284841508917282e+01
7.952067970192700841e+00
1.262260252936349758e+01
6.351215904954415237e+00
7.458224991771103873e+00
3.987942805181639017e+00
8.768304512148716867e+00
-2.620989609588217917e+00
1.226237701001614511e+01
-6.577903990403783041e+00
-8.379815752081007929e-01
7.462720719273917780e+00
-8.467308033412333401e+00
-1.225065499661749868e+01
4.236303968928254449e+00
-8.253266511325254129e+00
-1.106128356610708963e+01
2.319710910797742542e+01
-4.060790190182856918e-01
7.783383835048901744e+00
2.347894572909879685e+00
1.262157831797370733e+01
7.424683384431780553e-01
7.921056474822130156e+00
2.154800732908932304e+01
-1.512866166845164173e+00
1.251726991667513289e+01
-8.907336384183324185e-01
-1.101674786153559893e+01
1.685453881897211659e+01
1.156810688007637111e+01
-3.592865779756436950e+00
2.131315803799270014e+01
1.398773708433864016e+01
-1.143213024174311698e+01
1.574685897119248779e+00
5.206107176367765987e+00
1.223254413932506424e+01
-1.124855921211585397e+01
-3.641716000487505767e+00
1.036432869365854970e+01
-7.086461205602265778e+00
1.325175483917185204e+00
-5.672369348780215148e-01
-1.948818575773259099e+01
1.648258674778666943e+00
-8.663813152247776372e+00
-1.508969413161231898e+00
-8.565808890049158464e+00
-2.491807113987752942e+01
9.619454436834672606e+00
1.766402495938356054e+01
-2.191767154448776012e+01
-1.468790931590132054e+01
1.347536708666224570e+01
1.003917890867747786e+01
4.160551343599117047e-01
1.222342234438168163e+01
-2.422388229740541021e+00
-2.041038617986981762e+01
1.378242804739017657e+01
-1.104914929125808598e+01
-7.155109528069047542e+00
-1.080553115238402384e+01
-1.311225712736851179e+01
4.003406849316476723e+00
1.658832221884861013e+01
-9.245898213132814902e+00
-1.595091445433848776e+01
8.630435994554893853e+00
-1.311577881101801069e+01
-3.109439358458924829e+00
-1.337082019580712000e+01
1.529242719815561458e+01
-3.309184420483529010e+00
-1.088299142323786128e+01
-8.809584486325967134e+00
1.248750649461828743e+01
-5.575147669239939319e-01
2.466588455858276063e+01
2.077937691015391408e+01
2.511994603090944622e+01
1.971763734728115480e+01
1.607165458775057232e+01
2.810952402423104957e+00
-1.517089284823432038e+01
-2.344872605358158069e+01
-7.737086292238629426e+00
1.721341125985909315e+01
-1.216714121237847479e+01
-2.125697358878413468e+01
1.450822366247287931e+01
-2.724460930564049832e+01
-1.943901581595142147e+01
-4.282111644783228144e+00
2.012635053253853812e+01
2.712547981950841347e+00
6.064579345579957703e+00
-2.066122271841721769e+01
-3.591101942252425516e+00
-2.452431625170468976e+00
-1.823938500777305904e+00
-6.410662117739434507e+00
2.084618305960530904e+01
-1.787258706718605694e+01
1.192760467967578109e+01
6.942908789553214888e+00
-1.035136910670800603e+00
-1.368713545935109721e+01
-5.198900004845963707e+00
-1.823638689412148040e+01
1.512159747271688559e+01
-1.826277294781089466e+01
7.970663673770886248e+00
2.406357151982034992e+01
2.306828281811291959e+00
-1.601142032607146604e+01
2.122995392817342974e+01
6.414682313902048350e+00
5.361926752583926259e+00
-3.991659712960313300e+00
2.560507296740649963e+01
6.065483569348387505e+00
-1.007649132882094989e+01
1.040265476046575088e+01
9.544143495283833545e+00
1.639031415892281274e+01
6.533487301346085019e+00
-1.140640478574812278e+01
1.072654456827558533e+01
-4.977932008634752492e+00
2.906608613676120001e+00
-1.227669155933793022e+01
-5.522018970690524498e+00
1.579031782530446293e+00
5.975064181266908747e+00
1.344797175659987687e+01
1.784892539411939083e+01
7.824473743821513949e+00
5.556440678346881157e+00
-1.412422446417715527e+01
-1.632365226338318820e+00
9.174363412940742535e+00
5.615661263953739990e+00
3.225604303106862858e+00
1.815179142288871361e+01
1.090229178175251690e+01
-1.739405769634982590e+01
-8.490549758600351993e-01
8.549380278237563857e-01
-1.457361567853578066e+00
-1.029569055446639325e+01
-1.008186822604773880e+00
-1.598943282794579446e+01
-1.272575339823361418e+01
1.677161149395814732e+01
-1.314728834766863841e+01
-1.439746728705154055e+01
-1.913302631901147066e+01
-1.719990480458155346e+01
6.444120758715882857e+00
7.707245178090637694e+00
3.501726314139915530e+00
2.250264785315575011e+01
-2.735901473139087159e+00
-3.069077049688615944e+00
-7.052980629279261393e+00
1.590259062759889019e+01
-9.409416184518228476e+00
-7.179521763783956345e+00
2.913500465470306722e-01
-9.008880410879200440e+00
1.899671137440002866e+01
-2.508488310912247954e+01
-1.688056011143925517e+01
-5.025551831973501749e+00
-1.261756865741009648e+01
1.505632798079645340e+01
2.320029331005045492e+01
3.024721194236569488e+00
-1.610407646014731498e+01
-9.280780230360967664e+00
1.372872323619467494e+01
2.606012204799178278e+00
-1.452667783614102248e+01
-1.610501032427463386e+01
4.788572693185336959e+00
-2.685333879228345211e+00
1.008390621232611295e+01
1.371982954909675811e+00
-2.585323550202128828e+01
-7.591212423186757263e+00
-2.217019734751947269e+01
-8.152307662769707974e+00
3.876178148318722094e+00
1.165485367478928680e+01
2.084576222944569679e-01
-1.839427488297005198e-01
5.522972405334442669e+00
1.554570224755210717e+01
1.670158666071453979e+01
-1.234988899927163430e+00
2.521736892433402488e+00
-1.371023217719969622e+01
8.204084303066366601e+00
3.541651837530622515e+00
1.019972561138423828e+00
-4.380586083516178064e+00
-1.992395758778616255e+01
-1.197386701750873428e+01
7.730542703647437008e+00
1.259740540591710811e+01
1.653746982748327099e+01
-1.310673516305508812e+01
-2.215533503664179449e+00
-1.466291795247154539e+01
1.313074735364990886e+01
-4.206222198502857168e+00
-8.430058909510336207e+00
-2.421361086336668933e+01
-1.351805578761763371e+01
4.348347285078098423e+00
5.632079431955432369e+00
5.305400393864836417e-01
3.461007794622418032e+00
1.732022575184267055e+01
8.274320966666209642e+00
4.799538839016150860e-01
2.660962082788566363e+01
-7.350336630654481951e+00
1.076572645332059608e+01
-1.093811806920866658e+01
8.128107571837126955e+00
-1.033973612518929741e+01
1.130181356355392808e+01
-6.857028242697829512e+00
3.217288415163899629e+00
2.548136069649537205e+00
-3.863069129726746098e-01
1.237654302174705379e+01
-1.586601015471721610e+00
-8.065536643395240901e+00
1.403377733395698357e+01
-4.167887779108440327e+00
-1.955643214150306619e-01
6.494991344256099808e+00
-8.378801210023848256e+00
-3.936877728020004241e+00
3.918764453314658169e-01
2.412463849786810499e+00
4.150325250805977362e+00
7.536480125213628867e+00
-4.092935900942460847e+00
-2.002767753063957201e+01
3.952079777176429332e+00
3.258213061895339990e+00
8.056484583804248700e-01
2.090159982657417004e+01
-6.852821237747630079e+00
1.238744410852083888e+01
6.405031552436184938e+00
2.378887197345279247e+01
-3.938577045922492914e+00
1.108323070032282942e+01
-2.295951344537780159e+00
3.317585945512171008e+00
2.788825277410488468e+00
2.100014401826245347e+01
1.521673063541859960e+01
-1.707353534654684424e+01
9.931887000890306183e+00
1.183654649857984253e+01
-2.636385784968517498e+00
-5.707382299675369808e+00
1.279297663398443063e+01
-3.781909118567732264e-01
9.986546571912782611e+00
9.911561096215670830e+00
1.005451743717215862e+01
-1.542208728128141892e+01
-7.934726587948571108e+00
-6.568082486351826788e+00
5.609076970305920895e+00
1.848508680797660730e+01
-1.028166406464763227e+01
-2.100369077783702920e+01
-4.424612128699440206e+00
-2.052665675658871436e+01
-1.055718054576797726e+01
-8.177685644266805554e+00
-2.339514867658718700e+01
1.509836119988355563e+01
-1.758448474135706974e+01
-1.578348974355597001e+01
2.050757943512610382e+01
2.031211498485289013e+01
-1.786988664847598329e+01
-2.379394121532190098e+01
9.966290267831155347e+00
5.479399941446061462e+00
2.768042338700147553e+01
1.313169876145524739e+01
-5.124573613857915433e+00
-1.312897086716127149e-01
2.187585731175438752e+00
2.219822250582055290e-01
-8.543183199546998452e+00
1.027575363446551648e+01
-1.213000587554340015e+01
1.047198545752345922e+01
-7.235614827562599771e-01
1.132553638300957743e+01
7.682630033691317806e-01
4.011890553235133439e-01
-3.562995548697230674e+00
-1.549000169729132637e+01
1.205563746977972528e+00
-4.659717046401755880e+00
1.297202514144186125e+01
-6.133162027449774456e+00
-9.272412892679977148e+00
-4.143046333313456842e+00
-5.264138534156870719e+00
4.070230092529598664e+00
1.822587054999796408e+01
-2.115137455036251168e+01
7.084549635507570997e+00
2.024874692181184344e+01
-3.921410838804177956e+00
-4.466139774121987926e+00
1.428131598501044408e+01
9.975154941778185957e-02
1.240014864572007269e+01
1.044176648404929608e+01
2.048927316526164333e+01
-9.110253945535617959e-02
-1.047583020189016523e+01
-7.479867165298376364e+00
-6.757969997591786182e-01
7.458245520658152827e+00
-1.479923262824554619e+01
1.443256922542320808e+01
-1.218123919704091662e+01
-8.959136597202821406e-01
1.010076355828015693e+01
-5.238762979391111685e-01
3.848444672111511977e+00
6.898552647546992489e+00
7.966203786297853640e+00
-1.122908465404889000e+01
-1.088814827498856630e+01
-1.057755883303603994e+01
5.396816231301116318e+00
-1.356635348157952237e+01
2.022222491147040557e+00
6.319086768007700528e+00
-4.937709935004885864e+00
-6.824629209839560673e+00
1.104992199297790734e+01
4.936672440821908481e+00
