3.085054741982429505e+01
1.448168299135849679e+01
-5.801968576071363515e+00
6.258153605699071420e+00
8.327353245645412017e+00
-1.402873504127184923e+01
5.691680302092620991e+00
-3.761772897809571248e+00
-7.209106501523372401e+00
5.068591172126026834e+00
-1.853988025434137654e+01
-3.743889656209510974e+00
2.842071330810327368e+00
8.335897583104355135e+00
6.125881122339194462e+00
-4.253732292094042577e+00
-8.952073261770845392e+00
-1.979491974783524455e+01
-1.169721834035912167e+01
-1.466714646411339373e+01
-1.110125220278824187e+01
-8.409988316461834756e+00
-5.237672720128934145e+00
1.754332982818283426e+01
-1.926892050231522546e+00
-1.735630753837612161e+01
-1.560623998638575038e+01
-1.803919811185473066e+01
3.306322095427105978e+00
-4.099916755341400432e+00
-1.396446022811217347e+01
-1.818403551960321707e+01
-6.219443374378563760e-01
-6.963372401091191932e+00
-9.205762669956030209e-02
-1.007939872396733350e+01
7.757853363139012970e+00
2.768941788611130050e-01
-8.149423879329980025e-01
1.241266547875331128e+01
-2.013248787661213157e+01
1.207330065634089777e+01
-1.356520406161081382e-01
-7.554703670592850528e-01
1.242644410412179923e+01
1.503873432006527366e+01
8.724054637518236177e+00
-1.903908933820134308e+01
-1.573663619336639030e+01
-1.227334892500082475e+01
-7.084355568584044249e-02
-9.467669156099852046e+00
6.137901208018291754e+00
7.579289870674088547e-01
-9.683769916640439845e+00
5.029982019862373477e+00
-7.101114414895214111e+00
-1.636365616016481539e+01
-1.467831250870331417e+01
4.279126192032350673e+00
2.700998944324766171e+00
4.178143395131897364e+00
2.073794313181309690e-02
9.366406045400850644e+00
8.563898674896364582e+00
-1.519576790221497475e+01
9.585712193274900983e+00
-7.415450918795560398e+00
1.395258503607347933e+01
3.718788950722313302e+00
5.988416829888812742e+00
1.953437836148021489e+01
-1.858503383337390602e+01
1.427468691420662594e+01
9.401163095232249134e+00
6.719203970600815978e+00
5.759165608885531640e+00
1.319188133900017590e+01
-1.897351917372205321e-01
-1.307447147176389990e+00
-1.107029274628107984e+01
2.164140049004593891e+00
1.272870503905565442e-01
1.587966744722841383e+00
-3.250286974924179617e+00
-1.355554365117793481e+00
1.535777614496085164e+01
1.431369024496446940e+01
1.231699281044740246e-02
-1.181571109072623926e+01
6.694891033203731467e-02
6.270923589459229675e-01
-1.952781162897020550e+01
6.950848047461079204e+00
-1.512557432656788947e+01
1.005692567008484417e+01
1.139890097755201026e+01
1.104580657293460888e+00
1.018867455407992395e+00
8.980515206434304787e+00
-1.219143395145823661e+01
-2.121236743850516859e+00
-4.742536628657578746e+00
-8.077111244514448174e+00
2.310070056994335630e+01
2.410068821118777294e+00
-9.921502242475675359e+00
-3.614844744379642094e+00
-8.432672422119331657e-01
3.819213488811698198e+00
7.630512491831346722e+00
8.365212053358511923e+00
-3.724595744269617370e+00
8.397292266823633611e+00
3.725916139391550530e+00
1.759449150715930443e+01
-2.354362970230056362e+00
4.608770758888688590e+00
5.073171354235789465e+00
-1.988807442643036438e+00
-2.079699287384243789e+01
-4.555916117398620457e+00
3.319362197341689580e+00
-2.312381818073146889e+01
-3.057184833959325942e+00
1.854881749050800721e+01
-1.103332758200254204e+01
-6.156615702624364417e+00
1.794311795435810808e+01
-5.279693644494841465e+00
-6.810189340235336175e+00
-1.826895115867358399e+01
-3.665974180485381595e+00
6.691276960909313232e+00
-1.737757076857636207e+01
6.952054017953777532e+00
-6.485153588004553882e+00
5.361038690521112926e+00
-4.857520116716376180e+00
-2.204501188310111104e+00
-4.820253103815481666e-01
-2.372679229855776839e+00
1.559739304299370843e+01
-2.547808702759905231e+00
1.839637121257496943e+01
-3.258128179471938779e+00
1.628185969092303509e+01
-3.564603375299395083e+00
6.083170671155514242e+00
6.676816700788990033e+00
-1.372669173878276894e+01
1.919693009964575481e+00
5.779492512423992423e+00
-2.128634398075974943e+01
6.533659743506497364e+00
2.720695465109415068e+00
-8.038188063698076036e+00
1.706328997066614761e+01
-1.035358731328891579e+01
-7.854362322052921286e+00
-1.251472937296512455e+01
3.476162018387519481e+00
-6.571777373884227558e+00
-1.205956110191979747e+01
7.296466604952556168e+00
-1.485392596993850844e+00
6.651433059450134522e+00
-1.960739387367667064e-01
-5.377003989177101317e+00
-1.741241391747092848e+01
1.251089793772995051e+01
9.578778257791306316e+00
5.442913961660323707e+00
-1.045822032626231390e+01
3.904095340206289677e+00
4.216223482625984786e-01
8.758317492889894140e+00
1.012797327616660681e+01
-1.067654939337393927e+01
-2.591815858371177228e+00
4.880343810327360643e+00
1.260978534658566019e+01
9.025165636148656745e+00
2.019102364192664112e+01
-6.243505444420964778e+00
1.172071402554210806e+01
5.036461659860236750e+00
-2.020460559803009204e+00
1.997148358675281088e+01
-7.799818998564518324e-01
4.017487342843828912e+00
1.091445019698198848e+00
7.639865778050094036e+00
1.186074787764170679e+01
-2.353049265051057048e+01
-1.385158013906688623e+01
-9.422163101538302499e+00
-1.230499333449859378e+01
-1.548011944713222832e+01
-2.272009549234180525e+00
1.189975028831036497e+01
-2.073074133106054262e+01
-9.039874071231139396e+00
3.208428226026107666e+00
-7.345133832845966992e-01
-1.144543561981227953e+01
-3.863760421519941701e-01
1.406350464492550856e+00
8.413028080082177951e+00
-5.164771010585162969e+00
1.816022608178535336e+01
-6.675290295971695542e+00
-9.039400896919822515e+00
1.906068584590897785e+00
-7.520672234026388736e+00
-8.823574205473629917e+00
-1.420683592307634946e+01
-2.797030606495781058e+00
1.177941133900597492e+01
-4.362407833679821323e+00
-1.126121288352397443e+00
-2.361416731052475626e+00
1.218051439438865913e+01
-1.491891890947016464e+00
-1.106716245790659414e+01
-7.218460050683894735e+00
-8.281030616383084464e+00
-3.245932012147392243e-01
-2.805768735824699434e+00
-2.257052872508667107e+01
-3.896180440296070913e-01
-8.612452296651742500e+00
4.042232491500612923e+00
2.111859601304289669e+01
2.016306450773036829e+01
7.902284432258326774e+00
4.994294927327665334e+00
-4.930021977558833868e+00
-6.859403113618576242e-01
-3.836203288740179573e+00
-3.465381278319206615e+00
-1.026903216386649831e-01
-2.039116856728238503e+01
-2.148160550890788301e+01
7.010004642578394396e+00
-1.789933904999637093e+01
-1.457207218811469041e+01
3.549861376962702764e+00
2.068457833101783194e+01
1.152052248233771792e+01
-6.048152312313945345e+00
-1.178965995467610739e+01
1.100942477605703829e+01
-2.868546939199656975e+00
-8.177092370133365762e+00
-5.633921565285845645e+00
4.648509505910759287e+00
-1.277911046186461519e+01
-2.602858628794603391e+00
-1.425250352988317104e+01
-8.065715241143351477e+00
-1.708200797855579367e+01
6.783082579385734334e+00
-1.600576644941462234e+01
1.637821298402514714e+01
-1.632731306261423043e+01
-2.037139180878440925e+00
2.120835189702153656e+01
8.504258176093301813e+00
-1.806601132453629077e+00
1.067991581076886121e+01
1.086166157621295980e+00
-2.901146639342304212e+00
-4.516778995771915106e-01
1.027968351455732687e+01
-9.465976847416371243e+00
-1.435629398992187689e+01
1.081085529864358818e+01
1.885996619955938058e+01
2.146116093320112839e+01
2.093896457761632490e+01
-3.241969302343701287e+00
-2.548807922752029498e+00
-1.042349003424397580e+01
-4.192628213775112300e+00
4.856472916606726642e+00
9.381970807195472162e-01
-1.436154302596000853e+01
-1.312486124738402182e+01
-8.790191364805540530e+00
1.929785443032575643e+01
3.031319960822060011e+00
7.548966185089078351e+00
-2.396488611537441571e+01
-3.650188464899159158e+00
1.216574868575952451e+01
1.025223795564817664e+01
1.458854356865200685e+01
6.538988981074261631e+00
-2.440424649858030648e+00
-4.630107352249044794e+00
-8.932923466891139697e+00
-1.774100378972305236e+01
-7.636247261209639703e+00
2.707076749165167939e+00
1.274105017238372994e+01
-2.249029013660127418e+01
6.047457022010576111e+00
8.091479987966252452e+00
-8.148912837437237044e+00
-2.255348958941817372e+01
-1.308126821133169670e+01
-3.164740412279503090e+00
6.385049837674785067e+00
-3.817324145200938545e+00
-1.189051586919280723e+01
1.143426128050184332e+01
-5.164760909037333647e+00
-1.088153289396456458e+01
-1.422618311629602239e+01
-2.342641137525703243e+00
-4.678419640212343467e+00
3.960089767609254352e+00
7.122166258891411417e-01
-5.274397008423360234e+00
9.858195652038844514e+00
-2.262605664245569770e+01
7.657859005017932930e-01
-1.841437060896588562e+01
-1.447295040044659942e+01
-2.448710130352647951e+00
1.089175845740025750e+01
1.608751336802016851e+01
7.945816630302005024e+00
-1.017075789169529543e+01
1.854038183387001482e+01
-8.196823341805078655e+00
-8.451179059490716128e+00
-7.018775282754422307e+00
1.311379129683438549e+01
-9.483139826227091618e+00
-1.307878778925599761e+01
7.954945323607873320e+00
-1.481945443117338179e+01
-1.678902996855701701e+01
-1.992538723013453961e+01
3.003263604525812980e+00
9.630335637785947256e+00
4.420669960903630624e+00
-5.927408731195903613e+00
6.936249712951088497e+00
1.984779725189760313e-01
1.511816698516347657e+01
2.308320914941227642e+01
4.555353521735213462e+00
2.988063096824475906e-01
-1.392832509529776885e+01
9.549054885173227092e-01
7.033177323447802110e+00
-1.160147044480048351e+01
1.266038491659190157e+01
-4.920950508699764470e+00
-1.802553275475491290e+01
1.503881792860429556e+00
1.017814491296558543e+01
1.468252751245841381e+01
-5.493980975612430484e+00
-1.325473970907514243e+01
-1.269541302220787315e+00
1.409352545835807291e+01
-1.455022186515937044e+01
-4.288492086109737755e+00
-1.474714972334376739e+01
-9.525347523654552617e+00
3.141824726495840991e+00
2.691156684978189162e+00
-1.383219077866682412e+01
4.442210357889713634e+00
1.111547317183428163e+01
-5.739974275799522019e+00
-5.972885204377242019e+00
1.300027625592119307e+01
-5.601179758711893442e+00
1.877157146232426754e+01
-9.397944339305098538e+00
-1.790416627084898238e+00
1.837715043682379701e-01
-4.312335030606757158e+00
-1.538204895966306829e+01
1.121060504919260126e+01
-1.311579982515177534e+01
-1.545474513374677450e+01
2.444966095529188976e+00
1.151409500666775187e+01
-1.589140819177338138e+01
7.056220403221345805e+00
-7.089791456814410253e+00
1.223966603676442588e+01
1.033694317587663392e+00
-1.748414226000237193e+01
1.563572257027774981e+01
6.792514361260465705e+00
2.042324825709975755e-01
-1.397972631495198215e+01
9.232752714897941360e+00
1.288453207636081999e+01
-6.491716070956819351e+00
7.109079966305017706e+00
7.977829552724564621e+00
1.767759224710875543e+01
9.269888853927255923e+00
7.550592213798303476e+00
-1.188913544110000942e+00
2.171508193348458349e+00
8.069219722361680169e+00
4.256753750622081611e+00
5.538212492963417333e+00
1.303569798041462491e+01
-8.356267240987200751e-01
2.629361800054560661e+00
1.685009530017013901e+01
1.105206789504185849e+01
-1.849540014906923346e+01
8.890018121725340450e+00
9.197930661867069091e+00
1.411372875071320721e+01
-1.181307431591177703e+01
-9.223404155132705284e+00
-1.602423834356404342e+00
1.997571854015831860e+01
2.013784980474638786e+01
3.250758066197612095e+00
-2.070739622825268356e+01
4.876577977376108208e+00
8.463862348358567544e+00
-1.427346141832450499e+01
1.935903548124393581e+01
-9.283395401358632171e+00
-1.678913875381838139e+01
-1.952968140069074821e+00
-9.942990106577774156e+00
2.029845815822092447e+00
-1.222724862689884873e+01
-1.292022962371870065e+01
1.493722744668776414e+01
-7.513775914245503174e+00
-1.289390825812285613e+01
2.284988541383138028e+01
1.465470866834621688e+00
-3.835772542901320747e+00
-1.059011310256964933e+01
1.629882723831812541e+01
1.508880593837026396e+01
1.342530004666499366e+01
8.250305886497983465e+00
-1.118569288951056961e+01
7.173888013022050814e+00
5.921293110539899374e+00
-4.229244018120169812e+00
-1.031219206440588465e+01
3.611816288125432095e+00
1.020978096266539126e+01
-1.827351586214227552e-01
8.205398863973755397e+00
1.659539615027955506e+01
-1.512799115854449816e+01
1.993018232381391641e+00
-2.777446250694158181e+00
-1.029527134032490920e+01
-1.151674065582993123e+01
-1.384528764593562400e+01
6.435352129351933570e+00
-1.220906787576255681e+01
8.364024245805168789e+00
1.441542496443833699e+01
1.246509186564974669e+00
-8.861555117141957538e+00
3.258693973234514374e+00
-1.456996129646693561e+01
1.291250971129315417e+00
5.350322529701557528e+00
2.470404182563278539e+00
-8.310555486775037082e+00
7.342715465974293920e+00
4.564945837241751292e+00
5.147711082664834237e-01
1.053195979153933592e-01
5.884134276495679217e+00
-1.253500752617338776e+01
-1.093976493669808647e+01
-1.906590506945649821e+01
-7.693209367414443278e+00
-1.633450092370242857e+00
-3.969770743929689871e+00
-3.820775513463939177e+00
4.711596905287201764e+00
7.360283328540191405e+00
-3.648660239783914960e+00
-7.370434959106681561e+00
3.576910647747951089e+00
-9.900776035393139551e+00
1.695930908738693432e+01
1.099729364452274893e+01
-4.246508618975781246e+00
-3.964081401674910410e-01
-1.456714215496362108e+01
5.727181976641972483e+00
-4.861585152990095082e+00
-9.825072825228101436e+00
-1.543062689482695760e+00
-7.071492955545391368e+00
1.850819059916428699e+01
9.264808949436059038e+00
