1.074189031492996094e+01
1.288464512491309932e+01
-2.095441024087961068e+00
1.436431454343679093e+01
-7.324714650332886379e-01
-2.122861583045382261e+01
-6.491568927654004284e+00
5.995161559747387514e+00
-3.236513595892770212e+00
2.376021595691412358e+00
-8.479570772504477105e+00
-1.689280680962127690e+00
-7.273442163745251321e+00
5.754442783657758298e+00
1.119671893788382278e+00
-3.024065025123505279e+00
-8.076101795373279657e+00
-1.623904277720787093e+01
-1.781010415535840252e+01
-1.456293381454837643e+01
-8.659347746351237163e+00
4.664919860255601236e+00
-1.581796200700918220e+01
1.435437832366655897e+01
8.074397795924880938e+00
-7.518814659640618459e+00
3.126451269505459152e-01
-1.910913668159921741e+01
8.891212630398108274e+00
5.823718218354891007e+00
-1.525397332848420895e+01
-1.175461882973276673e+01
5.193357485976854093e+00
-9.609063218450394572e+00
-1.894702960218488386e-01
6.715295134214294137e+00
8.726452558388800185e+00
-3.892830414598229538e+00
9.807965557553970370e+00
9.132018711831058511e+00
-1.405983763656676189e+01
7.989455044037192977e+00
2.407124791199507285e+00
-4.426627756605228114e-01
5.291436670277306575e+00
1.035662774218547355e+00
5.326071578879343349e-01
-1.452003636379735951e+00
-9.941018355740332879e+00
7.428953727829679110e-01
4.108110591631778163e+00
-8.928371747610306386e+00
1.556012542988195690e+00
2.823465495575419482e+00
-1.791010314462483421e+01
-3.723268973357960476e-01
-2.999240802390108485e+00
-1.293068712151479005e+01
-3.891899450972651664e+00
6.654579061848373556e+00
4.500918536555531091e+00
1.172605397588439047e+01
-7.326927698406105804e+00
8.803873680338377028e+00
-4.756779063678884256e-01
-4.244455715572573951e+00
8.067884155782294897e+00
-1.488631628360178105e+01
7.296490875937934106e+00
1.446151129109463795e+01
2.841055221731728864e+00
9.820612703630857254e+00
-1.911710114894915691e+01
1.588102557051955444e+01
2.140365597031376410e+00
3.032410097317239206e+00
-4.173414583058917771e+00
-2.606872536815565411e+00
-7.586030527389720390e+00
8.252038616538754923e-01
-6.698661818353446762e+00
-3.703933536869353560e+00
4.508577081850205559e+00
1.636712612133857192e+01
-1.115316085576061766e+00
-4.228449475254777212e+00
8.389934689956064062e+00
1.401730820946279721e+01
-2.027955362959055208e+00
-8.798799627314537020e+00
-4.294843529776816382e+00
7.199931631321952352e+00
-1.181985078292207803e+01
-2.674636565259689291e-01
-7.823888669684020414e+00
9.866763957620570125e-01
8.671293955766721240e-01
5.611946700699697033e+00
2.149837223272868414e+00
1.071041852068194089e+01
-1.181635655652407380e+01
8.714822760366438104e+00
-3.374608589533664826e+00
1.810168436763142097e-01
1.222084405257942308e+01
-2.391055839887599177e-01
2.436710645292315291e+00
6.662111596777222644e-01
1.001503422281586353e+01
-2.134855270172153041e+00
6.272569354100937744e+00
3.529531144510123397e+00
-1.434462876906916939e+01
-1.024149025071355013e+01
6.654789241865088911e-01
4.750275407692541307e+00
-3.954256214226056443e+00
-4.874736747827419947e+00
1.445025924953743868e+01
-6.709648233442301546e+00
-9.210787599884834975e+00
-1.259064485677361489e+01
1.010443899976099402e+00
-1.325021873709945197e+01
3.460000369573023704e+00
1.439957448369243309e+01
1.125700470604307668e+00
-3.882322867541933675e+00
1.356458960623974974e+00
1.502341381563105926e+00
-3.024163415704759217e+00
-5.504901329281786104e+00
-7.929880806946204785e+00
1.824048684365557449e+01
-9.347954243985419964e+00
1.249757641072257286e+00
-4.165191906723514137e+00
1.106152585034930524e+01
-7.456882872647195626e+00
-6.841248109553855983e+00
-4.130502148654674244e+00
1.015096975881528607e+01
1.768907989096285149e+01
-3.421047874552055390e+00
1.549731384390790367e+01
5.412083348474709510e+00
1.117352407464507991e+01
4.211576636687048847e+00
1.339375602145102562e+01
1.113946867393789830e+01
-1.358707392941870751e+01
-3.929012806487872211e+00
9.528173465100273631e-01
-2.012690107439119203e+01
1.548292948912144595e+01
1.742654822129497916e+01
-7.635061715015055483e+00
2.966450982036278106e+00
-4.949111030538187350e+00
-1.867267916396777139e+00
-3.589088650860713159e+00
3.193725815224972564e+00
4.831449209944686629e+00
-6.757949931381972419e-01
1.493721127818035654e+01
-1.596521225817080669e+01
4.463288772293537932e+00
-4.701746486784248447e+00
-7.712170092706497115e+00
-1.583312895669958742e+01
1.749595238875719616e+01
-1.606117326762912967e+00
1.211178880785341505e+01
1.737435152161147300e+00
8.656101777229537220e+00
1.739206539828074938e+00
-5.178205380533363211e+00
1.295311541886893281e+01
-9.847961897125756536e-02
-1.934403614949985695e+00
3.611322304648268755e+00
-3.791338575461228544e+00
1.076288087355601419e+01
1.837642123754942958e+01
2.197192157117434874e+00
1.334726530949689050e+01
8.558148542194736308e+00
-1.340714922330419512e+01
9.146898124716017264e+00
2.783438910753268658e-01
1.559586354660814322e+01
2.344809502807947865e+00
-5.716230220488828451e+00
3.387084690000627063e+00
-8.691715086148491309e+00
-6.549428784211634991e-01
2.541897391918823246e+00
-9.881340911161661467e+00
-8.081344386788533285e+00
-9.374202466395416877e+00
-1.543049179273609184e+00
-1.180313972412756129e+01
-8.395472830071064152e+00
1.092135334008736436e+01
2.434915888347354951e+00
-1.419223717324302747e+01
-1.067489061738089973e+01
2.966964989962626476e+00
1.533906775726680394e+01
-6.845423886709291139e+00
4.109529675427374684e+00
-9.766834674753905432e+00
-5.564114265587825514e+00
4.298453048386598141e+00
-4.261546387825976723e+00
-9.755697032202057528e-01
-1.155182968654592557e+01
-1.607824303861889348e+00
3.311982565444580473e+00
2.448081845600270867e+00
-1.164959379557512165e+01
-4.495600036757682716e+00
-1.459194814836592968e-01
-1.468022729656808245e+01
-7.992845873280284508e+00
-1.235285973887953048e+01
7.087236953632171321e+00
2.618825025861305278e+00
-1.457250246169312291e+01
-4.969868875879338788e+00
-1.490084501358534652e+00
-7.389356081197529846e+00
1.337319454169592348e+01
1.710433490020579228e+01
1.869959144048685573e+01
1.029205391394336999e+01
1.569104599055135196e+01
-1.606990363263751220e+00
1.356199364020429954e+00
-6.117050872405283002e+00
1.266281497519265997e-01
6.406116463930381144e+00
-1.147466876720399753e+01
-1.433789464201490915e+01
1.113349493356498954e+01
-2.007618989435062673e+01
-1.269201033802083955e+01
1.212958814334435687e+01
1.585027788700925555e+01
1.157834183503528180e+01
4.780678181039078822e+00
-9.047251018784248089e+00
-5.968889539024885948e+00
-9.308618701744148183e+00
-2.668531899329515511e+00
4.044797134524969806e+00
1.083814518374252600e+01
-1.007387456519906266e+01
6.047724892230540661e+00
4.305757739178091015e-01
-1.042286141085323337e+01
-1.526303758860665205e+01
5.779389426950643838e+00
-1.450129929164075548e+01
2.829241859571972384e+00
-1.899061619125550138e+01
-4.556169084448729478e+00
1.288121845541940758e+01
-6.826040208044808821e+00
-6.448574471800643693e+00
1.004519847303998148e+01
6.028707652881102774e+00
-1.047344253601627528e+01
4.841263214573856999e+00
1.837329255879136269e+01
-3.588310130652264007e+00
-7.784696087147278121e+00
-2.246899796460819942e+00
6.535638327331717790e+00
7.169900147705895677e+00
1.447373766694509101e+01
-1.288298235709941153e+01
9.528226342955697703e+00
-7.676647297492998234e+00
-5.048184537483034973e+00
-6.043382279114201339e+00
3.067530211503424198e+00
3.243279511613550881e+00
-6.215262394622474318e+00
-3.846385027903664877e-02
1.396052349307803553e+01
1.002970695167598336e+01
-7.028599927824849658e+00
-1.339064691305960153e+01
-7.374534524439443572e+00
9.898580044868616312e+00
3.978760956047523223e+00
-4.478469120194688458e+00
1.845956171363139475e+01
1.372507579168468794e+01
-3.019721398707666538e+00
-5.105446844004219997e-01
-1.039774448326508605e+01
5.748151964240207690e+00
-5.214757602483135912e+00
5.628329047036828570e-02
-7.042138036940585266e+00
-1.038024794012173757e+01
1.610004857620225494e+01
-6.466836209616658948e+00
-7.968565758781224417e+00
-6.182914510821117204e+00
-7.782819644757495325e+00
-2.412398597139471690e+00
6.740435806200004265e+00
-1.229487950330405255e+00
1.609260439494055817e+01
3.845233880581368169e+00
-1.508452521702127136e+01
-1.999509290862103938e+00
1.229495429374673421e+01
-7.764588393135213096e+00
-6.106468392073953311e+00
-5.961940742722696029e+00
-1.131245322938223552e+00
1.763847014268654334e+01
-1.316730068917124896e+01
5.864712184730755951e-01
-1.463259813546505761e+01
-9.428509847930108378e+00
5.148273553751586462e+00
1.237396583503882397e+01
6.731318209125433327e+00
-6.228276176166289702e-01
4.703551751666992686e+00
9.760755359231900741e+00
-1.244626707764231455e+01
-6.495347391974096496e+00
-4.798556910705546130e+00
1.571732593723453419e+00
-1.574364437074110334e+01
1.172313899133182957e+00
1.438005444368315011e+01
-1.547624745131611945e+01
-4.800162973605466732e+00
-1.445771697480977558e+01
-6.038688390321784283e+00
7.474538401539902566e+00
-2.345270847865208452e+00
8.248527672662312682e+00
6.303834411943583405e+00
-8.964649181415040857e-03
1.227916118717368477e+01
1.479145823635393953e+01
1.277257058192274286e+01
1.047904612883093023e+01
-9.463350545107012124e+00
-1.957654313879544361e+00
-5.620756851206678562e-01
-9.385650467573317002e+00
7.507121878818992400e+00
-4.621160871384212498e+00
-2.034692111620309163e+00
4.703892765488774330e+00
-2.194241214118104466e+00
1.773707320202053239e+01
4.939092312414359753e+00
-1.536576117889244664e+01
-2.434042025837683809e-01
5.495983410003049130e-01
1.769481330398605223e+00
-1.473434532011090603e+01
-1.582967825434972653e+01
-2.981689684602169876e+00
-8.035514804436790115e+00
8.337221249437135384e+00
-3.706854582692926670e+00
1.409537357815311509e+01
1.710750464833169815e+01
1.132972267958614765e+01
-1.130654223338921227e+01
1.931926042466069049e+01
-1.252870199041423760e+01
1.014454274628003816e+01
-6.730497125089446087e+00
-4.661835789460209156e+00
-3.135273682216912050e+00
4.967098675944541242e+00
-1.266801928211773287e+01
1.199008914839098594e+01
1.065954197277946491e+00
3.121581731674197613e+00
1.843765391969700573e+00
4.267906115460526451e+00
-1.135071259768185215e+01
-2.692472015121914808e+00
-3.133821903854137503e+00
-4.886967095587625209e+00
1.250582540279676635e+01
1.042049157788959235e+00
5.363505376983660256e+00
-4.691743183613791501e+00
-8.589862484941924947e+00
-4.458167592932586132e+00
5.395254117091262458e+00
6.909070089050054264e+00
-1.227203976200083346e+01
5.593237993806276620e+00
1.281016211417173878e+01
-2.824879838869307491e-01
9.006334564030623824e+00
6.801931928274278505e+00
4.782903687036416329e+00
7.641652592788325649e+00
1.437112365184680129e+01
-1.300934138550233854e+01
6.774001266231799434e-01
3.910396669170857820e+00
-6.102476001888234691e+00
-4.244082814906370515e+00
1.334180510552739918e+01
3.379509034928886990e-01
-1.830905070344761043e+01
1.209215534947720272e+01
5.258890159531091513e+00
4.914189583223205204e-01
-1.131974981669248592e+00
3.232158418386163135e+00
5.507904806508427953e-01
1.586657382086632140e+01
7.182781757455082072e+00
1.418933586137880098e+01
-1.616943550009246167e+01
-7.725528431166505783e+00
8.774478388610468471e+00
-9.441461611080388394e+00
5.287724262559549970e+00
-1.151432943279960242e+01
-1.221483352284804624e+01
-7.467644403694425392e+00
-1.286785072066021840e+01
-5.480396083828075859e+00
-8.114724603358794752e+00
-1.749744783641436996e+01
3.811501614139515937e+00
-1.183912264634077616e+00
-7.715200395731919514e+00
1.249524142372386848e+01
1.054266387621284196e+01
-8.082057858514716031e+00
-6.047603935125383856e+00
1.039658090638969412e+00
1.148483239732463801e+00
1.693379769090347509e+01
2.974318899751381196e+00
6.629126955392052878e+00
5.986360532944956958e+00
-7.561871936715039766e+00
-9.595307312830080093e+00
2.724492970544631021e+00
5.604616053815547616e+00
-4.392536573789477927e+00
1.470329973379038790e+01
5.749829576691929844e+00
1.753690686929970610e+01
1.267458422978403831e+00
-3.401498780513399822e+00
-3.888890088578946802e+00
-1.833225783118534835e+01
7.696525614108992386e+00
-9.938608290264962619e+00
7.228631830195382690e+00
-1.769051952579297193e+01
-2.154288253808758213e+00
1.028856565185589034e+01
1.374710149919167179e-02
-1.454562631674416906e+00
2.604346287695314288e+00
-1.463267021343639662e+01
4.709716989556021360e+00
9.443117044700528595e+00
4.990661672294358198e+00
-6.685369026311605012e+00
1.378320319062576971e+01
5.342518365121108559e+00
5.734043535781061962e+00
1.515644296927712276e+01
1.436597729024065728e+01
-9.520096254576237982e+00
-9.419466278643518820e+00
-1.076763506804012138e+01
5.062191892845909535e+00
-4.383928295012776033e+00
-3.204996218568304300e+00
4.596196413809991554e+00
3.054931728426822701e+00
-1.009441076354863753e+01
9.689155741400277577e+00
-6.104259300755007445e+00
9.558021565334264835e+00
3.602096580706223961e+00
1.491212160381230234e+01
-2.003196737919246573e+00
3.037143968842151764e+00
1.250476425187663665e+00
-1.835480390776019988e+00
-1.100186968165204249e+01
1.490726236299853014e+00
5.176071282385514394e+00
1.314818211220540434e+00
-2.873916667667870684e+00
1.572085050341172519e+01
-8.699201146704016452e+00
