-7.147777652761362788e+00
9.124695862369769372e+00
1.151478263724475681e+01
8.713452101440495312e-01
-5.544721671713851663e+00
-2.260337586228697404e+00
-1.185934244044372576e+01
8.259934109626144050e+00
1.789667907617008780e+00
-1.619525093049389852e-02
1.146281682276829628e+01
5.433990764225427483e+00
3.687218395945279781e-02
2.945324370260436808e+00
-3.556580960962257620e+00
-4.985525355773109624e+00
5.883644816655284160e+00
-1.085630206939615761e+00
-9.514118310986567906e-01
-9.475374407107594266e+00
1.043235843667584106e+01
1.143783651919991939e+01
-2.961457590098316217e+00
2.037752829848784586e+00
5.956283822062388822e+00
4.410242097789556226e+00
-2.920597873589869664e-02
-4.878685055542796078e+00
7.952626449688210641e+00
-5.753802318090546208e+00
3.569053128665466090e+00
8.448361291798811123e+00
-1.847310915879106119e+00
1.971513201835218609e+00
3.673617926413491830e+00
1.376952066465316449e+01
-9.858429421017191885e-01
3.134309307879057371e-01
1.021789371624537068e+01
-8.341945835921833918e+00
3.580461102676686380e+00
-9.850047815032105802e-01
-8.365027346397731378e+00
-3.047319722679894483e+00
1.003311624694811144e+01
-6.924419758215698550e+00
-1.283217978953324234e+00
5.643219464588717926e+00
-4.385082197677050431e+00
9.152937507353229307e+00
-4.860622895242482144e+00
-6.568423167981940480e-01
2.604784250653381150e+00
2.370230974080008934e+00
-3.677760641731850910e-01
7.216422147701479162e+00
-6.052487529802533572e+00
-4.768569266548169594e+00
5.522380614006863198e+00
-4.593879665487499153e-01
-4.406964263362812773e+00
6.400141331575412096e+00
7.170217099601245536e+00
3.667344294071064326e+00
1.910586019837019478e+00
5.662118436695443791e+00
-6.594512781385631683e+00
-7.203587497725951749e+00
-2.188804205234468725e+00
1.248772874054006365e+01
1.084376137059294365e+01
-5.433295129946458246e-01
2.705531766519200687e+00
-3.357771697128068666e+00
6.434363907899580681e+00
2.150760394699268829e+00
-3.355764761331343493e+00
-1.500477402054111664e+01
-3.905462551516620806e+00
2.356239734133396269e+00
1.207557820506147550e+01
-1.605682730850684692e+00
8.525593536029454356e+00
2.958446013592919144e+00
1.708296768658733811e+00
1.515580226069197067e+00
-8.463696001337225994e+00
8.422606065811393705e+00
-2.285936667880495321e+00
1.793602932698512120e+00
4.100216880934716812e+00
7.284761247750928703e+00
7.880107990485655023e+00
1.757006009393101920e+00
-5.621767497089159349e+00
-1.266756276865074327e+01
-9.697852707559924568e+00
5.561431957503103263e+00
3.312177180840976121e-01
1.406993066838840178e+00
-8.460147778681267994e+00
8.809636936997705448e+00
-4.966663796472907677e-01
-8.029249537733839759e+00
-2.215832002254956024e+00
-5.068865094133414573e-01
-2.039914345574043608e+00
9.854087117020014830e+00
7.319869062883732624e+00
-1.514480396371052251e+00
-4.473593645871847713e+00
-1.579538453842946666e+00
-9.426320427174779581e+00
-2.913812011231534882e+00
-3.529847324317255897e+00
-5.994227860110889594e+00
9.738084232067549806e+00
5.570214781621224631e+00
1.430767563488009131e+01
6.015182666105339138e+00
6.380914313767497958e+00
-3.766236885656269351e+00
-1.277963754918952333e+01
-2.780548322225037339e+00
1.250742418605870654e+01
-5.157966334795712982e+00
7.316175561326495824e+00
-8.115799161058745881e+00
-7.522071748246666800e+00
-5.028711047355109542e+00
-1.122828218917670284e+01
-3.632326334042641491e+00
4.566245360563740974e+00
8.022874873877924529e+00
-4.626098740171812551e+00
3.930954979681885675e+00
4.380131920253710121e+00
1.169225233338944037e+01
-6.408359732877300985e+00
-1.352643570219811409e-01
6.200992773509142353e+00
2.263091228846661807e+00
-1.357252795097380726e+00
-5.108079278605174522e+00
7.568625367581880425e-01
8.993024396774522700e+00
-5.233425279235184746e+00
-5.379225922907757251e+00
3.853142630429417181e+00
4.124732850241279891e+00
3.440702860489679438e+00
-9.199318779557291492e+00
-8.631319003418809643e+00
-1.084469020865199695e-01
-2.879312633759205653e-01
8.228890743307005096e+00
6.311134009120401345e+00
-2.204841917819770458e+00
9.201025058821045377e+00
1.197432355793502268e+01
-4.149114072465707181e-01
-3.675162334962315924e+00
1.422762231394226973e+01
1.297773549015825978e+01
9.209575728915694981e+00
-3.774338428769958398e+00
-1.076836840678126350e+00
-2.982293637111965268e+00
-7.569470552628654758e+00
-3.846377676006955681e+00
3.724246424306528525e+00
-1.478608858299119966e+01
-3.923486628035309565e+00
1.038954372727495468e+01
6.791502917306829090e+00
-9.712604812677483324e+00
-6.211497090546700406e-01
3.523456394310514384e+00
5.199276795889218761e+00
5.411250080507564064e+00
-9.202163372280274700e+00
-8.390991523628795079e+00
8.622070985347278338e+00
-2.138315173691268001e+00
3.950988563044646185e-01
-6.466431713536408665e+00
-8.289733109343657702e-01
1.477270492394954005e+00
-4.506934000209916746e+00
-5.884567404670232094e+00
5.778212974272612712e+00
-6.597545221200096677e+00
3.893898975991092470e+00
9.103833194333439849e+00
5.370702814703406602e+00
-2.011203914497706080e+00
1.058456654860567880e+01
5.574400383093532696e+00
-2.184853909099064850e+00
7.759432869485245021e+00
-1.088212836032858277e+01
-1.926738127595818639e+00
-7.019701261573167983e-01
-2.629845127928582826e+00
-6.990120214235098217e-01
-2.225457561999569123e+00
-2.489059138909073710e+00
-1.802894593935157275e+00
1.939207329032356597e+00
1.396382218357949512e+00
1.488141971970577515e+00
9.180554497827067451e+00
-9.254180579347593749e+00
5.761813618589087582e+00
1.144616811266543266e+01
4.823280841513501116e+00
-7.495659051158217068e+00
-1.022629572881467652e+01
-1.269560827263903136e+01
-2.200114265894306698e+00
-9.087133037202200114e+00
-1.926657645069017377e+00
1.719491387217420453e+00
-2.676852029178203196e+00
5.321635649631836884e+00
-1.192260481297667951e+01
5.439813897784496532e+00
1.409825853112568694e+01
-5.705029020366183090e+00
6.177202192985831175e+00
5.879822565809789126e+00
6.634538888757255393e+00
9.862361357048939681e+00
2.152524827994568568e+00
-1.086736303591909092e+00
5.518552753445717940e-01
8.969995342632046231e+00
-2.342506473428514369e+00
3.476856647805682599e+00
-6.470522963216811974e+00
7.839154214389118636e+00
5.470731193951053228e+00
2.177792053959315410e+00
8.391815259673123251e-01
-1.922414306481101676e-03
-2.423661182367602862e+00
-9.230008654124201684e+00
8.012606430359298315e+00
1.091634868762806576e+00
7.373303027662004183e+00
1.173059239025330669e+01
7.850623524023717437e+00
-1.128535564242533695e+01
1.017838686591783670e+00
-1.225112264510094917e+00
7.719244260921087175e+00
-2.833641274165341173e+00
4.106703827259799766e+00
5.245396046388002276e-01
5.282578210716216915e+00
7.691851387082792257e+00
5.610871114440705298e-01
-4.108714922848321294e+00
-7.354275567385748502e+00
-1.095232220281905811e+01
3.026004891528380369e+00
-5.347752319990082270e+00
1.975868741122226879e+00
-2.600560804981874696e+00
2.815853144367956418e+00
9.790670537367361703e+00
-8.998339458315264494e+00
-3.678283909684907371e-01
-9.898983449615492702e+00
5.154290624364158191e+00
-2.934408460808224817e+00
-3.826993047235266232e+00
2.127283114545718945e+00
2.614062629804372762e+00
-4.209374540934664566e+00
-4.658223009731742081e+00
-1.411312176864065826e+01
-3.007466118453869797e+00
2.111190782926946952e+00
-1.464754353096978434e+00
-4.130740909346499734e-01
-1.218275754559446966e+01
9.945208203256846957e+00
-8.350600053575192305e-01
-5.345840568838369222e-01
-6.671645218632100693e+00
1.081781955743336709e+01
-8.665217761555378928e+00
2.603593918815690245e+00
7.623792043675400976e+00
3.457412412006064528e-01
6.421935216998768681e+00
-3.014420364960219700e+00
9.827269674854022696e+00
4.592400106213446520e+00
-2.604833930606755388e+00
3.858791318509950941e+00
4.294894334965462690e+00
1.457816984086956325e+01
-1.468085687427317509e+01
-3.217822556179335436e+00
6.653018439940019846e+00
-5.662123689956526817e+00
3.184711476697906107e+00
-6.557328229710069678e+00
4.229444670194382638e+00
-1.836758918629044501e-01
4.274388712951981972e-01
-1.063852190687452293e+00
1.251711961954904950e+01
-3.089687760947672501e+00
1.401332714697524295e+00
-1.160259815402071126e+00
1.225889761513350606e+00
-2.999574240726559538e+00
8.611940046063999432e+00
5.952361845715742561e+00
6.808103561083029831e-01
8.381039233159818025e+00
-7.756146680868283738e+00
1.042893389058580311e+01
8.345431723071463637e-01
-8.664077621828951692e-01
6.570155571046996101e-01
4.250953859918524813e+00
-2.568761350924106068e+00
1.050487634801877590e+01
-5.413602235911849192e+00
-7.530444705364690350e+00
7.463432703989681727e+00
2.699658665353020126e+00
-1.623921617875563328e+00
-7.777210883262405616e+00
1.028469636856937797e+01
2.591912608594199696e+00
9.536123939647929149e-01
5.903971421219182503e+00
8.941477547872111131e+00
-8.707493082176405608e+00
4.934829862567497116e+00
9.766792390156595616e-01
6.189816986545991995e+00
-1.249688770967944507e+01
-1.877902042289903761e+00
4.378259350380353965e+00
3.379591943091767803e+00
-1.255565519722007295e+01
1.688350737503622412e+00
-6.588169562896855069e+00
-1.270464236518108692e+00
1.237459933181466454e+01
1.048944114231127145e+01
1.151542804851357005e+01
6.345540175012430950e+00
9.140632016822216599e+00
-6.678115111299817386e+00
-6.942692518696951254e+00
4.301425692709017312e+00
-1.033822234740535606e+01
-1.739568192384037815e+00
1.008059666323948278e+01
2.839035720617950176e+00
1.133733922040249809e+00
-9.178687007433012468e+00
-2.095663942413182212e+00
9.497435299180914114e+00
-9.390040469309152371e+00
-5.723470522919441805e+00
-5.796582735037560496e+00
-7.993913950799306889e+00
8.899934240837687582e+00
2.718219039862361797e+00
-3.248112240190280886e+00
1.035942354597093384e+01
4.980494116271160010e+00
-5.351132209856839239e+00
3.526492831865041921e+00
6.338955155060517654e+00
-6.751491533727687511e+00
-1.167736253440580185e+01
-7.614346082570570218e+00
-6.779275538740435536e+00
1.104127556438024271e+01
-1.704845223140836197e-01
-8.117320814744335422e+00
3.327528193922113076e+00
2.246443610520486800e+00
-8.159601538923055841e+00
-8.669425381529190844e+00
-5.673326841196519865e+00
-4.326675321695216070e+00
1.983055544857435848e+00
1.011307697755103874e+00
6.244231636234587768e+00
1.047959810707028794e+01
-3.630985502061435000e+00
-1.273815644133790315e+01
-4.347836793925136334e+00
7.255048776125825327e-01
-7.116514146023231291e+00
-4.199960744292930315e+00
-1.152401087737757379e+01
1.039291635219203869e+01
-1.545575611678156491e+00
-9.715421282844985740e+00
9.407056524707400058e+00
-1.324080677258617555e+00
4.593101013670754185e+00
-8.635356358969083601e+00
3.203710499199416972e-01
-3.095886739514188690e+00
7.542490181655203685e+00
-6.338719508230109767e+00
5.920570784214795879e+00
1.119868568356107374e+00
-8.251980008721744753e+00
-6.686710053234531159e+00
-9.765045381078039100e-01
1.133520250376066230e+01
1.146933877376635991e+00
-1.136444061544547068e+01
1.468360005191885875e+01
8.594005225863256214e+00
1.863478653439152311e+00
-9.374763527211413816e-01
-9.913007896998063728e+00
-1.335408576189394125e+00
-3.222915958977864648e+00
3.572345014267270358e+00
4.325462466442054676e+00
3.430758287594699141e+00
-2.139840733360145464e-01
9.659836357021639230e+00
7.802727268250201575e+00
-1.180563075677709506e+01
-5.544630083849384050e+00
-1.830552861762093642e-01
1.685541515901114451e-01
-5.794284791209200591e+00
-9.131488353768197896e+00
3.078755474716068363e+00
-8.709004634086038976e+00
-5.206525486857760399e+00
5.841477641200604864e+00
-1.360133467453213640e+01
-2.228783854694416533e+00
2.579691569876537471e+00
-2.411375662399088071e+00
7.485085082175203297e+00
-3.349436027928440751e+00
2.729771458042044685e+00
1.350189982280731726e+00
-1.289170085488674289e+01
4.712083394103146361e+00
-1.982282578447584598e+00
-3.051968863359029172e+00
-2.493341867618653396e+00
5.315835447798761493e+00
4.938412760979971949e+00
5.215718943388282014e+00
1.235341420665960754e-01
4.774765434922542795e+00
4.588771300518857288e+00
-2.712019282228723682e-01
4.251024413864911367e+00
1.705650208097576837e+00
-5.426360801452435823e+00
1.562126473786342729e-01
-4.864710415386106490e-01
-6.111231884741030740e-01
1.625077177942458206e+00
7.060522044956933030e+00
2.726496673392730941e+00
4.419129744462821918e-01
1.192974077235433583e+00
-2.181949285270249561e+00
1.355993983475379139e+00
-1.500448244255281338e-01
6.288164499771369265e-01
2.513066429164915405e+00
9.580655190039898628e+00
8.200591588462422976e+00
6.174284921581026708e+00
8.698520079917194892e+00
1.381336913962677215e+00
3.005642424859310324e+00
1.298593582938848101e+01
9.281599671715738964e-01
-1.593147082863040964e+00
2.085838293563995194e+00
-9.190518525364375080e+00
-1.118160614364879279e+01
5.659630725937610407e+00
8.869688990294463338e+00
9.724274446057478372e+00
-3.773270300292459467e+00
5.624494068173945038e+00
-3.245813517429457562e+00
1.660050054283495058e+00
-7.805073913725792067e+00
1.048418217215176895e+01
-9.798384474727289017e+00
-6.976314167750963691e+00
1.074753029437813723e+01
-2.266083878772242599e-01
5.027579303474766448e+00
-3.361455492626351571e+00
-9.154620270075348287e+00
