1.287729233120487038e+01
-1.656788115691409047e+01
-8.158286909865413605e+00
3.169477759461031496e+00
1.481432115691784901e+00
3.322158871098139343e+00
3.919606892206061843e+00
-9.114629138059033409e+00
7.560043504521445357e+00
7.302898852220245374e+00
-6.683541349327779102e+00
-1.054518344661070373e+01
5.966976392040955091e+00
-8.752012990246626600e+00
-1.704618983036525037e+00
6.108988530350139001e+00
-5.504283975014793384e+00
7.131987891634594234e+00
4.033437810803462753e+00
9.998094580712546531e+00
-3.880031268446327175e+00
-2.547317628014390323e+00
1.871415139106815673e-01
2.240087337658394517e+00
-1.170332924627304649e+01
-6.508738458777155955e+00
-3.688104357996802918e+00
8.907643566985512962e+00
1.889847046141106546e+00
2.100185068687665080e+00
1.618269325399356973e+00
4.048681934267577276e-01
-1.744219635166210480e+00
-4.287328640639774591e+00
-5.609154780282345598e+00
-1.174563049846308971e+01
2.923306954530417556e+00
-2.875086749867129754e+00
-1.249846947492078186e+01
3.950000550568638857e+00
-3.012177640874348583e+00
3.837806512578104901e+00
6.700458292429509299e+00
2.731807773098601899e+00
-3.884155432007883491e+00
-1.501044786188675317e+00
8.704096056266820369e+00
-4.557871625565034890e+00
5.911124373755953343e+00
-2.566946433298650021e+00
5.584393051633163907e+00
6.399454622365979617e+00
6.228124730499018824e+00
2.351640319210453356e+00
2.081521781767825985e+00
-6.969122623154181184e+00
3.775324424392877631e+00
1.117916069190872719e+00
-4.194699655048204079e+00
-4.902854969526302398e+00
-4.475435194292359142e+00
-3.650192130477115882e+00
-2.568992018611382377e-02
-4.492882757034536212e+00
6.201568802925073953e+00
-7.476305922939729953e+00
5.539628706775602041e+00
1.042227160697074595e+01
-2.077773892025295055e+00
-1.248324803839037500e+01
-2.627725135061016459e+00
1.661410450806378947e+00
4.330695283691980535e+00
-9.170647502433162401e-01
-3.204305501722874538e+00
4.579892853809738540e+00
6.450950639259581010e+00
7.777819825026924150e+00
5.207927798240270079e+00
6.098561647540073238e+00
-5.184288730170404591e+00
-4.490372351398356443e+00
-6.019853656963299215e+00
-6.974545101122444635e+00
-4.739981199037821114e+00
-5.497938676358174348e+00
4.957534528485076919e+00
-9.231230771542950464e+00
-6.839179611618213528e+00
3.169768309113088378e+00
-8.630844812555626078e+00
-1.526703257769682409e+00
-4.042162214603450821e+00
-4.803413360212044125e+00
5.695718877805717284e+00
1.102003178400553196e+01
1.135310147692409544e+01
2.114260598215679465e+00
-6.418546254404713380e+00
1.459858459910108763e+00
5.344061610282125230e+00
-5.889217247529483501e+00
-5.738203466607089354e+00
8.337737760488231231e+00
-1.822260568543356385e+00
7.696873473683950806e+00
-7.521930764134943104e-01
-5.998181676107272153e+00
-1.225142036620047037e+01
-3.705104092307781372e+00
8.231020942631644743e+00
4.653538678962348740e+00
9.568953804021091969e+00
3.138693997089525567e+00
-5.249621068041527394e+00
-2.080222439605478257e+00
-8.361608478957851531e+00
-6.549033976873392504e+00
-1.113935412106540213e+01
5.598256807015822289e-01
-2.726554373734916936e+00
1.008610834547325652e+01
7.349454210395478526e+00
3.115501261104199671e+00
-6.674709646811439967e+00
-1.122762793145437143e+00
-4.375874997772999819e+00
-2.113702242908352957e-01
2.790825671049923073e+00
1.281365671776963922e+00
7.356041736229599337e+00
6.171000638251314285e+00
3.228702738163455876e+00
-3.803300644378307283e+00
3.070089580052126621e-02
5.935447102088453164e+00
-5.170788369190962186e+00
-4.506224851676925880e+00
2.857916070230352545e+00
1.122401395813458436e+00
-5.372023499502805777e+00
-6.394664874318163328e+00
-2.323807419964566634e+00
-1.491768022102249347e+00
1.291057094492064294e+00
-5.692571842534349003e+00
5.057807684709914042e+00
6.200749561178007241e+00
-2.419980384066686696e+00
1.565277772584202864e+00
-6.015291427095409205e+00
1.923931958929923525e+00
3.805192746573453633e-01
1.374028119393827296e+00
-6.564942616246746354e+00
-8.852334976416294410e+00
2.871765044206760820e+00
2.817640219752092889e+00
4.293499342495898929e-01
-6.922271942963504898e-01
3.253986238140754494e+00
3.735943237321166066e+00
-1.299030958806892144e+01
-6.030358675730770557e+00
-8.645965708287242535e+00
7.517523316933257149e+00
-9.226335727506963735e+00
8.111378099291620458e+00
8.232385308029563475e+00
9.373399508974237904e+00
-7.719714507253243596e-01
6.787920236448101718e+00
-2.876689225886675416e+00
-6.703724417766004251e+00
-7.146752379258138888e-01
6.277050202153645841e+00
3.357789401795031381e+00
2.327633307721789890e+00
-5.837021774063174462e+00
2.837458022587576068e+00
5.425196490260951521e+00
4.155438790110217440e-01
-6.861761826847835977e+00
-5.308843945854086144e+00
1.393855722222973270e+00
4.452105834487994684e+00
-1.180579676422087942e+00
2.810935034654939102e+00
-2.015128877949941000e+00
5.538280165395619292e+00
-4.652497495196382005e+00
2.039888531811300254e-01
-2.512655018119488659e+00
-3.357831815731174174e+00
9.762530819637760260e-02
4.773628369632028523e+00
-7.127413921101091177e+00
-7.530764933686729279e+00
8.794897276211401049e+00
-2.270412496501251098e+00
2.856300088000566006e+00
7.320694118054213106e+00
-6.622606212318125074e+00
-5.919019815655559569e-01
5.122519868797539289e+00
1.088603357490960377e-01
-2.080515217068505507e+00
7.442609849024435675e+00
-7.784425545961621395e+00
-3.044684514030748801e-02
-5.667048270446350955e-01
-2.811432302675029860e-01
7.705510359924225838e-01
3.455499994927883733e+00
-7.959948641524071888e+00
-3.612941176394041776e+00
9.145617308726208705e+00
6.277206980858451857e-02
8.220968330545545655e+00
7.617343431084989902e+00
9.016447128737240746e+00
-5.375613448853080456e-01
1.661968207980859091e+00
2.198799428242878662e+00
1.308308438870326995e+00
7.237411324113658395e+00
5.125063582404152385e-01
-1.022924644982335707e+01
6.841944146063063670e+00
-1.583546667590212564e+00
4.999039894532984363e+00
2.417093776842172304e+00
-2.654099699079242924e+00
-2.998456203118895047e+00
6.824003558625619803e-01
-6.059595321605648621e-01
-5.031163303094785988e+00
1.513347230281215872e+00
-1.145245398735776021e+01
-3.377623433400064101e+00
-1.073839340178380297e+01
-7.726356101549285427e-01
3.335219088776952390e+00
8.762738590513663439e-02
5.462422493266849699e-01
1.824761735183116684e+00
4.571207306810372017e+00
-1.347429600052112164e+01
-2.945260803541280836e+00
-8.126704787258614004e+00
-3.408153507666806803e+00
-7.114518572632764659e+00
8.344023498507084469e+00
6.271224117767566497e+00
-4.913279849642364638e-01
-9.292044163543817348e+00
4.536733079252464051e+00
-3.142121557060669090e+00
2.606014134537339544e+00
-2.253183832827652111e-01
1.941515524244625368e+00
1.068324278464164223e+00
-3.714461075159384507e+00
7.620809942747989396e+00
1.004427632441905871e+01
1.368135948886429532e+00
6.278937794847415432e+00
-4.923139096757864763e-01
6.799473843881067125e+00
-4.359777979092825717e+00
-4.276738206719148394e+00
6.843438649595022127e+00
8.014364564966705018e+00
1.186989326043050852e+00
-2.302059334344299657e+00
6.386348346962812172e+00
1.363083158601035905e+00
4.080564643135545566e+00
-4.378430171778322944e+00
3.983069573972542798e+00
-3.907248375150349062e+00
1.176797206970734777e+01
1.242327398387025994e+00
4.601249417940103115e+00
5.170353140798489733e+00
-7.545116579369555154e-01
2.999736839331482940e+00
-4.302553050637076382e+00
9.257070327319169678e+00
6.264689505216637144e+00
4.067854408685164458e+00
-1.002933812326847729e+01
8.959772247107963494e+00
1.772575724065660552e+00
-3.636158864546132463e+00
2.015795286451584900e-01
-7.371028776014995287e+00
3.018750137211867468e+00
-7.782370839599696666e+00
-3.854209778531242137e+00
-4.101158222791109864e+00
-2.817345309908596107e+00
4.194304949095929658e+00
-1.208265610859457340e+01
5.746124952906328076e+00
-2.261096968768157467e+00
-3.860274875112750692e+00
3.327026792225467489e+00
-4.333404848097824669e+00
3.979153601019753239e+00
-2.012969129245480104e+00
-4.809807866706989898e+00
-9.276004374784960760e-01
6.986084668840653933e+00
-4.477308686546798810e+00
5.553708133108756329e+00
-2.363217102347224596e+00
-5.042297927024943505e+00
5.223378550210448168e+00
3.159249685878741332e+00
-3.929290881474265973e+00
-5.788443756575702537e+00
1.968758765764629715e+00
-2.560985290861790276e+00
-1.630233485714605024e-01
-9.107298722603268004e+00
-2.608441768945851891e+00
-8.769862468973720127e+00
8.181015145307547698e+00
1.372825057353391998e+00
7.448221382678141822e+00
-3.228164941303951707e+00
1.954057779895514102e+00
-3.104299075091894622e+00
-9.974098423383214396e+00
-1.181808654309495665e+00
1.090962416075956298e+01
4.958379422152376037e+00
-1.100353063619440519e+01
-3.332876702745323882e+00
6.412164808193686838e+00
1.939530705488127893e+00
-1.279671564302470443e+01
4.085815160530238188e+00
-2.200779767362135431e+00
1.105039854925657039e+00
-3.404652321518156555e+00
3.898768720232098417e+00
7.022724205720749069e+00
-8.135540213072363969e+00
-8.085719249098882955e+00
9.283402443913658431e+00
-4.218383429571368026e+00
4.347383298040661259e-01
-7.404690145535163026e+00
-1.002896864182906356e+01
-4.473814251098886530e+00
-2.141337505794165708e+00
-4.723528192871722098e+00
2.814557775087678237e-02
-3.455091583454844795e+00
-4.988800355075149184e-01
-6.683844849269068078e+00
6.017372474924236769e+00
4.984150729627700116e+00
-9.733320759224120877e+00
-1.051043309671775816e+01
7.503547710685253946e+00
-8.788367403502448383e-01
2.859210778279717147e+00
-4.510103462114443573e+00
7.331436166892459028e+00
9.543667710107648361e-01
4.525193599511077025e-01
9.191736710117147879e+00
-8.804513821417618402e+00
2.667506656822574485e+00
-4.490302355879226326e+00
-8.371202721238955036e+00
-3.271030277318246249e+00
1.118203997316656029e+01
-1.678191180842585339e+00
1.128472731494891690e+00
1.183280862341433703e+00
6.034004611494843573e+00
1.281482130858702106e+01
4.123802890589260528e+00
-5.843207806446745423e+00
2.484316467791224170e+00
-3.841155925932042692e-01
2.484463357457933341e+00
-1.204257289631438965e+00
7.347156586703242453e+00
3.188642416234259258e+00
6.660440717899795970e+00
1.136893764275168195e+01
-4.307980230778611030e+00
9.337887740280592652e-02
-9.326659067503882738e+00
-7.552191959532478904e+00
-3.823064893662834862e+00
1.143887419683660767e+01
1.052028167018502103e+01
3.542397609918467083e+00
6.905230431681424363e+00
-5.823726308376773630e+00
3.516273628042256405e+00
-6.042080239700130306e+00
-3.050494178145186197e+00
3.001150670383552210e+00
-6.378658054605210737e-01
-8.782508474327798353e+00
-2.115552174411156727e+00
2.431521957418830482e+00
3.796289728444506295e+00
5.557531858567273275e+00
-1.764855588000084907e+00
2.094749435758423317e+00
3.152736838343265902e+00
4.840640777611383783e+00
5.748871553905097187e+00
1.112514518609702918e+01
5.804223115347660666e+00
-1.165099079042616026e+01
-2.733008880998120560e+00
2.752099488262828686e+00
-9.228840758786898135e+00
1.267668118510961506e+00
-5.365442813754953022e+00
-3.407166038843730149e+00
3.771634503994150123e+00
-1.228350619777241803e+00
5.130698881382222964e+00
-1.569045568483275588e+00
-9.387392969041584934e+00
6.949686395179185183e+00
2.412794618625632381e+00
-3.771171247773583701e+00
-6.168701842601503671e+00
1.170490010167754491e+01
-8.705976108533945990e-01
-5.295709054867071330e+00
-1.812996426592611954e+00
1.485260163301031611e+00
6.468536224957404102e+00
-1.028567797161435493e+01
3.873149874428129635e+00
1.973842120651500665e+00
-2.207673301033764801e+00
5.496715463605120533e+00
-4.527217915064746023e+00
-8.536551588710139526e-02
3.763398790203865474e+00
-2.673487564701389374e+00
7.014286373423487930e+00
-6.907181468967344529e+00
-4.972627028211690003e+00
1.275432982081454725e+01
4.375724037413284861e+00
-8.031057661621794352e-01
1.132036432827838723e-01
-3.718390598351973608e+00
-4.915190753594757211e+00
-8.812680085988098710e+00
-1.023313380627594782e+01
1.645662374543380935e+00
-4.420657275960056865e+00
-1.607946825186715500e+00
5.267232427541948425e+00
-5.307005892101656741e+00
6.489913649449682964e+00
1.633154822883927437e+00
7.804302723879281700e+00
-4.263763551945316976e+00
-8.535323137948200412e+00
-7.172046883985949250e+00
4.179796021715489474e-01
6.348546939010297763e+00
-1.864852615457650131e+00
3.533148135079301255e+00
2.609890595446358930e+00
-1.729080794866117543e+00
-1.050876250481259433e+00
-1.651326164641957917e+00
-1.211073028014901354e+00
-6.778402907099199126e-01
-5.930058983090141567e+00
-4.880070947233857481e+00
-4.952569225970826494e-01
1.344470857593293545e+00
2.168718831333080743e+00
-1.151261251336192259e+01
8.110787782486553965e+00
-8.904444353495080122e-01
4.643075451576692103e+00
-1.885701942568136502e+00
1.037136509783229599e+01
-5.228804773555538077e+00
-3.445524039701407304e+00
-8.380567228589697493e+00
4.337657722402681770e+00
-7.736009290003408978e+00
-1.576296668964481285e+00
-9.439918006614341550e+00
1.676637235535540782e+00
-7.645445710459952693e-02
4.779737881794162035e+00
2.360421576626293927e+00
-3.891915350062497225e+00
4.840274716603687466e-02
-5.813524316220366472e+00
-1.079838086199021774e+00
1.130914244993520157e+01
