-1.473792442279908954e+01
3.317539571833849266e+01
2.271928307768938282e+00
-2.167876761383816131e+01
1.974301196046688744e+01
7.962362194685333350e+00
1.404415891262684113e+01
-7.554497505090790099e+00
-2.764156038735408671e+01
-1.927479724760679147e+01
-4.496897126016811796e+00
2.266470793518377036e+01
-1.608072975286282968e+01
1.460676573957909596e+01
2.342848606481914686e+01
-1.622827898796364821e+01
7.257914612768324503e+00
-5.715311974154225538e+00
7.801827184751346067e+00
-2.976596855801346919e+00
-8.449027525322264864e+00
-1.715849426175063641e+01
1.538151108167870262e+01
-1.294813173907738602e+01
1.678290136188589088e+01
1.105191392061615119e+01
6.898699802527019642e-02
-3.363611138687762292e+00
-2.410782057957730729e+01
3.679322309084476217e+00
-1.925523103953093340e+00
-1.108603123900387644e+01
1.134275023371301927e+01
1.948438916144682054e+01
-2.973346760546977663e+00
-5.715005161859902927e+00
-1.476195425679840412e-01
1.102500414719880695e+01
2.145760127340253121e+00
7.754736390028170945e+00
1.992929881282030635e-01
-3.606174747707164840e+00
2.402453288577831358e+00
9.965290073963075201e+00
-8.581491308971759935e+00
2.599963779864314972e+01
-1.370277633274333695e+01
-1.492638696263426823e+00
-6.352429220114959918e+00
-2.299993847374386036e+01
-1.660948050662836550e+01
-1.680601213077365230e+01
-1.893185822580277033e+01
-1.402869728200333022e+01
4.513124799376413421e+00
2.726647376251484900e+00
9.621655163147472933e+00
1.509301654430685602e+01
-1.120428219428984207e+01
1.978030659436432614e+01
2.292307140451104885e+01
-1.623275137522661993e+01
-4.799692856626997184e+00
-7.529715465475579350e+00
-2.024616834422203482e+01
1.362272112751055175e+01
-1.079389211785355940e+01
2.588795683285027849e+00
4.443228188145383228e+00
1.773826425534902995e+00
-9.855804091852554905e+00
-1.001466854230434933e+01
-8.464151037459792803e+00
7.177455173602730554e+00
-4.707830453183145636e+00
-1.921993513157069344e+01
-1.129723921318757363e+01
1.536808709064467848e+01
5.161889636284442417e+00
-1.495661431428794685e+01
-3.069974071139665028e+00
2.714860375707188211e+01
3.592948830421313744e+00
2.078819269202988096e+00
1.985843122439745656e+01
5.121434560207696052e+00
9.140292702750933529e+00
1.654933089635814980e+00
2.955477300006808150e+01
8.268188729440666407e-01
1.779736186138812570e+01
-2.098660691938408718e+01
7.383705022321933598e-01
1.761593466681368625e+01
-1.073975205761291107e+01
3.067070937610566261e+00
-1.217204147083806021e+01
-2.870625583027778305e+01
1.826362065310195959e+01
-1.742191107686906548e+01
-3.729764898303962184e-01
-1.089940039874577238e+01
8.746331649705247457e+00
-1.140007419824878809e+01
3.103062454326796171e+00
-2.522674878697897327e+01
-1.264103815310708256e+00
4.088384283711768319e+00
1.169802625422819631e+01
9.337758649367373209e+00
-1.196241590064414595e+01
5.650256453645710053e-01
2.148886665527030004e-01
9.781202180826177539e+00
2.664434762890624597e+01
1.413627976221066262e+01
1.115769861605669888e+01
1.548601237896586724e+01
-1.051608926611812578e+01
-5.184411693182788383e+00
-8.994721963103589957e+00
-1.153023819972727892e+01
7.902673017468501371e+00
2.234955821053304703e+00
-1.843279852096312510e+01
1.101640394330637207e+01
6.972431391625946162e-01
1.288950274324167822e+01
1.079628768220960922e+01
1.344601581382885769e+00
-2.892919376937172160e+00
-1.276849039696959665e+01
-1.046673023619159082e+01
-1.996265332598168030e+01
6.835374000619161450e+00
-1.938066887465186028e+01
9.240125290334169961e+00
-1.956107496077961727e+01
2.491477858768732290e+00
1.338398756120815847e+01
1.188291184546714163e+01
2.239991257786385859e+00
5.197202252035253878e+00
2.487015996149659003e+01
-9.804199286092291743e+00
-1.679388764342858309e+01
-8.079033500286886493e+00
-1.510128489013282760e+01
-1.810229850354419412e+01
-1.595486932414467063e+01
1.391028315852321384e+01
1.126267940278900426e+01
1.318231731519910710e+01
4.993278085501970054e+00
1.013358616840913839e+01
-9.942084287642874330e+00
-2.126575876549259547e+01
-5.214987472375415933e+00
-2.531684668164950125e+01
-1.954041102419273557e+01
-1.887602089328844812e+01
4.378695386245702537e+00
-1.526363837559607362e+00
-6.710792788304619449e+00
-4.130986380844063888e-01
3.771080692652347466e+00
2.741790690183229628e+01
-3.040050431325298064e+00
-8.150932320168735146e+00
-8.879161025564677345e+00
-1.957834099387642723e+01
1.663233945883224862e+01
2.954789910446990575e+00
-1.398498254170802824e+01
-1.004706126700647317e+01
8.713002043467611202e+00
1.001048786380639655e+00
-2.231238914838396425e+01
-6.172591536027418613e-01
-9.899738572149047400e+00
-1.498459576043813968e+00
2.527018159411655773e+01
-2.817853103178613594e+00
8.932034971053148809e+00
-9.177595971165633415e+00
-5.921981739356219521e+00
-5.188872946970764843e+00
-4.775839950821563207e-01
1.341359532439834368e+01
6.678584436178091721e+00
-1.597197918999889055e+01
1.079350711507281346e+01
1.082237779454991511e+01
-9.305202173901626850e+00
-1.044434982909237064e+01
-1.811672850353674136e+01
1.398762605728006037e+00
1.655472495834433033e+01
-2.220489839702034729e+01
-1.386821089011025521e+00
2.147082974562174940e+01
-1.426829153954009755e+01
2.553566993061824064e+01
7.035929043022022711e+00
-1.777331472815819069e+01
3.525322033814170197e+00
1.481315520327267166e+01
-2.530751291639336387e+01
4.042209832322122054e+00
4.807464649340957408e+00
-2.705198251586924840e+00
-1.452349657953161710e+01
1.823647378017809473e+01
-2.295913920040290890e+01
4.825838228245132200e+00
8.258733058709751162e+00
-9.577206968410354904e+00
1.613727028666281171e+01
7.537558484380255663e+00
-2.291557865619299150e+01
-3.958048694037827886e+00
3.426839889796838179e+00
-1.068358120733437744e+01
1.633280216517712091e+01
-2.058818269409543689e+01
5.201560064405882144e+00
-1.799198579584722779e+01
-3.635009509899386870e+00
1.166251903047745486e+01
-1.325875377371303898e+01
-2.030541579005863184e+01
-2.257992924508512544e+01
-2.114668845348297310e+01
-8.111102820131844027e+00
-9.930792076486198994e+00
-4.616358556271251246e+00
-1.012032217941594325e+01
-8.298133530079777387e+00
2.270556527254827017e+01
2.191656491646243410e+01
1.451370433542049199e+01
-7.600118061841246941e+00
-6.434046175761167774e+00
-3.786464098259362032e+00
1.839933081454564245e+00
9.971394766206309157e+00
1.615597529410299416e+01
1.317700214969278250e+01
5.920764485777745278e+00
3.611740134523103052e+00
-2.155918045343227618e+01
3.328159528330964179e+00
1.278559346841519329e+01
-1.480409639324550142e+01
1.050419525429784073e+01
1.304820056698816444e+01
-9.048351576803586482e+00
1.234633004513062815e+01
-2.298403888738626932e+01
-1.824634322976363165e+01
-1.841768350629099871e+01
-2.486639310698784300e+00
6.325363874102535533e+00
7.802679457581618294e-01
-4.529329241707003462e+00
3.286074684784210831e+00
-3.234915728353424669e+00
-3.173688810594146759e+00
2.421828693381868902e-01
1.829228353910764326e+01
-1.354913123212936910e+01
-2.819066845772205454e+00
-1.848933192490617472e+01
1.448044186551707924e+01
-1.191473048584614602e+01
-1.902007224247922323e+01
-1.994147186715110820e+00
-1.348607653774604387e+01
4.750121688566594003e+00
-5.510278037405090146e+00
1.321874761063694592e+01
5.280166358179464225e+00
-2.198647997711105972e+00
-1.911507367428587401e+01
2.907537925926561684e+00
4.681782650887399200e+00
1.235685307559219126e+01
-1.073972570487265088e+01
-2.027620897302535496e+01
-2.053733097321694245e+01
-5.348968533372527645e+00
5.315561457354817776e+00
6.943199859768071747e+00
-1.189322243921373357e+01
1.726714868511884049e+00
-1.162903299368315402e+01
6.486753471138939631e+00
9.221199264222001091e+00
-1.547204581359033604e+01
-1.582399266782968539e+01
7.976092118797822650e+00
7.300476978509031767e+00
-1.974455173794292762e+01
-2.975473402426231928e-01
2.240285976768329590e+01
1.086424966710312390e+01
-3.561635308658786414e+00
8.815254506171754656e+00
-1.241332747066049436e+01
1.279834082096029846e+01
-9.629497630243619710e+00
5.757426132490003567e+00
3.170528908026369663e+00
-1.603650133298275193e+01
-1.935499168158552408e+01
-5.417032045013058905e+00
-3.704886588868319564e+00
8.811051638695104771e+00
-1.073382803541679564e+01
-1.061805142908114163e+01
-2.310318666960333900e+01
3.447054533948922028e+00
2.355372878994536734e+00
1.007571928160121644e+00
8.637283148386316611e+00
-4.004848955079967965e+00
5.845927095738289836e+00
2.057596707548123760e+01
-1.706684192443391623e+01
-1.042212168946850070e+01
-2.393055695182908593e+01
-1.449444000897699070e+01
9.248365319765497361e+00
2.623473252289015534e+01
9.997586611812756985e+00
3.034639326564644080e+00
-1.693497825074688734e+01
-3.309701321938263163e-02
1.145331578408908513e+01
1.374420850528318994e+01
-6.467335688974429786e+00
-2.637724003787634075e+01
3.900288155513209176e+00
1.384323632432406015e+01
2.865157291048070931e+00
-2.345825178765203134e+00
-6.918476338489654154e-01
8.897615384387407289e+00
-2.192808894569569844e+00
-7.886271313869066546e-01
2.051657383046814687e+01
3.366486087788594261e+00
9.799813593062367545e+00
7.391588258927704658e+00
9.038476360745484328e+00
-1.062487920038499922e+01
-4.117434619076657754e+00
-1.644174220376217832e+01
-2.601676503027551490e+00
-1.147276683799132968e+01
2.589533147190623197e+01
2.156633478946395144e+01
4.467595166257879669e+00
4.359377229045314550e+00
1.074353436086699531e+00
-6.907830044551779736e+00
1.922187451782360057e+01
-1.065920636095049190e+01
1.497133212418319204e+01
3.178545375188100763e+00
-1.191468022232605861e+01
8.698752281229772620e+00
2.051017408935071273e+01
1.672351494015880746e+01
5.999144556604683487e+00
8.862143005853447164e+00
-5.387328874892222785e+00
1.000083205329097780e+01
-2.327049778429948645e+00
-7.710379528691909456e+00
-1.835224842743973994e+01
-1.561889656294887452e+01
-6.080235222413598706e+00
1.572617605572509802e+01
1.329447355886406967e+01
-1.283522460603837345e+01
9.424513460786492658e+00
-7.784235162212347348e+00
1.546693757338672981e+00
7.477532516604362911e+00
-2.199830233961970549e+01
-1.276658604068280667e+01
-9.037985062437510209e+00
1.448750362457690954e+01
-1.010627667293127274e+01
-1.696201270326115917e+01
1.133474927770264884e+01
4.341387465008352819e+00
-3.095911303586220242e+00
-6.715026613535446387e+00
2.441204180098607424e+01
4.405839875078768841e+00
-7.791542404400800592e+00
-1.716914586431474277e+01
-1.698716758659429615e+00
2.735327073139495013e+01
2.400916741437268342e+01
-1.021172999929416036e+01
9.004269060543428793e+00
1.975874616686436980e+01
-2.375459281908936759e+01
1.967090344576858030e+01
-1.435640717193723859e+01
7.345822458124942500e+00
-2.077183374818716288e+01
5.675559667368723638e+00
-1.650258997212233680e+00
5.913456988487972410e+00
-1.928735022907897800e+01
-2.936236545703231116e+00
-4.999723842948121444e+00
-1.564986890688036780e+01
-1.186079590280066043e+00
1.601557147175565632e+00
2.442703775050880211e+00
2.452844857898399766e+01
-3.855102476934536782e+00
-2.940796308305263906e+01
8.395562636678938873e+00
5.564856381075792058e+00
5.962604592533821801e+00
-9.841157893152480796e+00
-7.200973645073652563e+00
1.508389401237920424e+00
9.156955028043341827e+00
-2.313312942930993188e+01
-1.215878662875368832e+00
-2.288698950555208000e-01
1.494977256283711142e+00
-1.657470481227807824e+00
1.833674758437310714e+01
2.045132368849181148e+01
7.030473026698956573e+00
1.906192084271570764e+01
4.568058649448914821e+00
2.160910354067969763e+01
1.395952289685915559e+01
3.309826334252434776e+00
-1.216184116507741209e+01
1.631210720430185290e+01
1.247369551775159380e+01
-2.077874060656313304e+00
-5.494338394679523674e+00
-1.813657514672093996e+01
-2.557366545324491369e+00
3.867987254455456991e+00
1.911349533103287968e+01
-4.388136813836840844e+00
-9.562935175258903797e+00
2.455650574098370953e+00
-3.261640529332868965e+00
2.444829294107059781e+01
-1.498750742811750314e+01
3.912080206573513408e+00
5.665180923311041283e+00
-6.882517586501101903e+00
8.914585420554530515e+00
-1.354085990892528102e+01
-1.214164820249401089e+00
-7.343080337450015094e+00
-1.617210118495790283e+01
4.305872254393669607e+00
-1.280099994544364250e+01
2.466808504059473961e+01
2.330393565605070449e+01
1.410987837966191449e+01
-7.579419316942811236e+00
-1.711389349483816602e+01
1.748045548794094373e+01
-1.075257983879737722e+01
-8.541802866777146619e+00
-3.133873208999975901e+00
1.013904826310471918e+01
3.404409414008966905e+00
5.765405537791075119e-01
-2.575782988649669392e+01
-1.384292567110807326e+01
-7.865048407812999187e+00
-1.503408393812027732e+01
8.026719047759577563e+00
-2.083213995074753910e+00
1.922172170492711274e+00
-2.283688102249178087e+01
1.285696835814575678e+01
-2.833229616648997862e+01
1.885418857860793196e+01
1.011725843709086803e+00
-2.638517447289245865e-01
-1.199054068483685498e+01
-1.176600236211066530e+01
-1.014805387141504767e+01
6.487857406557026252e+00
1.498369889729340798e+01
1.400771311800284025e+01
1.322400231897754708e+01
-2.617192033253039085e+01
1.288027512309378153e+01
1.546287092229579940e+00
-1.230333465786983993e+01
7.561381827917216469e+00
1.460168068122131757e+01
4.024085056682572770e+00
-2.748815370067852371e+00
