7.446000000000000000e+03
2.343000000000000000e+03
9.285000000000000000e+03
1.045900000000000000e+04
6.749000000000000000e+03
5.911000000000000000e+03
5.669000000000000000e+03
1.047000000000000000e+04
2.677000000000000000e+03
8.649000000000000000e+03
1.139100000000000000e+04
1.146900000000000000e+04
1.194500000000000000e+04
1.230500000000000000e+04
1.164500000000000000e+04
1.203300000000000000e+04
1.180900000000000000e+04
1.200100000000000000e+04
1.205500000000000000e+04
1.207400000000000000e+04
1.197800000000000000e+04
1.200900000000000000e+04
1.221500000000000000e+04
1.225400000000000000e+04
1.223100000000000000e+04
1.222100000000000000e+04
1.186300000000000000e+04
1.216900000000000000e+04
1.207200000000000000e+04
1.246800000000000000e+04
1.228900000000000000e+04
1.172400000000000000e+04
1.195300000000000000e+04
1.202200000000000000e+04
1.255600000000000000e+04
1.200900000000000000e+04
1.140800000000000000e+04
1.194100000000000000e+04
1.168500000000000000e+04
1.222600000000000000e+04
1.185800000000000000e+04
1.206100000000000000e+04
1.209900000000000000e+04
1.226600000000000000e+04
1.203700000000000000e+04
1.237700000000000000e+04
1.224400000000000000e+04
1.187300000000000000e+04
1.013100000000000000e+04
1.161000000000000000e+04
1.226100000000000000e+04
1.167000000000000000e+04
1.186900000000000000e+04
1.130900000000000000e+04
1.195200000000000000e+04
1.160200000000000000e+04
1.256400000000000000e+04
1.200400000000000000e+04
1.158600000000000000e+04
1.153600000000000000e+04
1.260200000000000000e+04
1.216400000000000000e+04
1.195300000000000000e+04
1.236800000000000000e+04
1.208300000000000000e+04
1.282400000000000000e+04
1.169000000000000000e+04
1.181200000000000000e+04
1.200000000000000000e+04
1.173800000000000000e+04
1.190000000000000000e+04
1.185500000000000000e+04
1.195300000000000000e+04
1.149500000000000000e+04
1.228500000000000000e+04
1.166700000000000000e+04
1.178900000000000000e+04
1.203900000000000000e+04
1.155500000000000000e+04
1.191100000000000000e+04
1.184700000000000000e+04
1.161600000000000000e+04
1.171900000000000000e+04
1.230600000000000000e+04
1.152300000000000000e+04
1.196600000000000000e+04
1.223100000000000000e+04
1.130800000000000000e+04
1.222600000000000000e+04
1.212500000000000000e+04
1.194200000000000000e+04
1.193500000000000000e+04
1.208800000000000000e+04
1.199500000000000000e+04
1.212400000000000000e+04
1.187600000000000000e+04
1.162800000000000000e+04
1.163000000000000000e+04
1.150600000000000000e+04
1.190500000000000000e+04
