-1.077456925312669769e-84
-4.209908829933044190e-14
-7.703121299794297682e-19
-5.662211179497977384e-24
-2.250342594186313227e-03
-3.512594608365680769e-09
-2.925275635315188193e-32
-5.699864922598814035e-27
-8.568772625778666515e-06
-1.265322214730463940e-02
-7.222966895599463449e-03
-9.749544945941020873e-29
-4.988006451111549763e-22
-1.080009964305405110e-06
-1.536412017519708373e-34
-7.687735527623049218e-78
-2.795188142173536924e-23
-1.680156176369771658e-44
-1.294325350367903951e-53
-6.858574923110765759e-18
-5.167056579675615542e-49
-2.003060965951098294e-21
-6.764041228736990302e-36
-1.677291053091922576e-24
-1.917053398697910862e-27
-8.674009652963424927e-38
-4.141980908342799396e-09
-8.317749624453912929e-12
-5.520106261435222516e-12
-1.806756201558089313e-42
-1.981204560803236530e-14
-8.507839980462974513e-06
-4.431544403139760000e-37
-1.123772924515121549e-17
-2.191933537567441977e-44
-9.969136889794557628e-16
-6.849918841191797742e-15
-5.531545392683935926e-18
-5.723411528304840528e-36
-8.680414506675169161e-13
-2.823356316770223433e-17
-1.202634357700078007e-23
-5.315532454867330926e-13
-6.974315124877230227e-21
-2.329712603788096303e-18
-1.615680662812543062e-11
-6.439813491145070351e-32
-9.269780864186730890e-03
-1.073321304361727579e-30
-2.597326048632304371e-46
-4.134629840312630778e-108
-3.052457744374841097e-09
-5.736024743880907330e-14
-8.504845744284611833e-03
-4.593684458295732707e-22
-8.576031810560020738e-23
-3.212241702397980208e-27
-1.062174513575699102e-24
-1.759532137530138035e-18
-7.138986663744398463e-08
-1.879897715260494131e-37
-1.536708743950668883e-05
-2.202061364284940333e-09
-1.908545054852376984e-05
-6.197606365442405924e-46
-2.059549667153422796e-23
-3.017948046044997006e-22
-8.259026467110254163e-03
-1.680429054485305993e-19
-3.799924331225750475e-18
-5.270590980884081667e-34
-4.624701840502550704e-59
-4.198799510461859300e-09
-3.305738282557083783e-19
-1.307522004098438384e-01
-2.243550571494240149e-16
-3.628970670698911907e-04
-2.459604490446734004e-21
-2.309136001914577138e-24
-1.342143603245332238e-23
-1.728862522212069013e-84
-9.361573275299700029e-43
-6.409364162326094409e-13
-1.484514413001116525e-15
-3.492111677587358016e-15
-4.817554378632614186e-38
-4.175465447359589457e-47
-7.147919131865170651e-15
-5.860444932662756035e-17
-7.523900334029743484e-22
-2.235959239380408446e-39
-9.596387219640976808e-47
-2.380658235491519773e-18
-5.498432412970286182e-15
-1.115873296056192457e-52
-2.960696117029630231e-22
-4.920255738746814873e-23
-2.802883579645790357e-17
-1.666675119267923131e-37
-4.022716607604260676e-17
