-2.756654648692236087e+00
1.046146348876850141e+01
-1.255965770538817416e+00
-1.895021686412324158e+00
1.756528089617102495e+00
2.358583389479997017e+00
2.593603856311307077e+00
1.941025349727332205e+00
1.427955688838398629e+00
9.954286897930595401e-01
-1.595810182543662137e+00
3.735667769385207393e+00
2.087339279225909117e+00
-1.061609533428857333e+00
2.042444235471350567e+00
-1.728018234006258869e+00
1.455657700490818662e+00
-4.715318037660924944e-01
-6.461611034809910947e-01
-1.890436129604870175e+00
1.126875170108142754e+00
8.949200793112730423e-01
4.210073633635124324e+00
-2.006042630254073700e+00
-6.737306520020958089e-01
2.201397535119271609e+00
1.707743916576923482e+00
2.715697620622739450e+00
-3.102560668924017051e-01
-4.400014100811079132e+00
-2.189332931313248132e+00
-1.573060881294881419e+00
-2.981695759590195394e+00
-2.788799810745612895e+00
4.087821057319802165e+00
3.207289730044163178e+00
3.443744755024374271e+00
-3.859773788561842611e+00
-1.218634971909333231e+00
-2.994630865420457866e+00
1.344424906392767127e+00
2.896865378100583754e+00
-1.105340586647777457e+00
-3.053718514422399277e+00
3.965913590585653736e+00
5.793469410896534555e-02
3.536605041039637243e+00
-2.289068169947051423e+00
1.265233038924100661e+00
-3.973379891618886717e-01
-3.247946854509886183e+00
1.355571252618191558e+00
3.497759326198085716e+00
-1.584473472563936891e+00
-1.160289435094592037e+00
-3.593704663456964710e-02
-3.676726299942163045e+00
-2.609888004664281169e+00
3.995061329720030585e+00
1.033264455766706114e+00
4.026211138503633435e+00
1.014388933396412895e-01
-1.144193915272468942e+00
-7.616068938415931910e-01
-8.489865209445355276e-01
3.119954713458559681e+00
3.341594559193232783e+00
8.193979104705695349e-01
3.519421961593355519e+00
-1.925487732674738162e+00
-2.276928464394890383e+00
-2.998318509461606496e+00
-2.516330727982877491e+00
-1.312232797681680996e+00
3.223223676392349191e+00
2.185522465696600136e+00
2.250915605005314291e+00
-1.320267264113159200e+00
-3.024594296868865939e+00
-3.510321535908161650e+00
3.109620652151447118e+00
-8.076755040022751686e-01
3.430974415694619140e+00
-3.739645923790654081e+00
-9.718354552420187531e-01
-2.353550601791816188e+00
6.986042588610530402e-02
-4.151906297681619229e+00
2.667639561046525998e+00
2.773736995846558528e-01
-4.312267592787861759e-01
-3.503557591786465863e-01
-5.414225689987413048e-01
-1.349387937878637977e+00
2.964389871601453841e+00
-3.643036201219653325e+00
4.303748966222622485e-01
-3.788383762654307763e+00
-2.203079574927780726e+00
-6.785890145122674966e-02
3.645474798704901431e+00
-6.389577952051972431e-01
4.123207854348841295e+00
-4.187368666086399571e-02
2.665625719202894928e+00
-1.433181091324344791e-01
2.164520996679111242e+00
2.554402090473042009e+00
2.153744918443580403e+00
-1.087747276512094796e+00
2.136443053451673180e-01
1.994926342286619914e+00
1.764214105416095357e+00
2.372605252001802612e-01
6.113508670497225239e-01
-3.568106546742883189e+00
2.754950400619615714e+00
-3.097933189726113312e+00
-9.042941915833697664e-01
-3.200817619429601191e+00
4.332331236892624560e+00
-2.930392277166375514e+00
3.858134510729962940e+00
1.306166024542045889e+00
2.151082163108801737e+00
-2.052563579638222890e+00
3.174027489872068841e-01
-9.892699291812601103e-01
3.985984650731085210e+00
-9.083100824459489075e-02
-5.206731141767404480e-01
1.962903723675903933e+00
-2.660337129183499627e+00
3.812179370249797472e-01
1.735576379765451982e+00
-3.818967794044406894e+00
7.024269302050232255e-01
-1.833163682714598508e+00
-4.006664265132314995e+00
1.319080346552311767e+00
-1.079021254279696862e+00
-3.438177091650987283e+00
-4.346220128088550183e+00
1.578859075034221071e+00
-6.735459888976729204e-01
1.427415672231866495e+00
8.042975931199203288e-01
2.312372048526539103e+00
-3.910850079961009307e+00
8.134326870228125728e-01
-4.426005264947336038e+00
1.833923187030137569e+00
-6.138920210251095355e-01
6.514667273888177235e-01
-1.850597058143049978e+00
-1.599711423188324044e+00
1.497519741565990437e+00
2.458430898970358491e+00
-2.130598385204978573e+00
-3.868072968625215768e+00
-3.011957035744254885e+00
-8.570112254331290202e-01
-3.754939413402791359e-01
-2.302422238247556763e-01
2.053617832319218905e+00
-3.099162584588156300e+00
-1.334736348459007793e+00
3.504160551023273840e+00
-2.562353019714728841e+00
4.140233937294297561e-01
6.745873466071685698e-01
2.980739259179870260e+00
4.345676441743435703e-01
-3.700130310410285617e-01
-7.195020849871358593e-02
3.872183132942655703e+00
-1.713367577607061154e+00
1.145447696137150473e+00
-1.512897606733395683e+00
-3.898901876254388554e+00
2.539860925000823499e+00
-2.301542911694053117e+00
-4.431715734301413079e+00
-2.846174432393118625e+00
-2.605471333303866377e+00
2.375399497185983755e+00
-1.575810955899965116e+00
-8.089441661677554407e-02
3.596145712902501401e+00
1.856693157940457084e+00
1.200590890016219880e+00
8.425785838778585557e-01
2.705164786248225539e+00
4.280845719355736989e+00
3.089079357952989824e+00
-3.874265820713911346e+00
2.816846008986653160e-01
2.667341377433513294e+00
3.225085182399576311e+00
-8.884303680107930035e-02
-3.624316884686598961e+00
-9.562734448339726967e-01
-3.996783684155346350e+00
-2.699065607158450231e+00
3.665388933610477906e+00
3.716590246684340570e+00
-1.196849547709195161e+00
-7.035297808913201223e-01
5.001953224180137880e-01
-4.098276117665321294e+00
7.408636845015337258e-02
-5.594165305452847292e-02
3.357658145818074757e+00
5.319847328684366161e-01
9.093278119275183258e-01
-3.791560203405608398e+00
-2.007089523383509544e-02
-1.021842950023445606e+00
-7.003146684533501087e-01
3.213948668113788543e+00
3.373524354690387028e+00
-1.867307337459730654e+00
-6.467436714310128565e-01
-1.085602959256470434e+00
6.819464225535760704e-01
1.043861436189361669e-01
2.173737425044412142e+00
-1.315882117026872855e+00
2.775014421872466386e+00
2.550425440643529384e+00
-1.350927484351909680e+00
9.703900356304187014e-01
-1.468559418723783594e+00
-5.775221843240725406e-01
-1.295792329581916036e+00
1.335795947129895467e+00
1.155769141385817100e+00
-4.598800672374956378e-01
2.679612863203177930e+00
2.228401703537583600e-01
-1.037316876915238772e+00
1.366010643028579885e+00
-2.299831602803025454e+00
1.563444629786494566e+00
1.526631160968703327e+00
2.815780716382896287e+00
-1.799113058857045644e+00
3.128134453877942533e+00
1.400666501967320343e-01
-1.862620085550401594e+00
2.448443384594560790e+00
2.315423943117070671e+00
1.907427525933616863e+00
2.191008834794434534e+00
-3.289181240698617614e+00
1.220495810553844152e+00
6.339914727000648398e-01
-3.239820805477633403e+00
2.528999348697436034e-02
1.585898964311351023e+00
2.522478455139767206e-01
-1.962126443926824226e+00
1.505173960622528284e+00
-7.642283904273075024e-01
-3.218507102565180134e+00
-3.116815136188096247e+00
-2.194095234679768858e+00
-2.520169637459598100e+00
1.505369254990153394e+00
2.008023700039518467e+00
3.329026832924753876e+00
1.853100426647719345e+00
1.240321547567333482e-01
-1.356916615741725174e+00
2.907325421350931194e+00
2.780946128162171682e+00
1.221518245289616722e+00
2.216834654058717824e+00
1.235352883506809718e+00
2.295752373974011107e+00
7.917401971883295531e-01
3.652910924338998555e+00
1.298639060271840506e+00
-5.680972153528793811e-01
2.188615780974265235e+00
1.706542137442827567e+00
-2.003174253621897716e+00
1.260354576822146910e+00
-1.392989035396872133e+00
2.482097441481510458e+00
-3.885399845449430956e-01
-2.301260657813015253e+00
-1.142353176978886609e+00
-1.492616787549112534e+00
-3.114514647632431465e+00
1.621338363683437755e+00
3.441621030985144714e-01
1.747709417628517059e+00
-5.015211717219383303e-01
1.932328784009682110e+00
-1.017030620399315133e+00
-1.294598057666984214e+00
-3.037246982394951722e+00
1.597763430188305911e+00
2.269111277179791664e+00
-2.481356702978786188e+00
8.815468634808780735e-01
2.014652325882089201e+00
4.672594069320048504e-01
-3.021668898532691827e+00
-2.468343568608456273e+00
-9.408176807438897171e-01
-2.455620355576011438e+00
-4.749856265455285609e-01
1.011832388475362166e+00
3.151243701833818633e+00
1.663810587640702110e+00
1.182387204206001741e+00
-2.353893488319572125e+00
1.375270808472430772e+00
-3.545635158820656940e-01
1.934122480224155893e+00
3.675940687309889654e+00
1.945969654382430747e+00
2.446069885458387105e+00
-3.423174025401232168e+00
1.368117014252039354e+00
-1.790371096675175799e+00
1.072148517141854995e+00
-2.408777761762245007e+00
1.551523314187155833e+00
-3.596482049634033729e+00
-2.531407139868022682e-01
-1.985584010730559346e+00
-1.433304820806165392e+00
-1.349242276651025030e+00
-1.067907304615547393e+00
-3.510411113861025001e-01
-2.765396442246287556e+00
2.695270030956104179e+00
-5.656453240099077462e-01
8.448842170499970550e-01
6.132350083675248698e-01
2.196784654800190140e+00
-9.992595679546392162e-01
-2.608886942110759666e+00
3.232115529623872163e+00
1.089842446012040611e+00
-5.135756055008933174e-02
4.664297689345424658e-01
8.764905197285326466e-01
1.483368267443782251e+00
-2.036565470463937988e+00
1.771452698569387252e+00
2.413434466970000969e+00
-2.317273436937137276e-01
-1.157834995357633012e+00
-2.101979740239501737e+00
-1.990538770388559087e-01
1.971605529594958384e+00
-2.596104663192781992e+00
2.539245953827520275e+00
-2.167383019064023308e+00
-1.689377589118046252e+00
-2.376613142019186498e+00
3.321428454778171613e+00
1.664412454633959371e+00
-3.093181148659996715e+00
2.770279874146575949e+00
-1.673082521988007443e-01
-1.850942694840127523e+00
-8.415692148032043463e-01
3.839506790078264231e+00
-1.579826180476218145e+00
-5.867094866939623898e-01
-3.069410118930580467e+00
1.049203995749005358e+00
1.219006381788652504e+00
3.519750933782482605e+00
-1.098162906487928581e+00
-1.135894179551240057e+00
-9.118753786614126611e-01
-3.807790252455407476e+00
-3.452583778436990158e+00
-1.711449296199528902e+00
1.556210018794919492e+00
4.275128636964247164e-01
8.022680978175511513e-01
3.596477050410669563e+00
-1.395736414279467041e+00
-8.828769205901654260e-02
-3.638291405713698801e+00
1.835023420158434782e+00
2.734541202415242012e+00
1.877259957519797240e+00
-3.291287206122630593e-01
5.837285902001223548e-01
-3.411429664506251846e+00
-4.244599615896119005e+00
1.835330960941768730e+00
-4.754288090641365372e-01
2.179360585719461341e+00
4.105629900405823207e+00
-8.817707681136282005e-01
-1.609029180508175116e+00
-2.798908013343464951e+00
-8.869753083414000372e-01
-7.373557397119032686e-01
3.314173938266641528e+00
-2.740764669741277970e-01
-2.099429362480704331e+00
-2.197676481009898097e+00
-1.805160165929693861e+00
2.425001416966604317e+00
1.979804532283704788e+00
-1.672030745398369600e+00
1.547295860004379797e+00
-4.193543020469946647e+00
-1.991622475208032483e+00
-4.145749163871922605e+00
8.467496767783844192e-01
-2.929580289629233114e+00
-2.266657597038431504e+00
2.789265606034604161e+00
3.041105198812344312e+00
-1.972386151731762016e+00
-3.192861970319334386e+00
3.283189299845380660e+00
-2.709822548957497190e+00
3.330253826565492403e+00
-9.810250418721793153e-01
-4.063616678166127372e+00
5.118047367568490102e-01
1.641347579990269701e+00
4.935893327843476897e-01
2.276247869800045009e+00
1.028658428578362205e+00
8.138827449373531309e-01
-2.181784384572575508e+00
-2.891366237234409553e+00
-1.269793361938689191e+00
-3.511639713941149488e+00
2.343401867024930141e+00
3.084141404699401789e+00
-4.171825580436925307e-01
2.168178283004253082e+00
-1.116061847377727290e-01
-2.498632871461872185e-01
-1.363273232565500592e-01
-4.069833043185473898e+00
2.815338558512614497e-01
1.752514432158102764e+00
6.100520518732199804e-02
-2.018998663034022201e+00
-5.770132589006333745e-01
-3.951535448579619469e-01
-1.590180497704683393e+00
2.708853442850422510e+00
-7.875707511007874473e-01
-3.121207370649660362e+00
-2.568706664901081016e+00
9.623605973247748580e-01
2.644523200676523800e+00
-2.301413221263612030e+00
-3.081155323938884916e+00
3.505884410043831778e+00
5.599877555705639054e-01
-4.770913540414225551e-01
-2.847644598775705305e+00
2.194190873684154219e+00
-4.905858398860543090e-01
1.302904760738451628e+00
2.662661541912587637e-01
2.032398904261443207e+00
-1.954098632055129237e+00
1.579015121513771547e+00
-2.860039013776623840e+00
1.360865167286114286e+00
-2.674839217144107106e+00
-2.009996280656364931e+00
2.094930590767411616e+00
3.013831292595359201e-02
4.110725823413483582e-01
4.043091957177537665e+00
-1.096247661106957150e+00
-2.785774395032128758e+00
2.528457665894149997e+00
2.745726481652859263e-01
1.483209952208330407e+00
2.362899478983027102e+00
1.585927058035241366e+00
2.894061018111210970e+00
-1.656199314390411903e+00
-3.987172474670792610e-01
-2.044854789764517733e+00
2.421385541359686755e+00
3.472843661768152401e+00
4.621140798102363334e-02
-2.176149633441685438e+00
-3.107711557978693584e+00
-2.219829552841554143e+00
-2.111271691421365393e+00
3.802155975213455719e+00
-1.777502598371456521e+00
1.131963289591981336e+00
1.576614153051073330e+00
-1.090623563838902577e+00
1.768423135959141135e+00
3.567016308808707237e+00
-5.994404417085776871e-01
-1.164536972484270017e+00
1.301937200360408831e+00
-1.835615271195272680e+00
-7.364378719318285249e-01
-1.513774678433293275e+00
1.604426849420825363e+00
1.272490470132352058e+00
-1.975802345319208619e+00
1.338540095401925534e+00
-3.810738318032305116e-01
1.139214133565127796e+00
-7.038819257903590199e-01
1.319374663495236355e+00
3.002248947317550432e+00
8.529489645009080689e-01
-2.172421987490349427e+00
3.799977478110383444e-01
-2.298134061177046217e+00
2.575806149021016012e-01
-3.041556625502455979e+00
-2.770346442033979617e+00
1.849670295417650934e+00
-3.056239740899036050e-01
2.200691384599751999e+00
1.147542878573091230e+00
7.231812881709096530e-01
3.469184250248078527e+00
-2.717521472437438135e+00
3.658337173362390615e+00
2.880938983850770185e+00
1.012244319647662039e+00
-1.588104467453145041e+00
-7.718284466062286242e-01
2.167825186843328922e+00
-2.850684308161383740e+00
-2.860173186902781328e+00
6.309189577277933836e-01
-3.677567115601626746e+00
6.614765382155507467e-01
-1.477577861781188773e+00
-1.018329251973187688e+00
-2.047315212323876921e-01
5.394802345353237882e-01
3.304931844395726515e+00
-1.358859204474235582e+00
1.646908739192943116e+00
3.218823008505646399e+00
2.173644467303835981e+00
-2.291067093885433614e+00
-1.385320412858277450e-01
2.136367594070504694e+00
-2.003467516482323241e+00
4.205766327183937392e+00
3.160197045720927633e+00
9.555666169788512576e-02
6.466542278557794177e-01
3.736085254464551753e-01
3.835109980856383771e-01
8.989241148385200830e-01
3.170827815982947939e+00
-2.995865029876068064e-01
2.395554161196752574e+00
1.277587756435234922e+00
-5.284728201778534640e-01
2.705852332046978503e+00
1.079038435121100648e+00
-2.838707168673302306e+00
-5.928992814946676404e-01
-7.652038130668250560e-01
1.088523250550599286e+00
-1.051665253284628232e+00
1.095175682917203019e+00
-3.237117028516769857e+00
1.432778588945275544e+00
-1.300417599699371429e+00
2.782178806201741850e+00
7.959028415663613742e-01
-1.270844505697661830e+00
-2.065758105260701694e+00
-9.227295541731859174e-01
-1.100222224435809970e+00
-6.007466255765017138e-01
4.599396130645070357e-01
-8.431659954839965110e-03
-2.535641556820876552e+00
4.756175117101735239e-01
2.871450048123334042e+00
5.106954467005841991e-02
3.478441702356091625e+00
2.638181406244951788e+00
2.602165322527334013e+00
6.833382816738087229e-02
9.578616414037819382e-01
2.875941503580959235e+00
3.618124702052179842e+00
7.782417327694099995e-01
-2.389181236140454079e+00
2.277519964662261032e+00
1.065392194519063196e+00
7.536150242139161293e-02
-2.299847988097629692e+00
1.117817169142949041e+00
-3.639553465265814580e-01
6.525555250349102110e-01
3.725402329974476956e+00
-8.970412435718211341e-01
-1.377470115976948239e+00
9.263858037927965583e-01
-3.349620329809539498e-01
3.141102958065888018e+00
-6.405456593429361689e-01
-2.781264094036622225e+00
-6.195337881947136083e-01
3.900297954067600159e+00
1.253290514618397467e+00
2.695052877511767697e+00
3.222678830686662721e+00
-2.770848039361535342e-01
3.833160883621001602e+00
3.570129680056503219e+00
-2.325981017333318857e+00
2.448092933719363984e+00
-2.308752261623474578e+00
-3.463815101577856215e+00
4.136747758150423948e+00
-3.451258928867388942e+00
-2.838062750470986995e+00
-2.194061125386834288e+00
1.827283645368762421e-01
1.937773056391435489e+00
-4.289002256867910035e+00
4.205344914867126249e-02
7.255399624399387903e-01
-2.522301801285840916e+00
8.285372616055299844e-01
1.182447555455924615e+00
-1.671582156489100246e+00
1.217941254280301422e-01
3.000164070100655778e+00
5.988827574896014028e-01
-1.306769756308056696e+00
3.359343641396961289e-01
1.192928149431521589e+00
-4.383164744383641676e+00
3.191295738951028582e+00
-1.897648457396172716e-02
-1.359009372206898547e+00
1.644507001595703954e+00
-2.672046131135059177e+00
6.474825690330554551e-01
1.978405196412948541e+00
1.084038168229288779e+00
1.434226701169160734e+00
4.135274370672970434e+00
-1.934122972594222389e+00
-1.148697095169242122e+00
3.389739684696301936e+00
-1.344428156512526229e+00
-2.908396607738747974e-01
4.310405244714701212e+00
-3.219952309694267267e+00
-1.956829427751048733e+00
-9.748059255324097450e-01
4.243978285711722975e+00
1.543431292831379587e+00
-1.682333227911120055e+00
3.199842307836100019e+00
-4.113236379572065005e-01
-1.393869532851935489e+00
4.299539378957442537e+00
-6.113890921653863941e-01
-4.361715141163926113e+00
-2.868255575105941979e+00
-7.254807537504159853e-01
-2.807058356464298576e+00
-7.999941258120344401e-01
2.455620809809282434e-01
-1.715322436319648425e+00
-1.902466537001554769e-01
-2.251508212270507681e+00
-2.374326116925383090e+00
-2.608879411326657127e+00
-2.274776906017741407e+00
8.912293526115639963e-01
2.617848276401328889e+00
-3.137564258725574096e+00
-2.049008695313317308e+00
3.424553597702328034e+00
-2.359666337542816628e+00
-1.000030043939507785e+00
-4.250875444251054347e-01
-3.191962650799453627e-01
-2.682067032425395681e+00
-9.287799856471243842e-01
-1.271304569899569525e+00
1.011627504603200833e-01
1.620433920331697308e+00
-1.635707212817404610e+00
3.945712443372851652e+00
-4.430124678004045080e+00
-1.847811392061251556e+00
1.345683750053554562e+00
-2.214790705505506274e+00
1.873733559492399614e+00
-1.417225631060583524e-01
2.530822194519057433e+00
3.916458601717183186e+00
2.157109451857350813e+00
-3.087158234639293397e-01
-2.656617844164741449e+00
2.868574358105453470e+00
-6.022561166765658669e-01
-2.616808735797126140e+00
-2.403462297556399285e+00
-2.583491597316379895e+00
-2.388671535008465963e+00
1.586419589907728245e+00
-2.374049212952611398e-01
2.550709358521889847e+00
4.659662144064471434e-01
-6.341639410365758067e-01
-2.135458237878804511e-01
3.093651639901819905e-01
3.522042829081948767e+00
1.333431951409831839e+00
-1.469959819703136716e+00
1.022540724127731337e+00
3.186750038136478835e+00
2.330607614795763283e+00
4.178522571206810809e+00
1.419440831917868628e+00
2.085351557811057965e+00
-7.737497009986569196e-01
3.215715972722644977e+00
-4.108709950154345591e-01
8.710497071262945923e-02
3.583931867313010500e+00
3.937750450735144625e+00
3.557648138603202170e-01
-2.555311601119478748e+00
2.794408692534294580e+00
-1.022116033707738847e+00
3.028884059950343044e-01
-1.512181501449919807e+00
-3.591523875612344874e+00
-1.652124811561052731e+00
2.779362235848667595e+00
-1.194239028791115320e+00
3.089142630536922951e+00
-2.868859545473421147e+00
4.034743594059085225e+00
2.543394986544273983e+00
-1.742101596631462357e-01
2.699094463434700053e+00
3.933989055288300563e-01
-2.850923176917863344e+00
-1.430187839044125386e+00
2.478236927281223245e+00
-6.640291359144407934e-01
4.893395507749271900e-01
3.041865231771710754e+00
3.035680602336711331e+00
2.057152938358504102e+00
-1.350125086466764657e-01
6.984502277228443745e-01
-4.999805978869638068e-01
2.496106124000558424e+00
-2.634274400544465600e+00
3.075523152790076153e+00
-1.968674532519816722e+00
6.852819794949169818e-01
-7.716339029650862713e-01
6.463533043361557873e-02
-1.640147073542407519e+00
8.437598000438946144e-01
2.692486185700956547e+00
2.646103569741416806e+00
-3.279236460157361144e+00
3.186682769882967392e+00
1.217168503483820885e-01
3.201131419301390224e+00
3.243561935624079240e+00
3.257551636554971708e+00
-2.203404637953007672e+00
1.720771215294922385e+00
-7.840111986030295910e-01
5.426852351224287219e-01
-9.898239647344837522e-01
3.444793762933885617e+00
8.553864638685748645e-01
9.935114504186595141e-01
-3.568763124345033066e+00
3.318537896804764742e+00
4.871115741772040764e-01
3.508858109032848560e+00
-1.934731263668235890e+00
1.217454182258085993e+00
1.374866653336863642e+00
2.919974457596332229e+00
2.092983641579373000e+00
-7.434300799991255815e-02
-1.377086601977857150e+00
-2.951117146092974153e+00
4.220745140282115671e+00
1.834957454092489115e+00
-2.688897607834066505e+00
2.325244759498494851e+00
-4.140178408020604550e+00
5.087786159670226738e-01
-1.323174733879596943e+00
1.138249854110616965e+00
-4.854554292264863236e-01
-1.476508662394135918e+00
-1.914099634178184850e+00
1.907601080036775976e+00
4.152103664692413432e+00
-1.091769006200329351e+00
-1.913660322840793349e+00
-6.886506752181809077e-01
-2.679583093451669562e+00
-4.047767534042631787e+00
2.684122568696114541e+00
1.196622046198143607e+00
-2.152431253405608480e+00
3.390409860722929380e-01
8.667352707508948484e-01
-1.720450798288127192e+00
-2.285431311231453488e+00
-3.593106510550802213e+00
-3.557170861438103682e+00
3.573661107156231864e-01
2.133593310307664304e+00
-3.839084293854612806e+00
2.466530442472389950e+00
-1.296483572509205651e+00
-1.548437952088491443e+00
-4.154059082691344607e+00
-4.155446799757738674e+00
8.763702294774677881e-01
-1.819470550724208380e+00
3.196011662064172754e+00
-4.077779103564299845e+00
-4.432707558367355638e+00
-2.545519909931234004e+00
1.924341222099233306e+00
2.562041847190162258e+00
3.377096290487987318e+00
3.944984161049728044e+00
6.186976869056790562e-01
-1.423438809888538437e+00
2.638626131893308191e+00
1.041896020003754586e+00
2.005694188007524303e+00
-1.056806878599945154e+00
2.080378329615522048e+00
-1.559964784146145700e+00
7.778617733482793284e-01
-3.249253521392248878e+00
-2.307367636596311389e+00
1.420106976684643030e-01
-1.194147059463568361e+00
-3.524480317669826945e+00
-1.724185367961529103e+00
3.780833220931832273e+00
1.747056399283715145e+00
-1.626829384741839135e+00
-8.811916938116386433e-01
6.912012733934203013e-01
-7.599128058179998035e-01
2.811091656600339661e-02
1.424408818444582892e+00
1.520950383933154626e+00
-3.087373011741366469e+00
-3.572202729380782316e+00
1.702416004606856603e+00
-1.618137025366594539e+00
1.159069912000773250e+00
5.438254134812581242e-03
2.426894462295231314e+00
-2.095113430262900422e+00
-3.702345982147774883e+00
-1.919886286569600031e+00
3.708743093940704227e+00
3.214824250124905802e+00
-1.092807189534198642e+00
8.942047266777795045e-01
-2.491584668849760931e+00
-3.499492699376785865e+00
1.257874311448672344e+00
2.054872598726740662e+00
-1.709139122869586025e+00
-1.897095789473072003e+00
-5.392149819352844986e-01
4.897073796550985847e-01
-1.312939815070488070e+00
-3.220399137324581496e+00
1.271242868227387746e+00
3.828796051642120446e+00
6.204921713315059151e-01
-1.263395765603974041e-01
1.712838942392393982e+00
-3.017907666892731822e+00
1.661244383587212603e+00
2.558096051505186708e+00
-2.210593044309856481e-01
1.231993434810794597e+00
-6.341741546124914919e-01
-3.363545882851515234e+00
-9.073689960865376491e-01
2.490251510771114951e+00
2.775860845377221331e+00
9.365561723101967218e-01
-4.399488926638731812e+00
3.707043788581765753e+00
-7.796762120429709952e-01
-1.604622902385236749e+00
4.418455720402434395e-01
2.419583647221712042e+00
3.626034254895957432e+00
2.294283987922995038e+00
-4.221858973448146202e+00
2.505432407692881114e+00
2.046809563964709255e+00
-1.732380149004892012e+00
-1.471998874872604279e+00
1.014933531928817523e+00
3.241009785090994910e+00
-1.442188649146898705e+00
-4.170490990733097370e+00
3.646744263344018577e+00
-2.835454349247497063e+00
-3.623169001603692152e-01
-2.049558101144448585e-01
1.073100447338378061e+00
1.384399339363859838e-01
-1.833734620073795618e+00
-3.148916597067197287e-01
-3.243180030477863074e+00
3.681915079324195261e+00
1.326792663517064597e+00
-1.105886163836217406e+00
3.209172208092050838e+00
-1.897398310331567473e+00
2.212098980628915967e+00
3.350632201964661050e+00
4.813857909463870044e-01
-2.005018986949027582e+00
-2.206284117875369155e+00
-2.551089204242591890e+00
3.097714003929766591e+00
-1.499256658808965526e+00
1.284873648269874380e+00
5.658710803891580099e-01
9.228083494351384530e-01
-3.675346736474039311e+00
-2.080432879835692361e+00
-6.986310795041994481e-01
1.349554544829169700e+00
-2.359610718992072087e+00
5.185259829996144987e-01
1.151872205780799518e+00
-3.621251025477343788e+00
1.584844168675607179e+00
3.142683069514715655e+00
1.297161769022441291e-01
-2.308394974043996850e+00
4.757218406612029327e-02
3.202460653196544271e+00
7.903145595293628034e-01
4.620618746634388430e-01
-4.071434765023973057e+00
3.634281654553928931e+00
-2.497451190501396301e+00
-3.432982447706622864e-01
3.019530559457395569e+00
-1.494105557713004906e+00
-4.031783541051385811e-01
7.731919025332478768e-01
7.290016854430003690e-02
2.892058361214429496e+00
2.689369504447194359e-01
-8.943357305435357674e-01
3.945136648375243027e+00
-6.064994968471939529e-01
-1.885164465391394373e+00
-1.567025338616344854e+00
1.084858474877536949e+00
2.445491996210136243e+00
-2.577004263319171429e-02
1.127170493214075364e+00
5.462293581941555232e-01
2.916134898093033279e+00
-4.325079263559111986e+00
2.391184380184601110e-01
-3.616937766721975756e+00
-6.896333935624623379e-01
1.571661377300279661e+00
9.396333354898640522e-01
-5.011318997644664819e-01
-2.608057140270743979e+00
3.126751716013782101e+00
3.096221890473490390e+00
7.686538753382645695e-01
-2.242382455651398931e+00
2.107512663472997261e+00
4.427104391341785572e+00
-1.973815147291420047e+00
2.006573841822670623e+00
-8.117966252144288575e-01
-1.504263659429092570e+00
8.498389639230294890e-01
-5.878226544665441367e-01
-5.784355052251166640e-01
-5.018248437318320043e-01
-1.821990497773327000e+00
3.249483485550358708e+00
1.953481227584596525e+00
1.753209004517705338e+00
-1.403663332725193502e+00
-3.459101050538269106e-01
3.036814715798389130e+00
-3.149592624310197486e+00
-1.879488979894357925e+00
-1.516743725651075181e+00
-1.143699879920788032e+00
5.989184883756726308e-01
1.213407322194658633e+00
-1.707690916704906137e+00
-2.455234101970824145e+00
2.774753781961712740e+00
2.690390104516627190e+00
3.359105338115549344e+00
1.361412381736474941e+00
-1.268394535468514661e+00
-2.396740093732805388e+00
-3.453771951103708382e+00
-4.475886521481537983e-01
2.714296211686507476e+00
-3.859724470831358722e+00
1.767895157048330113e+00
-2.914307589334319992e+00
-3.368697947455858710e-01
2.205138807547315949e+00
-2.732656230884066950e+00
-5.148960881375241883e-01
-3.699616787731719647e+00
-3.129701718655925724e+00
-3.558604904721138773e+00
1.126135183518108818e-01
1.511852706514345890e+00
-9.046443436552342732e-01
-4.832986444336491161e-01
2.191385993634056284e+00
-2.312151472239573735e+00
-2.429338778341483263e+00
-2.505219733835462037e-01
-8.533536001297274964e-01
3.262681770870550224e-01
2.840187459077968768e+00
-1.140261844951978354e+00
-1.444859484895628654e+00
-2.010981135813154186e+00
2.064605828258320841e+00
-3.629413631452099054e+00
2.872713640797996071e+00
-1.935921802688842952e+00
-3.956096627957125023e+00
8.246636695148046314e-01
2.783695525436797880e+00
-2.479749724698294244e+00
2.358678070408482874e+00
2.765513729720395553e+00
-1.531123874571801657e+00
-3.162490908226862629e-01
6.062615979024599255e-02
-8.834973018937484213e-01
1.188523116799784063e+00
-1.108881904720841582e+00
-2.677597665381926006e+00
-3.440095362689952196e-01
-3.544012365362631645e+00
-2.439268554679953738e+00
-5.832300869085784711e-01
-1.692464197415734617e+00
1.299418278928438752e+00
2.019654029948602769e+00
-2.928533573966354275e+00
1.983385171665381641e+00
2.029493369050630491e+00
-7.935361858628287024e-02
-1.630021390609166065e+00
1.467045541488875671e+00
-2.475947421973455853e+00
1.966862074132813554e+00
8.426991778382291187e-01
2.061849220936311511e+00
-3.577430759744492761e+00
3.660269599234963422e+00
-2.819256467069632066e+00
2.464183878510556980e+00
1.309784921715912098e+00
8.619840350583887201e-01
-3.370254981636969127e+00
2.310177060475346877e+00
-2.701242819432243536e-01
1.750638469238740669e+00
-2.649784168659806038e+00
5.439345844587206713e-01
2.911889396453406498e+00
-3.652682804759869839e+00
-4.138526934545811109e+00
3.483672684934624897e+00
4.192779499467352622e+00
3.745493990096083081e+00
-6.366807187189529316e-01
-6.686180316929313250e-01
-1.329923033065192328e-01
3.971948872857021584e+00
-6.700268855913895649e-01
-3.384743142744142119e+00
2.281189752308848462e+00
-1.703954714367315937e+00
-5.759164294722660671e-01
-2.103923190503161678e+00
2.266937822250518764e+00
-4.110575947150617360e+00
-3.331416154432713217e+00
3.113679851186896386e+00
1.176167749852035094e+00
-3.182531144787357213e+00
3.401203582132140468e+00
8.924945413324554266e-01
3.020206430879222026e+00
3.265044466961686709e+00
3.081213481060480319e+00
4.276790493059198894e+00
-2.414842025101129330e+00
3.032614893275965784e+00
3.239782014366410223e-01
3.707896292864418797e+00
-2.423632067422230030e+00
1.917297501665217396e+00
-3.227307661575823161e+00
-3.621363468591429768e+00
1.517697057582427789e-01
3.633547814935839781e+00
-8.094679582739159329e-01
2.741739520787634277e+00
-1.438268802629290910e+00
2.484591201223493862e+00
1.539671462367696364e+00
2.892570729384138062e+00
2.525316618022324100e+00
2.539150876543585511e+00
2.663457610878320558e+00
-1.856745112431221756e+00
2.289049416403248216e-01
-4.002873601015696003e+00
-3.386469932987488107e-01
-1.450072181879946243e+00
-2.269869644081298432e+00
-2.306099911492133891e+00
-1.750962217677225041e+00
-2.617917110645044509e+00
2.191289110956098796e+00
-1.582292914815738527e+00
-1.881234142063634707e-01
-3.949930814853711780e+00
3.898092953589774368e+00
4.127209186567950994e+00
2.835847348502928966e+00
-2.641067718046130608e-02
3.156752374752564094e+00
-4.747963263970174097e-01
7.491099575338289185e-02
5.304237609623054794e-01
3.029076467164797393e+00
-3.045316179008765722e+00
2.184862859063927409e+00
-3.942026479709575426e+00
5.849988819739495582e-01
1.234111227364413033e+00
6.469236218780611836e-01
1.327996066812726639e+00
-3.290631761124661381e+00
-1.642929391546594786e+00
1.164631614146261818e+00
-3.438411339081667073e+00
-2.476385207525735321e+00
2.900705839829148758e+00
-2.078263229083204600e+00
-6.434543153474789889e-01
-4.148326800457030394e+00
1.324611753243189582e+00
1.586065585925542365e+00
-1.515048436328739090e+00
-9.788722851722306828e-01
3.610313695612735074e+00
2.382794454469515877e+00
2.059374559414948180e-01
2.809556049984771597e+00
1.504991708477835033e+00
2.926474583809888230e+00
3.437226811362021905e+00
-2.995174841477341143e+00
1.077157924332641237e+00
-3.375821783659265662e+00
-2.710483030472548904e+00
2.463700797882286686e+00
-2.743945981328328454e+00
-6.312792941756502074e-01
4.031534695316532080e-01
-5.121758958642779191e-01
-2.910489606203174873e-01
-1.791775427435194246e+00
-3.062899777852756245e+00
2.555510997594707234e+00
7.992216919128853903e-01
2.900503640813099082e+00
1.732712379677834313e+00
-2.759076181271096662e+00
3.698236487289078056e+00
-2.146898189978960314e+00
-1.657348643276115752e+00
3.364384754835979763e+00
-7.833669184394089768e-01
-5.486863523269356335e-01
2.414795777401676169e+00
1.162805123718944067e+00
1.058164843398184729e+00
-4.278932578045848700e-01
2.152071963283528788e+00
3.788645503993988584e+00
-5.386442084614797565e-01
-1.999226076432049304e+00
-2.004379956950700148e+00
5.366564921590732951e-01
2.973846470018408183e+00
-7.609625263651862426e-01
1.176722600900230731e-01
-9.302868312837464515e-02
-3.094469803747503800e+00
-1.461098479883320422e-01
3.328221335388921176e-01
2.502556596766327246e+00
-2.418804980493123313e+00
1.938547261826535362e-01
-3.711136257027106922e+00
-1.200136347716812324e+00
-4.323977010642830798e+00
-1.072938390413524790e+00
2.120237218741340968e+00
-3.823441957499142063e+00
-8.067560561574929068e-01
-2.047655601866529285e+00
-2.945277453929701750e+00
-4.276382256522470726e-02
3.961582060691155149e+00
-2.418394267682477228e+00
-4.156843646606610321e+00
3.821672139201339746e-01
2.371410223082460078e+00
-3.448689894670424305e+00
-2.143390032438705628e+00
-1.908495831750807170e+00
-2.241691586668705938e+00
-2.320956099661692029e+00
2.362233781883791295e+00
-5.631253736968107049e-01
2.441444683750190414e+00
-2.959401300581592231e+00
-2.532122117065503275e+00
2.899900243404795575e+00
-2.744807471348523098e+00
-4.150921921061598852e-01
-3.782132478420701993e+00
2.639214805913018935e+00
4.480252540076232748e-01
3.735299759711711687e+00
2.808240111452089849e+00
-3.777355454144240010e+00
-3.187657908214749369e-01
-9.412626988778782788e-01
4.074427125967204688e+00
2.189898352287853456e+00
-1.583148713189549639e+00
2.423809360372580102e+00
-4.157770615758904498e-01
3.960965561620001907e+00
-2.368321532436847843e+00
-4.129431455479764423e+00
-7.524808897864225798e-01
-3.194129912680054861e+00
5.454914711823741769e-01
1.395930849449838362e+00
-4.259522453641758410e+00
3.129013159799400867e-01
1.059575011396498567e+00
-1.241225395378442453e+00
-2.898555171908116179e+00
-1.419483840545430642e+00
2.316218713626766679e+00
1.986286165332256104e-01
1.300627091885213638e+00
-1.405596781039058385e+00
-3.142626474059154074e+00
3.417701145323384537e+00
1.017680853666051988e+00
-2.112566967539981189e+00
-9.558671013213011491e-01
4.466515366731336201e-01
3.104025158388328265e+00
2.255301433079397455e+00
-1.638037625952692977e-01
-1.209055966889956757e+00
1.684601060881282919e+00
2.402537302063611158e+00
-6.742125767474052012e-01
1.017458526979711841e+00
-2.195178097544338680e+00
6.809675350347905720e-01
-1.712000656646035956e+00
-4.868621823892453904e-01
-9.343946629232604550e-01
-8.470545860845728470e-01
2.494113660512989661e+00
2.063952453008671917e+00
-9.471229746252687320e-01
-3.931201806158070688e+00
-3.908275196290356135e+00
1.388724076795649687e+00
-2.992906401897699187e+00
3.280223862802287726e+00
2.467968002247628689e+00
-3.081856973752549855e+00
1.885322835782277551e+00
-2.577036826416625903e+00
1.394879339529742523e+00
2.097283538882495080e+00
-8.900746680659743504e-02
3.169413273278484766e+00
-2.757893097705233387e+00
-1.496061299531987299e+00
1.725665623345150834e+00
-1.622679418023795783e+00
-3.558622022760059345e+00
-1.527874051228978125e+00
5.381790263520471740e-01
-9.599292381618358405e-01
-1.237988920742636445e+00
-1.582519089298799031e+00
-3.365819123233979582e-01
-1.129733847882360642e+00
4.389777726531615798e+00
-3.300083471051102002e+00
-2.232213889778342786e+00
3.979428930127117070e+00
1.657427829561290977e+00
2.590645306618997168e-01
5.751444366742113345e-01
-2.050111206342753789e+00
-7.855604430518656756e-01
-2.186790479240361407e-01
3.841563937677557661e+00
-1.424949107464739129e-01
-1.960738256691048509e+00
3.030911822109557008e+00
-1.138908540695036109e-01
-9.027805568701996464e-01
-1.212751484192909679e+00
3.269653132561016307e+00
2.323754581595151691e+00
1.604878051093789892e+00
3.161130612498183723e+00
1.155048286799067014e+00
3.824245126853261567e+00
3.216873459904229904e+00
8.617630145977317468e-01
2.981100123892356457e+00
-2.353502432123968369e+00
-8.153694577032943869e-01
-5.306440495661117751e-01
1.044877704985581524e+00
7.117269326424668918e-01
3.463266493671286028e+00
-1.178329104211677247e-01
-6.040099145441280015e-01
-2.570573554651329751e+00
2.497286710995361148e+00
8.531628542145073268e-01
3.478210673138880438e+00
-8.049463604165456587e-01
1.031419512327045318e+00
3.553295349610170462e+00
-2.738350608829612121e+00
-1.693121723271359791e+00
-3.811098771347623426e+00
-2.002956918362351679e+00
-3.527172700446410403e-01
-4.724470866275058967e-01
-2.369740256482186780e-01
1.835615755196046806e+00
-2.144987254958899303e+00
-2.028184225910018679e+00
4.347957193588687375e-01
-2.044478882095765560e+00
3.989877787580946134e+00
3.083160474258450634e+00
3.353290079763839415e+00
6.237318529616553420e-01
1.264378945243493924e+00
-1.480661922742361192e+00
-1.354719652431280785e+00
2.226129122476844913e+00
3.807210117437380248e+00
-2.747703290169072332e+00
-1.945167268435366914e+00
9.425946050669367082e-01
1.867744655462559855e+00
7.353187736130220031e-01
-1.731670707675157406e+00
-2.546653017365268390e+00
-9.118415328754094773e-01
-1.085667706283757639e+00
-4.165319425956166555e-01
-5.192359739952676634e-01
-2.990286395173586520e+00
1.111980450339182802e+00
-1.606558565695488383e+00
3.040217855133880320e+00
-6.449950159095605429e-01
-5.034075511204267883e-01
-3.177491803422395122e+00
9.640915708734354439e-02
-1.431161309442209095e+00
-1.892745350546836125e+00
-4.247285533586964590e+00
-2.671879322264842926e+00
-1.167415562544489749e+00
-3.916825217149667360e+00
-6.437134214575701563e-01
-3.295813635647266260e+00
2.701538444025251451e+00
3.980096782800018218e+00
2.599213648207477689e+00
1.610821892168885938e+00
-3.012729368493864968e-01
-2.748314095921658762e+00
3.040137332288834315e+00
-2.309394144747064281e+00
4.099642665730121038e-01
3.520384409612860921e+00
1.655707851108642714e+00
-3.293272404544653753e-01
2.299124291303068723e+00
1.322342941665026750e+00
5.037410583247803331e-01
2.157070967640652093e+00
-9.327806226202035589e-01
-1.231055192792270603e+00
-1.198469733723998232e+00
3.578974493681030822e-01
-3.375284353208201082e-01
-2.173432622611084497e-01
8.603359941961796764e-01
1.286033116191203085e+00
2.058474152302078863e-01
7.558002689847898026e-01
2.234400905089448663e+00
-6.823293770166047878e-01
-2.382916631081009040e+00
-2.150106279151109412e+00
2.586172969099957974e+00
-2.817881256373866439e+00
2.168616054262962223e+00
1.351756331105660180e+00
-1.432495540629712405e+00
2.825741722406021061e+00
8.233298956996666362e-01
6.234044381904846333e-01
2.413815848739517378e+00
-1.390223355540205485e+00
-2.000780919178590800e+00
-1.711341590643118415e+00
-2.290920677607820366e+00
3.601845998342309230e+00
1.257619190874164516e+00
1.109108912351848275e+00
-2.387030827821206458e+00
1.153164000162229641e+00
-2.350298279970746140e+00
-1.643296543289924472e+00
-2.354625240709038891e+00
1.839185932500141618e+00
2.837041961087532371e+00
-3.555927962028365918e+00
3.118927476134734533e+00
1.205946264381138278e+00
4.351056822325174878e+00
-2.774286880106609399e+00
5.805088003715752620e-02
-3.412150223877647548e+00
-3.040192505686118540e+00
-3.715279306780584712e+00
2.130817799517559230e+00
-2.510223862981874721e+00
-4.121277674717660489e-01
3.900490860127671766e+00
1.940794494165805517e+00
-3.119148157806566068e+00
-1.412111646138839660e+00
-4.393601817963368461e-01
-1.513549326135454010e+00
3.508302666509084844e+00
-3.858016533644464285e+00
2.041310583795846512e+00
-4.537062784363712353e-01
4.155923990548124891e+00
-3.760259349775454396e-01
2.943465447485697162e+00
-1.022895085701573059e+00
7.983318136964232536e-01
-1.049507869900696111e+00
-5.624195544789234447e-02
1.393953879144580910e+00
-4.045306831478722387e+00
3.598111050756578777e+00
-2.538411262948171654e+00
2.986290398514944933e+00
1.028341298499007017e+00
-3.605201141190805814e-01
-2.507156127746306140e+00
1.602599132858291142e-01
-1.179090382117289337e+00
1.733572073062791929e+00
1.880636825914620225e+00
-2.861268085121571048e-01
3.777698002116572695e+00
8.649815688523831980e-01
-3.073591072780331501e+00
3.021586636352409982e+00
-1.420773014648734289e+00
-8.881766082875497403e-02
2.851254490827775712e+00
1.469929712053699156e+00
1.887259224594379781e+00
3.045214455655704811e+00
-8.249698737053341446e-01
2.890094227635948698e-01
2.838425204785714584e+00
1.560386283801305396e+00
-3.545665356196288087e-01
2.160856399952483464e+00
-3.378987245992703947e-01
-2.448920620456200847e+00
-1.471590939026306000e+00
3.084215004524500259e+00
1.241139926413111993e+00
-2.945811597416694294e+00
-1.031201741483536161e+00
-9.917789880599947594e-01
-3.087730096580804329e+00
-3.732031291855363087e+00
1.620259556414778146e+00
2.641906869226280818e+00
1.784868104614744766e+00
-3.390953483199007579e+00
1.608265258128569464e+00
-2.248603224822397273e+00
1.250216646858673286e+00
-1.167463564205543314e+00
-2.846092726228246050e+00
-2.169282993648984359e-01
4.149638712107268645e-01
-1.459974692540920493e+00
-2.571983629459886345e+00
3.240040859321981159e+00
3.493167023336411603e+00
1.512834722689305522e+00
-1.159452146706573039e+00
-1.747303622437249793e+00
-1.415187767377573014e+00
1.157879989062895021e+00
1.629482039861413156e+00
-1.194952108075000297e-01
-4.269197686866879060e+00
-2.101890173531895556e+00
2.018113532421139666e-02
1.503894254627118343e+00
1.802732367695676352e+00
-1.334103882374389372e+00
4.122221803259629169e-01
2.802135355136926798e+00
1.513771327237729558e+00
-2.438147251791848991e+00
-2.883890360492264548e+00
5.241056594228030718e-01
-2.135838061690972900e+00
9.863360179731621713e-01
3.870424716258355602e+00
7.453046675969723367e-01
-1.797450867874594849e+00
-8.469357430659449903e-01
1.299805266001172299e+00
4.129845116936657234e+00
3.508284430468064485e+00
5.622466616582189047e-01
1.648463529347850454e+00
4.241075664215365748e+00
-3.531088016413353792e+00
-1.294374043492592108e-01
-5.382416707253039334e-01
-5.795913996789909817e-01
-1.339101859669016736e+00
2.781989866029563885e+00
-1.335504519768180742e+00
7.212935917218130655e-01
1.921199410034999389e-01
3.896557201386038116e+00
-2.571161107249904543e+00
-1.743623653366502602e+00
-8.535156270884218799e-01
-3.820058033487808036e+00
-2.240488722479289763e+00
2.643972895369728349e+00
-6.736096159177664688e-01
-1.746119566964628333e+00
1.358807879258677964e+00
-1.785104578268206232e+00
-2.241384042955330447e+00
-1.137300809486245790e+00
1.435924791869291894e-01
-1.765802906152105223e-01
-3.891286345785018419e+00
3.524426049449157716e+00
1.337437052449114816e+00
-1.056030857889483254e+00
1.443804181844789980e+00
-3.571455355654666874e-01
2.889889881156473272e+00
1.423991845558179037e+00
-2.408131366150376707e+00
2.146919968556382230e+00
5.973642314842644296e-01
-3.190027440914530388e+00
-4.226400726976393685e+00
-3.991822528892334354e+00
-1.675556796209759725e+00
-1.271687772694403140e+00
-4.278878568229514734e+00
-2.826546325837377971e+00
-1.246562207811458656e+00
2.032195370694996228e+00
-9.147225843591240135e-01
-3.879863158581386529e+00
-3.160104203122614308e+00
2.164423177266744602e+00
3.558695852448680697e+00
2.359333754092091340e+00
4.529665500344401963e-01
-1.846679980695014489e+00
-9.670049198879553387e-01
-4.684460780849333261e-01
-5.449555302655886280e-01
-1.496223863505056872e+00
-4.426911620949214310e+00
3.664252715139520333e+00
1.980304263818542410e+00
-1.485293011743889835e+00
-1.302491651292079666e+00
-2.981723927305751864e+00
-1.744799165183224865e+00
2.056599243182335002e+00
-4.960273952176734724e-01
-1.147217728518530766e+00
2.611681698831748832e+00
7.246992417111499662e-01
1.815060685147862785e+00
-3.204637231761569893e+00
6.788816333455427454e-01
2.989986945368807270e+00
3.829370197890892058e+00
-1.191725572798369992e+00
4.860111868694039217e-01
3.056588243455841791e+00
-1.112453993288811116e+00
-3.191600783009187481e+00
2.579347232444789029e+00
-6.027579460542344947e-01
1.818597146509127072e+00
2.518912198933900726e+00
2.487580613306253241e+00
-2.668737375807867629e+00
-8.738761597238671186e-01
3.872588353070716138e+00
3.075191125805472936e+00
-3.071578944570951375e+00
3.231483916587874816e+00
-2.666530227095302852e+00
1.630213566453693197e+00
-1.432418163721649318e+00
2.559155630526169567e+00
-5.213732230063747863e-01
-3.063172635335684291e+00
-3.006632489672353081e+00
-3.846758305106392939e+00
3.767226757067742682e+00
-3.320694160063277778e-01
2.657745543305138902e+00
2.936876416407948831e+00
1.496149135915560535e+00
-1.634533417371657471e+00
7.687995417267856624e-01
1.263205513931629831e+00
3.910197131441179863e+00
-2.662471483415806972e-02
2.461362949042182890e+00
-3.342774405687895634e+00
-4.296004533344646603e+00
-5.930721645434164913e-01
-2.069587971901099444e+00
1.964909780085153379e+00
2.683269538971591039e+00
2.982490910189136812e+00
2.301467846215849988e+00
-2.711009905593922298e+00
-2.130468736278412933e+00
8.072203710550596156e-02
2.292753931269375656e-01
-2.806287926859576842e+00
1.458420275592816395e+00
-3.924141219485640875e+00
2.698370880844129793e+00
2.633914651119449779e+00
-1.827366119999012550e+00
-3.071387518937078731e+00
9.633618449443286380e-01
-3.368314627848141285e+00
-3.015362430986261444e+00
-1.455702225308046938e+00
4.515961433432789107e-01
5.976065764468767583e-01
3.240156076320177547e-01
-2.499467513592930956e+00
5.772103407932052122e-01
3.294423082317671003e+00
-1.997288147088980281e+00
-3.182527966026686528e+00
2.762586972761398307e+00
2.653354940981216714e+00
-1.078742329805607802e+00
-2.149039306230279944e+00
3.121538367743442066e+00
-5.633436068898394211e-01
-3.517396128872420036e+00
2.421940936736403316e+00
-1.838112975203633148e+00
-1.414825316787159615e+00
2.221516885593914914e+00
3.950263672053766939e+00
-3.496317626935196543e+00
4.610342492147347926e-01
-9.475671242048981924e-01
2.196143391360406483e+00
1.392888401056755043e+00
-2.955583502284326869e-01
2.692560554182077404e+00
-1.345608765869412693e+00
-1.028757797807473562e+00
-2.431544474499113484e+00
-3.000108098282569635e+00
1.113924629774913910e-01
4.026203887138326110e+00
-2.670147513439466991e-01
1.964388492079173432e+00
1.749576503430772867e+00
1.755581568925976832e+00
3.231662278026771418e+00
7.676867120171042558e-01
8.247439763364807774e-01
1.165516768737480113e+00
-3.776303901545672304e-01
-3.117866771162460804e+00
1.930642114524143693e+00
9.632991849258925043e-01
-2.838527564967640693e+00
-1.059680503597375090e+00
1.571400819086803402e+00
1.066812542572986189e+00
2.574758277688857788e-01
1.148171836484372932e-01
3.988458498348064651e+00
1.520375482998241878e+00
-3.054483848037023996e+00
1.831155648620686804e+00
6.453401926244879405e-01
1.426482538538584421e+00
6.165538337021736481e-01
1.451183817591230607e+00
2.811292330538170958e+00
-1.220590886289727450e-01
4.732875458594314466e-01
-2.283520603748926625e+00
-2.251185565803623945e-01
2.370273511600105465e+00
1.069177131738340059e+00
-1.087276606371852417e+00
-9.602226225974241913e-02
-4.235649461761048507e+00
1.812637840736962325e+00
5.317706341431751582e-01
2.805850895897910036e-01
-1.660173083411437212e+00
-9.550929808583497049e-02
-2.707728707662646617e+00
-3.621474891030488585e+00
-2.110541464231972419e+00
7.638915622873376776e-01
4.302412865587307067e+00
-1.653240365667459244e+00
-2.268289091429744886e-01
-3.070695418171499824e+00
-2.274998208572642788e+00
-4.101520689537404785e+00
-1.336584885612981388e+00
-3.451165185919601086e+00
1.435798721448389159e+00
-6.416680476026792590e-01
-3.348472677479038317e+00
-4.026135078007147428e+00
5.617306327008915190e-01
3.383393690946256527e+00
-5.088445664288148151e-01
-6.822397523629026850e-01
-7.265407607566061188e-01
2.852563261858708898e+00
-2.255626333626869595e+00
5.633584252383201374e-01
2.054038421562692562e+00
3.541635418248016975e+00
-1.497958513229816546e+00
-1.199362907397714118e+00
-3.116043896251752710e+00
-1.285054472208665644e+00
-1.469412610514972073e+00
7.191031052464991191e-01
-2.380224655867775763e+00
-1.578139349461006091e+00
3.029698257634439784e+00
2.514585334559104268e+00
-1.155503639754850376e+00
-5.556496885037240929e-01
4.273330940785964316e+00
-1.129893552641407339e+00
-4.340789616163750253e+00
4.129714408063287934e+00
-9.412514723624161306e-01
1.847547117568185904e+00
-2.775780326360053341e+00
-2.183976626629717810e+00
2.629786999229683175e+00
-3.394553468122989415e-01
6.987479326792023215e-01
3.460932253337446696e+00
-2.745385956195618871e+00
4.290082017933718461e+00
-4.061793200359216982e+00
1.866774348626326407e+00
3.268447775042513825e+00
-3.005554665904725642e+00
-4.299984771747034529e+00
1.313084080271950782e+00
1.825918651071023469e+00
-4.009100970030612388e+00
2.870904538887427471e+00
-1.100602242286836674e+00
-1.118658222603290842e+00
-1.677304750827326441e+00
3.145144492789677670e+00
6.477557865007010918e-01
4.096138984023864893e-01
-3.432076189002000177e-01
2.640230637161793403e+00
8.574386134363010115e-03
3.453670547378486333e+00
-7.957711389380595080e-02
4.394582786494202864e+00
-2.217772187823516816e+00
1.762693217933367862e+00
4.768255738663480514e-01
-3.486075157965207172e+00
-1.567815825084530879e+00
-8.858546346157236684e-01
3.740779690415735104e+00
-2.871636722523875029e+00
-5.408071494018349412e-01
2.215776450004556253e+00
1.415274750691731143e+00
-1.050030644487092601e+00
3.331119993964099635e+00
1.797389807975690701e+00
-1.286145441468829809e+00
3.350319499264898582e+00
3.623906038089106829e+00
-2.247220926417748288e+00
3.267106778183137550e-01
-2.103552281907559163e+00
-7.967610283824875239e-01
3.351326199201107414e+00
-6.917181669110936681e-01
3.381873229627959887e+00
-2.584957003826292343e+00
-2.703631371631092239e+00
-2.782479907559808119e+00
3.975555105355086383e+00
-3.283644885797922797e-01
-2.131410263804270677e+00
5.469257748690257159e-01
-2.724523040003992147e+00
-2.763092882032722297e+00
-1.935845150172341711e+00
2.420039463583556483e-02
2.497987105010176734e+00
-1.100576535225750163e-01
3.306536973286389625e+00
-1.625181682691225760e+00
8.813731778442974729e-01
8.997033379141408105e-01
-2.005889503646270278e+00
-5.822044154428107632e-01
2.469066705430769559e+00
5.351951073751868293e-01
-3.840489657589629680e+00
2.373221614064981111e+00
4.105890433095122916e+00
-1.113051761761543190e+00
-1.641180778622882031e+00
-1.699798405618344610e+00
-6.516421198297059902e-01
3.693017720629978129e+00
1.588541827355358649e-01
3.314254352250390667e+00
-3.551450935704658640e+00
2.623250863968163316e+00
3.200784321094829465e+00
-7.569946236999900435e-01
-4.788721999738037027e-01
2.136811285343293676e+00
-1.021723876252303320e+00
7.452396166199557470e-01
-3.203434593491003124e+00
-1.720357817368713960e+00
-1.594385775811256956e+00
2.585740535748339397e+00
8.630754736643666547e-01
3.958801608085273926e-01
1.590562570623558436e+00
3.147805333602441635e+00
-2.436001660095741261e+00
3.459096219048049647e+00
9.467900631227905706e-01
-3.329027381843350231e+00
-2.717190476126112308e+00
2.800140875447580058e+00
1.050673166836181061e+00
1.831653137349658067e-01
-1.696674722750647568e+00
-2.227528374739531802e+00
3.526106257328367022e+00
-1.667058218674343451e+00
-4.076271203201678794e+00
5.954454383271716722e-01
1.566251751441988915e+00
-2.661306658495696809e-01
-3.954364605530104271e+00
2.820193960726480320e+00
3.902384397655467296e-01
-1.408323711645026677e+00
-2.436775638307100422e-01
1.915040029478225492e+00
-1.261298486810529251e+00
-2.028528172685329256e+00
-2.758514432085941603e+00
9.729027031250740976e-01
-2.205902377646462131e+00
