2.918497464073617209e-01
1.412412876056896138e+00
3.372175644079620227e+00
4.880539910622678335e+00
6.224162369872628275e+00
-7.835423527683973433e-01
1.084664373949284055e+00
6.642178846916271695e+00
2.774340698486461143e+00
3.964063823107091267e+00
3.373596704155303883e-01
1.214104761024753287e+00
8.751004715571486514e-02
3.241571796179011145e+00
2.541894181150331278e+00
4.346647470976668259e+00
4.116936706282915637e+00
-1.589719414647596807e-01
7.612241876160146248e-01
2.893992267844102351e+00
4.167686896016530085e+00
4.511157746822394898e+00
-2.476081131241736344e-01
5.684142403055297166e+00
5.447210014497400721e+00
-7.556609042535606946e-01
2.956942690921598782e+00
5.283516488002030442e+00
1.138963885204779203e+00
5.025459563866720103e+00
2.715334979162056683e+00
5.052390580009081589e+00
-1.432684354323150444e+00
5.910610865762999211e+00
2.773057062484213020e+00
3.286545855519173998e+00
5.261237757739532839e+00
1.517281624134685813e+00
4.739040071415136168e+00
5.489073626652890781e+00
4.916368164451590417e+00
5.901302348866623859e+00
5.212351853042882510e-01
7.023348452722304458e-01
6.369384226432968532e+00
6.919603628553181451e-01
3.883768115307880464e+00
2.945794621019513393e+00
2.258742668836269729e+00
4.036296011951034046e+00
5.994875837257072959e+00
1.748060811094090283e+00
5.188620401321410114e+00
3.058527285276127827e+00
-1.452882850450079477e+00
4.396117759824416993e+00
2.758942817376305534e+00
-4.770413933554138453e-01
4.254309936405274328e+00
5.598790096736619759e+00
5.094177639832837556e+00
1.655058345561850608e+00
5.374935334434214340e+00
-5.410321150842332116e-01
3.836820777351324097e+00
3.940279258257280759e+00
4.889658697126797904e+00
-1.281310307815004990e+00
2.586009353939813238e+00
2.874553616478150886e+00
-9.731577411369105590e-01
-1.879954748657617358e-01
-5.630786448990452442e-01
-9.835634067107177358e-01
6.291049347148442550e+00
1.832905382271674100e+00
-3.593496307282588731e-01
-1.775586961884093373e+00
3.013128338777027793e+00
3.846129594305288890e+00
3.504847181605388329e-01
6.115982129767390418e+00
3.427999893771151108e+00
2.397676213899710085e+00
2.781452267564946013e+00
1.198237365185485181e+00
5.413507607997164683e+00
4.944307037041395958e+00
5.902021941094634627e+00
5.156431789582740066e+00
2.442994017373676385e-01
9.248452445995578586e-01
5.458110118591426030e+00
4.656763366284014438e+00
1.427435094237188729e+00
2.787002056526725724e+00
6.726382240454233497e+00
4.644363281670907284e+00
1.504541597115345297e+00
-1.589014068928094492e+00
2.749865489405650010e+00
8.012185262978572808e-01
-9.032433309284444434e-01
6.428953455579542009e+00
-1.591476951747403223e+00
3.877781015708395174e+00
3.930581309957773328e+00
6.487819605974186388e+00
-1.485140046927320157e-01
2.237847368492013267e+00
2.638419846138162050e+00
-7.142972855349629668e-01
1.028541646805352094e+00
-1.265000888562010761e+00
3.508470472599375611e+00
5.130835877039213955e+00
6.041228546041335079e-01
3.817592845382552724e+00
5.726680599352700796e+00
6.189724551205440406e+00
4.914665970241406612e+00
1.193987045558432492e+00
5.424572576002507418e+00
2.381613743204410660e+00
3.426170097599747777e+00
4.304293037163388291e+00
2.046283244455585404e+00
3.861356062597366190e+00
6.276609752751646454e+00
2.142487419064715404e+00
4.288701128594837542e+00
2.134022612200150881e+00
1.396665431515756950e+00
1.713669967574796615e+00
5.333449325669649355e+00
-1.888976807119213674e-02
1.334658959483459029e-01
2.679781162124736049e+00
-1.142057982352074674e+00
4.867128014673516745e+00
3.510405312892412866e-01
1.743183060893542802e-01
3.861405206138321944e+00
1.596936929344535017e+00
3.205189588500187980e+00
2.052140752168097215e+00
3.589850346808781012e+00
2.190699377848552842e+00
1.588571623222136964e+00
4.198565509343618274e+00
4.810126184339749145e-01
1.404423199540019596e+00
2.279860175350332696e+00
3.183394476228562198e+00
7.291757092421633502e-01
3.574951084431592818e+00
6.406174230527767577e+00
5.873035294015629404e+00
3.110005600582070429e+00
3.757823359972995547e+00
4.126649845503575165e+00
1.497418151969094779e+00
4.795689395853681702e+00
9.792823604329541354e-01
4.783923805190410050e+00
5.198885960784540572e+00
1.119277985980690282e+00
2.219400814228005281e+00
5.834541996672777842e+00
5.460030385717487889e+00
6.211434594598831183e+00
1.292171881389827526e+00
-9.087928329544681105e-02
-1.344877776877286824e+00
-4.862129908254022581e-01
-8.148835679524797371e-01
1.177730512321616629e+00
7.991226040839869427e-01
-9.013207239012377414e-02
5.831526080356756125e+00
3.239666718871646367e+00
2.251505973093352431e+00
-6.399368851597078134e-01
2.469616561058103343e+00
5.313678014993934440e+00
4.879196886812961154e+00
3.561614749972591198e+00
-1.408929434339730058e+00
-9.955970108332401480e-02
2.093986246908605686e+00
1.205423553017574534e+00
1.710016574517734256e-01
3.396263191890117383e+00
9.909337932385620107e-01
1.553693507325476730e+00
5.283297337886269318e+00
-7.226649806649056984e-01
6.006152739108793881e+00
8.509825086568643115e-01
6.432320650267008944e+00
5.149000517842054592e+00
3.908096458951300534e+00
6.313669544391579791e+00
2.605254689073793983e+00
4.920793027950685072e-01
5.600736619215830103e+00
4.252717892634807484e+00
1.535459545557506189e+00
4.813085328075302982e+00
2.102639645263904455e+00
1.159171809067700565e-01
-1.631389968495779996e-01
2.771575079621496407e+00
3.733545310081025193e+00
3.256274516849019918e+00
4.308306804432463721e+00
3.729919685463354284e-01
-1.271020534019163595e+00
2.835822482429253277e+00
1.227793114570670419e+00
4.855290379401058232e+00
2.526727344315593982e+00
4.878106285585124269e+00
5.615375589065022766e+00
-9.183345211906992489e-01
7.960666830545140016e-01
6.051809267173705820e+00
4.399228922774458539e+00
-1.485476693366608369e+00
-9.902471001546393481e-01
1.072279817713477357e-01
3.697131287156151913e+00
2.745465568646448418e+00
4.512622733937018182e+00
5.843265315406993565e+00
-7.009848545903842876e-01
5.447987025143952167e-02
8.772193709464488620e-01
6.987715887001140658e+00
2.238617453075600672e+00
1.469919304909353741e+00
1.504954743836497855e+00
5.232783866525551275e+00
6.515430177272595103e+00
1.770925305742570011e+00
1.881512291368349743e+00
4.922856321409017966e+00
6.210758804360105856e+00
4.674382233720596247e+00
3.765606835749196080e+00
5.193032846593681029e+00
2.698474265444441578e+00
6.445533780488673870e+00
1.483780765247605160e+00
4.042940170581012183e+00
4.984248106534293399e+00
-9.906182483578902520e-01
4.256740305180022332e+00
-1.841771551156754061e+00
5.260627839617550094e+00
1.508432117472323419e+00
3.916281984291035911e+00
4.008435644961295452e+00
6.586689534490428599e-01
2.739670443235535657e+00
4.010028571074776949e+00
4.088136279675678608e+00
2.507496004088639374e+00
4.694977835704783331e+00
-1.869139200302101678e+00
-1.120796719992122714e+00
3.165362842307377633e+00
4.757111130020254208e+00
3.103595315980843594e+00
4.184608032635694030e+00
5.992004049040531299e+00
-2.010144679037276116e+00
5.966134183551471182e+00
1.514077157726528178e+00
-1.060714132867859760e+00
-7.997188321633013075e-01
1.811307919513554410e+00
3.655023603912583852e-01
2.197560334521784675e+00
5.152064999803835477e+00
1.035408588324370882e+00
3.424675827705227604e+00
5.866373662362674324e+00
-4.753963563405338988e-01
6.565397464566780528e+00
-1.585170365044453078e+00
8.031726500025753168e-01
5.743620563832372738e+00
9.180017403147910926e-01
-6.404669001224583269e-02
5.860358419148893105e+00
4.631263234865576450e+00
5.566932124680024074e+00
4.756316666225444578e+00
1.912817340808783406e+00
-1.319404181681867350e+00
2.893544846409375815e+00
2.901687437261669444e+00
2.688853382179141605e+00
2.431056744332033226e+00
4.942965919525635243e+00
2.460893607036187980e+00
3.872171588178471069e+00
5.069135871739705479e+00
1.845101301199516541e+00
2.614205211532425466e-01
1.666981667254606059e+00
-1.925133534285400572e+00
2.689870769867896527e+00
-6.057814727925823206e-01
2.918808027362471691e-01
4.691590979833293318e-03
1.402132351380197761e+00
3.178866222733578439e-01
1.523960964628133574e+00
2.358006888892971276e+00
1.517829025696121548e+00
2.927740487114061985e+00
9.644441796424807478e-01
5.400554715494711999e-01
6.331214849373395737e+00
4.820507402795737306e+00
4.593888950184506825e+00
4.870945290592970878e+00
4.940998978299800726e+00
5.665101245027011956e+00
5.818089935005318125e+00
2.308136632908876607e+00
-1.753206084527825226e-02
6.298116407100335934e+00
3.441731449863356218e+00
7.541560360978705191e-01
-8.645024843439959028e-01
6.172508731388461456e+00
-1.560539639370279730e-01
-1.807388933275363652e+00
-1.985504367895634115e+00
4.922352089522943785e+00
2.392833028293278375e+00
6.891756664286869949e-01
5.681806578450579792e+00
1.510913247861059183e+00
5.145204784128130981e+00
4.897455037246524867e+00
4.834799013660447287e+00
1.970828835966736747e+00
-1.067176758387448743e+00
1.901990816065755041e+00
1.670459117030544505e+00
5.357727829193501989e+00
3.023098638258039372e-01
-1.444636815893121540e+00
1.083672797089533901e+00
2.045813767799313787e+00
-1.345437367190835509e+00
-6.757895680296828189e-01
-1.320092652963575475e+00
3.154586429556683669e+00
5.411181323755860362e-01
5.472217745780234566e+00
5.378318932860503665e+00
6.427247261734956751e+00
2.986465650776599645e-01
2.717957856698452801e+00
5.721564879165239148e+00
4.902818283109038333e-01
5.105551725489547721e+00
-3.431802495513807116e-01
3.145007182493287701e+00
2.927769397555341158e+00
1.209181460572462008e+00
1.697627185982206299e+00
6.033324243237329298e+00
2.899561739440063235e+00
4.176910927832553355e+00
1.666074930573036461e+00
4.734084914823725398e+00
4.008363847646492673e+00
2.209419410673456596e-01
6.380372314734035655e+00
5.759150883396891629e+00
4.512163142519739267e+00
-9.764086438149783831e-01
1.612541432818619391e+00
4.144290367942335962e-01
5.581108120293817976e+00
4.850223854328641337e-01
3.715705722955480184e+00
5.655437937576980545e+00
6.385842765638139795e+00
5.892773886713930764e+00
3.760463933717932861e+00
5.372684436606038005e+00
4.390520763474775379e+00
4.744006334031691807e-02
4.861313249877392551e+00
2.469683932853758535e+00
5.515625978939045382e+00
-9.868327763823021570e-01
3.308099621790326239e+00
3.191373021007967381e+00
-4.514465452368021658e-01
6.331552585665725985e+00
1.268788812795794030e+00
2.875133523931467039e+00
-3.163311538392248323e-01
2.399270584976349596e-01
2.569853706115583947e+00
5.178902519415387928e+00
8.505657264001253992e-01
5.344616433641693476e-01
1.854644276881820097e+00
-7.634415195158901213e-01
3.553010946046272878e+00
2.410708288116109266e+00
9.731662209285483200e-01
9.036618770400881573e-01
4.713957142708121495e+00
4.242617001635203167e+00
2.015544215091712665e+00
2.575876256555710064e+00
-5.102693130214488448e-01
2.505601873268105351e+00
-1.246948557785696909e+00
-4.286086410309311034e-01
1.084284735454387416e+00
-1.728188380970382632e+00
-1.227786865594922006e-01
3.785848361276205054e+00
2.520677097330256800e+00
4.859517978048423004e+00
5.919937402334271681e+00
-1.639761316487239995e+00
5.636365555261885874e+00
2.849401703059056601e+00
6.156782909461064435e+00
1.583577510268690425e+00
8.636125802014378294e-01
4.524843133116792870e+00
3.947989700805287328e+00
1.349621832667872390e+00
6.125807325615799215e+00
2.725157296288486464e+00
8.914917923984058135e-01
5.867543413300387201e+00
4.657141451959038392e+00
1.591216686326741403e+00
1.033064048887605502e+00
6.353523043240160817e+00
3.393015801935696629e+00
1.818922076317033287e+00
5.589689156598110387e+00
7.018542045167652788e-01
2.528561831283938410e+00
3.354498164539638339e+00
1.518447293686291388e+00
1.794763115160975531e-01
2.716065483574759298e+00
2.711058250521085178e+00
1.999943130487338294e-01
4.261554063301362660e+00
3.675977217698630284e+00
3.377951589652790076e+00
-8.369003448150209579e-01
6.676664972279500176e+00
1.395947564017060216e+00
4.336655715816757350e-01
7.236662313945316782e-01
4.028084659360853692e+00
4.229174930776249397e-01
4.063976744789462359e+00
1.068747580652828155e+00
4.165218832860528408e+00
4.929349222039206779e+00
6.182445240156869914e+00
1.117562974518960139e+00
1.581586405283654351e+00
3.679453023825120184e+00
1.370361400947672337e+00
4.949659613252855195e+00
2.856485010073397390e-01
6.104789313513755644e+00
-1.131086336441686324e+00
4.193118232815374213e+00
2.521870195686231497e+00
4.637046536352439574e+00
-6.007235749583665907e-01
3.611232018418238710e+00
2.521790319150708726e+00
5.812463912353656781e+00
1.182285899052864409e+00
5.477651017276439660e+00
3.316411032475473419e+00
2.148019275698330510e+00
1.689515045318038311e+00
-1.819048906769587415e+00
2.081681537196542919e+00
2.376260065539602451e+00
3.629188154671235012e+00
1.221501757400076826e+00
4.845759567285110592e+00
3.534295532189037914e+00
3.031507454621253927e-01
5.236613209574041861e+00
6.859405934185472731e+00
1.836946000703815862e+00
2.765902543150911441e+00
4.755245528374803854e+00
4.983797469691863213e+00
4.528887593442110671e+00
-2.289089208927466146e-01
6.247677170485424369e+00
5.768384859547497356e-01
1.817693009900770207e+00
2.615984435447232137e+00
2.814035423781414913e+00
1.966181882156206484e+00
4.355275216444022490e+00
9.629922857797383884e-01
7.915782911959263757e-01
5.164660947580024697e+00
-8.279526422609340131e-02
3.805270686445069828e+00
2.228289445113123435e+00
-1.223249050971473295e-01
5.457470800015357781e+00
1.836585854083125469e+00
3.604904694060545367e+00
-1.628016932844488895e+00
4.929135807513297607e+00
2.841261759503606044e-01
5.383854765623663496e+00
5.302928712469769934e-01
1.151205256801664412e+00
-7.904064366119500917e-01
-2.187597532440177517e-01
5.271978074639074308e+00
4.740917418602354161e+00
4.264616333428492112e+00
2.491078879577177219e+00
2.281951259262697818e-01
2.652560204828436241e+00
4.749800930192241921e+00
2.451083111499066547e+00
3.429590735439481008e+00
4.483996298536359504e+00
3.386451056637534762e+00
-1.035582157662225278e+00
5.884795359179433305e-01
2.881795477443390929e+00
4.434349727442931766e+00
7.413078569921713878e-01
1.561081165061763087e+00
6.557494458228388723e+00
4.743079823094964453e-01
6.817363367587031320e+00
8.775458585819109203e-01
-2.584404435267009248e-01
5.143674037860964887e+00
4.538020496952668736e+00
-5.393804155208048456e-02
5.480168318465228339e+00
-3.086777378399627736e-01
2.661650555301656063e+00
3.994672700687843303e+00
5.655126282756860689e+00
6.053423230724998660e+00
4.176976556848837063e+00
-1.433737149013412537e+00
5.748058614170346914e+00
3.215256787649606096e+00
7.236372105500272767e-01
-4.079903765964507656e-01
1.006487763837323968e+00
-1.984380268625374200e+00
5.304390462460753852e+00
5.068450885566322839e+00
-1.298053514805042052e+00
-9.112457098704345171e-01
1.781623172413383749e+00
-8.837323038881175208e-01
3.873233556338258055e+00
3.495215702627353593e+00
-2.055402205995918052e+00
8.592779756028612326e-02
-9.704450860308817539e-01
-5.600272801305887782e-01
1.210654382352347014e+00
5.764626868722530162e+00
3.128200941274899449e+00
3.323683151179137596e-01
3.642928874396902827e+00
4.163482402156578388e+00
5.638239035185550918e+00
1.211256150811810706e+00
3.130762259921207047e-01
1.743137694338096289e+00
1.241851376017910624e+00
2.107441346968632168e+00
1.945159811862506416e+00
3.385795760370886143e+00
-2.209139858582984672e-01
-6.965204903632677969e-01
-1.951814619709058896e+00
4.423085773388992337e+00
-2.029906257542695602e+00
5.303298751726785554e+00
6.717008640719368984e+00
2.904253144825160504e+00
1.963328383977377634e+00
1.857029722131614768e+00
3.358776083708168159e+00
5.637105715453252230e-01
-7.436260235388489903e-01
3.813804183020677030e-01
2.163313552775756321e+00
5.733315536692851211e+00
4.807216340871825366e+00
1.171941913616120878e+00
1.679339602468790105e-01
-1.071794295013021259e+00
5.149405066498980332e+00
3.020735777078867201e+00
-1.726678569675676123e+00
-1.176479211569696925e+00
4.189315020151784807e-01
5.539271548487576524e+00
1.021000822051767898e+00
3.619724400386573393e+00
8.030538110373601768e-01
-1.002284919316224432e+00
1.687409439035915781e+00
2.544981939694169526e+00
2.136149037391623651e+00
5.096224408977251485e+00
1.170509514889553238e+00
-2.468384580464046962e-01
6.317691908770012077e+00
3.337729586322268460e+00
-1.534382951783732629e+00
5.219538229901763415e+00
1.011384383357346373e+00
-3.537601453499856774e-01
2.095030541351337483e+00
2.897747634012155515e+00
-6.768876855851218011e-01
-1.499287945392470789e+00
4.792403799835511791e+00
3.409137994540923700e+00
2.676889979450976398e+00
1.382201876267365570e+00
2.633488571676780410e+00
3.969381514732573280e+00
6.659529991197317145e-01
5.996856472821608719e+00
1.043026474758544708e+00
6.866112005724369638e+00
5.664483335525693164e+00
1.226593960910095760e+00
1.558343823592334587e+00
8.538227080535554236e-01
4.528340726406201000e+00
4.625878456872820621e-01
-9.854539757538249845e-01
6.399797622853036216e-01
-4.709080338218516459e-01
4.564054422696083080e+00
3.692215216977299264e-01
5.559613787401183060e+00
5.984853903519056217e+00
4.290988422556106130e+00
1.021644467588874505e+00
4.610161730382023038e+00
-6.569915003545094834e-01
5.880004159817641352e+00
-3.020754762055943843e-01
4.310525639316473701e-01
4.482156256589338028e-01
2.200504082809288775e+00
2.803957246389906288e+00
2.589479941780838068e+00
4.328295639848114718e+00
-2.467280370696034453e-02
-1.006048048760031843e+00
-4.450659048270297902e-01
3.125314658660197864e+00
-8.174386079427344853e-01
5.420210132133195913e+00
1.877121646472756034e+00
3.015880467778631058e+00
4.196641461544624363e+00
3.962292637879372137e-02
4.975470055382549717e+00
1.303531805954474265e-01
3.303895836315518864e+00
3.991618249758170478e+00
-1.273008995306066815e+00
2.954840181683707101e+00
1.592979994672012012e+00
4.457107746358451195e+00
3.381520446853839346e+00
2.803140330165092564e-01
5.141293467101974102e+00
3.589304315509714627e+00
3.556354244611112492e+00
2.167459171802736506e+00
4.089764761711178309e+00
3.546865625637048325e+00
2.474201705103803661e+00
2.493563110134634719e+00
2.796185531837615201e+00
4.646189427544319628e+00
-1.417764851240638002e+00
-6.571389527519180263e-01
4.386773942503499057e+00
1.033641358292677559e+00
-1.783462223808969238e+00
4.165212985856529215e+00
5.632165909236599433e+00
2.975653155082014223e+00
5.638059643671335053e+00
-7.100176933673294499e-01
3.023101755452255901e+00
2.744703137363763368e+00
2.125372123497608179e+00
3.965200508749900266e+00
4.911400367445287074e+00
-9.715919198928801848e-02
5.331808249088794582e+00
5.398912559758953122e+00
-1.105549785004824592e+00
2.110408055468742106e-01
-1.489764520439206485e+00
4.843090491991507207e+00
2.667180658601616905e+00
-1.416823301104406241e+00
4.785460506360577071e+00
1.215975690887511007e+00
2.009571069251421704e+00
-1.243248340834817167e+00
-1.083831152087419980e-01
2.174923893893799587e+00
-3.962151923087784411e-01
4.833081714347384761e-01
-1.334801208328333377e+00
8.369636108861424617e-01
2.236520873239390639e+00
5.200477663275622220e+00
6.042554557371317969e+00
5.725346839408691935e+00
4.567453353622653367e+00
4.246813336180748522e+00
6.642821057544706420e+00
-1.353297606094076233e+00
9.496070030596230893e-01
3.547672513499852798e+00
6.225904607047612060e+00
6.297856688888419541e+00
5.649936709849148642e+00
-1.053641343955676213e+00
5.007876272703629894e+00
4.945459769364763503e+00
2.673026744609944494e+00
-9.536730121350478484e-01
3.870441809128916333e+00
4.336348061226464878e+00
3.197061864066517600e+00
5.407563338468301950e+00
3.621370319105917446e+00
4.151974032657653524e+00
2.374928705608144952e+00
-1.057482990791911881e+00
2.934154679478872652e+00
-1.576833305737173951e+00
9.360325748144360247e-01
4.915092580401111633e+00
1.009653616296667167e+00
1.346573301106418263e+00
3.695651063461424357e+00
6.826882074285039792e+00
2.143887792518741620e+00
3.026434543753923734e+00
6.489694190139578822e+00
3.207984315735428638e+00
-8.411967361571441870e-01
3.076383795964565238e+00
4.901651122137641536e+00
2.577549502709161722e+00
4.944016123771197257e+00
3.739456174769628660e+00
5.557401707483226261e+00
6.563247931241436461e+00
3.635461681460947503e-01
4.788889951488071617e+00
3.559998383596273186e+00
-5.432741832268401794e-01
-1.120333687010450774e-01
-1.079584776993583795e+00
6.291770786636130097e+00
4.424554982848508899e+00
4.330190410418184754e+00
1.809733213517296768e+00
3.422753916716251510e+00
4.935848840739103238e+00
7.034250091939647120e+00
6.549191426174484576e+00
6.469036970877494852e+00
-2.533957589081250461e-01
-1.762251410859045464e+00
5.637207949061298962e+00
6.007522285351939217e+00
4.206944463216796493e+00
3.493826525928337645e+00
4.272804525690425237e+00
2.189621325795114259e+00
3.150463656551547587e+00
4.785341704042737732e+00
5.393146138857042970e+00
4.048010289028241004e+00
-8.758935416688409248e-01
5.098584863664783029e+00
7.101582828066383968e-01
5.901186762828380949e-02
4.894871874701864911e+00
-9.790835708789886738e-01
1.098494532680609481e-01
2.436952017863342590e+00
-1.302746554076615215e+00
4.631181231614791116e+00
6.867130764816099742e+00
5.358385158303471840e+00
5.768825859339930417e+00
6.147846558294771668e+00
1.684440013228461375e+00
3.138427447520500735e+00
3.190712473637541180e+00
6.549073946452859118e+00
2.824195615603999343e+00
5.833020326162827729e+00
-5.867944119454007179e-01
6.487740707765881965e+00
1.069179655954292762e+00
-1.529863886439694731e+00
3.365700613214221093e+00
2.345630206643628313e+00
2.849754985927367201e+00
1.199524931683752627e+00
1.882237749235349256e-01
-6.523050881101877252e-01
1.102310627777652208e+00
-1.349035523413161020e+00
3.390695925630407004e+00
7.886024064799350697e-01
2.668347578635676065e+00
1.534947145809482549e+00
-2.631589018816278269e-01
1.793438142701536897e+00
1.041318821285005747e+00
6.642184992787443676e+00
2.841847937254816436e+00
5.073302568413863511e+00
5.240597444689802487e+00
5.484470708848922627e+00
8.114038186588841128e-01
1.076654059116442852e+00
6.237229950698450764e-01
3.193075400918298001e+00
2.288186182235199873e+00
5.218719541130488082e+00
4.185682299717869981e+00
4.476577125734301887e+00
2.421714483956545649e+00
2.450301359866658757e+00
8.886183179107973729e-01
2.236246812401040174e+00
-1.471524245272711084e+00
-1.022450064731759589e+00
-5.553129901599431761e-01
-9.938185827717198606e-01
2.590057798664311406e-01
4.184391899143069082e+00
-4.528573251809735467e-01
1.055309450273199445e+00
5.069775175434182657e+00
1.160682138398239971e+00
-2.104068522581001854e+00
4.637823408545422410e+00
6.795635507443405388e+00
5.817510366140492550e-01
2.921376246540715371e+00
4.008178443663311441e+00
1.610757638318496276e+00
4.004718046639819562e+00
2.800308233367613475e+00
4.415104908760888236e+00
-1.045953408237298099e+00
5.869511948302950088e+00
5.786683295197992294e+00
-1.661165883341606531e-01
4.144503336256230241e+00
4.267569726839852251e+00
3.966808290684452842e+00
2.886216874200426830e-01
1.457274959984004248e+00
5.858703505390828070e+00
-9.362463335064594716e-01
6.133366073524861406e+00
6.193478447274086918e+00
8.263186955979673343e-02
-1.765450346113206948e+00
1.814490918459535251e+00
3.177339296140942793e+00
5.788984236481802270e+00
4.994215800028756647e+00
5.000568091371970780e-02
2.342395882136547591e+00
1.245513655092119087e+00
3.195331752588462138e+00
-1.790425366763145565e+00
-3.812557664878326591e-01
5.832078521188297060e+00
4.202185946831816565e+00
4.357455015933087594e+00
3.928742347063751694e+00
7.138567457149012085e-01
5.486021341217739433e+00
3.689999617205828031e-01
1.644647781941118936e+00
6.613757737113239443e-01
2.781722840811449160e+00
1.273745557200109957e+00
1.839415543542554765e+00
3.851809505625205077e+00
3.816813359222990698e+00
1.408714604859072850e+00
4.426654378138350054e+00
5.363859875147351630e+00
3.744066650939018359e+00
2.075922351735347782e+00
8.237799285460658538e-01
3.132028485559786191e+00
4.525069327478197678e+00
2.719812727217494341e+00
5.630687613887218390e+00
2.673923750232600760e+00
4.647172679076673418e+00
2.775306168337817070e+00
-3.931072315578241216e-01
-1.879104184918328979e+00
6.485526704379678264e+00
3.194079657690590324e+00
2.228100918225243809e+00
6.328389239980795722e+00
-7.861989585867501518e-02
3.117167700348762338e+00
4.690677165168724017e+00
2.474678436967106876e+00
3.375602567500402884e+00
-2.086656631869763245e-01
1.072544006250577553e-01
-1.289519810522111065e+00
-1.015943883079923449e+00
3.633876213828450830e-01
2.873899260239843656e+00
-8.648740879764567069e-01
6.236349704492711865e+00
3.449411400577307774e+00
4.558349260258511393e+00
1.363974316218192762e+00
1.506380789794011577e+00
-2.720911612379461886e-01
3.205332945209590889e+00
2.847973884507433162e+00
1.012098449067985406e+00
2.885375113884860454e-01
1.264564252419991597e+00
4.053677140979795368e+00
-3.176476657788462887e-02
3.712113949250447575e+00
6.046119047524278756e-03
3.226345182513949084e+00
3.036982410841089219e-01
2.335039290866529171e+00
3.457061060624564419e+00
5.765087932891841405e+00
3.068693338295794604e+00
1.915937134473965742e+00
2.525078317450039300e+00
5.590847141723980229e-01
-1.140202026801728330e+00
5.982863780426177058e+00
5.585581225226135871e+00
5.383866213551035784e+00
-1.759361704797236747e+00
1.848362177797858941e+00
-1.259065437930999565e+00
2.331377871326369977e+00
1.035172541423432513e+00
4.557525065863323732e-01
5.525578125131504592e+00
1.002495723914797132e+00
3.664392683909436954e+00
3.617754575366495473e+00
5.760728893636937187e-01
4.688481069645368038e+00
5.988164377597438914e+00
4.070282966013913040e+00
3.199186913022446177e+00
1.719072669367018413e+00
6.599059971490994769e-02
1.196332871582249879e+00
2.922593972464733625e+00
4.579820150743083573e+00
4.081708220650988039e+00
3.784469444659031012e+00
5.767862143047876700e+00
4.237558975302702535e+00
5.056985715504936252e+00
3.800935632329426994e+00
1.109002875755405348e+00
2.694346399449071505e+00
5.396940826331551477e+00
4.196356219976946633e-01
-1.065896707676934785e+00
2.979702434037097447e+00
6.991850278882891345e+00
5.775207533711974150e+00
5.582254752889467042e+00
3.490450999968826906e+00
3.864838609764779775e+00
1.276432521681769572e+00
2.861599401947262145e+00
4.454505767591285803e+00
4.306954074135397548e+00
4.093255874301082287e+00
2.597251169993325171e+00
2.449337832578488694e+00
-7.638454155603877638e-01
1.872280494096202119e+00
5.694693796349119097e+00
-4.531972743303747109e-03
-9.321208742818738457e-01
1.691145114659224902e+00
2.075277937084793578e+00
-2.271723787112112092e-01
3.675538628649333006e+00
-3.554004707176261491e-01
1.706848842177635106e-01
3.820725492743754614e+00
3.073060883864030757e+00
3.134137967921942547e+00
-8.727275692607463498e-01
-7.184337097633521907e-01
2.339273502095880808e+00
5.522754594936680306e+00
1.383508285970122209e+00
2.059367666397654340e+00
-9.747782407561542684e-01
-1.754586722798291198e+00
2.611746083919870287e-01
1.505102577188997870e+00
1.843238642651947146e+00
3.661865671370469144e+00
1.240196126156751788e-01
2.827371145728347912e+00
2.650520230903029351e+00
4.630499149954777849e+00
5.172260115823712923e+00
4.163108940829708615e+00
5.615240011162509148e+00
-1.752830256528687514e+00
5.283730544463802303e+00
-7.847641220339260926e-01
-1.336444642125123039e-03
3.800633547275372948e+00
5.743344800837688169e+00
3.984908274482229729e+00
4.285654172214488966e+00
1.843554361859464308e+00
6.791645572620749860e+00
-3.071459268095964035e-01
1.368841273892320132e+00
3.654548654523408047e+00
3.835451009676067002e+00
3.481675371243175832e+00
2.827526544099399075e+00
4.251075954411877689e+00
3.374315857169325028e+00
2.820788171570713487e+00
3.368190090669306969e+00
-2.668972441331014522e-01
4.464541167478337513e+00
2.113988834797758010e+00
4.694374834755715042e+00
6.015001044572002797e+00
1.779996315110150995e+00
1.700610050827999764e+00
5.686971784343356262e+00
-5.484697981094841523e-01
4.529647212693193481e+00
1.332885002826770027e+00
-1.595607526122732711e+00
4.952325827208003517e+00
2.614870631145501889e+00
4.657810726123493339e+00
7.028185058008187269e+00
3.955885209602605812e+00
3.053355217832999458e+00
4.638129039407669296e+00
4.060972629964062719e+00
4.000066855875878957e+00
3.132954201337152966e+00
2.414823272267614840e+00
6.571850057946347690e+00
1.397187839583022395e+00
-1.742982171044146433e+00
5.296681765297229560e+00
-1.276907675968083300e+00
9.008023829959670437e-01
3.887273966511523682e+00
5.670930536697937896e+00
3.013290932651571552e+00
2.681567530154818080e+00
6.023120486290643782e+00
2.819459903130380418e+00
4.233683413373185545e+00
3.763719545692435275e+00
8.158365586952101012e-01
3.755348709988020062e-01
4.740220174390769259e+00
6.966132643551032899e+00
6.069828031889764830e+00
4.139723570313302403e+00
-2.973255277382067518e-01
-2.369973649396133197e-01
3.163283740941311706e+00
1.666499578406082094e+00
1.230890885763468390e+00
6.038473898018684949e+00
4.440365945796479252e+00
3.667210939966301098e+00
1.758710988625272087e+00
5.858746883500037583e+00
2.896922327314126022e+00
6.300685893183214148e+00
2.561259525064265574e+00
-1.446361185009148898e+00
1.125265903704230297e+00
5.653906586225886599e+00
1.916667731017458465e-01
3.259226049652736990e+00
4.795025863335194316e+00
-8.003109702558504068e-01
4.834589481030581837e+00
-1.845972462964625471e+00
2.179715750056432810e+00
5.035215901085702939e+00
-1.453230512363818505e+00
-1.877707460767862102e+00
4.998572712851853339e+00
3.800616265476282507e+00
-1.347610243812254360e+00
3.345586030716761528e+00
6.563658410745897953e+00
2.122229201890396766e+00
2.732735124663124182e+00
2.197398759239888477e+00
5.670268282125169534e+00
1.848548011870898122e+00
2.819684388547285536e+00
5.866307805791359797e+00
3.701196110152780605e+00
-1.295284528603793728e+00
4.306579651327961500e+00
7.916142052839179044e-01
4.169863444818700415e+00
1.510702423304660869e+00
2.867604018280605516e+00
4.944021833529802734e+00
3.304335148292274482e+00
4.625841914998213511e+00
3.795250810888594728e+00
-6.850289765886685700e-02
8.446484731940984148e-04
5.065179745873136241e+00
3.464272902616858829e+00
4.043951056661708066e+00
4.157568684607539922e+00
4.413985094072289783e+00
5.467748785411036039e+00
-2.911564384297005148e-02
4.499242039490955136e+00
6.639032681526902735e+00
-2.107220472750484408e+00
4.778778825657092000e+00
4.398225499694264684e+00
1.089796848738157742e+00
3.283714139460759185e+00
4.377534282297457224e-02
1.073870010841151412e+00
3.845143977411915159e+00
-1.430891980069334046e+00
2.344289344936142605e+00
6.386828892032227145e+00
-2.010856889441318351e+00
1.943877912455329593e-01
5.716492830073480746e-01
2.002780189534755451e+00
1.759882491028577078e+00
2.831824835929007023e+00
-1.661254146892163774e-01
4.262239612969121794e+00
6.354128583501260863e+00
1.752174205993376255e+00
-1.181057182735017363e+00
1.044913923528311805e+00
-1.637974654595089063e-01
1.786451206319580542e+00
-2.027403087086896427e+00
1.360604727210898979e+00
2.771564239856992629e+00
4.992876914525936627e+00
2.468694275952381112e+00
4.628801294705196412e+00
1.558499171313635578e+00
-8.203356527031457901e-01
5.900972051562458631e-01
4.234933280335093642e+00
3.167181744971276913e+00
-7.309276861765994227e-01
5.029139116215034733e+00
2.716094926812871790e+00
4.327451687573583783e+00
3.112845107697834734e+00
6.116466011826569016e+00
-6.530707792199379469e-01
1.185914371180498250e+00
1.880809036386418498e+00
6.088915851838892834e+00
-7.561694231743771866e-01
3.535598714402370391e-01
-3.857058882447130799e-01
2.353943551328883999e+00
3.380797874274325210e+00
4.684587751070319328e+00
4.579814417344740818e+00
1.267451525720402650e+00
6.121740089229662729e+00
6.370259756322038669e-01
8.687427524727793227e-01
4.302507898039570122e+00
4.951662562196652573e-01
6.778421393811528972e+00
-1.026016956742919373e+00
4.168366229112876908e+00
-6.594570545518605442e-01
4.949479212548606455e+00
-9.257447160757452664e-01
1.297252609866313300e+00
5.858779194080614872e+00
4.353817944616396929e+00
1.299915765644227506e+00
3.237880323976478181e+00
-2.235608102849040435e-01
1.653253796562619726e+00
5.899314531312500165e+00
5.121717438757675822e+00
-1.641030360777230079e+00
-5.227692583967167295e-01
5.050427302325681822e+00
2.695636674373711905e+00
6.091078404251554446e+00
-4.401824149062196767e-01
3.383820830290778403e+00
4.738483791428754088e+00
4.764903821970024822e+00
7.396270992421385415e-01
1.670972844635280730e+00
1.476018946832269307e-02
5.874691964207530148e-01
2.069902027957255086e+00
1.936345802965570684e+00
3.271796576561163405e+00
4.388006428081332899e+00
-9.575758429044070041e-01
4.945845477153362424e+00
2.856274222865682333e+00
2.155466389379006031e+00
-1.100481888348389781e+00
4.287015347582977753e+00
6.025174918200992380e+00
4.100703942399153590e+00
3.153048552131378912e-01
2.297794667606162911e+00
3.157458175020702029e+00
7.152859159139879353e-03
3.628791593235542123e+00
-1.303536303906967397e+00
6.378520710538039040e+00
4.889612610298188500e-01
2.451811507410980973e+00
6.759141976103377303e+00
-1.722557527699617008e+00
1.920954412271447254e+00
5.301193356258668388e+00
6.384485931389377811e+00
3.538787155593116296e+00
2.979996248774310352e+00
5.712425671431114793e+00
5.709780239620004139e+00
3.124562748821020364e+00
3.673816803200393721e-01
2.680844996925869417e+00
4.590849793752802555e+00
1.286475325504033762e+00
-8.664318400762889283e-01
3.790098714838961769e+00
-8.835198042406435803e-01
3.910796778344950653e+00
-6.383480583380771733e-01
3.719210817848550121e+00
1.716600883756597362e+00
4.236189250632433456e+00
5.914712699439844457e+00
6.299603607333873256e+00
3.747608732045360824e+00
5.852193764217906491e+00
-1.065078313245467978e+00
5.807254416310502876e+00
2.707321636633430728e+00
6.156150969404023954e+00
-1.494687923858421641e+00
-8.656971451768384895e-01
2.347847025308467117e+00
1.938043881523341838e+00
6.573604435927769885e+00
-6.427645808592270527e-01
1.744213548066102959e+00
-1.125351899417621038e+00
3.800663598016116751e+00
2.752101786809518558e+00
4.534268587497024328e+00
6.894698776532043993e+00
1.923178124069870876e-01
9.656569602490590043e-01
2.940336928501969815e+00
5.129455966535184430e+00
1.327960424502450110e+00
3.740913729184308423e+00
6.762246209806002994e+00
6.062432784078810144e+00
6.078843032358603793e+00
5.419629472959970329e+00
5.525187549756465089e+00
2.593756127814726753e+00
5.209491901865813901e+00
4.217267192571284795e+00
4.477182467664755805e+00
1.839670460962754106e+00
3.969490452051973151e+00
4.113328175752997140e+00
-1.020223993094620418e+00
4.495370446149987487e+00
2.983545359515357376e+00
-5.481767813976876624e-01
8.245186698134965297e-01
1.568014642391700519e+00
-6.116405574742218576e-01
3.696540132186836303e-01
-1.525365097409447035e+00
1.372609569911857896e+00
-1.241892319474864337e+00
4.950640406860138398e+00
1.584705506622228199e-01
1.905749692978267795e+00
2.849190832008318353e+00
1.692290270822749854e+00
2.843927282736728124e+00
2.043860679156484395e+00
4.764547034415416604e+00
5.806774129373067694e+00
4.171271209877737363e+00
5.687245048058837682e+00
1.495881433075219036e+00
2.941156614894523180e+00
3.092104586596200022e+00
1.015549660428038514e+00
1.498841854637221971e+00
5.013553998637645392e-01
1.993722484453545718e+00
-1.508435473923237957e+00
3.737487631158478152e-01
4.889714684964525659e+00
-9.359795338750416249e-01
-1.017099542303730342e+00
1.338759690116058998e+00
6.135604119548261792e+00
1.044303890684557423e+00
2.915800883781622055e+00
5.516880666211022799e+00
4.537706587991930718e+00
-1.286851910390535814e+00
-9.663548771569772100e-01
2.173429454406567984e+00
-1.097979211817269984e+00
-8.678488322410613520e-01
4.757777650923467050e+00
2.894207476426896797e+00
5.745590185694963381e+00
1.284105254031278953e+00
-1.236782610883023992e+00
2.410072383010468222e+00
-4.489984146450085589e-01
-1.138545487372990550e-01
5.726340528046467426e+00
2.080279608292782356e+00
-1.043061283535529959e+00
1.823900014855021290e+00
4.295337074513998488e+00
1.274260233180636526e+00
6.179093149880740654e+00
1.814397009584417297e+00
1.509518368408533817e+00
-4.411433117355096911e-01
5.707234922677340450e+00
1.900612778185115204e+00
-6.403069333372002347e-02
3.652368067297382837e+00
-1.872554316852204082e-01
5.125445677383742904e+00
4.422618569742020611e-03
-8.541715730136836271e-01
4.725886879300915666e-01
-1.512122529475145694e+00
2.440931886300868214e+00
1.734519428507946159e+00
5.975033963006724846e+00
4.653066939186206952e+00
3.997860761546279562e+00
5.615085788570031156e+00
9.011639474139281347e-01
-5.657446421861065389e-01
1.151160723853273282e+00
2.170315732708933076e+00
2.081772687153247148e+00
2.478768739453610870e+00
-3.633063319052096674e-01
3.420509784632631778e+00
-1.081913913356147727e+00
3.886332755898337155e+00
4.052791241018226742e+00
5.178911259554238811e+00
-3.635216534746703587e-01
1.728419217282243459e+00
2.338646038598871435e+00
1.098617811936191124e+00
3.608196260564497493e+00
3.996705570050353984e+00
5.598105000197541870e+00
-1.379056152013734327e+00
2.688145487759434182e+00
2.257513480105927783e+00
3.584521153545969341e+00
3.024201667219470480e+00
4.346851675034402618e+00
4.320792741447371910e+00
-2.456134922794106501e-02
5.955711760463513471e-01
2.385895074557169870e+00
6.849644447148266480e-01
-1.085088573480923912e+00
-1.314032659056727059e+00
1.281093117713781204e+00
1.887723700935189264e+00
3.510815172667584250e+00
4.630788676423680528e+00
-1.175826279631183802e+00
3.044768750578594307e+00
-1.601383995752799105e+00
2.199908314557021960e+00
6.283478802987294998e+00
4.372333991598917891e+00
1.645063316091084360e+00
9.332471892293048299e-01
5.926497090437107929e+00
3.771584729855810281e+00
-3.752070670927256657e-01
-6.019341712180850124e-01
4.887416981543037053e+00
1.128542704717510503e+00
-1.256103020638699164e-01
1.997287310417142692e+00
3.878693532564133406e+00
4.467974677340247780e+00
3.459900736587071535e-01
5.146860627530033483e+00
3.273703992401909346e+00
2.602605694059807462e-01
2.340116820708393774e+00
-1.235676317046223716e-01
-4.879542972249977240e-01
1.713810603056162840e+00
-3.110062607182850769e-02
5.586554089592500105e+00
7.827242384208865644e-02
-3.407597924479413010e-01
2.583777068438543267e+00
4.970756534058978104e+00
1.753692429556157784e+00
1.484492716196870177e+00
4.225297108052030737e-01
5.224277623652405111e+00
-9.638812174734887606e-01
6.134184781045862067e+00
4.123923706841466696e+00
1.624296540294426272e+00
5.618388731547753423e+00
3.410772447697121734e+00
8.292824845786590515e-01
-6.320840532599767414e-01
6.771156080454643345e+00
4.538020779956934092e+00
3.235513519391989945e+00
1.783144208835087063e+00
4.760531269137434407e+00
-1.100827340429743728e+00
3.406469762042878102e+00
-4.678340268502658716e-01
-1.302499974588910092e+00
6.789172732549674905e+00
5.097993904993526115e+00
-8.099589399970890113e-01
6.695891009312006759e+00
1.453902910000414828e+00
4.108503698390942205e+00
4.702084356080014516e+00
3.908011063802746321e+00
8.316715205939004818e-01
1.452958819101495713e+00
4.171941197948020985e+00
2.243405195917325123e+00
4.386356278441576606e-01
1.420169857300789040e+00
4.780975836053395156e+00
2.544536208377872200e-01
-1.270247843797561060e+00
3.611569911570464697e-01
4.597806850841461568e+00
3.327131055974065887e+00
5.213519125213407435e+00
3.127499427577609126e+00
2.050026078590703627e+00
3.056204458889295594e+00
2.713045751776598458e+00
4.070121587507635752e-03
2.096251674586197211e+00
6.279731116658936685e+00
4.876599486090603008e+00
2.828431398962402810e+00
2.956702270192860027e+00
8.201140459788804904e-01
2.209952693272550839e+00
5.943827672828048136e+00
5.562071688671712977e+00
4.983998607402275738e+00
1.661164327274290642e+00
4.080833873659859279e-01
2.195592635317979990e+00
6.938336821942389321e+00
5.736804339648031714e-01
3.439418920647719702e+00
1.352166540730028288e+00
4.695483526825977805e+00
4.504142809548499216e+00
1.807454229248824262e+00
-1.167996587062211766e+00
9.269753689906128358e-01
3.765990962271478892e+00
3.574765237175983046e-01
-5.671198115366857806e-01
1.789067924801372556e+00
2.623960217389015526e+00
3.763973264191390555e+00
-5.937210882679000434e-01
1.810173450423198105e-01
3.765597611460869132e+00
2.368000361784178054e+00
5.378530122344841402e+00
2.499838832788294773e+00
3.433699302098265349e+00
8.556466483357469954e-01
6.431237730341710090e-02
4.417817363722006618e+00
4.935848266513463756e+00
4.181495014813895850e+00
4.199975427672702821e+00
3.872303434790945076e+00
6.345372493956833893e+00
3.761938474969564794e+00
7.876006247912465952e-01
3.448495517438486146e+00
4.413037039678217255e+00
2.679008921498633455e+00
1.746248793762847917e+00
1.360471592912193550e+00
1.290465474565773540e+00
5.870560087315988440e+00
1.691377672771277041e+00
-9.863244984830048523e-01
-1.377189810661658242e+00
-1.517459286018098652e+00
3.093259158838396417e+00
5.981017009453927002e+00
3.123373454348099543e+00
1.936988620016236951e+00
-1.053755327518916651e+00
6.743490431290711129e+00
5.446093207756147692e+00
3.522365563558498280e+00
1.234572416126877847e+00
5.258735789529362492e+00
1.945549501853554020e-01
2.771133401060329682e+00
9.745102652679564770e-01
5.137233956358398856e+00
1.296507695542021388e+00
2.563807361458041001e+00
4.336789091944964980e+00
3.288723584801605426e+00
6.044716458630718492e+00
2.449142276180444000e+00
4.788255264087720064e+00
3.191403732488357292e+00
4.798290613808012139e+00
4.101101763398746769e+00
-1.233536553708576733e+00
-3.536826543630020581e-01
-7.950014296339293907e-01
4.310577419182001435e+00
3.506736283371965968e+00
6.546937118261897837e+00
9.233632889359117968e-01
1.384552910488260125e+00
2.184017907885449361e-01
2.769180363498922937e+00
6.264827174908477403e+00
6.827593259593324859e+00
1.101635327288557065e+00
4.310229594288806254e+00
3.988859908125096609e+00
2.462380119347049146e+00
4.244105719074427796e+00
6.533634262634205214e+00
-2.278725321375487667e-01
5.492337747539023596e+00
4.284259496618849639e+00
4.598253934445628133e+00
7.304644739756955829e-01
2.709772083937203924e+00
-3.334630126320528021e-01
4.324977026127058366e+00
-2.082757548914590640e+00
-1.440200590080587428e+00
3.759086050144833990e+00
5.711414055178343219e-01
6.037065070238520903e-01
6.013955901516114366e+00
3.890121586457349068e+00
1.833312940605342334e+00
2.347468919996052783e+00
-2.092203776460701548e-01
2.695347495020616435e+00
6.691371173033839881e+00
-7.248362625699567019e-01
6.805600169029622393e+00
-4.456859835905904177e-01
9.735714782872797457e-01
-1.525185226043077158e+00
-1.176622217595290731e+00
-7.861690600700015352e-01
-9.290799337909216860e-02
6.022332033847629162e+00
3.986598032742920239e+00
-3.608120225980400164e-01
2.799318058328743142e+00
5.398432874657533631e+00
2.120122382443367925e-01
1.544766491134287989e+00
2.668478704565481863e+00
-5.255478291845285810e-01
4.756141013072300083e+00
2.620659774483268478e+00
6.129024535962310338e+00
-3.768790416375935592e-01
4.057267674563107107e+00
5.391036670100904260e+00
1.787576543675796437e+00
1.884574424247891677e+00
4.426519394220619574e+00
1.364031210271221539e+00
3.047439252453530756e+00
-1.666074799603462608e+00
3.911341152717987768e+00
1.344013994673423973e+00
5.225015905650012726e+00
1.581258603794362116e+00
3.136528774967944244e+00
-1.577927434203045820e-01
6.779977772541394998e+00
-6.264083104316977568e-01
1.955839645180683206e+00
1.841718005354429977e+00
3.762291141507567716e-02
-1.144274812180087864e+00
2.605629157700008136e+00
1.691124250556095276e-01
2.471079577402909955e+00
3.597381449060023328e+00
4.433268454460664643e+00
4.759755603074836472e+00
-1.556255896889571222e+00
5.254741909218875406e+00
-1.641642444273252899e+00
6.769264185592387406e-01
-1.213078440909074018e+00
1.772588589284130656e+00
1.327305546984799633e+00
6.134173198845855879e-01
1.540444679624519253e+00
-1.182493263183639343e-01
2.270948916403271234e+00
7.731721971623928269e-01
4.806095733910513701e-01
5.852810127103179383e+00
1.246414921189685998e+00
1.127482712523971031e+00
-1.779711410761741774e-02
-4.814885492482368079e-02
5.159622722653931959e+00
-7.968766669921683032e-01
8.881560279143521086e-01
4.372601581480441979e+00
2.427454863944428887e+00
2.678672043289791915e+00
1.319835182111598115e+00
1.703625135513330946e+00
8.499453084474852815e-01
5.853974374923106794e+00
2.625852517201094471e+00
5.828537889956644236e+00
5.903227155851666907e+00
5.399011872041059590e+00
3.813119207166746349e+00
6.180331690895357610e-01
2.996271239537717790e-01
5.771729146079671580e-01
-3.214874694889582329e-01
2.311806796980113710e+00
4.710948347884912124e+00
6.159473376771979147e+00
-7.221975024740245885e-02
-5.468447889416694352e-02
2.868889185772183659e+00
-1.331177782059910442e+00
6.834310073275631225e+00
6.203998926486857357e+00
2.879656079365298993e+00
1.889704793527601900e+00
3.448908613666953116e+00
7.986732551997537399e-01
1.983105534630689171e+00
-2.718843733849913846e-01
5.579759968535702441e-01
4.296775783273783844e+00
1.817254358633722866e+00
5.763663021754453553e+00
6.939014665315399455e+00
1.462565601290333639e+00
6.343691735435905699e-01
-7.038236402454689511e-02
2.085611109594079693e+00
6.008649453819543851e+00
5.171995800344594940e+00
2.492810386364630482e+00
1.982608051680951888e-01
3.955129219465119306e+00
4.473902975285239947e+00
1.756049784365035116e+00
1.015253084832981045e+00
1.848262850997726581e+00
2.885695125841964526e+00
9.050580397651142306e-02
4.357080421741704512e+00
-7.693841222217292497e-01
1.441915335029200662e+00
4.538033072618850028e+00
6.959845606673361829e+00
-1.187618363614250327e+00
2.756875809897255003e+00
2.619286591328690683e+00
2.514893712982784635e+00
1.766193316902134214e+00
-1.958214306274652206e+00
2.660864105211052433e+00
2.401806046754054513e+00
1.369603183730774276e+00
1.563433605282981809e+00
2.523332172833423925e+00
2.207803212874734911e+00
1.162175155849345387e+00
-1.302847509313704411e+00
1.895514391714886671e+00
2.844568960140731129e+00
2.608381888925715764e+00
7.449677123584486083e-01
4.185976892365735225e+00
4.129240793126708553e+00
-2.328577456674976176e-01
1.984414778903657250e+00
3.668904175851135818e+00
1.223404040750422084e+00
5.417492339980199745e+00
5.719329527831940041e-01
9.079905695080299211e-01
-1.641076741069920075e-01
3.381612646508891373e-01
1.793444343233001170e+00
3.846949669433220365e+00
2.089254259362476773e+00
-1.375309752125452700e+00
4.979482996398028050e+00
2.146613344541522750e+00
3.605665363548132163e+00
4.148911060647908045e+00
8.123373228743089314e-01
4.819545319724248600e+00
4.998413578224173648e+00
4.309682953756864165e+00
2.920745474853021051e+00
1.007280007640232178e+00
-1.469874649063036109e+00
6.989187988832652465e+00
6.207226902418861769e+00
-1.125276089634970500e+00
4.544294944825127303e+00
-3.283905318564448450e-01
4.975850083234329091e+00
5.627993374821166128e+00
3.362518526116605955e+00
3.406241739667146717e+00
5.135100930306043310e+00
1.515127859384069353e+00
1.308233334617392885e+00
5.245922453546597808e+00
6.136566354592194017e+00
1.970572898628042857e+00
5.460703631782104495e+00
2.002606717266048442e+00
1.046791357091091612e+00
6.063546218234073137e+00
6.901766134822713283e+00
1.257722927040298089e+00
3.451649443972428344e+00
4.087809403803403185e+00
-1.755092143463937493e+00
1.664598043823966478e+00
2.349661343584815043e+00
-5.324855877968559525e-02
2.943488300557509874e+00
4.013718627664481176e+00
5.893026036585119698e+00
3.883524319514656042e+00
4.924179149385924603e+00
-2.236254230196603743e-01
5.341827614221424270e+00
2.012452846291208353e+00
2.643798228301259989e+00
9.951831050380910426e-02
1.875453097520443535e+00
2.374472664354223106e+00
3.035630697878417550e+00
-2.155380059190274977e-01
4.563590093133825576e+00
6.125720807214742436e+00
5.724956395130872622e+00
1.384352351159336081e+00
4.819775581858976921e+00
6.143041455851179222e-01
1.811947510755463675e+00
3.189206842608493631e+00
-4.346124693586093102e-01
3.099745838528797037e+00
6.371013642307749691e+00
3.139418340962292220e+00
1.500479589035955463e+00
3.143778034844627811e+00
-1.629212186764474435e+00
4.994922073757155800e+00
6.604658673488229326e+00
2.014067982893906539e+00
3.236848018054612197e-01
4.186763852573260891e-01
-1.055991112025230994e+00
3.484899791746839171e+00
2.138603300949392327e+00
1.573151012945463556e+00
5.055146740007955941e+00
-1.458543856203491806e+00
4.602058906437266117e+00
1.054231545487963828e+00
2.021436663541205547e+00
1.866747005542986670e+00
5.909881940964110569e+00
6.306989014940622695e-01
2.341368956287528391e-01
4.894352291381858677e+00
5.264990187801265265e+00
-1.769650239411068249e+00
3.152284171711626115e+00
-9.227609195006696297e-01
6.782004727495925422e+00
3.782275487640392342e+00
3.951192537326946308e-01
3.263047498739833685e+00
5.087268059856565827e+00
1.925651093041187423e-01
-1.355841946533391962e+00
4.961086218142158444e+00
3.732722603483978219e+00
4.722353781518396687e+00
-4.971757036443538169e-01
1.755440748082746083e-01
5.101053374845619715e+00
3.086849234048999691e+00
4.091329936201677953e+00
6.071144128471511081e+00
2.457545302204126259e+00
3.042446877979193331e+00
1.374687211788660157e+00
3.744181262968458768e+00
5.555067605647899143e+00
2.675168283962109150e+00
1.082379289600045702e+00
9.884132536355654253e-01
-1.252395073406811221e-01
2.792129699524410036e+00
6.154501134757683900e+00
-1.217814331279715390e+00
-4.614990916953454203e-01
2.014007600675495446e+00
-6.412814011369141198e-01
-2.267781970862419172e-01
4.124840931635807451e+00
2.046635955595917267e+00
5.406113678729727923e+00
1.229647468471509519e+00
2.722592209321269330e+00
7.299914099067352780e-01
-4.695763254991147662e-01
-6.460854706255982904e-01
2.174351318467466321e+00
-1.226441091877004563e+00
6.255329635395584731e+00
6.272998963750866963e+00
4.797844071771914187e+00
1.158700805333015005e+00
-9.195237277427050770e-01
1.764323878376934829e+00
5.194152041844406043e+00
5.710639509220401422e+00
5.606728448747901439e+00
6.389779147218570543e+00
2.873675388087603366e+00
7.018260596031018039e+00
-1.155507491514768947e+00
1.868052871524461978e+00
4.373181373537464722e+00
1.652055066101300262e+00
5.178608088338641835e+00
5.698490041200376055e+00
1.240340386794417604e+00
6.644675922646680277e+00
-1.982508650175457632e+00
1.524178367131564293e+00
5.477004231942316892e+00
4.305400322987793515e-01
1.039134741747277602e+00
1.438852471841753911e+00
4.272888463054686170e+00
5.729889341613869647e+00
2.233755742201012140e+00
-2.797322790006901982e-01
2.759468277511545331e+00
2.882352956170644021e-01
