7.315826220444578212e+04
1.327736104220776724e+04
4.585485818616101824e+03
9.861066187287191860e+04
6.256796525976342673e+04
1.323235624985127943e+05
3.309803098775410908e+05
3.151820627328167320e+05
6.297478227434193250e+05
8.168896040545133874e+05
6.883346328909248114e+05
1.034181251890112879e+06
9.378191844710765872e+05
1.029469401781993802e+06
1.034005848849979928e+06
1.034005845945901703e+06
1.034005845825797878e+06
1.034005999138375162e+06
1.034005845945910551e+06
1.034005845945902867e+06
1.034005846122549032e+06
1.034005845949606621e+06
1.034005845945862005e+06
1.034005845945399604e+06
1.034005845935653313e+06
1.034005862138023716e+06
1.034005838309934712e+06
1.034005845945902285e+06
1.034469050049876329e+06
1.035539840508288587e+06
1.037498968661600957e+06
1.043830727540681371e+06
1.043830860091052949e+06
1.043830860402305494e+06
1.043280392704437021e+06
1.038228278933439171e+06
1.038092899473185535e+06
1.043491839283528621e+06
1.042879734523692052e+06
1.043830860079310834e+06
1.040913909345702967e+06
1.043512408693966689e+06
1.043144700716787484e+06
1.041157296791963861e+06
1.043825409467114718e+06
1.040158863184191636e+06
1.043830860091053182e+06
2.684676537087021279e+05
1.043596889007093967e+06
1.043830860229139915e+06
1.043830860102420440e+06
1.043830860092035844e+06
2.129889408204490901e+05
1.043516410615820554e+06
1.042331400084423600e+06
1.043830860092321760e+06
1.042291556909283157e+06
1.043830882520585321e+06
1.038799937802410219e+06
1.043829731621763436e+06
1.043582985101205530e+06
1.042574727191614453e+06
1.043830860091046197e+06
1.043830860091053415e+06
1.043830892172582680e+06
1.043830860091053532e+06
1.043830859969462617e+06
1.814342190143978587e+04
1.043830860091038514e+06
1.043830860091022449e+06
1.042961312367658596e+06
1.043465054201128660e+06
1.043537758741252823e+06
1.000362723465788760e+06
1.043066075319593307e+06
1.043798268986604875e+06
4.817114146902930224e+05
1.043491603249114123e+06
1.043830860091053648e+06
1.040217027055928018e+06
1.043830860091052484e+06
1.043168876611815882e+06
1.043830860091053997e+06
1.043830865706267534e+06
1.043830860091061797e+06
1.043830860090997303e+06
1.043830860091055860e+06
1.043830859672983759e+06
1.043830860091163311e+06
1.043830819589263992e+06
1.043831464249495999e+06
1.043830097237675218e+06
1.043831014463739237e+06
1.043830860091030947e+06
1.043079550242086523e+06
1.043830859395474545e+06
1.043830860091060866e+06
1.043830790399317862e+06
1.043830860091053066e+06
1.043830860091054463e+06
