8.319099756130999594e+02
5.940391853305647237e+04
1.073512775356317434e+03
3.701844292755514471e+04
1.714407659642408835e+05
1.122198138710138155e+05
3.365967771634936798e+04
4.575553844281549100e+05
4.194113098960990319e+05
9.618162202504129382e+05
9.463291207047470380e+05
1.429243978689037496e+06
1.643444598012122093e+06
1.590551185749065829e+06
1.693793919299663976e+06
1.772790195240957895e+06
1.739735649789651390e+06
1.764534373018735554e+06
1.751428896663627122e+06
1.773310466347714420e+06
1.763528625212687766e+06
1.759030675725620240e+06
1.764866813346257666e+06
1.759195292246086057e+06
1.771830250043718377e+06
1.773310464316614904e+06
1.758300940411294578e+06
1.773310465714361751e+06
1.773310466346397065e+06
1.773310466347135603e+06
1.762048586149180075e+06
1.769506811168557266e+06
1.773310466346399393e+06
1.773310661046509864e+06
1.773310466346396832e+06
1.773310466346392641e+06
1.771679605991073651e+06
1.767804959099367959e+06
1.773310466364915017e+06
1.766871003353395266e+06
1.773310233690445079e+06
1.773310392815207131e+06
1.747796634911174653e+06
1.763332984224486398e+06
1.773310022854175419e+06
1.773310466146001592e+06
1.761124617497361731e+06
1.763313217890787637e+06
1.773310466270654462e+06
1.764412289739223896e+06
1.769469289054342313e+06
1.773310466346381931e+06
1.764526660677025793e+06
1.773310466346406378e+06
1.773310469762725290e+06
1.757531084669310367e+06
1.773310667450932553e+06
1.771196879548654659e+06
1.764779038355910219e+06
1.773310466346404515e+06
1.773310466346396366e+06
1.773310466345854336e+06
1.769440836199321086e+06
1.773310466346396366e+06
1.760604147917691385e+06
1.773310466288444120e+06
1.772993832412376069e+06
1.764923588767205132e+06
1.766799273031256162e+06
1.773310466346388683e+06
1.773310466346387286e+06
1.764066510100605432e+06
1.762327608991444577e+06
1.755612829226312460e+06
1.773310466410755878e+06
1.764959013152658474e+06
1.773310466346396366e+06
1.773310446138713509e+06
1.750864770816352451e+06
1.770756230812962865e+06
1.761694013385263737e+06
1.761459623313002056e+06
1.764276622035655659e+06
1.765189059429522604e+06
1.766160307215516223e+06
1.773310485422611702e+06
1.773310466346396366e+06
1.773310466346395435e+06
1.773310466346335132e+06
1.773310701906162547e+06
1.773310466346412897e+06
1.773310466346396832e+06
1.773310466346390080e+06
1.773310452162610833e+06
1.768031776451310609e+06
1.773310494035347831e+06
1.773310466338821687e+06
1.770910291511789896e+06
1.766068229344380321e+06
1.761163859907318372e+06
