1.972981791925750628e+01
6.875291221498537197e+01
1.653159944215972388e+01
1.541356363565991749e+01
7.811108052104629884e+00
7.313791460967880198e+01
7.085481649171060781e+01
6.991235421785049198e+01
1.217321180771033369e+02
1.547409349274207102e+02
1.431420396636228816e+02
1.553049349071222593e+02
1.548041344018869836e+02
1.557288183338535532e+02
1.554332279206218175e+02
1.557894931529876033e+02
1.557681620364213302e+02
1.555803876783909345e+02
1.557206807358480205e+02
1.558501718890663312e+02
1.558701037324651111e+02
1.558934850462927102e+02
1.559055210143088175e+02
1.559009386492375597e+02
1.527219849304768928e+01
1.557712082388291890e+02
1.559074578414121390e+02
1.557682857198985573e+02
1.558976311054128701e+02
1.554298297435712186e+02
1.554440945572702617e+02
1.558524041573295165e+02
1.557345310569885726e+02
1.557932569718611262e+02
1.558994284982557588e+02
1.558654348738835438e+02
1.558837155392715204e+02
1.558908211942942899e+02
1.559039118800681365e+02
1.558646604308883923e+02
1.559071740368889607e+02
1.558953789875556595e+02
1.557340595581414391e+02
1.558079362290753238e+02
1.558499527839512950e+02
1.558878634791335855e+02
1.558930209215378966e+02
1.558948864315757703e+02
1.558886447811951541e+02
1.559005831632403556e+02
1.558671513869272474e+02
1.558951106884068452e+02
1.559005583995730433e+02
1.559021763429512646e+02
1.558962292708922064e+02
1.558940720109512199e+02
1.559075850090686117e+02
1.558800772982172305e+02
1.559022957129126326e+02
1.559046719039403399e+02
1.558829106986998738e+02
1.559016869382539312e+02
1.559063428919951377e+02
1.558606627659792139e+02
1.559047510620231947e+02
1.559003207717512396e+02
1.559034617367451574e+02
1.558597629131578799e+02
1.559033805259587950e+02
1.559009605305855644e+02
1.559074287098469824e+02
1.559033166654288891e+02
1.559033581642337936e+02
1.558805798243076026e+02
1.559055142070090199e+02
1.558969982109146883e+02
1.558953326670426236e+02
1.558151822869791374e+02
1.558975881216501591e+02
1.559042836477228491e+02
1.559061083564056389e+02
1.559001965072315556e+02
1.558154332823363006e+02
1.558965573787072003e+02
1.557995092073811634e+02
1.559043259817813691e+02
1.559052634228276020e+02
1.558822466382469827e+02
1.559061342119915707e+02
1.559040180782284608e+02
1.559013846495096800e+02
1.559048709101805628e+02
1.559006924156480807e+02
1.558736282755605771e+02
1.559056224081293749e+02
1.558996863106277999e+02
1.559067538308281371e+02
1.558303702351490472e+02
1.559052810593047127e+02
1.558947894769948164e+02
