2.288720849764892762e+00
1.718568657796851085e+00
2.697383313344023925e+00
4.398044599644491015e+00
4.265296999161197533e+00
1.819140141112851161e+00
4.128648942366831776e+00
3.588106334883207182e+00
4.978180843981949266e+00
4.526081846451738500e+00
-1.233978171250425415e+00
5.258018066678598501e+00
7.994259202269873299e-01
-1.401380113787079829e+00
3.865320452024421982e+00
1.726748903035926652e+00
2.674252540401145239e+00
4.184930196422858018e+00
6.915293730623274016e+00
2.266327501824854096e+00
-4.563531512892655684e-01
5.367174204609437282e-02
-1.136610867901768351e+00
-1.436585115344314545e+00
5.021479162255699791e-01
1.559011440177529906e+00
7.006443808645533622e+00
-1.452048677254414777e+00
2.659387764606590210e+00
3.850909020005909511e+00
1.005828194381586549e+00
6.161309383997995326e+00
1.364446375435681702e-01
3.033577912117324971e+00
5.755450137040172720e+00
5.251705009284481918e+00
4.351639719951466034e+00
9.961703050049903752e-01
5.078716953626368991e+00
2.496099037599467607e+00
7.179452446378853381e-02
-9.319191734757676926e-01
2.246338674098927513e+00
9.790030659280688496e-01
7.891646425719667235e-02
3.745758979884074691e+00
3.200405436504958345e+00
6.705988251565617730e-01
2.628509456625100604e+00
3.975558877772959576e+00
-6.140539358529553127e-01
4.192600633422197021e+00
3.488383540701288865e+00
-5.252078628068517219e-01
5.942789941051790592e+00
2.507022694117842398e+00
1.614687914761802290e+00
2.972207089471600838e+00
-6.482709785528122381e-01
-3.882461350963088975e-01
5.388736816153354425e+00
4.618935187200053250e+00
-1.419822565773735334e+00
-2.589896753132547857e-01
4.661451605034514500e+00
-1.517690356149644426e+00
1.549673806693798284e+00
1.588916723317134405e+00
-2.388245959880412883e-01
6.020894923215745820e+00
5.797132043728977280e+00
2.473629419466717216e+00
-1.468763434510460542e-01
2.533390448012649898e+00
1.753459866659270006e+00
2.387541937465229580e-01
-6.628524728507096953e-01
3.029790595584923807e+00
4.197123102670786920e+00
4.017376365523682935e+00
-2.094980177856704096e+00
2.938535873346263649e+00
3.735528547447067638e+00
2.150810183249470597e+00
2.175364594748434577e+00
7.257542531890440074e+00
3.356881073975330310e+00
7.751080367898115497e-01
2.836107832900946590e+00
2.754053642799622281e+00
2.238452803886175069e+00
3.632252724712484948e+00
-1.541264903036512646e+00
9.734580403698958051e-01
-1.083793334760220439e+00
-1.944517415902948798e-01
3.000054640877275247e+00
2.590967838965810621e+00
7.039367199496862071e+00
-5.832701282625620820e-01
-5.047257685039605590e-01
6.261410323045016213e+00
-2.239111772115789378e-01
4.241681120123187654e+00
7.242710102640700143e+00
-8.143433248796334567e-01
1.863136906150566929e+00
4.699456483766603299e+00
1.838808002198423885e+00
-9.938606359541051205e-01
6.305601984081933509e+00
2.936028155683141350e-01
-2.843942446807261604e-01
5.449125463045481510e+00
6.859129427364019094e+00
1.637420828819000640e+00
6.710008687367714941e+00
5.070839792591620210e+00
-8.807314505025818363e-01
2.060238924335265231e+00
1.702502655275734078e+00
1.370608392104752937e-01
5.291536552394479287e+00
2.116073539106688273e+00
1.547898039820232441e+00
5.113840422255000462e+00
1.066368001752207917e+00
2.044600268454713543e+00
2.158763325461026561e+00
1.304795116566678459e+00
-1.105002940693826208e+00
5.182654383201874992e+00
2.416223331548848385e+00
3.950170906226283307e+00
6.439845096869955654e+00
3.520963951917918777e+00
6.001627617897193900e-01
4.859495764884234958e+00
2.037873759678173080e+00
4.135724742789326669e+00
-4.896047960118314890e-01
4.973755578704926350e+00
-1.274159165323742293e+00
3.312580185970714908e+00
3.441563307455940190e+00
5.225961396383086210e+00
1.817939347743850576e+00
9.238956942168563558e-01
3.740940575202934326e+00
3.714118831108965679e+00
2.081202370792687439e+00
1.987720706697801987e-01
1.746946692157777647e+00
4.532226810604321088e+00
3.197498627029702334e+00
4.918580259373257491e+00
5.931615352108892125e+00
5.615396536709136299e-01
3.218749229013372570e+00
2.176529479966609060e+00
4.508623103199230542e+00
1.500773841689708732e+00
-1.169723388082413607e+00
-1.873485679672115989e+00
-6.777274075735117975e-01
3.758782250969403549e+00
8.602218462717825531e-02
5.007489445751355461e+00
5.787195133202152064e+00
-1.642911306842683050e+00
5.460830412066639994e+00
6.430764288314785304e-01
1.392421578647278224e+00
3.645859576759354681e+00
1.440444312350436462e+00
1.470969564577218947e+00
2.113302632565204675e+00
5.262915418827796898e+00
9.995388865208250095e-01
1.906051992070809220e+00
5.985588734850900039e+00
-6.183522059894981382e-01
2.350844649215339643e+00
1.422204022886397468e-01
6.665624812984638936e+00
1.071924830349789914e+00
-7.155481421783971285e-02
-6.981518412155036657e-01
1.183676310141538401e+00
-1.283704726379403915e+00
4.829224480063301073e+00
1.507587974183288715e+00
4.926583801241319449e+00
3.720182543537040587e+00
2.277935482566821435e+00
5.828615488290829205e-01
1.345730645856566099e+00
4.743911113653320299e+00
7.192171287864361773e-01
4.119638768744914969e+00
5.255023946930945655e-01
3.765641406166066574e+00
6.013934236638814212e+00
4.086490559106485065e+00
-2.286989183174347851e+00
8.501786060009504098e-01
5.327231422219714574e+00
1.978505419075625937e+00
3.943314844590657842e+00
9.048141734704557848e-01
8.775638206854221579e-01
5.332797712783134969e+00
9.801483019795727003e-01
-2.760921938043550128e-01
4.418367502466793439e+00
6.249796601560898779e+00
6.687189765195270752e+00
1.389545308653828748e+00
4.659118485242693453e+00
3.891988774707595411e-01
1.002650722253075166e+00
2.350188793557639322e+00
4.874048555875091893e+00
3.957776349964136742e+00
4.206834608609726800e+00
2.823727399068100219e+00
6.293473559995232947e+00
5.376158715716654157e+00
-6.294855463627460068e-01
5.033308345377211168e+00
5.738353795417545200e+00
6.329764871960062322e+00
2.106123220466594503e+00
6.649571680570488752e+00
5.608991423252577491e+00
2.367696666789579574e+00
5.302681836241793789e+00
3.913658491394009786e+00
3.950512877052210214e+00
-2.103099041331078389e+00
1.001640344055457987e+00
2.373911582321766467e+00
7.938418652071774773e-01
5.150554853669071065e+00
8.676488627296601308e-01
1.855286165407393106e+00
-1.151938128746694989e+00
9.629856337948625722e-01
-2.006961169692750069e+00
1.719739510961934670e+00
2.412385284571594291e+00
5.839924797060325190e-01
-1.795022088722300069e-01
4.308032804019617856e+00
1.971115257815920785e+00
4.438814757686330381e+00
3.453314043667033317e+00
-2.714672407662792608e-01
2.645848926578379334e+00
7.028466551894116066e+00
6.843480600042843420e+00
5.312758674574871165e-01
6.158449547920868739e+00
3.241119782700888408e+00
-4.714269007830216296e-01
2.339328121670456895e+00
7.951663451867583277e-01
1.591504641230886641e+00
1.440728256139767183e-01
1.967276766421344192e+00
3.116185694067603151e+00
-1.330278593785350516e+00
-2.140374740604955583e+00
5.067522591727607661e+00
5.667078066630836020e+00
2.427945614670088403e+00
3.611732670264130363e+00
1.237440903508709944e+00
9.310743700250432298e-01
-5.003656563609197860e-01
1.946691124178663301e+00
2.699366906451345471e+00
4.411482203422337989e+00
1.219413301510555492e+00
3.730386122364949486e+00
-1.150484215883120775e+00
-2.540527550994582384e-01
-1.306693942902171557e+00
4.830806677746508626e+00
3.156694844222682761e+00
5.999546019010269404e+00
2.807299732199895814e+00
1.093118889766643065e+00
5.610106127482882954e+00
1.580453281509309527e+00
-1.202687723876492143e-01
-3.612188200009303074e-02
2.453361124813791427e+00
1.385741194952732513e+00
-7.944943438311682371e-01
7.123376494072514831e+00
-2.674600423652693237e-01
-1.625709615531522712e+00
8.312032524969064085e-01
6.431023700016075040e+00
1.367325870656348030e+00
1.403838992977518352e+00
-2.026515916706544740e+00
3.958566075170031340e+00
5.443321536374311265e+00
4.637369518345195729e+00
6.421310729682021545e-01
5.466767273147038253e+00
2.469826852839087650e+00
-1.216939501770735177e-01
9.230921980253548043e-01
3.547332528557669562e+00
4.072173126547307120e-01
-5.125678790860801470e-01
1.232320515672467032e+00
4.647827190530366082e+00
6.179901477971661450e+00
-1.614658998218325259e+00
6.897527365597287741e+00
6.905949723797599304e+00
4.156714129325381535e+00
3.875780765427181862e+00
3.001960348841237192e+00
4.191573120336954617e+00
1.817822541443486095e+00
1.693214202692324477e+00
3.047997702105641693e+00
2.192451428396437585e+00
7.271514769873839157e+00
4.331944785137878284e+00
2.912007741152956797e+00
7.179646257743719673e+00
3.582838967993655643e-01
1.598466328229469546e+00
2.250846100052573462e+00
-1.774067330947501464e+00
3.253077168167747502e+00
7.054120077182037818e-01
2.233785146985488801e+00
3.665957077606929460e-01
2.290624588578979548e+00
1.203455056392000344e+00
-1.301676854135571215e+00
4.827720415846947333e+00
-1.888970538246821818e+00
-1.007883796731348536e+00
6.126596297978839090e-01
3.699627569471402921e+00
6.163521702619943810e+00
5.349679417159729056e+00
6.270461616613536293e-01
1.601447901676330332e+00
8.262352437409727912e-01
5.186140065535017385e+00
-8.523933213663745789e-01
1.343730101976989388e+00
4.409187749487486485e+00
-3.979029719374427287e-01
1.744292305266328391e+00
-1.422665307312858118e-01
3.880475793282522901e+00
6.829821214117524519e+00
5.573412664697460883e+00
-1.946540351671757207e-01
4.698579758806149087e+00
6.105356454264615707e+00
3.484234037021177954e+00
5.204089026000529472e+00
2.240721688434987868e+00
3.472392463346885449e+00
3.011873681765553812e+00
1.055781234407334068e+00
4.599715036969636017e+00
6.691066564026904473e+00
-3.448762638178690665e-01
5.068496539292539182e+00
6.620685484753481731e+00
2.704014650608344006e+00
5.247143091821524052e+00
1.108279794928251683e+00
-9.948645148937940164e-01
1.357885348842311046e+00
1.699183998533632334e+00
1.102905942065026679e-01
3.891739328336406345e+00
4.715539180587086321e+00
-1.130739589812939982e+00
5.619690294122410279e-01
7.592143970059215263e-01
6.353312495464889409e+00
1.254561639893514879e+00
-8.238342902557089786e-01
3.247280174535164932e+00
1.209213979979648634e+00
2.314302932271402824e+00
2.466265796881371486e+00
-9.973108487461050942e-01
2.253982031559880639e+00
-6.898126747607502551e-02
-5.815865511460280857e-01
-6.734750477940218971e-01
1.553019048768336852e+00
-2.175061179685275015e+00
4.741876973375191540e+00
2.630600541973126205e+00
2.584152145988277027e+00
1.320637067138052956e+00
2.605422519107486679e+00
-6.430884115483657126e-01
-7.310753964276983652e-01
4.469029627729081966e+00
6.080374868722270065e+00
4.399730590211975212e+00
2.920501946253237335e+00
-3.647185413663880382e-01
3.768704434093480771e+00
5.188784369190733159e+00
9.377164099200179237e-01
3.543469861615907490e+00
6.078986894431853472e+00
3.756329290767864038e+00
9.657550148095559450e-01
4.062167234247942460e+00
4.557730342034162163e+00
-1.941458935640482775e+00
2.073372257889261938e+00
1.976707192474190578e+00
1.826539281201044140e+00
6.666283189432158807e+00
4.448879971072578599e+00
5.218943364232162097e+00
6.124845791842208342e-01
1.803812573491154758e+00
-2.029453025989011561e+00
6.221961870098493108e+00
-2.861505835285713673e-01
-1.348396027551705956e-01
2.281982693662525818e+00
6.497827275515398071e+00
4.014062947490026900e+00
6.098397440538620984e+00
2.918630251177223300e-01
7.018683762557412109e+00
-1.214717920713380028e+00
2.596145953605907053e+00
4.445559897997208409e+00
1.785218944928681495e-01
3.506594750743321498e+00
6.897282159043651717e+00
5.097850950636848566e+00
2.478557697265382664e+00
3.451921993781486009e+00
2.799479186760654770e+00
1.037019854980565370e-01
2.503336932975178009e+00
9.978438712040427205e-01
2.456250168871433104e+00
5.827739478250730798e+00
5.353149073844379657e+00
3.837204111990027755e+00
3.971163081977623577e+00
6.636329771606968464e+00
6.383536756527197653e+00
3.292111125147913597e+00
5.695246649646305670e+00
3.295163071209490369e+00
3.029152762980913849e+00
5.757288399070882079e+00
-7.617467403750488586e-02
7.744484352543103967e-01
4.444819261295512192e+00
-1.266637630192382513e+00
6.795121891260986757e-01
1.741204001563798620e+00
1.768988923636404920e+00
5.533249088227517376e+00
4.916207850711657557e+00
6.384410420241064088e+00
2.046282078222077416e+00
-9.375533494383683220e-01
2.354061147058104098e+00
1.154654803529781226e+00
-2.079078561050353713e+00
4.409619842317768601e+00
3.400405327696043756e+00
3.202574140879498543e+00
1.495212519362130621e+00
5.229390877170652985e+00
5.708804218908746009e+00
1.421625686964579138e+00
5.358947636260715797e-01
1.247384072008733469e+00
2.162784916063149154e+00
1.060112008253177862e-03
2.233397573548422166e+00
3.387867613456135629e+00
-5.357042965512892607e-02
3.478861129625562043e+00
1.654157779707015052e-01
2.585558334775725164e+00
4.675589906019460784e+00
3.146674656572754358e+00
4.279036724791817292e+00
2.748780345242702872e+00
3.505064490768084795e+00
2.605697685783246342e+00
9.277737137127139988e-02
3.041490619093783820e+00
1.541106307062836578e+00
-1.298152643533026396e+00
7.012108098512770837e+00
5.096773175582169912e+00
1.253945913430957404e+00
1.580297300977453467e+00
7.144730325150129957e+00
3.749601246083313910e+00
3.201223980706744854e+00
-1.903424885539062750e+00
3.962591428525984227e+00
5.907381558395144339e+00
2.060234332577902450e+00
-2.170411854554957110e+00
5.139284684552816174e-01
8.861993663313185721e-01
4.525516307425972329e+00
2.439410434644599945e-01
-1.912232354760837083e+00
2.607749831584370348e+00
5.969768971001126801e+00
1.529515099959445124e+00
5.308193037828322858e+00
5.635055820467366416e+00
4.723439113059425765e+00
2.457949845330499983e+00
-1.585299910857926875e-01
1.227819472159598746e+00
2.328120360755357332e+00
6.399208003170491210e-01
1.830059835298943227e+00
-1.164131191882408878e+00
-8.303090774784971373e-01
-1.457426775625733306e+00
2.293082810288403550e+00
6.151813609560461416e+00
1.506181053472675835e+00
1.548083019475570588e+00
4.426925775963068688e+00
-3.575014916133998355e-01
1.102238063341278718e-01
1.759783101004748218e-01
-1.083534790404324877e+00
8.069731675794340475e-01
6.852476486887836060e+00
2.692470404357959701e+00
1.101721105448184801e+00
3.639475108875670273e+00
3.218146461985980977e+00
3.003709756186399460e+00
5.400476279682534297e+00
1.670372301412434091e+00
-7.156580384225241787e-01
5.864881118774224689e+00
2.748735113273437669e+00
1.541504868746539358e-01
4.549964819173307973e+00
2.288122854096516612e+00
6.201478487327449329e+00
4.516814543540620619e+00
2.772340086980671359e-01
1.949901051084790282e+00
3.712875806621495300e+00
2.781726443999884779e+00
2.747667312439462606e+00
-1.094062108912359221e-01
2.623267412316465652e-02
5.129590234372416901e+00
3.814141694277411787e+00
1.525693730915765656e+00
2.658347831424382690e+00
-2.007624061297808016e+00
3.037269494131519920e+00
1.564337036229494160e+00
6.851184365344805016e+00
-9.741180238497300081e-01
1.908632260571100581e+00
3.150255087552766398e+00
2.548553242468901914e+00
4.271698468474692589e+00
3.349719407330338683e+00
6.931201287690644364e+00
1.967048824019821396e+00
6.081248391343155646e+00
1.545173375689233630e+00
2.726040698806716733e+00
2.420380325516538811e+00
6.063530702554089657e+00
2.122120913490748606e+00
3.474820477505467409e+00
6.254194284747683241e+00
1.272794890101628162e+00
-3.407210784366796474e-01
1.739745951053254025e+00
-3.126362416209236272e-01
-1.103300070600719884e+00
4.228911924068537331e+00
4.061279546492675863e+00
1.880494227857435696e+00
6.126679796832483760e+00
5.837778792647528192e+00
-7.857034632309058964e-01
2.833149999551559439e+00
-3.534075744677958042e-01
5.548394693283761114e+00
5.045176506159787522e+00
3.852057435064665469e+00
4.705283023379864815e-01
-6.573200645985552981e-01
3.412436567405881860e+00
-1.355007016536777797e-01
7.057467809183139096e+00
-6.507730103564757229e-02
1.611800727385964471e+00
2.719305656053838227e+00
3.255497476209608720e+00
3.304283668347652636e+00
5.187587546864758536e+00
1.514575512931148893e+00
4.060564508581197884e+00
2.021157413534186098e+00
4.516029787176004007e+00
-2.014571249743175585e-01
6.828356273179949198e+00
3.095028795635800023e+00
6.283694232497328613e+00
2.471715394417251410e+00
-5.893920505365244367e-01
3.556633673987258604e+00
2.148353376742342391e+00
3.859542596488289234e+00
5.534487316476607077e+00
5.230452323708343343e+00
-1.757995911802500810e+00
1.534139368860964581e+00
2.383013656697502647e+00
5.823909808365103302e+00
2.778278145185611336e+00
-1.461914579540066317e+00
4.188115204528594759e+00
6.421449522892388018e+00
3.190937011488621522e-01
5.381554654382041392e-01
8.887987550600540132e-01
2.428393842372590150e+00
1.921764601324167820e+00
4.964404732186652680e+00
-7.366814383851414405e-01
5.038782154311215677e+00
4.621424711506048055e+00
2.489563923645424559e+00
3.799940333963048644e+00
4.096001054219259530e+00
2.917449048579066506e+00
-2.690367332034799830e-01
-1.056811713692327626e+00
6.500397969281282329e+00
3.221617860465386229e+00
-9.270959289457643138e-01
3.783688559477837998e+00
-4.914721345915387118e-01
2.661648552904255283e+00
-1.357534032453944661e+00
4.028191490461200175e+00
2.833138359165142006e+00
1.901424310037506338e+00
6.173625934368644153e+00
-1.701323690710692116e+00
2.438941812380047480e+00
5.323328205136172997e-01
6.117325477821154323e+00
4.837269299967896785e+00
1.252139684303457123e+00
4.541170226236115326e+00
5.962662296137279938e+00
1.943319335553169047e+00
4.369729305067338032e+00
5.976290003342629831e+00
5.506703944060275191e+00
4.462938624067881221e+00
2.906988334170979016e-02
2.369310319847476087e+00
1.178683090720577198e+00
5.698115701489452789e+00
1.976396597337085836e+00
1.830958941349486224e+00
-1.535526234237355236e+00
-9.562060597361519143e-01
2.202874873586322835e+00
-1.867141596428174566e+00
2.461663435636322284e+00
3.549119024603131223e-01
2.610908192140243500e+00
2.164153292543161911e+00
4.921540733481775121e+00
-2.688146574672263256e-01
6.769727489860665415e+00
3.704344713953380719e+00
5.140153424813398431e-02
5.126087555121189965e+00
1.207098583196760444e+00
-5.124038328818540933e-01
1.282708215512107230e-01
2.780810611554184852e+00
2.586934929614470136e+00
2.596906594043200123e+00
6.378309540608400496e+00
4.070071743598399294e+00
3.327592077069679632e+00
5.392674981714158378e-01
1.329073612573257179e-01
3.884790661188464611e+00
3.485062564190156920e+00
3.876464844694618606e+00
3.356398066452971563e+00
6.223226992771468957e-02
5.188749860189254548e-01
-6.219374828749204553e-01
4.468045713681620512e+00
8.881616896616506551e-02
1.748549014736734186e+00
5.814381776748541952e+00
1.749553298630716291e+00
1.712847135367667306e+00
1.293004848304360799e+00
-9.187337278400935503e-01
6.939979222286478233e+00
3.795647856464237080e+00
3.253582838806767796e-01
6.098956439075056579e+00
1.115304551316238069e+00
4.418048828241815329e+00
4.678180617229864779e+00
4.547095516288147010e+00
4.220982946353034393e+00
4.013612741360663705e+00
-8.671101472207940475e-01
4.306230378762496258e+00
3.791344081323678950e+00
3.516923576990480527e+00
9.901999899968361163e-01
-1.533513826281844850e+00
3.448722096997222764e+00
8.783917526208959714e-01
1.725577588718946842e+00
2.171067213980116151e+00
1.867615110546463342e-01
4.005859366152195733e-01
1.428709234951287321e+00
8.830848920751712683e-01
5.462553522592861199e-01
7.529463921974395291e-01
3.706727917915529247e+00
1.811621666664812835e+00
6.845591493102055836e+00
6.513416716525680883e+00
9.992107649767971722e-01
1.047768564285974868e+00
5.237095768088666503e-01
-4.150773632975210958e-01
-8.928887333584878405e-02
5.502934689295335247e+00
-4.454885621629127712e-01
-1.647197092608097879e+00
5.401569669826788100e+00
2.382590277422642622e+00
2.057630859158985359e-01
4.084643668949203388e+00
4.668852798883428079e+00
4.317170705468191372e+00
1.663948436836465206e+00
2.547378474670097148e+00
-1.429588136482072613e+00
-2.308475159622602746e-02
2.222898134794946579e+00
3.270414980735285582e+00
3.744287656815652454e+00
-9.408970904312470296e-01
4.048196067745589488e+00
-4.227865239886732240e-01
5.179659727051229012e-01
4.931627314845313137e+00
2.926171839292666554e+00
-1.192200585035525506e-01
8.275062245893218815e-01
-1.877055371237411840e+00
2.378154832625555493e+00
-2.007921330888760458e+00
2.272877626168011922e+00
1.208524852878766431e+00
6.664878238318726389e+00
-1.740475662581806304e-01
-5.226732527211277457e-01
3.248269151335543725e+00
6.599795423318699505e-02
2.421007097158223154e+00
1.474434058246584911e+00
2.520798704313370386e+00
4.982530094470970283e+00
-1.750354413932698971e+00
6.010693361745650165e+00
-6.532203586249032412e-01
5.844041164435980207e-01
8.038169877807632702e-01
2.210615585095941249e+00
-9.446208439198278128e-01
-1.226327529134607630e-02
3.946606010928608299e+00
2.536729882883444809e+00
3.744236501800862982e+00
2.381726891306705340e+00
1.481660946195193063e+00
5.275333843448439808e+00
2.848966340696667210e+00
-1.357406191865533795e+00
-6.372936268747961819e-01
-8.198979821986673855e-01
6.057401375090810447e+00
6.066746489839703216e+00
2.617637285522956603e+00
1.931331078684353386e+00
-1.787609081298690228e+00
-3.570588470602098496e-01
7.956585370271112012e-01
4.158861603983131872e+00
9.557345062138589142e-01
5.388380316584763463e+00
4.111727601021373246e+00
3.666092441350729203e+00
1.846155907185282885e+00
4.471011157510393019e+00
1.592822260934008582e+00
4.269763893808192989e+00
4.297632197457273762e+00
6.608044554581571361e-02
3.721421439022533306e+00
-1.752370573884238780e-01
3.315206857161824061e+00
5.931448465685534188e+00
3.914169589383655889e+00
5.092081371698041536e+00
7.434122651845438412e-01
3.899914959153818472e+00
2.514044423563229991e+00
3.274570874345867466e+00
3.451437221914659403e-01
5.075973270708585616e+00
-2.315252584246865197e-01
1.248173598667063011e+00
4.986056677001943882e+00
3.822635425120646246e+00
5.936887388193477832e+00
-1.526552970009410704e+00
-1.516256926261765781e+00
3.435335852163337478e+00
1.905405366491688568e+00
3.477715099961173451e+00
-1.473014299526714588e+00
2.995052653703263346e+00
5.777612320614778696e+00
3.525099157894695523e+00
4.795839138954196557e+00
1.518415572722107143e+00
2.333240386802460264e+00
8.592088842262697312e-01
6.397653864153713954e-01
6.687953743445058663e+00
2.461186888399660155e+00
6.710362098433659384e+00
3.840727370973437971e+00
7.132841815744804137e+00
5.360641947191293610e+00
4.616861580214509431e+00
-9.182489975115331049e-01
2.668529294941249574e+00
-4.079706294424170210e-01
9.018361945734278962e-01
-2.649933138084552553e-01
3.029445056867004382e+00
4.822639995421216241e+00
1.434943649349179395e+00
6.662270917028910944e+00
2.661729411795651146e+00
2.026372827667713317e+00
3.825887437050997875e+00
4.946049054617486007e+00
1.934679525625238483e+00
-2.857016364559843424e-01
4.363357675090245635e+00
5.951237847518536128e+00
3.386477544386945482e-01
2.257227865602951411e+00
1.670785176746356626e-01
5.868747195229248703e+00
2.752756065159060128e+00
5.187923659641256791e+00
-1.388944305578343474e-01
6.884887585476599625e+00
3.043590636757230072e+00
5.823353864268892011e+00
6.717860784332696511e+00
-2.729652264889832480e-01
-8.643602823071976360e-01
1.242768916824196879e+00
2.959644042234613082e+00
1.475386130862413658e+00
-3.448939847364922429e-01
3.635527328792598212e+00
6.533369759368138574e+00
4.983921822423109660e+00
2.608401946376593727e+00
4.919256362642514091e+00
4.467041990438319843e+00
4.203441373234095835e+00
3.002147356143337831e+00
-8.701924891300869547e-01
6.593946450814463844e+00
6.227118474187134822e+00
4.803326732611001404e+00
-1.694019786526357763e+00
4.074887501794965061e+00
-4.214746031580389740e-01
2.562313160535363288e+00
3.297771881978690089e+00
2.895235906029704154e+00
4.396923467372502614e+00
1.655742177407487858e+00
6.674997827425050545e+00
1.310614291293870082e-01
2.992959800989951624e+00
3.203865186297962353e+00
2.419629177720431734e+00
6.495795756692793077e+00
1.850031835312458739e+00
-4.705698522665535677e-02
2.095442803728437831e+00
4.208686522835098032e+00
5.908580554683629416e+00
4.166015183544363509e+00
3.550166769803158928e+00
3.111746625435351632e+00
1.061502728433598719e+00
3.177246864209889665e+00
2.872558838122926339e+00
5.371284934238641284e+00
3.452060097096127933e+00
-1.231752846507516708e-01
4.643226297450363305e+00
3.886228905684481205e+00
5.301319507180627610e+00
-6.351471545077904679e-01
3.764437707508319519e+00
2.835923241101758308e+00
4.200867112838283290e+00
1.381355198123285000e+00
4.272756541247956008e+00
8.294165225367020611e-01
3.652698701244572632e+00
2.843948682258066185e-01
1.122381270910716822e+00
1.948764163772774616e+00
3.923996943415065886e+00
5.597077396083358636e-01
2.585427366514671199e+00
6.149111796706069555e+00
3.907010245490784683e+00
3.823770162487301505e+00
1.115894810980176288e+00
6.401083591425200225e+00
1.281799052743395784e+00
7.039011860902188999e-02
3.540903211271857032e+00
3.587876842585245640e+00
4.342019581930991023e+00
1.946711138682156061e+00
2.753666617417921181e+00
5.551637684281864438e+00
4.157570074540688054e+00
4.056213114140550857e+00
6.832205162022475520e-02
3.580068837812524052e+00
-1.325930644268244585e+00
3.718373856075610107e+00
-5.136872851858491629e-01
6.928539601405152126e+00
6.987519796567660535e+00
4.561347403806669476e+00
6.191917919691643846e+00
6.221462647824870018e+00
4.256747221699402672e+00
1.956254442786966585e+00
6.602125006001005048e+00
2.085234599123014121e+00
-3.936913099861349963e-01
2.054631221725429668e+00
4.508434953509057763e+00
-9.157138916066163148e-01
8.889617128127014212e-02
9.785574428293442040e-01
5.290485105643094599e+00
3.613122373338747195e+00
4.224068828122279129e+00
7.118739536204056861e+00
6.715048821686549374e+00
6.015710361659305505e-01
2.023577506592094011e+00
2.037650576273017045e+00
4.502810745684568516e+00
2.347702038956110293e+00
4.807122292820256604e+00
2.861440444214923495e+00
4.818656720738106358e+00
2.837891015203689804e+00
6.416540710222326638e+00
-2.665988638186753690e-01
4.577937515518764044e+00
6.263018497556211983e+00
-1.474174116148419422e+00
4.708524106002348830e+00
2.207291344941443967e+00
4.145019115055847081e+00
1.149755251401177958e+00
9.189327480266351600e-01
3.511690909671958849e+00
6.127490035765323029e+00
1.948073144058258599e+00
3.139078326355130955e+00
7.250088802986454084e-01
5.510952308877278938e+00
3.469173824740677148e+00
5.471381701000058939e+00
1.919774273614434534e+00
6.547046971783256453e+00
4.333723019120860442e+00
4.892237771616395392e+00
5.657199987279275533e+00
1.582932766918683676e+00
2.203035259923145972e+00
1.000477850935195256e+00
5.396008116976014790e+00
1.198240591689446077e+00
1.996951656156490174e+00
-5.507780530402186514e-01
4.949408605201933042e+00
2.226994583166516328e+00
4.563322988933448343e+00
6.224248169603143310e+00
1.500096014058080129e+00
6.891388998328491056e+00
1.690746194731246987e+00
1.827967063926891456e+00
-1.497565794996321475e+00
1.894484966565371131e+00
1.444786275616889881e+00
-1.549253137195216290e+00
5.168566765952538944e+00
4.346831917838237302e+00
7.870609478873120679e-01
4.664751031093961942e+00
-7.733238369401949086e-01
6.509418095428753048e+00
2.613997345499769587e+00
-7.359512721835486104e-01
-1.672410894608647336e+00
4.196423094389507114e+00
5.622499957794923731e+00
5.307774527161722489e+00
-1.146662433234526102e+00
-5.358287035216804384e-01
1.700914379120740172e+00
-9.155689410963274710e-01
-2.716237742512213060e-01
6.483672590544530934e+00
-1.437410121233086091e+00
2.842773443378137976e+00
2.134715152030038254e+00
7.017380610248711292e-01
2.071976774183510450e+00
3.704469880471467746e+00
-6.433986329133851712e-01
-5.586652005730154968e-01
3.564277678855594544e+00
6.393213109998372445e+00
6.910197525985308786e+00
3.092934200247967169e+00
5.478324667653472702e+00
4.830065998869395472e+00
-1.723305478063599239e-01
2.689578048438139746e+00
5.268630325210320819e+00
2.384403475059425404e+00
4.360068324358644887e+00
1.872551596576442989e+00
3.247265813045707716e-01
3.308481005197281277e+00
-1.569873835632894732e+00
3.666117231486129668e+00
5.694600561901063784e+00
5.025363349432433679e+00
5.283787068822226374e+00
3.430073620128890610e+00
-8.326139676066146578e-01
3.900945047258767673e+00
5.672489052135464505e+00
3.215459732394519321e+00
2.709616336549085958e+00
3.222760443086221116e+00
-2.808030817658595524e-01
-5.162844117950893263e-02
1.601144830281300280e+00
4.124345434722709314e+00
4.448910155818879275e-01
5.689069734689697455e+00
5.545106720373878417e+00
1.878241006598141638e+00
5.128724044730331499e+00
4.272356924762268804e+00
5.520342283578802522e+00
-1.865130949623488021e-01
4.726706311485616041e+00
6.428945990209822270e+00
5.522311863412628696e+00
5.068778118972751656e+00
-3.765415050511524697e-01
-2.602975173132584530e-01
6.123316139982737383e-01
6.698779382516852010e+00
4.837013246575024183e+00
-7.197068969888675838e-02
1.020577772796432470e+00
-1.924724450187369928e+00
5.372560794729434264e+00
5.044228845280391837e+00
-1.602996530069307646e+00
5.364001192306803389e+00
2.583084901645764653e+00
-1.540038237869268301e+00
2.201646134835293367e-01
4.547657997956937592e+00
7.722668131495131760e-01
5.441357422747634232e+00
-2.526389327419957809e-01
6.760568861982219957e+00
4.477021682685458970e+00
3.745049028217412257e+00
2.264777838460324766e+00
3.215752511316734896e+00
-1.805596119899277596e-01
2.301545091719092717e+00
6.109734192962573474e+00
5.331845970987233230e+00
6.473995813527007925e+00
-6.082508795327878914e-02
5.625804749006789507e+00
-3.296399040465889385e-01
-5.491316681796334365e-01
6.013886842492656370e+00
-7.012991648717674664e-01
3.806492059118587790e+00
2.016636055172419617e+00
7.051698086473006555e+00
-1.141492642879784913e+00
1.188878399853976475e+00
5.436539485151437034e+00
-8.809046030301601604e-01
5.368500366307724647e+00
4.644657820831772810e+00
6.045958250589640315e+00
-1.103129735812226730e+00
5.355902489979660785e+00
7.287154604074288500e-01
1.944157881288245626e+00
-1.108617279123258470e-03
2.921150632953692039e+00
5.425859198297910524e+00
4.855128596568190957e+00
1.079299925705521801e+00
1.791994067984847838e+00
-5.616199371675438812e-01
6.928110125122826091e+00
5.088148737381903430e+00
2.752665221582324406e-01
9.424637288564383653e-01
4.293617917086759661e+00
3.057398765404482077e-01
5.239764217440555427e+00
4.368735858596171084e+00
4.771611136583524981e+00
3.376999474139227075e+00
2.021760077955221391e+00
-1.232011459241739271e+00
1.354975143472203492e+00
3.491489649703696685e+00
6.992487496018174653e+00
3.347308949836723002e+00
5.178043897645386195e+00
-3.541437504352789034e-01
3.015259007629616406e+00
5.110537274462476631e-01
5.460145590428979290e+00
-1.227411363840598568e+00
2.791684815288900445e+00
1.144853686726739816e+00
2.905149475862708996e+00
1.009026287941640732e+00
-1.724756902058715458e+00
-1.398246591325475130e+00
1.900696636150084551e+00
5.833839658376760440e-01
4.025497822129942449e+00
4.522937620125880187e+00
2.175447975122871469e+00
6.844714520102392896e-01
5.827819283183226062e+00
1.837225236903328174e+00
-2.273161843231122248e+00
6.096223869975636589e+00
8.739502952269750935e-01
4.637178263562082847e+00
6.736229049322597362e-01
3.250492034126924779e+00
-1.345233232978755744e+00
3.051108115175424018e+00
3.025192497922267520e+00
1.384681401488812469e+00
3.009996389276031081e+00
-6.940386266525706560e-01
5.792899809426828028e-01
4.987179372604728655e+00
3.676325478868982088e+00
4.719179766165035872e+00
6.504491478751450728e-02
4.918773357004825542e+00
-6.881719876812555370e-01
-5.657213996408225753e-01
6.667286584877619049e+00
4.250586743244415544e+00
-8.082167868144782830e-01
5.055614406683485385e+00
6.582682787647405220e+00
6.863164651427673846e+00
3.089448336149590801e+00
6.796492506341753170e+00
-2.388987788569858495e-01
-1.269336755486027979e+00
5.311204436658821137e+00
6.534601798143283347e+00
2.967163419300167249e+00
-1.467360172079880343e+00
4.677655325760186500e+00
3.348511153557762299e+00
3.934181970741839507e+00
3.093079374986880126e+00
1.863003626053707507e-01
5.130827556380197052e+00
4.000201446837410302e-01
3.069696561417709191e+00
2.172118559548612993e+00
-4.762709509035074618e-01
5.424343911863521939e+00
1.254328763728411289e+00
1.809348629094762018e+00
3.264040869500885123e+00
6.138317680064558246e+00
6.359736345428149917e+00
3.762273089712282470e-01
5.349803795734171530e+00
3.765147791203538929e+00
1.697079209819613688e+00
1.397728213185134294e+00
3.644741196931121863e+00
4.494444209574412596e+00
6.406657555602492948e-01
-1.295135188862891695e+00
2.111315744512262782e+00
2.831445634593150018e+00
4.490866052388019725e+00
5.971189431247431401e+00
6.081099963174764866e+00
-5.628521081117163760e-01
-3.290666187101844997e-01
3.215505016641259317e+00
-4.687608942215373276e-01
-1.814952240520181892e+00
1.080277699841513339e+00
-1.679676599832931494e+00
4.393539646782031127e+00
4.959407013580356960e-01
2.966501849338158081e+00
2.937479690249708675e+00
-1.168280577577900381e+00
1.893683439051795148e+00
9.036516119734310237e-01
-4.864092960494454942e-01
1.821275229534531803e+00
6.603411622126721170e+00
3.781343299187341245e+00
3.471506915116366443e+00
2.247446090269334285e+00
4.642012213930758691e+00
5.290574116760218715e+00
4.218700197947020669e-01
3.488657856886366204e+00
8.564126300348604559e-01
6.285124056841581819e+00
7.748459649970973473e-01
4.205390709533446625e+00
2.546743233813685059e+00
6.489972939383674699e-01
5.839341926231860214e+00
2.409460687203849538e+00
-1.140568669251802447e-01
6.978568004098505639e+00
1.184848272613796105e+00
5.160275411948404667e+00
8.415546463531473620e-01
-1.745949116778273691e-01
4.993478133328022039e+00
1.411135906193220713e+00
5.477191196229213688e+00
2.054785912499167644e+00
2.249674409388389584e+00
4.862613311154431628e+00
4.668360113552807888e+00
2.370878420352212856e+00
-1.277165821344690144e-01
4.584496451330982936e+00
4.385661284511398250e+00
2.431503696203067832e+00
5.605999674036819869e+00
-1.791269225242176688e+00
4.136442347858363178e+00
4.879590333264896884e+00
2.901499225614027289e+00
6.140910658409003631e+00
7.071018185737436568e-01
2.362852253144912318e+00
3.491950624718690221e+00
4.152676689886613204e+00
4.840182062807055985e+00
4.293805670781415174e+00
4.354263072481836971e+00
7.604294918350920085e-01
-1.080611263407431188e+00
3.930055504194710281e+00
1.771946919500178019e+00
-1.220975940777205615e+00
1.017868877815105044e+00
1.605994159408166588e+00
1.599671612769775209e-01
-9.543969905501672457e-01
1.437701762792739757e+00
1.322305812489482868e+00
-5.208422699941044343e-01
6.394414374062581174e+00
2.519865593011132887e+00
-1.087404498388753638e+00
5.795597073015075651e+00
2.597849662676459559e+00
-5.203916535588239967e-01
6.291771261387687275e+00
1.231280074487727028e+00
4.937357422653532169e-01
6.595889401101278082e-01
-1.092026019998657560e-01
4.173799949216183691e-01
1.925333820354103054e+00
1.803826171733303951e+00
-1.247328050021648593e+00
1.375678896028144749e+00
1.245335601513339441e+00
5.235249808386747361e+00
1.429152614047594305e+00
-8.519326980142940542e-01
-9.147045790337742233e-01
5.545090265159993592e+00
-4.870254942927196851e-01
-3.009699969751551407e-01
3.538087928868339560e+00
3.745419050455334187e+00
3.274939169494944124e+00
3.137393393865739455e+00
3.741721532642912962e+00
-6.844198272233352753e-01
-1.571112399676491744e+00
8.242953191564081905e-01
8.407544039408776371e-02
-1.124926643507891288e+00
1.457140040089774047e+00
9.941195794264778840e-01
-6.291713746450042777e-01
5.474140711319911645e+00
1.296841932394074526e+00
-9.004008225422950318e-01
7.369079463813283937e-01
-4.185347048647889423e-01
6.655403109065193945e+00
7.124676380108454055e+00
1.694271776605523527e+00
-1.077239288738840894e+00
-1.819128557204652274e+00
4.283888808313538021e+00
1.433970979973542725e+00
-2.289978067698382969e+00
3.023350798483608770e+00
4.828543981551085551e+00
4.295600026541057659e-01
1.060446637914919776e+00
-1.745705183554600026e-01
-5.586695955393849999e-03
6.518941390365329269e-01
3.512266823666761795e+00
1.230866187471986173e+00
4.108894700223590490e+00
2.295970146770636156e+00
-6.290472853932893571e-01
5.273627857432312993e+00
2.995265627937829578e+00
3.877813082114865750e+00
1.744913697182696843e+00
6.903862011314529923e+00
1.138837680350647474e+00
4.086405288590572837e+00
4.856867966111121149e+00
5.671150157146740867e+00
2.530687998057311816e+00
5.741119142824269161e-01
8.609512986834859660e-01
1.669152192253069877e+00
2.436990699278234196e+00
8.471436459139365382e-01
-1.290361327737421959e+00
2.072727436023154901e+00
-8.874686558941080605e-01
2.170655350379115944e-01
4.328225297661948190e+00
3.269226075509401142e+00
5.095436908217557459e+00
1.929310329661450218e+00
8.164197574329810081e-01
-1.167704168368169260e+00
5.688390829418224826e+00
-1.197650111294293218e+00
-9.965110664919123451e-01
-1.276250996491157697e+00
2.807478972989401633e+00
3.751117898383856897e+00
3.532186069812345508e+00
2.691086989957111264e+00
6.579734811899358604e+00
3.116008498702802498e-01
2.216766756671327165e+00
-1.192720650702104201e+00
-9.262793806792055662e-01
2.985870867018348918e+00
2.033478380908951166e+00
6.264686915961863889e+00
2.740479037665312312e+00
-7.414739088321882221e-01
3.539726119428328488e+00
2.479143330828339487e+00
3.141728023473923770e+00
1.076817080955159156e+00
5.972431625003380873e+00
6.018511606637133582e+00
3.016793378693680694e+00
-1.177438542124268572e+00
6.975310160105291146e+00
5.411184246147902499e+00
5.767402310415997491e+00
-1.281222906108991033e+00
3.123563363786297842e+00
1.944784501451811920e+00
3.374143780284406091e+00
5.291869161362331653e+00
3.235515564540474287e-01
-1.445566251959826687e-01
-6.072728471465005384e-03
3.676540592895719328e+00
-1.949416489339315106e-01
1.243333713294612508e+00
-7.599299649929536216e-01
-1.783929341346143893e+00
2.832954559486554835e+00
6.036332231157922834e+00
2.232421021120564397e+00
-1.305156157818988749e+00
3.210144917808616327e+00
2.691660727422569011e-01
1.478657309197402903e+00
1.680269484562284532e+00
2.739961938944907693e+00
5.493671888323053309e+00
7.044957134617186867e-01
5.740834079612810115e+00
3.683412530324748246e+00
2.593803514034193292e+00
3.549316830778384002e+00
-1.349230952669902450e+00
1.158684840124021065e+00
1.450003780798204467e+00
2.464698371481440553e+00
3.077147823263322479e+00
-1.155040381552288498e+00
-1.818954659321647682e-02
-5.846900316211138815e-01
5.711890379444451327e+00
3.974070612184892326e-01
2.464964631203448775e+00
6.021288176387065150e-01
-1.204570652928139030e+00
4.034994467953293196e+00
-2.114153569727324378e+00
1.099002964642465052e+00
-1.529521237290367708e-01
3.371632308581640203e+00
2.533040293199023907e+00
7.072060227559690659e+00
2.749489619516338301e+00
3.262859243935194442e+00
4.785798964366245301e+00
3.386843776525315874e+00
-1.621781715659502687e+00
4.858663647795271601e-01
4.220608328040837520e+00
3.340192249874792907e+00
3.912653726096372964e+00
6.011902235030669672e+00
4.535253702177874047e+00
1.656765529005625126e+00
5.056617620609831221e+00
5.414829765868717004e+00
5.857893967187468576e-01
2.124507308494066216e+00
-1.609465956619380744e+00
1.745433730147396112e+00
5.900258797610955952e+00
6.046260162097180313e+00
2.168015600336334892e+00
8.636803887390778200e-01
1.035306036170728028e+00
1.796561034157321046e+00
1.356714058500181785e+00
3.581440638128395193e+00
4.212816562487233796e+00
2.666727365612459266e+00
4.404301164740298091e+00
-8.879139348562397061e-01
4.276059322951576647e+00
5.748087380444854233e+00
5.802424412785002872e+00
4.222343792066491019e+00
5.604428150638328887e+00
5.463729970694197746e+00
6.008315429289821097e+00
1.173604761075062619e+00
5.426625389292665247e+00
-3.005786656965110382e-01
2.536406034673469811e+00
5.147472214849075911e-01
6.586271976447839904e+00
3.302018738767035444e+00
4.864999975642362529e+00
-1.605509420456549208e+00
7.237193792263072467e-01
6.114292647758352572e+00
4.466940567898914694e+00
9.984255540563653497e-01
4.804926004269381323e+00
5.414388449798464009e-01
-1.496907768613461087e+00
4.405185269288484307e+00
2.103370922142556942e+00
5.912796819719609687e+00
6.859015745773961115e+00
2.856426497180919455e-01
6.364156483386246066e+00
2.668743818479963892e+00
1.605075876663875967e+00
5.968626028345923373e+00
4.322434627533567664e+00
4.563797686739347270e+00
-2.828166809452197228e-01
1.967086056108149350e+00
2.024905993089230805e+00
6.653428861236129421e+00
1.573316037769496134e+00
1.561503929484516107e+00
4.415965301171802082e+00
-1.167289219714618298e+00
1.022824108947970601e+00
6.227270830546119740e+00
-1.689935031331401660e+00
4.811226489056668498e+00
6.659622281287562728e+00
-6.237729562281728590e-01
9.054299628879345363e-01
-6.441071720665476619e-01
2.253578151721171707e+00
4.557198303037250042e+00
6.645899548337878215e+00
-1.329577087787680245e+00
1.336639100740783626e+00
1.623867661299588150e+00
9.927131971584506331e-01
2.862859346088110435e+00
1.466897274965005771e+00
5.860088332406274247e+00
1.953886955398905556e+00
4.589684481206367295e+00
-2.393376457397522472e-01
1.942137864994382568e+00
7.235523420747087542e-01
3.433805256745158019e+00
3.781249997165325283e+00
-1.782012782730888478e+00
1.206197717932543156e+00
1.931106685605960216e+00
9.048970753036780224e-01
9.213261501493033023e-01
-2.216703910361248031e+00
1.928554665595352269e+00
-4.745623766478761496e-01
8.075484673430022298e-01
1.361049226310175442e+00
-9.051609606439301459e-01
1.956699687448804958e+00
-7.355386398130159264e-01
1.251335267781184868e+00
1.678120630853181083e+00
3.569477706952367768e+00
-1.002187273203251294e+00
5.967549607114799315e-01
2.484638139522294509e+00
1.707065797175379096e+00
6.210819811848219629e+00
4.090874971881442335e+00
5.228701173608813590e+00
4.858563622524794567e+00
5.708288785917428498e+00
3.851840340228820381e+00
1.489328867114909194e+00
1.353732761339331958e+00
-1.520342251216178830e+00
3.129677556050667775e+00
2.774119694844029205e+00
5.893841366074660471e+00
3.966471992284002823e+00
9.509819732952307092e-01
5.122396987985901262e+00
1.500107055162685832e+00
-9.444841971380872891e-01
4.622670570757746233e+00
3.290545060777555264e+00
4.043462417251058483e+00
4.413039830843782596e+00
3.727864977068515273e+00
2.646074786729842643e+00
-1.717889744411999597e+00
6.525491695475484022e+00
-1.297109607848905277e+00
-9.386204993792972573e-01
-7.603916007064110971e-01
2.183457858017596287e+00
5.768835601581102424e+00
2.334651594299972821e+00
2.234424488510609486e+00
2.548688582009575931e+00
6.326167570028765397e+00
1.973258479542266741e+00
3.124409663007924109e+00
6.018562072936594731e+00
3.984313061269817879e+00
7.047187919958869173e+00
9.297589489440154509e-01
2.968965934367878035e+00
8.124995132706676060e-01
6.288758299181418820e+00
7.495601545519559039e-02
4.658915192014591256e+00
1.618423605663063647e+00
6.454876459082237616e+00
3.583251244950451664e-01
2.660279712497477966e+00
-7.229044142228051584e-01
-1.130657612053751482e+00
6.151139447953667627e+00
2.072761669495184478e-01
3.262245149815033329e+00
4.533773253378832635e+00
1.354682425943944502e+00
5.428674974639964290e-01
-1.956861695510259125e-02
2.620050038996097008e+00
3.799248246386458305e+00
-1.187169970465354218e+00
1.316562217639760668e+00
1.938912614907946974e+00
5.106816967323993595e+00
1.351556602310406419e-01
5.864477934423868888e+00
2.141965037798317262e+00
1.902046783308416700e+00
5.915110737021676002e+00
6.097398523985171792e+00
2.098857922954362465e+00
2.914874461024054675e+00
4.890962796294946457e+00
4.687688185699668608e+00
3.559559234822751606e+00
4.377489188084339844e+00
4.895393268893350580e+00
2.972122600400543213e+00
8.430692241320905111e-01
2.822886027632341310e+00
2.032334401667613477e+00
1.909422548378492124e-01
-6.785690324585296196e-01
1.518201261570373717e+00
1.814619744247551125e+00
4.097314613828270780e+00
5.331655463154101326e+00
2.400131354051056931e+00
1.752083345150738936e-01
-1.337648223677768033e+00
1.784259041913008659e+00
9.812097370850647593e-01
3.894517681735262471e+00
4.818435005858379583e+00
1.561195031624100338e+00
3.386246500824105610e+00
2.577382752637909391e+00
1.707967432265914631e+00
7.988058227211363160e-01
3.318046945763862610e+00
1.440264346050910582e+00
5.048019288409639316e+00
3.764073243039316452e+00
-1.206794064190902738e+00
4.098879101742859632e+00
7.104114007819237742e+00
4.265718556281701268e+00
3.955453615142348056e+00
2.296984885366722295e+00
3.838355881554726068e+00
1.970817918991630613e+00
1.288264484185937420e+00
-5.511777774933355190e-01
2.657959528289416617e+00
4.923296602155561530e+00
1.260283148611317294e+00
1.342231903237747659e+00
1.856563233040075644e+00
1.041052490979996747e-01
1.971361821471093734e+00
5.998145374656747464e+00
3.678410451735542708e+00
-1.852256321131753314e+00
3.302603029516138378e+00
5.043525802982031792e+00
4.186099799101123509e+00
5.301851562386181271e+00
3.997009006010337373e+00
-4.476322158526802042e-02
7.193603421171975043e+00
2.698457093193215250e+00
3.114322598818299426e+00
1.095202256619027814e+00
6.409022070625610468e+00
6.752305936794842367e-01
3.895201293719399160e+00
3.248775396066411858e+00
4.121574769386564085e+00
4.009622695926340796e+00
-2.220056260470182341e+00
-6.965518445128608960e-01
1.176115971973220375e+00
6.269143195992642248e+00
2.741177937987362867e+00
1.080671961478445908e+00
3.473639909640930057e+00
5.356399894740127010e+00
-1.287916980493768904e+00
-6.411276386584132680e-01
3.703486818544954318e+00
2.476863057415826574e+00
2.709144034158811998e+00
-1.609354728707312887e-01
-2.293031752571836890e-01
-2.698129677330936005e-01
-5.138859757402736150e-01
3.964728467489310404e+00
4.132324499332044709e+00
5.062080088172875136e+00
2.134721179973041671e+00
1.211857913803575215e+00
-3.089456537059769303e-01
2.503600808686375245e+00
3.103574318975018898e+00
5.875460117546595029e+00
1.697447706607448481e+00
-1.727326974033714269e+00
3.521350036744959056e-01
4.248046910881413396e+00
-1.883862762731549623e-01
6.627785635069216141e+00
1.241493439159452095e+00
4.340170894478896813e+00
-9.798318542151553956e-01
3.255589147232704761e+00
-1.767223307794383746e+00
-3.422530877782579140e-01
4.086648056322927047e+00
4.457273885974068151e+00
1.956806041796517626e+00
4.177243065944811207e+00
8.016190746006568446e-02
5.327812105964195410e+00
2.289878161225516351e+00
-1.986166229937813554e-01
5.283230145328852601e+00
-1.415184114020660466e+00
4.828991821616730462e+00
1.845463817015746244e+00
5.254688521635241472e+00
2.988056524380661827e+00
-9.435592373133872002e-02
3.624592117834668059e+00
6.551470667345924426e+00
1.170867295747733294e+00
3.252420015179525947e+00
3.231604724148978036e+00
7.873900483970581732e-01
2.540420957246108280e+00
2.442645302567199472e+00
-1.175666635831949414e+00
2.923870141134176315e+00
5.378305373360021235e+00
6.016603637747779842e+00
1.847036271021276654e+00
3.278814679711006264e-01
4.096733529135200058e+00
5.801463270965337315e+00
4.737021485188307679e+00
2.526963420133776062e+00
-1.538240686160456949e+00
2.863709856242556917e+00
6.183913238006688573e+00
3.807439944918035835e+00
1.068477923222994619e-01
6.053045042036576007e+00
3.129704864199787551e+00
2.488522125593317647e+00
1.427332582684055495e+00
5.707335686854662526e+00
1.294281320827435522e+00
4.033701974212155150e+00
-1.911262621132188144e-01
1.402319731652093004e+00
6.327016153191438619e+00
1.138059973309261785e+00
-1.147492580781789950e+00
2.740218176869565703e+00
3.727989348149183257e-01
3.281820407938408124e+00
3.644397934950694307e+00
-1.662795536265186502e+00
2.791435945446147926e-01
2.522852822397638306e+00
2.019959057512109801e+00
3.676483845360412062e+00
7.925433875851846111e-01
3.816385435569367601e+00
2.078415522670229443e+00
3.843311585155488430e+00
-6.665857944861786066e-01
7.540124982375973062e-01
5.361940186613150416e+00
-4.897793972239190552e-01
7.192452060237753741e+00
3.567074114776550786e+00
4.211224178086988346e+00
6.484071079595002729e+00
7.782651359795220714e-01
1.361345279255535168e+00
-3.323595322610994884e-02
5.091087123673814219e-01
9.157683323863867741e-01
1.005448183576669763e+00
4.628537154243769436e+00
5.494012713165743023e+00
2.287808098501125542e+00
-1.885330809043149536e+00
3.887857670815579425e+00
4.908100983989063693e+00
5.021817783559788140e+00
-1.496163127731726217e+00
2.324516483292511815e+00
1.543261111156170706e+00
-1.472656144886818286e+00
7.357746408776320024e-01
5.478820063017012743e+00
6.610642876332732953e-01
1.066676112158361001e+00
-3.992743568657086684e-01
3.124047075773589199e+00
4.398165844882836240e+00
5.267674343541564497e+00
1.569089587000331854e+00
5.584727433944244979e+00
4.677623241707291157e+00
-1.267954767394739335e+00
3.116831416808377497e+00
3.990601186857841043e+00
1.788614059921924238e+00
4.783036114883088885e+00
4.591620772138222506e+00
-1.254285983707491781e+00
1.076489002144914053e+00
1.476644089013101180e+00
9.750358024610177310e-01
2.001868563317925620e+00
-2.854449773124612122e-01
2.507818637074643142e+00
9.810702103922332995e-01
-1.133304854043418963e+00
5.461510808905082115e+00
2.577166892865808911e+00
-1.079727281137747852e-01
4.943359817803814948e+00
4.938261226871340170e+00
4.682305760754614354e+00
4.181812414567316338e+00
1.501125245346077719e-01
4.718180287602741885e+00
5.477228527084291088e+00
6.128678352162928888e+00
6.027494403526656441e+00
5.930495174961974314e+00
5.228299642609792741e-01
4.399971245565652112e+00
-1.878620474916576022e+00
3.091416204654827027e+00
9.116088816998297872e-01
6.731397812684750903e+00
5.239583750747378588e+00
4.785189666015064347e+00
-1.893998536381716669e+00
4.506452762048198224e+00
3.145247025416111342e-01
4.843811570738138172e+00
5.712205079087526727e-01
2.450410437215982284e+00
4.280390655251423482e+00
-6.903935242839249753e-01
3.670347039688456547e+00
3.328496065587591701e+00
3.498265306612013958e+00
7.253555704261094306e-01
2.662364639900136609e+00
6.744192102737436301e+00
2.678733280885453816e+00
6.492810407154548713e+00
-1.472029187315210486e+00
3.000947332593659311e+00
5.711190309782478991e+00
1.379011505732093745e+00
4.022227292028791368e+00
-4.574451801634307202e-01
2.407258989490752121e+00
1.957489398593351915e+00
5.970819930668401554e+00
-1.305330250470232212e+00
4.288109956795647548e+00
8.637916987021414528e-01
-6.968013418984613239e-01
3.905604577587952875e+00
-1.060193798967714596e+00
5.602958503998076267e+00
-1.537432080020947112e+00
5.324200492734114221e+00
5.219443795634264305e-01
