4.105943827454898720e-01
8.096995261707531366e-01
-3.918284362070911797e-01
1.953300647988935879e-01
-5.275681116705452922e-01
-2.083649782917875726e-01
-4.004587177461934822e+00
2.106141151174782955e+00
-3.297444427592269633e+00
-2.109893745535731391e+00
1.917190012188429549e+00
2.465143652511335048e+00
3.680048286090109144e+00
1.463589811226331250e+00
1.674558476907479942e+00
-3.074417988321869188e-01
1.302995859289540093e+00
-2.728012606150078678e+00
-3.697381547919764699e-01
-1.043158865402392443e+00
1.144529315486570553e+00
8.372932765260205912e-01
3.899157859725397302e-01
1.510363745965090487e+00
9.507309190498958174e-01
-3.255876477155279503e-01
-5.205673192224615775e-01
-1.187354724075017742e+00
-1.640358478131310083e+00
7.073699268309141530e-03
1.949460660528863798e+00
-9.715215784013988554e-01
1.676438578561452175e+00
-1.658738320945230882e+00
1.708938415556540136e+00
-1.226635232316106716e+00
-5.946309303077903508e-01
7.428373545940702982e-01
-3.105811384798959907e-01
-4.317480922824383782e-01
-8.420865818214320342e-01
-1.411979824372298964e+00
-3.657260201720091253e+00
2.398974864203145430e+00
-1.277955315221380950e+00
-3.511683755299310317e+00
-2.243314288594539629e+00
2.895386566268118855e-01
-4.747463401126257310e-01
4.931801347605881958e-01
-3.750362912602369647e-01
1.928438978845939289e+00
-3.021735359280930844e+00
7.731392664217739963e-01
1.144721292023723969e+00
-3.136492334758642198e+00
1.599890159077856033e+00
2.619805912225605660e+00
1.730009958597111819e-01
-6.797172409075855626e-01
6.122121964773015179e-01
-6.061861211015431294e-01
-9.810624163640557782e-02
1.057812594072363055e+00
6.592408848276569699e-01
3.382582423574778119e-01
7.070404455304242219e-01
-1.411463996891162420e+00
3.044918151261395423e+00
-2.683636179495640928e+00
3.376409056585325530e-01
-6.055665639126122102e-01
1.213791698880456238e+00
1.304618185690792131e+00
3.306078179427647257e-01
1.396202786983776534e+00
-3.663652322451191878e-01
2.204077584761101605e+00
-2.096278670540016265e+00
9.097256280856225175e-01
1.022906552774193401e+00
-5.201749658084207084e-01
-5.662063166760802346e-01
-3.579763364013173188e-01
-6.883873720009248132e-02
-1.542320046565825109e+00
1.545045478004851702e-01
8.326134754997838172e-01
-1.347917099281949582e+00
1.019239724909812850e-01
1.153243890492907653e-01
1.509323171363345928e+00
1.192407108290537643e+00
1.938028911644327223e+00
6.985578440079365237e-01
-6.702921440042981516e-01
-3.462193863375733205e+00
1.208501936842584001e+00
-2.378197740322370635e+00
-1.225275251209923422e+00
1.989450964940182587e-01
-1.955870416909881726e-01
-1.360991310276087329e+00
-1.613086397763650481e+00
-1.691457425557272298e+00
1.511351157578548765e-01
-2.969382309044120039e+00
2.023677677990765034e-01
1.365327193822690965e+00
-1.466342330304791552e+00
5.219887289332181268e-02
2.076407244821183440e+00
1.616402892564199334e-01
7.348840874068045537e-01
-1.060219303809801783e+00
2.472209270357955901e+00
-2.186685691039143009e+00
5.040246616933679036e-01
1.028017244499651817e+00
7.697930158651651311e-01
-5.090525823045162213e-01
1.078718011032404611e+00
-9.016249217654079828e-01
2.408177665615932384e+00
1.387202464829774939e+00
-3.255159552843386983e+00
-6.712786472427021423e-01
2.984947001190294102e+00
-7.819799540193663745e-01
-9.725152977338522575e-01
2.027013798493300101e-01
-1.942460945186700094e+00
-3.166530241555417291e+00
-6.921403528130376515e-02
1.193730767424985295e+00
1.280814437961268482e-01
1.844450889647388792e+00
5.751069750579231865e-01
-2.104745416453642548e+00
9.930344871795151462e-01
-1.367279685428544056e-01
9.419152446934084821e-01
5.048913925506512967e-01
-2.446093313057981611e+00
3.134270786488679406e+00
1.329480666052003102e-01
1.377779972548673015e+00
1.794767581224371966e+00
-2.543812972892456337e+00
-1.251440699495709907e+00
7.946052575600432988e-01
1.863462862678398224e+00
5.552866083821781373e-01
4.333701043162427879e-01
-2.053711805113724864e+00
-3.086468154042647516e+00
-1.045261846493616975e+00
2.628323734164368375e-01
9.237547870594164934e-01
-1.511271115045300650e+00
-2.640233960598481922e+00
-9.788823131779231801e-01
3.153917724414657897e+00
1.328359159196734751e+00
-3.739703173555772864e-01
-4.825644233680996820e-01
9.567975461855784403e-01
-2.977707397034654591e+00
-6.581087403178198514e-02
2.547856389225424678e-01
3.824904551530172725e-01
-5.705695244313435666e-02
-2.309107217754711172e+00
1.848411078519022865e+00
1.520234483043050311e+00
-2.751180922938481377e+00
-2.754506261551252777e-01
1.517832854795221564e+00
9.580503696601603281e-01
3.175802051768563672e-01
4.878660439086601741e-01
3.474281410161442096e+00
2.786319002042767501e+00
-1.145655135707945860e+00
-1.109989205049246586e+00
1.158956932278734087e+00
2.126783553671717897e+00
-2.757111084074503893e-01
-1.098374315164978299e+00
1.415151580089412775e+00
-1.827783807411356154e+00
1.582862894032190937e+00
-8.293996189768906291e-01
1.759443902198548848e+00
-2.801347814273401404e+00
-1.007490939234996219e+00
-8.097655212620518128e-01
-3.333971222612743812e+00
2.943659346335980587e+00
-1.955116273875682431e+00
-1.726390190498404920e+00
2.916515296950066727e+00
1.879508030133756336e-01
-6.039184176998437792e-01
1.860042096649692667e+00
-2.124976142803683743e+00
1.173166768751432443e+00
2.876157807599901695e+00
-1.616905735401384270e+00
-9.505551237011689025e-01
-9.831528438511671908e-01
-2.838752982208205822e+00
6.862971910454795932e-02
-9.057050114813662844e-01
2.000068130358449991e-01
-2.892195807677119035e+00
6.150157224420205182e-01
7.081527800275422280e-01
2.113354368784722936e+00
-7.287236544489443801e-01
2.205340129546558003e+00
6.424684559882525292e-01
-1.339352878558124349e+00
2.834618745885499891e-01
7.090940157389606924e-01
-3.364952855276781563e-01
-2.467446784508652957e+00
-7.005380621985191070e-01
-2.238810499297301249e-01
1.406452981715691664e+00
-1.572324419959691078e+00
-1.622291326892288055e+00
-3.515256524923065840e+00
-2.621014905782740989e+00
1.406968792187701212e+00
8.552077692611312898e-01
-1.420722210636895966e+00
-1.151245810259073910e+00
1.559043803898152447e-01
6.587670620683896416e-01
-3.891001613880185062e-02
-2.450726305635289037e-01
2.028182918265609480e+00
6.441977959023361677e-01
1.457006097595137106e-02
-8.446457225948957870e-01
6.303140090437970855e-01
-3.187584011358452152e+00
8.354686449394712611e-01
-9.525345525227804089e-01
1.481499603302728119e+00
-2.615644810402478093e+00
-1.282736971927907810e+00
8.097028223829383364e-01
1.398710241753663652e+00
1.950208006915392644e+00
1.599727476957126804e+00
5.395299928076200402e-01
-2.243782177741745265e+00
2.434485155472252416e-01
-1.794075156803849325e-01
-3.095793574815992599e-01
-6.439229346620125582e-01
3.516305178858008418e+00
-4.741886535920434298e-01
3.425447925465752164e-01
1.296496223692882310e+00
2.349246481915113094e+00
8.050408789255314446e-01
-1.287775053807808767e+00
2.771285660843039622e+00
-3.415239368569844558e-01
-1.090460927260492152e+00
-1.312245279760863248e+00
1.679056280379834121e+00
-2.132644819495896016e+00
8.824612048494273608e-02
7.359057425020862908e-01
6.656380608481011762e-01
1.998952583641733227e+00
-2.849094675753166328e+00
3.167862308156557560e+00
6.478428733918475402e-01
-1.651915963345305105e+00
-2.867782930386428397e+00
-1.504644538679959176e+00
-4.229457741830531248e-01
2.240522568479111243e+00
-3.015479554631395498e+00
8.567201733832776611e-01
1.421235011517585356e+00
3.338108746928593717e+00
-1.087857552265620864e+00
-7.486096507162880442e-01
2.696567141404279333e+00
7.204771683112927150e-01
1.771681563526925629e-01
3.576054423158357309e+00
-1.026476123179677735e+00
2.837469029098102169e+00
-1.009533439072516359e-01
-4.940828558967469419e-01
1.573778221149817469e+00
1.120312014787675281e+00
2.686811186294928433e-01
-7.767382654393948371e-01
1.326860130941346583e+00
1.125350949551105373e+00
-2.325030183142736462e+00
5.085384818941687257e-01
9.575540232892301162e-01
3.684626265584505234e-01
-9.692600384497316313e-01
2.675474084320681456e+00
1.717181056650214366e+00
-4.007928960461928369e-01
-2.957632808387373746e+00
-9.666877189510465485e-01
-1.195129746597745068e-01
-4.553038841177423635e-01
7.065585787904868909e-01
-1.969955021823821539e-02
2.321646831239524644e+00
-5.247250691607998618e-01
-8.590713250420032310e-01
-3.656159916269095422e+00
1.942216800277240196e+00
-3.533920721026869494e+00
1.637187287387956935e+00
6.638917004933375665e-02
-2.244915535192907985e+00
-1.056577826116952945e+00
3.142220642118882523e-01
-2.315106670331241290e+00
-1.775061395084063243e+00
-2.123688993313689544e+00
-6.310227631573495088e-01
2.349605550987527103e+00
-1.015842329125420385e+00
1.472236856926224746e+00
-1.120639310307875558e+00
1.603044458321345900e+00
-2.335769619704792355e+00
4.621056266184808692e-01
-1.004233158750873489e+00
1.236218450498219212e+00
2.668820145677230471e+00
-4.640111517154785759e-01
1.107319894809464245e+00
1.727270693915761157e+00
2.051535476432579053e+00
-1.596769155144786012e-01
-3.274317691559145427e+00
-7.816455754254789667e-01
1.542724348161529591e+00
-2.234243697079439706e+00
2.424851166650682899e+00
-2.568042895567282713e+00
-5.808804081764922245e-01
-1.915784177226786511e+00
3.400228135610037228e+00
7.645512614510829863e-01
5.933836501000131491e-01
6.540469321285256044e-01
-3.192065697122368206e-01
1.967637809881868094e+00
-9.239787808292039273e-01
-1.436963351630838215e+00
-1.787026037708701942e+00
1.711650836903729100e+00
-1.529674266231777491e+00
-6.134384265081900267e-01
-3.184444870070126665e+00
3.740380554712618988e-02
-2.511688082405885147e+00
-2.122037991986942096e+00
1.548540182605614213e+00
-4.816049165959288558e-01
-1.253627106873462793e-01
2.747173051911278030e+00
1.097757815931862169e+00
-1.346102742963617427e+00
1.972467649222712893e+00
-1.849961352361535916e+00
-2.863663297465069313e+00
6.068388407586695621e-01
-2.328177740490922076e+00
5.118153167593684216e-01
2.261123930393186043e+00
2.724216207119118494e+00
-2.613221322214721809e+00
-9.665499329408824281e-01
3.045103050827357549e+00
-5.023517529846213137e-01
9.804123924474161811e-01
6.092130525466199487e-02
1.316756588449344179e+00
-2.842021616448526800e-01
3.417658210943052666e+00
1.242400715255844723e+00
-3.981450917776472309e-01
-6.987256710659552894e-01
1.945885289084814396e+00
-1.169158646895016584e+00
4.051067295698587145e-01
3.512846653677378583e+00
-1.312842412717789564e+00
8.023871194346465785e-01
-2.073372064642243107e+00
-1.931434083952205949e+00
1.056868940897595976e+00
-6.761099989682621825e-01
1.521435598970610314e+00
-1.809430772617839356e+00
6.085554783665934053e-01
-2.156126627073402524e+00
-1.988213506310930967e+00
2.394763444518495987e+00
-7.081231641096508156e-01
1.155061828615430386e+00
-1.366188548285476312e+00
-1.520534880312551795e+00
-1.533135934864368721e+00
7.824515029838696734e-01
8.860031281034892459e-01
1.890696808415421870e+00
-2.310530289836134621e+00
-2.046699616404574762e+00
-2.919510217260757656e+00
1.950241037243804598e+00
1.017354588689519446e+00
-1.969818066902936593e+00
2.874188923591656675e+00
-9.694992167275113815e-01
-1.574404074621535088e+00
-1.205026014686168878e+00
7.151272899663396743e-02
1.218224551170104419e+00
-1.779392701184336900e-01
1.683709896632270997e+00
1.248719468503859176e+00
-2.602373519187493045e+00
1.805725381200851132e+00
-2.355440117834786129e+00
1.100481268348918462e+00
-9.159207274500316132e-01
4.904046468162217565e-01
-1.538861689546413558e-01
1.381248105751965660e+00
9.250868215204004485e-01
-3.195258820195858718e-01
6.026015768399615169e-01
4.548028925063007932e-03
-1.154998269924865095e+00
-1.521568282823146490e+00
8.342194071332764693e-01
-2.232961468555280771e+00
1.412181337176940943e+00
1.260620311573008578e+00
1.111600253511398684e+00
-8.048076632802212416e-01
-5.109579395313001982e-02
-1.441216635784951627e+00
-1.177201968970859269e+00
1.265373049288083251e+00
6.772994122876312417e-01
-3.516626290889099948e-01
-2.100013073770021776e+00
2.019120873797032090e+00
2.876767656314225263e-01
2.173758673713843237e+00
2.041571607545494160e+00
1.336686518622042463e+00
5.665234409805854909e-01
-2.259103875975485565e-01
2.874012822721576654e+00
-8.356604132282683395e-01
-6.196175998266992835e-01
7.078126187981750306e-01
1.132685503984543374e+00
-2.483393070476305198e-01
-1.942542384974804470e+00
-2.663565993347969396e+00
-2.907672605732842808e+00
2.859327147436082406e+00
1.354785764056432917e+00
-1.328061066292427483e-01
1.452427599169592298e+00
-1.812535769044059997e+00
-1.633725355615622821e+00
-2.797363935448267114e-01
-3.676989289866749999e-01
3.461284471847134725e-01
-3.336239950059995074e+00
2.964290720817697178e-02
-2.499442332238159814e+00
-2.866369216048161306e-01
-1.281203051320868980e+00
-1.666589165014411567e+00
-2.787594327513045478e+00
6.681922381154512536e-01
1.746932436515876930e+00
-3.156936778832175605e-02
1.127603467671964843e+00
-9.558689516851162082e-01
-2.989412191124458662e+00
-1.348318848913265366e+00
8.536277222425239231e-01
-2.806022789457429667e-01
-5.992084761315572550e-01
-2.856921449614572062e+00
-6.005493768853549241e-01
1.217755669259934947e+00
1.890580585449934681e+00
2.346591126943275540e+00
-1.046530474525405374e+00
4.112264595419201640e-01
-1.880234739990523707e+00
3.710706652405995953e+00
-1.153554455483981833e+00
1.820194722165824786e+00
-2.231977201834445701e+00
-8.160086106520303417e-03
1.123189060269913497e+00
-1.635001256070313769e+00
1.857765723885203002e+00
1.755326331026219933e+00
-1.562471546346334783e+00
-1.004074083085892521e+00
2.489408518096345446e-01
6.771778097210745528e-01
2.559791278050260743e-01
-1.333575797269967111e+00
-1.784998453364321502e+00
-2.566118999124868960e+00
2.047878879334681379e+00
-2.912160380492831546e+00
8.390473827682374264e-01
-1.104541906420123176e+00
1.871773681050608928e+00
9.916032351917003496e-02
8.452116954944264293e-01
-8.076988412704473319e-01
6.385400123258833105e-01
6.876008289736290635e-02
8.229284234493388084e-01
1.775239629057121959e+00
-1.505121118193983865e+00
-1.809745443600701442e+00
1.321809557540790436e+00
7.427446763436176269e-01
-3.345201799925909825e-01
-2.065436589215199348e+00
-8.953483265310975270e-01
-2.143971205617371645e+00
2.001835531406374713e+00
-8.336277476781308593e-01
-8.078445731862169410e-01
3.586684875987398158e+00
2.375869610879051130e+00
-7.326583583935626365e-01
-1.781050315537635154e+00
-3.636996514535625558e+00
-2.449085415958642376e+00
2.091514543992318842e+00
2.257090628298784374e+00
9.321025702841616578e-01
-2.883521979836432436e+00
-1.507431020787231013e+00
1.498361247459103041e+00
1.001287919795106340e+00
-1.908462190104180500e+00
2.437219152876912709e+00
1.045593065380561626e+00
4.038903666405957438e-01
3.446952531642400785e+00
9.388267114562385274e-01
-3.996520053313439291e-01
2.480753622036091954e+00
3.711627342231977877e-01
-1.214165154301791727e+00
-2.806366075461687704e+00
-1.062573455161874847e-02
6.957425337928411224e-01
1.687024757437098010e+00
-1.708439830477327170e+00
1.502270623912702163e+00
-6.462301700247490288e-01
3.592133458920605094e+00
-2.710336579706014160e+00
-1.999486283213778748e+00
-2.637595689134547783e+00
-5.378269337475769518e-01
-8.337675432574229717e-01
5.831884542945964256e-02
-1.545497418852226357e+00
2.670332691734786934e-01
2.251652639110659493e+00
1.577403638424005550e+00
-1.803090632896663159e+00
-4.851810311805024867e-01
7.566643990215116133e-01
-2.531647004855668737e+00
-1.184735648531465291e+00
-2.278993372468285372e+00
-3.407051223496662118e-01
3.829915914786310438e+00
-2.901027539094975793e-01
4.251448884996298361e-01
-2.346088123620742483e+00
7.069494867974537300e-01
3.959874659961693411e+00
-1.090977014317200844e+00
-1.959534259683906487e+00
9.843603495249242386e-01
2.033156611004313774e+00
3.772756835666202235e-01
-1.555412688611079730e+00
1.456315130169135941e+00
-2.420945464481138565e+00
-8.659261716800550346e-01
1.315156044849924655e+00
3.413959154158499487e+00
-3.510781476683320079e-01
-1.423164098391594301e+00
-1.313415920398064429e-02
-2.222936800975918725e+00
-5.399131648176664910e-01
-5.739563702588821315e-01
-1.252104081342197084e+00
-4.571886117626160484e-01
-5.818441793223882996e-02
-4.816565853310548206e-01
-2.343174004934103216e+00
-1.421922439718252384e+00
-1.171584470935606248e+00
-2.064018993300951177e+00
2.477411819853876374e+00
1.015980102336148327e+00
-1.797995763218862564e+00
-3.588644301675234516e-01
-2.640526047555955991e+00
2.058291561559897787e+00
7.244827499981827401e-01
-2.828784028366565728e+00
-2.756626204072851749e-01
1.926131731833780059e+00
-3.769924017092485258e-02
2.310222036444775640e-01
4.084060287117150523e-01
2.463701864681758558e+00
8.030680254791260353e-01
6.904286675711679422e-01
-1.079816847413695768e+00
-1.937387277740473479e+00
-2.100601558851081130e+00
9.354829206521388940e-01
-1.866456326763641371e-01
-1.106946820290898970e+00
1.454584210752802420e+00
1.378921350053953887e+00
1.893749479088492116e+00
-2.661900763769633471e+00
1.450948583155291516e+00
-1.271962134810107337e+00
2.601813729731947689e-01
-2.017809990371119966e+00
-1.093352671257296738e+00
-7.279174595980455464e-01
-3.204067945320883126e-01
3.070804730372973523e-01
-1.445277151630576462e+00
-5.126149951832443818e-01
-9.725748087171650624e-01
6.669025679952245156e-01
1.275473295709620203e+00
-1.189625982534663340e+00
8.925295809207973718e-01
1.723993454281105286e+00
-2.333074373673471591e+00
-1.004804907841609918e-01
-1.079020619086978883e+00
8.590177883152012583e-01
-1.395252791932941605e+00
-3.412435510734832089e+00
2.563516588253595074e+00
9.288662306768866728e-01
-6.953282731850976006e-01
3.174556378796070888e+00
-2.901888160819679818e+00
-1.445378669294967722e-01
-4.704262112511639060e-01
4.421580359341081845e-01
2.056291142012227624e+00
-2.577433374943028710e+00
1.768664365333410871e+00
-6.371952713031170390e-02
1.488508458306236903e-01
-1.567088999281214257e+00
-9.442442525677812171e-01
2.123436896009462060e+00
-9.713197834549935905e-01
-7.334212158322275243e-01
1.727840287617548931e+00
1.601880413829855243e+00
-8.847966383433547577e-02
-2.006946659868042548e+00
-2.500301281555454835e-01
-9.762071114519361714e-01
-1.394212148240978610e+00
6.249918576316613184e-01
1.137421464679326810e+00
-1.046965779746495961e+00
1.660588579845714285e+00
-6.027438924581201007e-01
2.088053674142775762e+00
1.585025932634964718e+00
2.693282029102288533e+00
-2.389803709873383752e-01
-2.635643476621924108e+00
-2.489697402392465619e-04
-7.786370747618374111e-01
4.051222811481913766e-01
-2.422609896546340735e+00
1.742531195448179915e+00
1.613113922015221746e+00
1.781195472360553644e+00
-2.265842401912848914e+00
-3.681841082823140709e-01
2.246127101300521289e+00
5.749974502105361651e-01
-8.561388209787512693e-01
-2.449226163583944516e+00
2.182770793257766684e-01
1.892007327571061381e+00
-6.034632282482483845e-01
6.888833209031659521e-01
-1.563789111038714985e+00
-6.271683982716051986e-01
6.677173739271040631e-01
-1.125858512981084303e+00
-7.031176097290980920e-02
-1.740762218103864445e+00
1.843362173356722700e+00
-1.999476249346967549e-01
-8.921870911059013309e-01
2.904791303264237179e+00
3.979858083370508837e-01
-1.747003791330279387e+00
2.618301765932169900e+00
-2.237402079428672863e+00
-1.915905980772907302e+00
-2.278172096020244730e+00
-3.219677709038134772e+00
-8.023697907653364325e-01
1.198068700804046038e+00
4.825579966904953721e-01
6.448691879146934980e-01
1.691038350685658997e+00
-1.139153697354108097e+00
1.902791864976221881e+00
-4.725515559487138972e-01
-6.861907625286489676e-01
1.460545150705002015e+00
2.432173455095805181e+00
2.261300725982973603e+00
-1.009152269411410341e+00
-2.130435431400524493e+00
-4.636526776599234623e-01
-9.363558059848866577e-01
-1.075500720493445250e+00
6.179417377417699697e-01
-2.830263896982350147e-01
-8.642437324737635151e-01
-2.532305553312848456e+00
2.504443049539543331e+00
1.694356389151121078e+00
8.194410902133375529e-01
5.192730020277931402e-01
2.010513033510053837e+00
-5.180073767735393631e-02
-4.591335372146163607e-01
1.045452133957872398e+00
3.901649825856257081e-02
1.491542778687819926e+00
2.093612336957312081e+00
-3.975801045105491482e-01
-1.768761790140271906e+00
-2.905305689067375852e+00
-5.465532106315142968e-01
-1.183794414471770473e+00
1.933742844869619226e+00
1.816072889878861396e+00
-2.755669623690408798e+00
-6.462610031098945385e-01
-3.111015476346787878e+00
1.327290691936525491e+00
2.504447581672259560e+00
2.067327149249091889e+00
3.601942953008228088e+00
4.396235915010704431e-01
3.824206563858174590e+00
3.858091701197627899e-01
-2.418881876883439475e+00
-4.982455865109756132e-01
-4.216036111661782826e-01
8.814832864261523682e-01
4.872366321572005887e-01
2.277927660469779347e+00
-1.047504520736569411e+00
1.188694906489611292e+00
-9.329947517277172864e-01
1.260754491257387144e+00
-2.433108029842032671e+00
-9.314453745405959495e-02
-1.487311054975755109e+00
3.100919511846447207e+00
1.510253446884448181e+00
1.118185009222882442e+00
1.972944790665629000e+00
-1.767625316827723392e+00
-1.958520381956555312e+00
9.077175096711993518e-01
-1.129898148339040453e+00
-3.701768039053510151e-01
-3.906356270692600496e+00
-1.761567146597189826e+00
-8.202607622150361877e-01
-7.198095266468325093e-01
2.563687295616574602e-01
-1.287330053617461001e+00
7.653466025887842861e-01
3.697330773744271326e+00
-1.712042917870750802e+00
1.406336716583064472e+00
-1.065383704959617095e+00
-1.055269597338802434e+00
-1.795646691828618913e+00
-5.802538364240339419e-01
2.278981518883687940e+00
-4.275288381233970370e-01
1.352556619003541627e+00
2.371975641765555309e+00
-8.716824752486536099e-01
-3.295301579867073727e-01
6.285400570649022356e-01
1.587769386143298433e-01
-1.401797439388687838e+00
1.605203866329695472e+00
-1.427707814098063022e+00
1.895419195194461892e+00
6.185726314724826480e-01
-2.944604741357371935e+00
-2.887909427324380385e+00
-1.472817956650223081e-01
-2.951999956301971650e+00
-2.308329529257147961e+00
2.321775675496358105e+00
1.291773200731008764e+00
-2.590807102220956004e+00
-1.136176141729130507e-01
1.673218002874387267e+00
2.579873837771675227e+00
3.463082891890332249e-01
-3.383908379196118421e+00
1.130705041222275220e+00
-1.459267514307684976e-01
-1.409962010344428140e+00
-1.652014286448426184e+00
2.306294492973846033e-01
1.277717454970577649e+00
-1.761814304037519374e+00
1.269699592973897673e+00
1.035732879969116560e+00
-1.248399707152431759e+00
-2.416926825652092159e+00
-2.290021854436221638e+00
-5.717240779064551859e-01
4.759789456078786785e-01
-2.347481520571920832e+00
2.437990035031678104e+00
-1.503444015741850937e+00
9.712671813060094195e-01
-5.259809044625676222e-01
-3.954500936720677373e-01
8.014742623552937317e-01
1.612954458553090831e+00
4.463083235025493423e-01
5.324720013949999498e-01
2.699986542911254617e-01
5.591657484399847888e-01
1.442510004961872205e+00
2.306944236905810186e-01
1.835488640831682616e+00
-6.128733819872529409e-01
-1.165041266238078244e+00
2.835530472584650852e-01
-1.637084207620889131e+00
-1.512061787685237135e-02
-1.283868612887407057e+00
3.305016101464046230e+00
-2.807953596850181199e+00
-1.004430607932513819e+00
1.143363424340374301e+00
-2.796675973703914408e+00
1.448454397963345741e+00
1.350825584782100464e-01
-2.321990950223229433e-01
5.409527801872862085e-01
-1.185168794135280645e+00
4.141656285749570898e-01
3.099476288819467129e-01
4.402533909547523550e-01
-7.701833879942139305e-01
2.789612934017331014e+00
1.742845627282534338e+00
1.873580876407795692e+00
1.563507254425289261e-02
2.461715798696992863e-01
3.857980873332067517e-02
1.357334731238371894e+00
9.480517663836902642e-01
-1.315143287166407049e-01
-6.748523515900011205e-01
-8.607220047011008290e-01
-5.318596535996276131e-01
-4.093866037614990461e-02
-1.254043087624394648e+00
-1.368097465786233258e-01
7.800394860870341063e-01
-1.971827256958613717e+00
1.041915078722955634e+00
2.817439932691874205e+00
2.599495712821759952e-01
1.229409252934496877e-01
2.888549807768338695e+00
-1.882090915733645176e-01
8.321392602561541452e-01
1.337299049390361816e+00
-9.933373975574593118e-01
-6.245523396577654651e-01
-7.126643386622344423e-02
-3.127981503398415963e+00
-1.815599854703901617e+00
-6.699098061043837760e-01
-2.757907840845732483e+00
-2.415711403590504958e+00
-1.016200906544443505e+00
-2.218265269139565010e+00
-2.875328940127346300e-01
-1.618560352767407728e+00
2.001057245492593673e+00
-2.852041716923286341e+00
-6.912958698152902315e-01
1.435543060516771163e+00
-2.426491275607789433e-01
-3.118414704071617471e+00
-1.261641067622525814e+00
-8.186915572510393702e-01
1.528946254093932922e+00
1.223104188223319788e+00
2.196307139178621526e+00
-2.194966509348177386e+00
6.756102417539802119e-01
3.684142578418958536e-01
1.544929712538181121e+00
1.271863428948156738e+00
-9.225741734120838089e-01
-1.541772425493998178e+00
2.755753375865478638e+00
-2.295093755269255631e+00
3.643539548903984127e+00
-6.510157370308782276e-01
3.529179337527788007e-01
8.154935240419298736e-01
8.570065425137123327e-01
2.394362356068909570e+00
-1.356302882695123557e+00
-1.445068724690452999e+00
-2.285321450943980093e+00
-1.934510769927381801e+00
-7.513105864818783175e-01
2.030356884080414481e+00
1.066599223254987905e+00
-7.877016009361561544e-01
-7.283181489839165579e-01
-3.345757158119431196e-01
-2.967232950841388828e+00
2.122854769688888865e+00
-2.593172498711409091e-01
-5.589794097776508153e-01
4.375780440634446933e-01
1.714542938530771110e+00
6.811517780612756923e-01
1.183453653298094821e+00
1.404104811015529641e+00
-5.553628950148539190e-01
-2.279268441488184749e+00
-1.748930010060166573e+00
-3.304662433315426195e+00
-1.301409890012586335e+00
-3.759329186420687918e-01
9.291556072391120580e-01
9.635057975935161778e-01
-2.753346686324956050e+00
-1.225718870142991079e-01
-1.372993859440037490e+00
-7.816791365717001838e-02
-1.086344865089087008e+00
1.062538512637507537e+00
-1.885769398367687977e+00
-4.875884352748078854e-01
-1.691774523688873710e+00
1.027584942346734032e+00
2.518482306168444040e+00
-1.362065217148060725e+00
9.584204271980745204e-02
2.018050480140390235e+00
1.217102922405666199e+00
3.087796875685455689e-02
2.597444608176759928e-01
6.541473162393511842e-01
-7.111249655812272863e-01
3.570260824830544522e-01
-1.798067475310685559e+00
7.976229654371449485e-01
1.502144187013044530e+00
-1.248834585798283214e+00
-3.134581479192002362e+00
-1.310905823211196530e+00
8.580388732133794605e-01
-1.887254124994445448e+00
-2.638977672748460179e+00
-2.091790321928894691e+00
-1.971685814963452188e+00
-9.034350893111806613e-01
7.764437322716073453e-01
-8.203523605458231671e-01
-4.543145240958494924e-01
-6.879090285513616010e-01
3.095625709993026220e-01
4.411887555849318687e-01
-1.884093943182916231e+00
-1.887705985403382858e+00
-6.120040035521974175e-01
-1.171125057460504770e+00
-2.402651779916809005e-02
2.661590285940995670e+00
-3.695043305010762946e+00
-2.176248547976006087e+00
5.149517468033355527e-01
2.399503210938535247e+00
-1.386713854555968517e+00
-1.085930825504659580e+00
2.121731810574832622e+00
-2.313815611062318034e+00
2.061628252558312724e+00
2.298917393930137720e+00
8.812863115269244929e-01
-1.725552009596487579e+00
-5.297208409938054530e-01
-6.130161404658061031e-01
-5.346904762781443665e-01
1.056618525664685393e-01
-6.013785510590219374e-01
-3.471730524700218368e-01
-4.718458039772688295e-02
-7.954694991085311528e-01
-1.046092166039458426e+00
-1.381213319028215203e+00
-1.609144765024235202e+00
-1.702902466731223807e+00
1.162780005959729301e+00
2.982022177261871576e-01
-2.218029888213264300e-01
6.394536665329830782e-02
-1.427565331212768740e+00
9.303719693372256572e-01
-1.347092773221030271e+00
6.064546574430442760e-01
1.063880396968101216e+00
1.561021393252026712e+00
2.110169340378154956e+00
6.464947975354631282e-01
3.281001493350164111e-01
-2.608442746197214834e+00
2.042355594307232458e+00
-2.034731652966528248e+00
1.002087878003132815e-01
-5.881488434933945797e-01
-2.234142421319044836e+00
1.835858456555873097e+00
-1.840481331559772116e+00
1.797814958701875909e+00
3.400504260532670742e+00
-3.151542449415547509e+00
-8.826778150134098055e-01
-1.207200777491446164e+00
-1.220508693749624562e+00
-3.558465673205223112e+00
2.201815915700173321e+00
1.299304908542787018e+00
1.780141929831557057e+00
-4.700241286299675636e-01
6.882885309183848221e-01
3.154488742824772984e+00
7.094632419077440133e-01
5.054483857790934564e-01
1.068421686718803443e+00
-2.237390546868123220e+00
-2.401625235155289140e+00
6.819309436625786702e-01
-3.203983956076740913e+00
-2.978898999813033299e-01
-5.554829746729117446e-01
2.714033285717341926e+00
-3.019436171696647797e+00
-3.227920574926095298e-01
2.238342015479366509e+00
6.696216093085478605e-01
1.493275173020116142e+00
1.880254672897361701e+00
-3.181885173711406889e+00
-1.292675974174335440e+00
-1.769852249720029747e+00
-1.242433573995039175e+00
-1.647967712574879506e+00
2.779145862689260227e+00
2.217662817941773667e+00
1.673018613420811818e+00
1.586639553744996434e+00
-1.304350100848955307e+00
-5.532636025374992883e-01
-1.560481235155171120e+00
-3.455657945486267923e+00
1.448970184811929407e+00
-7.486173015694577160e-01
-9.667015066210016272e-01
-6.387739066612860839e-01
-1.334918488717824481e+00
1.636699459523018874e-01
8.856304388445712661e-01
8.597056513061618332e-01
1.268982416861536677e+00
-3.681649906801793826e+00
-1.349018419056018381e+00
-9.510219884445492156e-01
1.285313481284856785e+00
1.583905113466164138e+00
2.269669421556042010e-01
1.249142514531708770e+00
-3.031062914397755659e+00
7.201577586680922849e-01
-5.977886737313067300e-01
-2.518258640883743738e-01
-1.049347678663187011e+00
1.605523048149553489e+00
-3.452419456566833134e-01
2.576075892640150578e+00
-8.991914803425800073e-01
-6.499049915189125670e-02
-1.095065342566137190e-02
-7.985032465412800207e-01
-3.039993650577685003e+00
8.775055679562093758e-01
-1.553185148866862431e+00
-3.675734264689143327e+00
3.536937964513139576e+00
2.610551590786959864e+00
-1.626093134022491782e+00
1.863919992519051938e+00
2.957381315879805683e-01
2.444124810133329717e+00
7.992337434648577599e-01
-1.365698093048388184e+00
2.203783202547211495e+00
1.106542275885643356e+00
1.585424577059006523e+00
1.153623460618908858e+00
-1.371625967786601841e+00
5.837386642166011441e-01
8.983338962168829767e-01
9.792803054809571250e-01
3.894745481521557195e+00
2.852052978886163714e-01
-7.617168365970448107e-01
-3.264209531611439452e+00
-1.523943969844093971e+00
1.245059164020792863e+00
6.327247707936090038e-01
1.456247795397420219e+00
-1.108718178516429731e+00
-1.058190265368947003e+00
-4.386695072095285752e-01
-2.427725487882790301e+00
-2.615692131304177437e+00
-1.978535032789369819e+00
1.223258651725488200e+00
-2.484494511732648903e-02
-2.220832929103453424e-01
4.840849734123642278e-01
-4.004899375198815115e+00
9.369868483866383713e-01
-1.440066970822359682e+00
-4.627298128816486056e-01
1.305691560364673265e+00
-3.118544448088602650e-01
1.660049312054221460e+00
-1.282712105986929529e-01
3.447590098126484648e+00
-1.183038377442664491e+00
1.837307145445317147e+00
1.494520277812140918e+00
2.138367937020415610e-01
-1.835577806669894674e+00
-5.847013314233642234e-01
2.197147962029166735e+00
2.826463955943312456e+00
8.144043466592743030e-01
2.371080257429739824e+00
-1.068514705692230393e+00
2.215550121550872831e+00
5.961233221318025244e-01
-3.481288852289594171e+00
-3.056493156321385740e+00
3.522228842188862785e+00
-2.152303307045656311e+00
6.767525878668738670e-01
1.467453402400598073e+00
-2.444446635032111015e+00
3.495296257100719117e+00
-2.363302900035477716e+00
2.978401374640120558e+00
-1.168892996782879390e+00
-1.190594279176977466e-01
6.132225788806149325e-01
2.492792631747330567e+00
1.730135026012673549e+00
1.613495397681289134e+00
-1.917634153440741507e+00
1.037366564256561929e+00
-2.708308586376600324e+00
9.523646085323420607e-01
1.476737299307436579e+00
-1.183142012013868705e+00
-2.732506425005514217e-01
1.809114309188758263e+00
2.759288155281103272e+00
-2.737673585896738260e-01
2.044749405350385629e+00
3.513876215428162197e-01
5.375836647540435109e-01
-1.798056295731154552e+00
-1.649505007432110926e+00
4.506394646342570809e-01
-3.873651004151552613e-01
1.457421303174012195e+00
2.107039018743508407e+00
-7.775252756257113873e-01
-9.176865472147159863e-01
-2.535440525171809956e+00
-3.106105703274186780e-01
-3.976303607590601086e+00
-1.228650450705810471e+00
1.324194962387865715e+00
2.828872274671613951e+00
1.110612391526166753e+00
4.872143348627755444e-02
2.632509155987198923e+00
6.449782354596225176e-01
-1.974138704105120823e+00
2.020421477318008030e+00
3.103819692455465074e-01
-1.143099231957167561e-01
2.842397089601935711e+00
-8.776974790067706422e-01
3.303443516893986853e-01
-2.022414110704870982e+00
9.916056075431711747e-02
-2.248182146755021815e+00
4.956421661839609527e-01
1.633027416333043824e+00
-1.681679984678440931e+00
-1.150201252104943173e+00
-1.168828889603348298e+00
1.157589394030495988e+00
-1.293137977561674035e+00
-1.551579458813668211e+00
-2.539885253969740742e+00
1.396550965398288824e-01
-7.626968693773665819e-01
-7.465451155427365038e-01
1.541328106242259466e+00
2.350594385696194166e+00
4.744306173705936658e-01
-1.047709262272566999e+00
8.305659609756634865e-01
2.538699799488151498e+00
4.112827370547469386e-01
9.424914882276969053e-01
2.556815232669546134e+00
1.381714702336993561e+00
1.710049083834379147e+00
1.670850709644754239e+00
-3.269308545405635869e-03
-4.462511796746069237e-01
-2.593886011645056833e+00
-2.503962423280675864e+00
3.212863586461489618e-01
-2.322180199447761328e+00
3.088058575469698752e-01
-1.987415305206843730e+00
2.113747661112537202e+00
-1.392532520537377305e+00
3.144707654220258775e+00
1.046970516355898440e-01
2.091540894446874965e+00
6.899397480154192408e-01
5.792848514044468544e-01
-2.226052419593677723e+00
-7.584713965460743168e-02
-6.190477964937723954e-01
5.766076686429455478e-01
8.027053231938392486e-01
1.274958528392149404e+00
-1.516204864363832616e+00
-1.631798073225488643e+00
-1.578027505096638805e+00
2.762718623009991603e+00
2.655743050993785381e+00
-2.373034769150366152e+00
-1.493727903465930318e+00
3.080664623240449984e-01
-2.247679855565600349e+00
9.325756785043726182e-01
3.128927966000594196e-01
-2.035229609723296917e+00
-5.078988003611728530e-01
-8.486909833324318697e-02
-1.959213741634093342e+00
-2.001544665597319028e+00
8.042451444004505845e-01
1.567985041481430031e+00
1.943351875318302113e+00
-2.819064985280004265e-01
2.024950817832545269e+00
1.021848636173597669e+00
-5.051066525145611052e-01
9.170446216837362385e-01
-2.414348383957412025e+00
2.238387650318709454e+00
3.533948691084258797e-01
3.301562460232831953e-01
-2.316655279053438043e+00
2.152028049761921302e+00
2.616463869765350836e-01
5.665951714202810408e-01
2.729623692046001082e+00
-1.977582395752674582e+00
2.001114313969366343e+00
4.705011829634972997e-01
2.208069290874901114e-01
-2.200619228097977498e-02
1.992628827405146907e+00
9.678906925131061101e-01
2.275857638293725671e+00
-1.304605174299698245e+00
7.660172907860722802e-01
2.885536311479311777e+00
-1.247312169423539174e+00
9.982677476020507257e-01
2.976724584569627297e+00
1.265958317277881662e+00
-1.039950259454780479e-01
-2.902572005175151126e+00
-2.669118749072217689e+00
3.595538822675708346e+00
8.265552710266987901e-02
-1.131092772309889583e+00
-9.938197374447552690e-01
-1.114594175734968662e+00
2.900199067777484707e+00
1.533756166291642131e+00
1.561884607335539243e+00
-2.575060958904381359e+00
-3.555523186320490581e-01
8.495286454872186255e-03
1.462888274419915646e-01
-3.868753916432907225e+00
-5.717156143121568945e-01
-7.638194339939481381e-01
-1.165266165126499942e+00
3.254732023166674537e+00
2.080445361971445806e+00
-2.768039342263497460e-01
-2.908221801358124026e+00
2.618807139302450793e+00
4.993976605143490843e-01
4.081590631220048948e-01
-3.722830248872881498e-01
2.058379474903917483e+00
-1.824196777571910566e+00
1.227060639238689355e+00
4.535581701605293503e-01
1.705870487694737037e+00
3.368072897508884722e-01
2.531285294085857451e+00
-2.154069791943189482e+00
-4.176427530319379855e-01
3.800630824589905643e-01
-8.024127945754617741e-01
8.529820708277382479e-01
5.069419856514194578e-01
2.623971567404793426e+00
2.238398932479690018e+00
3.044388731029226136e-01
3.837222590809332701e-01
1.193937222796339626e-01
-7.132747319577781298e-01
3.090050141397613359e+00
-2.834286269423164306e+00
3.780047231348842018e-01
1.493864322622027174e+00
7.440582423926827005e-01
-1.915908555870097452e+00
-3.396074159496418332e-01
1.696891949819210765e+00
-2.946609554065295900e+00
-1.773655621617590050e+00
-3.177508711845361766e+00
2.328429865077776384e+00
-1.637814935332355670e+00
-1.803289160459097040e+00
4.860513806521975511e-01
-1.866292369988473698e+00
1.726178348084567382e+00
-2.406502121296592911e+00
-2.228683368495614658e+00
2.388838359049874960e+00
-2.220781707500654178e+00
7.510317742398058272e-01
6.729277958348482969e-01
2.002644615000113149e-01
3.987024837034667257e-01
2.836189191573201818e+00
3.964385983699960647e-01
2.630594234031016221e+00
7.175450734091493032e-01
9.448779640627282816e-01
8.639308601179891411e-01
1.636055181340790199e+00
-1.990169593247495428e+00
-2.490809525222202225e+00
6.305054103513008101e-01
-8.824521262991105175e-01
2.269499663970796277e+00
4.601079677936414924e-02
1.579382355426894868e+00
-7.074332698324834467e-01
-2.073418901127715763e+00
-4.316133111257167698e-01
3.446058696499482821e+00
-1.815142379527078020e+00
-7.064330201349875438e-01
5.032434850031028972e-01
2.664646792354139038e+00
-9.762520716841516233e-01
-2.497086213159377621e+00
1.058317573614243834e+00
-1.272140681968028098e+00
1.844821786177222478e+00
3.468229444674809869e+00
-3.280814949398025870e+00
-4.628823581523509034e-01
7.870167472791109731e-01
-3.019876555199947799e+00
1.071145992840875749e+00
-1.697983320029923249e+00
-1.652108541315844725e+00
1.173371980872458309e+00
-2.171766482558577849e+00
-6.030668270878125625e-01
-6.675288671133277063e-01
3.923468676956609613e-01
-2.682813760318877527e+00
1.205535116818563068e+00
-2.015199414188697524e+00
-2.311326936989407166e+00
2.326245150424903763e+00
2.328602478889866489e+00
-1.307190787756913330e+00
1.744379577115743984e+00
1.732174812692970356e+00
-3.487348919143009596e-01
1.142773012891834306e+00
7.532722610227580162e-01
-9.089216835067315259e-01
-3.375085876601372270e+00
-6.351020362860726465e-02
2.163515417734207524e+00
-1.831835834587892897e+00
8.202617875772499900e-01
9.457516689182643432e-01
-1.452653444335501032e+00
5.145757657744596258e-01
1.058229159397754415e-01
-1.818942535862050569e+00
1.535619210443428528e-01
-3.583431145792763672e+00
-8.256012333259530322e-01
6.550626885976758018e-01
1.093022716659945992e+00
1.732841240875920619e+00
1.230097612788762618e+00
-1.557924609166218666e+00
4.106054254231485956e-01
1.513224754837326991e+00
2.955200777257322109e+00
2.260637568953516308e+00
9.330895092419133618e-01
-3.701597852277309642e-01
-3.168735820472399212e+00
-1.277161990347011056e-01
1.980842926183642660e+00
-1.810923401966404001e+00
1.590452906947362521e+00
3.527409355007584679e-01
2.714119532599791107e+00
-8.106867883790238594e-01
2.086293598211632627e-01
7.433071818955658827e-01
-2.160593327650828233e+00
9.346184577168470398e-01
-2.631137276381181778e+00
-2.445515052062221528e+00
-4.065938831685897981e-01
3.319677502335405705e+00
1.233848315219176150e+00
-1.377148088891887667e+00
-2.072615067188784188e+00
-1.508056115992808088e+00
-8.651828542814135048e-01
8.302471104591742090e-01
-1.451470130772146483e+00
-1.917907400470593160e-01
1.375744705139270607e+00
1.954845967650113536e+00
1.405232434562730504e+00
-2.138619135821323347e+00
-2.417598278345619356e+00
-2.365815858043877729e+00
2.729831795857172949e+00
-1.098687508341880559e+00
6.163391222180445439e-01
-1.385928127915306618e+00
5.583318246668911300e-01
-5.165160421863124185e-02
-4.353926052685892500e-01
-2.576221240382522204e+00
1.811226430229107009e-01
1.408415463928486488e+00
1.059326127533677386e+00
-3.632521715783563643e+00
2.143192033754594661e+00
-2.158528023991270750e+00
-3.875789849207231796e-01
-2.156168491952159982e+00
1.278147370432129115e+00
1.403945240467692201e+00
8.186904430494488238e-01
-5.249312252292632763e-01
1.311707485621408154e+00
-1.603470323287567112e+00
-1.785554316187262458e+00
1.078211241312181379e+00
6.647967722481755715e-01
-5.426410507182719556e-01
1.651057285789629958e-01
-2.222357033749327027e+00
4.695613509817579967e-01
-1.973710388805720584e-01
-1.508420705786956972e+00
7.514717182358854330e-01
-1.205416540183952723e+00
-2.388686228905051223e+00
-3.667244701394527073e+00
8.652081454944031691e-01
-1.037646292831440054e+00
-1.969419523033053565e+00
-2.231102382186903377e+00
-2.483777686473001012e+00
1.988825658847100719e+00
8.225740832544135017e-01
-6.711687755885789031e-01
-4.060251772206777687e-01
-1.698899497698442840e+00
-5.370834611991206486e-01
-2.998775269200234739e+00
-5.287999700247079105e-01
1.748750249408647761e+00
2.193242349234688859e+00
2.123568905231451254e+00
1.948892210103072564e+00
-1.121110024957440388e+00
-4.921363199407640110e-01
-2.857382534739976165e-01
7.636375152789298681e-02
-1.222665997357806233e+00
-6.244967958118756712e-01
-9.511669970662497420e-01
-8.297863432637333503e-01
-7.804558898337932149e-01
-8.245885778315145132e-01
-6.209403514103577493e-01
2.309888398316357616e+00
-2.462079212269265849e+00
7.209680594038943013e-01
1.105834915348684611e+00
1.724953942619595892e+00
1.465247147549654017e+00
-2.380591097133522016e+00
1.446094890915860631e+00
-2.006418017749637350e+00
2.527539891908654468e+00
2.213129775559055545e+00
1.836055376669643024e+00
-2.068777175463997864e+00
2.701329481854479297e+00
1.482554787040857747e+00
2.273620312995162429e+00
1.916660696917383611e+00
3.051875346493538643e+00
2.066123813062681336e-02
4.227021053644239856e-01
3.437529341840567909e+00
-3.217414527107473887e-01
1.410823497510368618e+00
-1.873745740745995647e-01
1.433730209545720058e+00
-8.387692640202573102e-01
-9.406032593606381553e-01
-2.691073602509482132e+00
3.104186000630658526e+00
-3.477438971042467131e+00
-3.799933281061509405e-01
2.216300093197379084e+00
1.236594628926662054e+00
7.854892920231222320e-01
5.884427438360422258e-01
4.718704910065287805e-01
-8.774513125970972993e-02
-5.630370662283032956e-01
1.163766105067169043e+00
-7.294988740619885448e-01
3.899751699111455139e+00
3.390929760216266686e+00
-1.438608648613508123e+00
5.801417707523679468e-01
2.416388483048759639e+00
2.108485182987918094e+00
2.229154306674149488e+00
-1.611646770442304977e+00
-3.138872898785357357e+00
-1.515249855564695380e+00
-1.160377149395632301e+00
-2.399228659182805146e+00
1.489396557670961130e-01
8.304342490781095876e-01
-1.856160146800016619e+00
2.553516986053701032e+00
-2.427357959650966457e+00
6.549961666430839102e-01
-1.299622673919972549e+00
2.716454313036700263e+00
9.671071612008530494e-01
2.920970292794398127e+00
1.350021504118182669e+00
-1.269939538490904241e+00
4.623369496937712597e-02
8.680858279956726875e-01
-1.561858482142009841e+00
-1.665249148320929962e+00
-1.539692896769668806e-01
-3.532929297354076681e+00
-1.872198152572819296e+00
2.066903637094847923e+00
-1.092978242790201726e+00
-1.885799004343073459e+00
1.418901778994980489e+00
-1.626289057857279285e+00
8.361426241025382566e-01
-4.895746972884555959e-01
-2.765229135422440976e+00
4.085048529705783693e-01
-1.429195401890939188e+00
6.705332817126681277e-01
3.466182708950949376e+00
2.714071004438717516e+00
-2.246398571202199435e-01
1.827242378541418688e+00
7.090936062114385763e-01
1.500106934054156405e+00
7.930844943708397210e-01
2.424060116754428229e+00
8.907817081598743414e-01
1.694480541328122314e+00
-2.350466512726457680e+00
-1.448701883940792801e+00
-1.796517445250484180e+00
4.212822149949531081e-01
7.410246322584868039e-01
5.462528227064478159e-02
-8.154401797837698140e-01
-1.217466304015661915e+00
8.369203917902634515e-02
2.072112549249231606e+00
-1.914070353000758562e+00
8.051642558156206775e-01
-6.133373332521863119e-02
-1.719190727360466742e+00
-2.164493834089650015e+00
-3.656602786278064787e+00
1.381477124374094423e+00
-2.428723359542281912e+00
-2.617422359441667012e+00
-1.628792101908356216e-01
-8.164114309083982945e-01
7.465193732147534789e-01
-6.593491384473519901e-01
1.075920472854026144e+00
3.446548985635109474e+00
1.343669946691274930e+00
7.016978941048357399e-01
-2.672567270692761454e+00
-1.034601105728163439e+00
2.143628033701768132e+00
2.295697834716730057e+00
-1.050343176037744630e+00
-1.483342970493930491e+00
3.332236176978078390e-01
-1.096752967279120305e+00
-2.815777257920792920e+00
-4.410690628064681817e-01
-3.692613869226025969e+00
6.313736714171955811e-01
3.941924654149673302e-01
-3.462590351704042391e-01
2.938656516833800580e+00
1.666560699319186156e+00
-2.789021719328962590e+00
4.520420502877406932e-01
3.791410858468591272e-01
-3.173339386825968944e+00
-1.354898086155214010e+00
2.007588386679534764e+00
5.647309187823505994e-01
2.842780131365412188e+00
4.037117853917360222e-01
-2.565284799859475218e+00
1.982185965312383225e+00
7.001102638746115048e-01
-2.959782528267531632e-01
8.121520727826094799e-01
1.012060685616878786e+00
1.696282942240951996e-01
1.297880723429399197e+00
-2.004357326281365204e+00
2.442194196895398406e+00
1.955733903224157189e+00
1.036889570779139014e+00
1.146470739643383752e-01
-3.657974760585327445e-01
1.530977494448164222e+00
9.786090006749272874e-01
1.422151281316210714e+00
-6.855777377329363986e-02
2.661698772862191475e+00
-3.090185839936285817e-01
2.948491248668881681e+00
-9.257522101196258291e-01
1.044030722071504158e+00
-2.831082794581005757e-01
6.289619164490245495e-01
-3.685348356944181170e+00
-2.204608265042405257e+00
2.884556149509500678e+00
-1.577980403647023522e+00
2.706415401528170506e-01
9.145312499733169176e-01
2.040967988042057257e+00
-5.098293255534560586e-01
-3.178113517664260534e+00
-1.310056273867325594e+00
-3.097840251617114404e+00
-3.000588844484583184e+00
1.747612266248681934e+00
1.065584514440542918e+00
4.537964821022946182e-01
-2.134153673118736272e+00
2.591066619905424417e+00
3.604465718410708064e+00
-9.904934617027878474e-01
2.252324616207856955e+00
5.621438090855868097e-01
-8.162427715742701650e-01
-2.484368352588213202e+00
1.892014564999318083e-01
-2.300468834918509842e-01
4.988390104678881443e-01
1.785837199603075298e+00
-1.451106480948753052e+00
-2.315109528720414644e+00
-7.486051100538793079e-01
1.212087755938320299e-01
-8.378708197225019916e-01
1.963202102288316375e+00
-8.468556406413316751e-01
6.033206178147132448e-01
-2.127708823605725108e+00
2.962129725073276099e+00
-1.484989448809672208e+00
5.479089388941602579e-01
-2.205968829807094522e-01
3.457095202759639108e-01
7.414177829330785841e-01
1.269074057793904586e+00
1.334663350654770042e+00
1.781397961578888633e+00
-2.535063212163972679e-01
-2.152077920305047520e+00
-9.096431083785372351e-02
-1.153820303504673461e+00
1.343762155477730147e+00
-1.530522049952428354e+00
2.476121061802794010e+00
-1.824909189146926014e+00
-5.111811440801670159e-01
1.054099047175704129e+00
1.195603486664353454e+00
1.095134379611382158e+00
-3.741509881445672647e-01
-2.306923171832778063e+00
-3.810265513952009186e-01
-2.825282071267403161e+00
-1.679313054563956520e+00
1.056026626208525165e+00
2.588126603774929535e-01
-1.289341705447665021e+00
1.706110848956231330e+00
1.139873369392839564e+00
1.681923630226432209e+00
8.933799472420655974e-01
3.265779367639709108e+00
-1.195890414536822988e+00
2.764585541041189032e+00
-3.159303941612314315e+00
2.419413871564623619e+00
1.922549549267409397e+00
7.685801300536088121e-01
1.081654735915509313e+00
-3.897674981432963648e-01
3.367267865809040472e-01
-9.101388680573432310e-01
-2.650809951496107431e+00
-1.133601597621423984e+00
1.014928405142586421e+00
1.869963462610824578e+00
-2.515178002868655227e+00
-1.865223864106537732e-01
1.861648350893649884e+00
2.168036601156931198e+00
3.217298542478172152e+00
-1.110294611931117004e+00
-1.584535934240942634e+00
-1.064138342362863643e+00
1.734117153305350101e-01
7.165936778842141308e-01
-3.091714860878745696e+00
-4.691046178690259083e-01
-4.856976693965719960e-02
1.894322457887588129e+00
8.765915841756912741e-01
-1.856109909668556490e+00
2.208778667571013266e+00
-5.547404185640019136e-01
9.124943878094793348e-02
7.580610055628103083e-01
-2.415725605466523263e-01
-1.778385062028948749e+00
1.059186234928588988e+00
-1.194545706475365954e+00
3.346348831199225771e+00
-8.264292538186595038e-01
-7.672274466503274937e-01
6.541543916098646605e-02
5.135002838765290178e-01
-1.377279809150576462e+00
-1.292211090014180108e+00
2.687463802715702954e+00
9.390855933417974200e-01
-5.553533834038324457e-01
1.194939583450685738e+00
-2.847664807791074892e-01
1.767238157358077544e+00
1.792413280385841468e+00
3.882462926405230164e-01
9.600549872586583433e-01
2.949807330277298689e-01
-5.225228573279281363e-01
1.475422673596024303e+00
2.803347912963882749e-01
1.394809427980582939e+00
-9.685586840995874525e-02
-1.915228969517147384e+00
1.606245162638575863e+00
-1.040802429031893794e+00
-2.319607835490469228e-01
-2.606136257912962328e+00
-3.683093928970784248e-01
5.585018172946210058e-02
1.350883506492071007e+00
-8.976685354058595578e-01
-2.386693384206850510e-02
-1.973457281046702150e-01
2.056195977530324015e+00
7.881055373455403412e-03
2.214699588431412458e+00
2.729447426234289154e+00
-1.852785349007821658e+00
-1.351823819963096085e-01
7.155497766196630138e-01
2.373958001968212272e+00
-2.992531520222987851e+00
2.966531780395785134e+00
-2.209184187589104731e+00
2.519137920341700365e+00
5.573700302626880543e-01
-1.302404317995001115e+00
1.154266351772408328e+00
1.181055554329631718e+00
-2.548960628262241901e+00
1.365888989492470174e+00
-2.070146542027224701e+00
-2.580600898718703462e-01
1.726010820259729073e-01
1.436730102304759171e+00
2.648834223021543366e+00
-7.006407920401365175e-01
2.391356429740827849e+00
-9.963278135071185204e-01
-1.469841636815294894e+00
-7.385078508707749734e-01
1.821905498863950257e+00
-7.689421146043535771e-01
-4.262434599099336197e-01
-8.973780745130897074e-01
-6.070536945379219063e-01
-3.057374564012000917e-01
-1.987779510104127567e+00
-3.653960826802098438e-01
2.071419829844113991e+00
-1.696081400436868059e+00
1.073444189252436232e+00
2.051699461538065705e+00
1.973598518146530090e+00
2.158219890378676453e+00
-8.544990705996173830e-01
7.185435730008924438e-01
-5.301770516926618271e-01
-2.476297230500049018e+00
-1.650393520557456029e-01
-1.828466984631571535e-01
-2.584567725943799132e+00
-1.513795856500736114e+00
3.219887994491493544e+00
4.077831118375243591e-01
2.042027055981206374e+00
8.893788531667627950e-01
3.768720607938389477e-01
-1.823703797018609407e+00
-3.329068386692317194e+00
-1.266623482061104866e+00
3.621330642471106032e+00
1.264171683013692871e-01
5.412521098866491798e-01
1.140583227999034222e+00
-1.544512655051954120e+00
-4.617392269318427722e-01
3.287141765017986828e-01
1.419876775000657787e+00
1.604395460013375185e+00
2.901228511549085454e-01
-1.962887915843990250e+00
-2.353910454742891289e-01
-1.843344676592431952e+00
