1.169000000000000000e+03
3.218000000000000000e+03
1.409000000000000000e+03
2.894000000000000000e+03
2.388000000000000000e+03
1.560000000000000000e+03
2.895000000000000000e+03
2.570000000000000000e+03
3.214000000000000000e+03
3.273000000000000000e+03
3.287000000000000000e+03
1.390000000000000000e+03
3.354000000000000000e+03
3.336000000000000000e+03
3.352000000000000000e+03
3.309000000000000000e+03
3.319000000000000000e+03
3.292000000000000000e+03
3.291000000000000000e+03
3.316000000000000000e+03
3.311000000000000000e+03
3.307000000000000000e+03
3.325000000000000000e+03
3.288000000000000000e+03
3.176000000000000000e+03
3.259000000000000000e+03
3.275000000000000000e+03
3.263000000000000000e+03
2.757000000000000000e+03
3.310000000000000000e+03
3.287000000000000000e+03
3.321000000000000000e+03
3.300000000000000000e+03
3.243000000000000000e+03
3.307000000000000000e+03
3.319000000000000000e+03
3.252000000000000000e+03
3.305000000000000000e+03
3.329000000000000000e+03
3.274000000000000000e+03
3.310000000000000000e+03
3.306000000000000000e+03
3.324000000000000000e+03
3.315000000000000000e+03
3.267000000000000000e+03
3.250000000000000000e+03
3.316000000000000000e+03
3.312000000000000000e+03
3.355000000000000000e+03
3.310000000000000000e+03
3.431000000000000000e+03
3.261000000000000000e+03
3.372000000000000000e+03
3.300000000000000000e+03
3.270000000000000000e+03
3.375000000000000000e+03
3.403000000000000000e+03
3.383000000000000000e+03
3.408000000000000000e+03
3.334000000000000000e+03
3.397000000000000000e+03
3.349000000000000000e+03
3.302000000000000000e+03
3.386000000000000000e+03
3.278000000000000000e+03
3.022000000000000000e+03
3.380000000000000000e+03
3.302000000000000000e+03
3.261000000000000000e+03
3.287000000000000000e+03
3.372000000000000000e+03
3.324000000000000000e+03
3.273000000000000000e+03
3.280000000000000000e+03
3.301000000000000000e+03
3.241000000000000000e+03
3.328000000000000000e+03
3.402000000000000000e+03
3.271000000000000000e+03
3.297000000000000000e+03
3.324000000000000000e+03
3.351000000000000000e+03
3.201000000000000000e+03
3.334000000000000000e+03
3.290000000000000000e+03
3.432000000000000000e+03
3.383000000000000000e+03
3.281000000000000000e+03
3.367000000000000000e+03
3.388000000000000000e+03
3.333000000000000000e+03
3.370000000000000000e+03
3.447000000000000000e+03
3.040000000000000000e+03
3.420000000000000000e+03
3.414000000000000000e+03
3.385000000000000000e+03
3.285000000000000000e+03
3.388000000000000000e+03
3.356000000000000000e+03
