1.539381788374950766e+00
-4.122512247351934889e-01
3.139615309925403608e+00
5.213779499462527056e+00
5.261510807182556704e+00
6.431537447134603624e+00
4.016340409874510797e+00
3.574671123700149167e+00
1.126997852451787629e+00
3.503333201687173215e-01
5.481466126231303804e+00
3.872332943331729282e+00
3.163620283375378150e+00
1.507341561869186997e+00
4.197252741021777922e+00
5.834908284888751240e-01
3.512937632910970720e+00
1.565503643641412701e+00
4.327962445683359860e-01
-1.895978654486019988e+00
6.434176275202501571e+00
6.082841604693662418e+00
-3.480920103413982503e-01
6.210736540297869368e+00
3.439566752688012485e-01
2.110885276405085165e+00
-1.163668780036655193e-01
3.209739371682550413e+00
-1.130405754945250418e+00
6.052516218360928235e+00
4.677597219401382844e+00
6.539429365284233242e+00
-2.132750327073187790e+00
3.303301419353044110e-01
-6.627402794051890922e-01
4.768077689121891893e+00
-1.759643825207270140e+00
7.311649448125967510e-01
6.952006421808459180e+00
-9.133911896427822086e-01
-6.838204043429527701e-01
4.901594237822706646e+00
6.412721383019617249e+00
1.104642754194251175e+00
5.271499598488011529e+00
-3.097563931949318672e-01
1.746414022668519195e+00
2.175107889292844376e+00
3.839120686941395633e+00
5.012499320941998349e+00
6.198287827406653960e+00
-2.133090925747082700e+00
9.592978260147333458e-02
-6.008066237837770274e-01
7.130769262140256970e+00
3.208020093382678795e+00
3.585406049334114442e+00
6.615457766197355483e+00
2.223179284287022384e+00
3.790431869544608645e+00
3.477648172249178771e+00
1.675188771068460980e-01
4.364217029649934076e+00
5.127426673222901243e+00
5.253523679310800887e-01
-7.145706896647290307e-01
5.949075316846197836e+00
5.004868614335675758e+00
1.396774607056487483e+00
-8.148555084343289678e-02
3.843014019421820748e+00
1.535315419665854719e+00
-2.190680412294880419e+00
3.452556931787729155e+00
6.530312392536188781e+00
6.816614110265486914e+00
1.851540130490875846e+00
1.016865057169873410e+00
6.098897025280374251e-01
2.685903787919292185e+00
5.362348297491829285e+00
2.417976500442293286e+00
1.958487744104457917e+00
1.806371614068839726e+00
2.402192632597115463e+00
2.315739680191769345e+00
3.622167910056948159e+00
9.479388291531360977e-01
-1.702933794606748208e+00
4.727561087665472783e+00
4.903836518301591951e-01
2.477511682754354183e+00
2.751257937610794180e+00
-1.824827391526276710e+00
-1.957477904184269146e+00
3.304286651583625556e+00
8.292277358751283245e-01
6.579233771235680095e+00
2.189797839457427564e+00
4.501843184393566233e+00
1.617217822187917875e+00
5.741537248338154598e+00
7.930672237407607739e-01
-1.423412134946688390e+00
2.372387498026172992e+00
7.293832830144795665e+00
2.331529392672842427e+00
-9.122010727522660289e-01
9.986517708789373060e-01
2.377344855290681735e-01
3.277971900276536843e+00
1.961583076775868406e+00
1.400564446310043287e+00
5.773349007286254775e+00
4.558653483524986783e+00
-8.458151064683416820e-02
1.796194924054673514e+00
6.564920085694831542e+00
6.316530022219520646e+00
-1.320896122759309677e-01
6.596360785339232535e+00
-1.305360957371414887e+00
2.605131014301536041e+00
1.867294333586763777e+00
1.161309543249818610e+00
3.386715269244843896e+00
9.345823207320593795e-01
4.580038403344644848e+00
2.341182699776689802e+00
3.630940897749219687e-01
4.053576091729858888e+00
-4.280252200007765850e-01
3.560875288052979926e+00
2.396943837801106980e+00
6.170382694726860962e+00
5.896533633833032084e+00
-4.502749062267987767e-01
-1.641661483491647644e-01
-1.215186255664323145e+00
2.954586351485570361e+00
6.648836770074353808e+00
2.565788008658342001e+00
1.111699378847294639e+00
1.373243184943931716e+00
1.346017694842699619e+00
5.235093594414120588e+00
5.962747241781469754e+00
6.922879774911926631e+00
2.707187080293465442e+00
3.528209551968187085e+00
6.333906358067633136e+00
2.539223893960578238e-01
-3.739526455054695830e-01
5.596468624969226369e+00
3.898679708037978031e+00
4.009646467548352078e+00
1.282000833842893428e+00
-1.603125668522780600e+00
1.994987004480271331e+00
2.077547081263615425e-01
2.654820460333349175e+00
4.159017074108124490e+00
1.223145508037388751e+00
-8.776084399241828038e-01
2.620956273459844610e+00
5.294557018410575466e+00
-6.231285223379661176e-01
-7.443015006728561644e-01
3.204402104158724285e+00
4.089113090480962498e+00
-9.729837542415715745e-01
8.623976416138754431e-01
-2.224808951664237089e+00
1.747423752168742794e+00
6.051988513465799358e+00
7.510462309885879151e-01
5.211335344470890973e-01
1.081509825272624958e+00
3.075628219550059939e+00
6.218029087133089661e+00
4.766239973289428278e+00
3.958425360635947854e+00
2.972261359009291226e+00
7.176712519386949651e-01
2.726167549479119323e+00
3.437281469807901502e+00
5.829562441145718310e+00
3.251193027605690844e+00
-1.368132261295516905e+00
5.961991786349047473e+00
3.626117401558316189e+00
3.801089013325674060e+00
7.109488041255611179e+00
2.066249470510427955e+00
8.545776783504042129e-01
-1.084243828994175374e+00
2.230166231544937538e+00
3.576877486880663426e+00
-4.943889620554546838e-01
6.487333269544418357e+00
2.131352924569640095e+00
3.371574195220496506e+00
1.230836827727538108e+00
6.870422991580989347e+00
4.555144777023995672e+00
2.592830325378510103e+00
5.671310933878871197e+00
2.195507016685467327e+00
2.528298331266839227e+00
1.663701427407035638e+00
-1.440141181299907203e+00
2.028657375419822273e-01
-1.285779208553003983e+00
5.399921938526167864e+00
7.126139712832186390e+00
-4.157958484866108861e-01
2.601406366888907584e+00
5.309177428496502316e+00
2.040015512380985996e+00
5.017198425037662446e+00
6.977539989970477308e+00
5.002957409529690480e+00
5.442096831204100482e+00
7.697869391214453572e-01
4.488949568007218005e+00
4.421824377342993273e-01
4.396430966680108909e+00
4.504339023346403792e+00
-5.007131655856502661e-01
-2.133747912960089366e+00
3.161902926023028471e+00
5.810072388013274747e+00
2.740663573530225605e+00
1.382808907602115056e+00
2.946605838429700697e+00
5.277435002078467718e+00
-5.195158880034167481e-01
-6.530799342707931388e-01
7.868717599839083476e-01
3.201876543577331091e-02
-1.311181363086777019e+00
1.082252170609172559e+00
3.817072857099770289e-01
5.209267232235889722e+00
2.087059981508434525e+00
-2.486678162511832824e-01
-1.512009184824126606e+00
4.182227119992344200e+00
4.018520089224947966e+00
2.588839754650968494e+00
9.041568199341423195e-01
-4.680925926069487986e-01
1.827193152514373864e+00
3.340080854902080176e+00
1.464843828976018614e+00
-4.048899825118317253e-01
1.942173430410607970e+00
3.923687830334577242e+00
-1.033889979337873744e+00
2.252455364729872400e+00
3.999760167855315629e+00
2.725836668026059506e+00
7.571113691078865671e-01
6.175667737522863021e-01
-2.131359719116386664e+00
2.861573796444066176e+00
5.954590657218702177e+00
8.444390441047291418e-01
4.856173875615773738e+00
-4.611550340733030495e-01
1.089703444715796721e+00
6.323938065052544744e+00
5.030362658531268849e+00
4.562885232505500710e+00
4.507349782379066028e+00
7.657689499077209305e-01
-1.495951310986875615e+00
5.713504395378381062e+00
4.891988087666522489e+00
6.084915743682941525e+00
3.563082754380671346e+00
3.011244242581536668e-01
6.246324250033261194e+00
7.274841598124289987e+00
4.416765933021885360e+00
6.009226935794476532e+00
3.109632291213340949e+00
6.495509316719992654e+00
2.109455330932664019e+00
5.901209526763475210e+00
-6.955068922543130583e-01
-1.331194721883179444e+00
5.676917418837659213e-01
-1.270523937800609460e+00
3.529908170816435486e+00
2.543673538082410701e+00
1.665310237843971031e+00
4.295762631145997545e+00
4.870261904378036633e+00
1.768581526666872961e+00
5.759978571602651698e+00
-1.040583083113057583e+00
3.559105948325829161e+00
3.768846622929016732e+00
3.843903302340272887e+00
4.076832680309657064e+00
3.287963664924145490e+00
4.695512160792697287e+00
-2.633155370599835621e-01
3.409795555108528831e+00
1.922081608601589942e+00
-5.594703473065116839e-01
-5.157787104213227281e-01
3.866107174594006324e+00
6.652649160472382306e+00
5.317953818229517182e-01
4.872326773712167380e+00
6.579118443068896482e+00
4.495796894059422399e+00
7.014946261133662375e+00
5.517049120639601512e+00
4.244857005558760221e+00
1.735126593275660767e+00
2.916283918414049658e+00
-7.057856850232173684e-01
1.379135026738382841e+00
4.149249496474608279e+00
2.501180142450273536e+00
-1.925477087076973071e+00
3.862143039147470702e+00
-1.004713941173660530e-01
-9.040860224526783284e-01
-2.028102759552159906e+00
3.044012559510068883e+00
-5.005825265286478754e-02
1.030745748146372875e+00
-1.753509345162834077e+00
3.223814934871548132e+00
-5.504323566437054893e-01
1.820068950498388460e+00
6.304950774561403293e+00
2.019787278062680436e+00
-7.245196781125944341e-01
-1.634193257915332431e+00
1.400087880785326533e+00
2.811792676040270500e+00
2.293089244862338560e+00
7.834034912679843643e-02
4.699070896100190353e-01
-6.781879461312847468e-01
3.112097400075247933e+00
-2.049758948636844380e+00
3.015791569910845737e+00
2.627868721840844302e+00
1.203852498360734380e+00
6.301820527826651031e+00
-3.418090440219669901e-01
3.156573412925073541e+00
2.806100262514369170e+00
7.270069128263811464e+00
2.866662633510697944e+00
8.241866576061802618e-01
4.170482104818708180e+00
4.168572568014376145e+00
2.064248402370163937e+00
1.686129949415275497e+00
-8.332913864902700141e-01
1.872276711445443276e+00
-1.473411352949540287e+00
-9.014931692462138102e-01
7.240669967503272630e-01
6.066766397291054602e+00
3.897870460525554748e+00
1.852001848937189443e+00
5.331674677839320253e+00
1.413825310983263250e-02
-1.711598582490768905e+00
-8.677939436053785371e-01
5.488191685625059435e+00
4.511260580095889594e+00
2.089254864707104531e+00
1.280663365746518068e+00
-9.400683613002938088e-01
6.238528851441158096e+00
1.530275893612484062e+00
-1.637919960015633336e+00
6.708627608659497810e+00
5.107448470080862890e+00
3.438849067801783121e+00
-1.327306970392442498e+00
4.231040565472074633e+00
-1.831984816156505769e+00
4.735565634312640881e+00
7.405825866634323518e-01
1.334356015083981717e-01
1.704113313242796579e-01
5.903934516619834483e+00
-3.096123746891610296e-01
2.776312527948405773e-01
3.091215322286378964e+00
-4.352184847991074079e-01
1.599324575059522857e+00
1.750239552812500321e+00
1.457737832006504419e+00
4.042010236913471388e+00
2.730745644533486782e+00
-2.930385953754210959e-02
6.731620147837702461e-01
2.428090980964682899e+00
-1.044716500054087227e+00
2.365257834433641904e+00
-5.555982369173584345e-02
7.368151730227907592e-01
5.266609505918840028e+00
4.995590500463709560e+00
4.830083244886402838e+00
7.012936809070803079e+00
3.348000883641255143e+00
5.294601615210291712e+00
2.330507421419678593e+00
6.656434766828796867e+00
6.088092076691683729e+00
2.186803624977223137e+00
5.261354897895959226e+00
4.793958612062080960e+00
6.920039050721442209e+00
4.261480499811501232e+00
6.763926442675289863e-01
6.563747464748825422e+00
-1.242790100005620069e+00
1.928973734765946801e+00
-7.491318713703210008e-01
7.273058043547182550e+00
6.891173476390353159e-01
5.958157530034222660e+00
2.264915636674390775e+00
3.537528362457294406e+00
4.399093293602460264e+00
5.278168751516524537e+00
4.524244150617615645e-01
-9.362708231518137580e-01
5.319032646146530041e+00
5.227308907046626985e+00
-3.219019368885831511e-01
3.940954359685120423e+00
2.251698468163609412e+00
-2.246076431100371362e+00
4.692593523639203568e-01
4.978984210258674992e+00
7.926872634531880735e-01
5.400309086167148109e+00
3.466738229413131478e+00
3.594855650675016889e+00
2.292068643008376760e+00
2.551382767947578678e+00
-1.069110866701112883e+00
2.019115500776286432e+00
2.516587020486461768e+00
2.425777522467492453e+00
2.629005392887211023e+00
5.380083906726140341e+00
-1.102738611344137087e+00
-1.978970352417120271e+00
6.923154570589820977e+00
4.810067279374473870e+00
1.454531542210762751e+00
4.141315854724133771e+00
2.206227421613459860e+00
-2.206876079009961522e+00
1.440371110382288045e+00
1.029029981339233402e-01
3.732397239008339085e+00
5.886756811250961618e-01
3.463961074999980738e+00
1.394017445553169310e+00
1.044256607438494910e+00
3.028928741996914198e+00
2.985735975652969998e-01
1.465780685278936346e+00
3.386011373813429870e+00
3.621718656249086621e+00
3.547332258901038315e+00
2.353546127254928066e+00
2.635563520303298546e+00
6.116573930693588679e+00
3.741682992161111443e+00
5.289403489472466191e+00
2.468975803923287415e+00
3.963351498757241131e+00
-1.109986106677810280e+00
3.021466047185445092e+00
6.538052176897322099e+00
1.417640758950638791e+00
2.143771845495612283e+00
2.069911033748833340e+00
1.818999481245887395e+00
7.370743249527746954e-01
3.415904209350951959e+00
5.573972125244129217e+00
6.115553730928985132e+00
6.041871628787625070e-01
-4.979646811504014892e-01
5.459643622020779574e+00
2.190566559527606927e-01
1.949002714350682730e+00
3.683723254156147320e+00
3.172006735827755719e+00
1.755856500844595658e+00
5.499292387003995586e+00
5.533377504003878400e+00
2.199800721356086619e+00
2.625668354035488150e+00
-2.065898201035050619e+00
6.325283716657683186e+00
5.839362849747381290e+00
4.882327296003667882e+00
-1.108831261471953766e+00
1.747676636592524702e+00
2.441567178707341412e+00
1.120678582126213740e+00
6.348925421634532995e+00
8.552665197605513470e-01
1.151651128185943840e+00
-2.397748558043408806e-01
6.534023760902664790e+00
-2.063271457060001701e+00
2.497275111106061374e+00
1.771665142194037479e+00
4.068685681317511182e+00
3.617300701066698210e+00
5.686806168046404153e+00
4.023494905008039524e+00
2.824362398717640943e+00
3.617735958091158111e+00
5.045133951519359172e+00
-3.970241166319921078e-01
-1.974068511103203249e+00
1.805575090552587803e+00
3.471296985025915660e+00
-9.526419299080259862e-01
-1.418598789945163308e+00
4.446020661443256472e+00
6.459473204124694945e-01
2.967442491741509869e+00
5.190522033468669250e+00
-1.365818736143760148e-01
2.222968429258257217e+00
5.487128172101581214e+00
-4.358798773348837585e-02
2.110668071316145422e+00
6.108439602481862352e+00
2.994868385518776321e-01
2.397821594582957516e+00
1.674348793172034888e+00
1.791973361025480216e+00
4.361735704832902627e+00
1.524198862403318699e+00
5.406698559790587666e+00
7.491809324543883264e-01
4.051411484590879297e+00
6.842793331365149001e+00
3.624527470373328342e+00
2.642958353178479491e+00
3.015756059333448036e+00
-5.398480336418742809e-01
2.569584064611592389e+00
2.376526368632026376e+00
2.705121443799262337e+00
-1.049035281042616230e+00
2.735651544803212154e+00
4.994993511723643920e+00
-1.745217199097073291e-01
4.460742346704911654e+00
1.878625488932193832e+00
1.856544540760215689e+00
-1.158149385582976976e+00
5.843025781528956131e+00
5.881059540549228970e+00
-4.476102190663260316e-01
2.550110858572011807e+00
5.016267809873180994e+00
-7.727543474795588452e-01
3.391385046801925540e+00
-6.760568332335274988e-01
-1.680020413630924914e+00
4.352945021211782617e+00
5.657441663370756046e+00
6.960089365321241672e+00
1.273765601377549572e+00
4.912807025726220189e+00
-1.890454656948809653e+00
4.817712122951338216e+00
1.502553953238312090e+00
5.546004472435955179e+00
6.159313914242133592e+00
7.771311936624867300e-01
3.336979877149376605e+00
-3.424169520779232201e-01
-1.718098068073973472e+00
6.838557807763814722e+00
-2.209957533830388954e-01
4.582414768378807679e+00
-1.405711190620792639e+00
2.058604804737419691e+00
-5.592757555378540246e-01
2.382873477450321076e+00
-4.956217811322529698e-01
1.313977461801102642e+00
2.257968784060356171e+00
4.205813067748394474e+00
5.286012856679342065e+00
4.484259594569866891e+00
2.113638894511309374e+00
5.334496348554289114e+00
3.101779880036033887e+00
1.364995958952857968e+00
3.838345613175048854e+00
5.801225412253979030e+00
-4.950834485898054638e-01
2.531273307762075042e+00
1.763873529449186961e-01
1.416957734422609860e+00
-1.951579482617637140e+00
1.630523384184425773e+00
5.316458584881379679e+00
2.435380078712078955e+00
2.154262059350967817e+00
5.739155960592251304e+00
-1.950736323511677028e-01
-1.841649303683583483e-01
3.569622661440636335e+00
-1.129812960086132634e+00
-2.298166807284521163e+00
2.340664843249538052e-01
3.885886720849120124e+00
3.384895640698070807e+00
2.997900091856680049e-01
1.784991992011073059e+00
4.693114255898759524e+00
6.529069373767510953e-01
4.729378425299085364e+00
6.173032447450408355e+00
4.532781653328557425e+00
-6.441340734754152919e-01
4.641524199608911161e+00
2.747697241319176698e+00
6.402590951708441835e+00
4.626189318435320885e+00
4.102104716439713528e+00
6.378040602440581353e+00
6.227362245654610717e-02
7.283822376508695129e+00
2.552177447998439597e+00
8.995191889497258231e-01
6.774078570291385049e+00
2.513246395443092140e+00
1.983527933776612073e-01
3.421213780127585480e+00
1.942468742538786763e+00
8.316306234949504272e-01
4.812136051016224769e-01
7.481551232931904494e-01
-1.261598380977883238e+00
5.421243044231127683e-01
4.659727955833293578e+00
1.017745229671191076e+00
3.202704221979562504e+00
6.450570247058678319e+00
2.390098021056899391e+00
2.690154869421935935e+00
3.144114822472454662e+00
-1.603772805139631163e+00
9.879945676575605518e-01
2.343856510814887883e+00
2.632848903613975722e+00
-1.187368413970391057e+00
5.842868090225850963e+00
7.301414535698189212e+00
3.157112932662416327e+00
3.794658483867381804e+00
5.507222625789825798e+00
-1.046239417293302942e+00
-7.523981154541115046e-02
-8.682676785270864173e-01
1.118909998983068199e+00
4.560052728143801914e+00
6.421046729925507179e+00
2.023824315603470758e+00
2.455227105511868402e+00
-7.953767310508013111e-01
-8.360342077285780604e-01
-3.251428929346502628e-01
-2.123511852715846970e-01
5.205664572119033551e+00
-1.533622799110923474e+00
-1.817028970277707600e-01
-1.565757351125191210e+00
6.814360586483235949e+00
4.583081929758034079e+00
4.872451400574000502e+00
5.872378889159225679e+00
4.385422015200385104e+00
1.331737763745810099e+00
-3.974973980382419114e-01
6.118381452427948730e+00
-2.126582674217907254e-01
3.617897488928779381e+00
3.074536953196616906e+00
4.067827743244150085e-01
-1.796913673010704926e-01
2.110479863057468819e+00
2.816007114871139194e+00
1.007737597324274148e+00
1.448662711757339849e+00
4.692465099134146556e+00
1.149551707464135930e+00
3.269057497883865793e+00
4.932455001855263532e+00
-1.696977942612511114e+00
4.103974980801210037e+00
5.602806451646683783e+00
-1.458567820548255067e+00
3.671700739019287951e+00
-1.620988306848581750e+00
2.078163441109893483e+00
1.379983676652586588e+00
3.044948351865043534e+00
2.850221558382270537e+00
-4.641217484933903847e-01
-2.941355177983471236e-01
7.403529713432487114e+00
5.770002250987724679e+00
5.905337097990935646e+00
-6.437768121282916312e-01
5.325716036442164736e+00
1.638588753985063207e+00
1.232163365413782685e+00
2.865263553414485465e+00
5.639340325037620616e+00
5.412862601976641486e+00
-1.023785451486190823e+00
2.597062125541307331e+00
-1.089743376559528354e+00
5.329942590285714488e-01
9.508041562014062364e-01
4.710098962668924472e+00
4.961570824004281732e+00
7.030357296670194600e+00
-1.757451137999028745e-01
7.297006505604601401e+00
1.599133724289499625e+00
4.579874146439189886e+00
1.736140638753267851e+00
5.913267570074234314e+00
7.183508832412144329e-03
3.422211453301850170e+00
1.911577000372244761e+00
5.281659780528032755e+00
-3.185218651979067062e-01
5.419268910578619369e+00
4.667602262425408099e+00
-7.734338658372612585e-01
6.856639781213752727e+00
1.540963686524613685e+00
1.524702792337969903e+00
5.602940189235310342e-01
5.950328602396769639e+00
2.791677427867771399e-01
6.445142420849810705e+00
3.383903965243391099e-01
5.366091133574121486e+00
5.414890658738693574e+00
2.772725789683774700e+00
5.600314442860204522e+00
1.565983529195711377e+00
1.161314372169075071e+00
2.535852721608526927e+00
2.884435959914421588e+00
4.410845004779329059e+00
1.499705419819528096e+00
2.927602662396368238e+00
-2.998941330228070967e-01
1.882887604238682400e+00
1.417959518969459154e+00
4.882399222417948437e+00
3.716727937191039999e+00
2.591956028307500937e+00
-2.015517683034676377e+00
-1.597805231364771039e+00
-1.463669627625195702e+00
3.296518096445707258e+00
1.501200359635704196e+00
3.550596666547999547e+00
6.408932138248314203e+00
2.148613863472217389e+00
6.489052939105715012e-01
-1.351074833426567423e+00
-9.440642088678927735e-01
6.324238223838218431e+00
2.504798938930355767e+00
1.298073488421027655e+00
-5.135310894678184468e-01
4.794623863275356612e+00
1.867911979059472927e+00
-1.753998915030216210e+00
2.849419317997162970e+00
-2.185678062801050814e-01
3.911797697308019295e+00
-4.845299883128806329e-02
3.677853332609826609e+00
3.761157455492151414e+00
6.234760569626665472e+00
2.817708938359946735e+00
4.401475519267439296e+00
1.110544497487992999e-01
6.168583348051939197e-01
2.028868075091523338e-01
4.836815312329768801e+00
4.330244297083313043e+00
6.064710773408869215e+00
4.990594198539405113e+00
-1.551865687812627126e+00
6.038465425236733353e+00
2.222801277434155232e+00
4.230366089614276959e-01
-1.082659709193372954e+00
6.982240146482070031e+00
5.211538109137443087e+00
5.498697771090048647e+00
4.885747505661537815e+00
1.309521424157374270e+00
8.409473535991622839e-01
6.015185193118982809e+00
5.823058955960274119e+00
1.689994106539166374e+00
1.710584933651006168e+00
2.649449227142568475e+00
-1.925130129763597875e+00
-6.215332293171647038e-01
8.560338312832023178e-01
1.304282413100781746e+00
1.009111265366963828e+00
8.590523750870548980e-01
3.407295109234951269e+00
2.561074439570764305e+00
2.826658396164372533e+00
1.342567967414370678e+00
4.770364658034615957e-01
2.033190171310634398e+00
3.801592264849906755e-01
4.381682243847579983e+00
-7.241278599816673989e-01
3.646797471976634952e-01
7.961845230251887173e-01
5.141011813018817378e+00
6.524319921463845873e-01
2.028105260980614055e+00
-1.499361234202630566e+00
5.193079754489456690e+00
-8.930849941853633567e-01
5.411461651846970256e+00
-6.772793390583551343e-01
4.775987922014365950e+00
1.643029560585844706e+00
4.561754069870122663e+00
5.117528513023547276e+00
5.196229580390401281e+00
1.449680666211953017e+00
1.007376443626462503e+00
4.019828552063163585e+00
-3.931993211817124134e-01
4.428865355523955216e+00
5.907320868647257583e+00
3.642712981593831501e+00
4.894870049623719410e+00
5.203526174927370462e+00
5.633977304497435057e+00
4.689529869536769979e+00
-1.721465001426955688e+00
3.545786317888977024e+00
1.273438719379507589e+00
5.197619579125298372e+00
3.468742217423246288e-01
3.692422904101130499e+00
3.192751311599494102e+00
4.713851457669722578e+00
3.178341390597619665e+00
-1.048209345726736075e-01
3.128218081673416862e+00
1.076137402553195344e+00
6.578027518331523993e-01
-1.105503608536648752e+00
4.556027578312423998e+00
7.273195888111052554e+00
3.567915440044801656e+00
3.502586088526161490e+00
-7.861234395786631524e-01
2.157461815787247161e+00
4.717265657865084449e+00
5.226942786261917107e+00
4.070286080807132834e-01
1.051734171284016028e+00
2.702655973881451956e+00
-1.821386115912981385e+00
4.136322175642879628e+00
6.132967876430553744e+00
2.117578070821048541e+00
4.038651141745951634e+00
4.161788933767892829e+00
3.298371430939697646e+00
6.217680579574457411e+00
5.289589571616213348e+00
1.887210850900631343e+00
5.273458551627957291e+00
5.635563041042086496e-01
2.298601610766526804e+00
-1.701067515180926470e+00
1.462682315445817061e+00
2.773651932732088099e+00
6.509141973676200621e+00
3.087956365234862943e+00
3.320253182542058923e+00
2.755127423717521395e+00
-4.274014994226957853e-01
4.691371763941310391e+00
5.346340115101630985e+00
-6.376796113467975147e-03
-1.254760690040785498e+00
8.230490587297039085e-01
6.528837953877619782e+00
2.296913478917811169e+00
3.019090319181351845e+00
3.519991937985434305e+00
-4.119401503164317191e-01
-1.145780814610177334e+00
7.071206018949771632e-01
3.737690013549102019e+00
1.461723053726788457e+00
2.672333494912415119e+00
1.568274277365064862e+00
5.771262979842703089e+00
5.902478525698269252e-01
5.372464936368645638e+00
4.424565973609034586e+00
2.744402456492946563e+00
4.110499988977187158e+00
3.612247952877403634e+00
-2.211702826324297266e+00
1.179691061821475984e+00
-1.605684186442127181e+00
-1.800095938475405166e+00
-1.173665259468345212e+00
2.289221633308667236e+00
6.249193234353523252e+00
3.632602435756790982e+00
-5.781065832569325380e-01
1.882564336030364771e+00
4.083118181969087601e+00
4.194032078660637097e+00
6.777913963660774144e+00
-1.265157489703382598e+00
3.178427759458539725e-01
5.284796806821297821e+00
-1.565413635189964126e+00
4.412106686980349579e+00
2.187193438026058701e+00
-1.763571979413072643e+00
5.045030763916340533e+00
1.845880486338852933e+00
-8.706181772869108215e-01
-1.780124661168101419e+00
-9.467812529553754075e-01
3.699290979765081033e+00
3.092814697214304687e+00
2.893150761544520222e+00
-1.508792690647723589e+00
-3.764600504695616578e-01
-9.408704232502973497e-01
3.539495509545957930e-01
2.214901505795990211e+00
1.162014205294771507e+00
1.515422359448452383e+00
4.580983357220102192e+00
6.148936813669100943e+00
6.779981600329316294e+00
5.663309010153749767e-02
5.945693043103704056e+00
-5.506927734599820212e-01
-7.080458945721970210e-01
1.890647361569451235e+00
3.390906235875814190e+00
3.438948018076152024e+00
4.893783597947120256e+00
3.779853616562494523e+00
1.105797169056893736e+00
6.006593109711245049e+00
1.721673196184061894e+00
2.763953284026666068e+00
-8.157031897301560974e-01
-6.870505473700001531e-01
1.074453775581493353e+00
1.552258857044417795e+00
5.092373960246842302e+00
2.981140932762995632e-01
-8.817125797150140443e-01
1.536862303670517349e+00
6.681856643430556630e+00
6.275427651811360974e+00
-2.679373328229308626e-01
4.522577732756722924e+00
7.794048040694816493e-01
3.701137735008297014e+00
-1.919171199508893810e+00
5.002134833239519907e+00
6.591871981528198532e+00
-1.447561322701355735e+00
6.497560933412620088e+00
6.926137473361311692e+00
-1.775902614141652958e+00
1.024279542540953436e+00
9.238943463369491127e-01
6.620528584256696547e+00
4.431762679671507499e+00
6.165133605254977667e+00
2.262321976273961255e+00
2.880345439915325656e+00
-1.508543835019388268e+00
-4.651536460558052255e-01
-2.136203032926582868e+00
3.419063212441294297e+00
2.162192639345662748e+00
-1.021624862035706016e-01
3.228635198185564548e+00
-2.828317479930673173e-01
3.412207999748861909e+00
5.424286608196522863e+00
-1.777227352433743857e+00
2.257169869416233432e+00
6.637678963114032271e+00
2.226625027228445575e+00
-1.649719924618801237e+00
1.572600638362190217e+00
3.013835224748534714e+00
5.792430634602240502e+00
2.282874511318091493e-01
-1.646157483539905986e+00
7.592484990033705472e-01
-2.246756265447502621e+00
3.765658941191929898e+00
1.266773365522563921e+00
2.642769825276952922e+00
-9.299858135750600496e-01
-3.827147054404518300e-01
6.560474750877526517e+00
4.890435393249420670e+00
5.743229990927549267e+00
1.247826979182707241e+00
3.928285078805297204e+00
3.380594561440984691e+00
-7.271541846204527815e-01
2.074037408824937145e+00
4.597146312404024826e+00
2.943889615006740179e+00
2.478959201334602902e+00
1.875439046935131415e+00
2.069747451183551412e+00
6.686124315487562697e-01
3.310038223417828718e+00
1.655525640441149804e+00
1.926267734395652020e+00
-2.570423650318121034e-01
5.706287317345465127e+00
1.294896734578376396e+00
6.909268232419130129e-02
3.656837287974870065e-01
-5.643479153888204536e-01
-3.069630232281115312e-01
1.071969441045570903e+00
-3.412546656432109415e-01
1.425866621701840309e+00
-3.331583765075034620e-01
6.469787099854023893e+00
7.215485684448019299e+00
5.849438866895606992e+00
1.554233989150174189e+00
1.353208807431570904e+00
1.749126329867992879e+00
-4.057985291192993671e-01
-9.931447680732610195e-01
2.928082547113963763e+00
6.364838990274957808e+00
5.213190146474881104e+00
3.003497011146137652e+00
-1.031775298006213148e+00
2.587436418274087657e+00
2.893915096163222067e+00
1.738854833008693923e+00
6.100034139616559159e+00
2.927292607407734337e-01
2.712306201038575892e+00
4.680206025371774103e+00
2.771684736644839830e+00
8.852222393498090369e-01
2.684071487368720810e+00
1.006296013510594278e+00
4.770020530104012835e+00
5.634584716168960838e+00
3.122247209468396179e+00
1.214190767952106675e+00
2.149259287581688049e+00
7.152709547390463385e+00
1.625148402599777775e+00
3.776774164991733684e+00
-5.796909789740229968e-01
3.876764745135613310e+00
-1.300775815943714608e+00
2.398346043526224491e+00
2.389722034571983400e+00
-2.282249255967554902e+00
1.982183408468722874e+00
2.383745347476285303e+00
1.004232195159273644e-01
2.960744390760541300e+00
-2.382534712760754125e+00
1.846797823699475316e-02
5.082416278769322560e+00
5.932796219762247247e+00
-1.580315629902748320e+00
4.080301876482984369e+00
4.436451955180634954e+00
3.303690944974979615e+00
4.046243106044579818e+00
-4.422981997182757752e-01
3.915814094984616744e+00
-9.142845822973040271e-01
9.323230622121982947e-01
5.638185410152857457e+00
6.713444728406427586e+00
2.836418068170234008e+00
-9.854198615619100821e-01
6.088158410199032033e+00
2.424361194904265382e+00
-3.277555323563356993e-01
-1.663520976561402964e+00
3.714096230998924497e-01
5.807982437423040878e+00
1.731176079362122699e+00
6.707689098778734760e+00
4.575445534805254511e+00
3.392399482333074090e+00
2.667719476770661124e+00
2.264765629858155549e+00
5.017454299306690402e+00
1.554329648040378764e+00
6.392534228499542337e-01
2.463045884929011109e+00
6.799295352826781880e-01
3.339560391722647736e+00
2.606420054269837472e+00
2.303605742489882147e+00
3.554572514875292910e+00
-5.746494941871169715e-01
2.074231803610592451e+00
7.428514363008533294e+00
5.983086650558984587e+00
-4.892723159965832735e-01
4.554423051690893232e+00
4.224151903903837990e+00
-1.986969021318671036e+00
5.844010247604268571e+00
4.477591972354888483e-01
-5.712759193345933184e-01
3.309637849371927842e+00
3.315802962947081767e+00
-8.344259483672100686e-02
-5.887931256317200379e-01
5.338111933164677581e+00
6.857525639072544976e+00
1.571236141542806664e+00
-2.905100877186370667e-01
-7.696019024517894991e-01
3.653753346722723450e+00
-1.957688811281175223e+00
-1.379284511446966732e+00
3.201167313386047653e+00
-1.178895606865346224e+00
6.968900154993107776e+00
4.219248075821354860e+00
-2.041547470900917816e+00
5.659972600949069843e+00
2.539201161858995803e+00
1.791951078535817032e+00
2.177272394308471526e+00
1.832459169377810504e+00
2.918046753037007335e+00
1.398811449434047560e+00
3.456409750021794736e+00
-2.020368601326892666e+00
4.026817430146623522e+00
5.982282025538836479e-01
-1.403818370837881080e+00
3.052835518830827155e+00
4.939723807169059455e+00
5.522128882321426957e+00
-8.775397123894368434e-01
5.716404206243387520e+00
-7.507988064477899570e-01
2.008335676234508149e+00
-1.301390509230282433e-01
8.587971845847777175e-01
7.176606596445829211e-01
6.537535337418614034e-01
4.941684582396733916e+00
1.083878635099396526e+00
3.444300261303915534e+00
1.226520533968365356e+00
-9.641636393585333309e-01
5.095791291076340102e+00
-1.506781750535089337e+00
-1.343152275504072790e+00
5.039081777085122837e+00
3.252856306412962084e+00
-2.644205100555314658e-01
3.259165324817878684e-01
2.502332280424198530e+00
-7.415417556049419545e-01
-2.115762573730975316e+00
2.941217232314539132e-01
-2.036491112722096375e-01
-2.173007190392893584e+00
1.659388358946880970e+00
3.124011327765696677e+00
2.395735252578386820e+00
4.243770451150412626e+00
4.330635268232889246e+00
1.701430651843614861e+00
1.806892318653128271e-01
3.287214694759727607e+00
1.211653705432124362e+00
2.427506488854636046e-01
1.211644836504358835e+00
6.582024972624449077e+00
4.960197376048050444e+00
3.241908055144808287e+00
-1.236500534621332914e+00
3.620762979715070884e+00
5.193848535389752996e+00
-9.058048275083212530e-01
-4.480249779672744737e-01
7.249291570541801732e+00
-5.525097141352848240e-01
1.179925899203885464e+00
-6.807659275079718242e-01
-4.273398940990453809e-01
8.337769007509026054e-01
4.488050813744308698e+00
-1.628684545191938060e+00
7.323764494417002169e-01
8.338118772243179322e-01
4.265667938582769381e+00
-1.467959116749259607e+00
1.060492828517070940e+00
5.991160715688517158e+00
4.016859675869064006e+00
-1.284434985750826819e+00
6.608784509884371161e-01
2.172325871001592468e+00
-1.399047277550453217e+00
2.720596733146846802e+00
6.357711882099845724e-01
1.881675387288353818e+00
1.506807156362704347e+00
-1.629124742901779666e+00
4.939854029791925782e-01
6.109819699406514815e+00
4.976652853534961451e+00
9.186438439687769630e-01
7.929660265182594259e-01
2.706993407094207882e+00
5.997903745676596898e+00
2.468365962010395265e+00
6.260132002780217420e+00
6.965709372101596131e+00
4.402033388537482494e+00
6.321784455668241876e+00
4.807839647974393671e+00
3.310287483599868352e+00
1.692789930034185097e+00
-1.075511434003032729e+00
6.906725781998884983e+00
1.166921007626660511e+00
6.908727811015785036e+00
1.216351904982355236e+00
6.944212445779751164e+00
6.541565084623595538e+00
1.137683014147613747e+00
6.416715499442984694e+00
4.998284561369128909e+00
1.711476788364295842e+00
5.909196323426632702e+00
-1.383165846573931823e+00
6.785190237105730660e+00
-1.953432807350470313e-01
4.498941228244909496e+00
4.769616226434756356e+00
5.501810541795002507e-01
1.765340594343010494e+00
6.666006721091605414e+00
-2.399145780314735799e+00
1.079515901762245988e+00
2.002097012009882882e+00
6.225152552663917760e+00
1.576537755566996601e+00
1.062132642160518614e+00
2.322955537127612047e+00
3.008215317334965277e+00
4.822891712460258162e+00
3.932305638833298644e+00
2.957547704174848135e+00
2.296603587251786038e+00
-6.558752038458504074e-02
1.915153306630771546e+00
-6.903585246675483234e-01
4.267725030935695330e+00
-2.383148828179551426e+00
6.832030030509033125e+00
6.982360240512655025e-01
3.073137199058454172e+00
4.464410096684716223e+00
-7.140253717498632469e-01
4.001221651792585376e+00
-1.115915416066306065e+00
1.046704285649996180e+00
2.669981043491262085e+00
6.181276264675611642e+00
1.892474142137530180e-01
3.457422388127993074e+00
4.833764556959742720e+00
4.772793223731584433e+00
3.715266620584568358e+00
2.930833275865442289e+00
3.347137812445643235e+00
2.472829780993163418e+00
-2.262471635685940896e+00
7.230939014226651196e+00
3.004266994424781956e+00
2.910006883032485447e+00
1.656706457055038939e+00
5.092873036019476274e+00
-2.524508644350031972e-02
-8.539298988552879166e-02
3.876086332104595300e+00
1.168011502829222614e+00
4.172780395789832397e+00
5.195767606589047460e+00
7.162501971378942400e+00
-3.627563426556790205e-02
6.027340663344363136e+00
-2.329316167565041340e+00
2.749983104945203927e+00
3.148291333288193883e+00
-1.763836176547775469e+00
-1.307880772119771606e-01
5.081755885187117627e+00
5.798801116163497582e+00
1.761208036660570464e+00
1.542331481604026777e-01
3.186109867308831056e+00
4.769153829782551313e+00
3.925779771463105305e+00
1.537504344374996279e+00
2.262597242610296711e+00
6.257825114381569520e+00
-1.383915476936309563e+00
2.992324009859208545e+00
-1.482637652873695533e+00
3.969639939962307906e+00
2.910572510857306838e+00
2.341437657998745259e+00
1.782573350338675588e+00
5.938074862485596128e-01
1.883792439694778054e-01
-4.744407569455377782e-01
5.697834309535512176e-01
-5.360870010731080271e-01
-1.227124404450698592e+00
3.143436737333871633e+00
3.021077255252519578e+00
-2.122221904190082498e-01
3.248315210467183078e+00
1.662092141682515845e+00
1.882801954969818503e+00
-7.229254967084948191e-01
3.521885166874399786e+00
-7.077504566098831162e-01
-5.729846445096553609e-01
4.132637272893195046e+00
-2.318721159293044565e+00
5.545417023702668757e+00
4.984861442403257570e+00
1.166357397981159671e+00
-4.412505672732569550e-01
-1.524326952458379569e+00
4.094064876705504119e+00
5.450978213427797314e-01
2.359989393095657917e+00
1.091195423409003773e+00
5.362151649615398696e+00
5.911344852991341270e+00
4.207120668080213122e-01
3.939397645357303190e+00
-1.877754798776197998e+00
-1.101364720198675151e+00
3.222621965173715353e+00
1.177546562413001929e+00
5.044209092277418094e+00
1.366392954545993632e+00
2.762497056147166674e+00
4.762316393722603181e-01
2.768974527938697250e+00
7.081677096611745270e+00
3.132592742496232319e+00
1.830983772058722536e+00
4.310470635617601687e+00
5.546651864774727159e+00
1.263650186681664067e-01
2.246687162258412584e+00
4.568553981473236547e+00
4.661313356169086930e+00
6.573541295111644089e+00
4.345348982528181025e+00
5.742690013817552952e-01
7.280760022517540619e-02
2.315030255498347955e+00
-4.014091158236601231e-01
4.865754987688655220e-01
7.178643544823630762e-01
-2.057420736205976652e+00
4.358866117957882480e+00
4.055462211782506543e+00
4.395564057353162468e+00
7.363880488383978573e+00
6.448468112486400727e-01
8.260023249406893697e-01
1.181854205136298575e+00
6.948432975341713558e+00
4.774173965873172776e+00
2.491034353030271653e+00
4.441904788309255281e+00
3.684802373809924703e+00
8.986560735552409085e-01
3.003756988688115470e+00
-9.139489295691012316e-01
1.184436739152061158e+00
5.833415070680892711e+00
5.635891214006294447e+00
5.407551996678821027e-01
-1.274806149672763844e+00
2.229154920948748675e+00
5.722735069667239216e+00
5.981784886051633165e+00
6.141672393719991518e+00
4.394347520126229867e+00
3.017154711580035453e+00
6.117224833009588636e+00
1.192645107370007729e+00
5.999052841714421547e+00
7.381394300888270976e+00
3.225724208511689284e+00
-7.467186119130593269e-01
1.324246997674357829e+00
9.463046262605052661e-01
6.941839607917481558e+00
6.191758174723954511e+00
4.761564724929213455e+00
-1.016210012979223976e-01
3.669666172676560478e+00
9.088507222104942329e-01
4.559265302532656605e+00
8.241381647913943453e-01
5.514340117375905237e+00
-2.979843100439723003e-01
1.813697010481973848e+00
-1.252016873406442521e+00
4.804112985357798848e+00
1.696740356057540922e+00
3.462401989724382290e+00
5.785789525148267387e+00
5.968097008761720446e+00
-1.424316386202587381e+00
2.380151237614135162e+00
3.316387586535432419e+00
3.680689396105405464e-01
5.170986593704197887e+00
3.670203546681729989e+00
3.549813336320239543e+00
4.996892292587666873e-01
3.103365129782208243e+00
3.344481956856064642e+00
5.855847792545189279e+00
3.649708382589714972e+00
3.132386709183171192e+00
5.653654135394921454e+00
4.774737667212344050e+00
3.835401545387409072e+00
9.839492136872740602e-01
4.196291041130590926e+00
5.457734062806228081e+00
3.566850637731599605e+00
3.604147237967305628e+00
5.697243471518046221e+00
1.416892067412894640e+00
-1.713810032156116048e+00
6.843915295035504442e+00
-3.114298398847168414e-01
2.836246653741333112e+00
6.172819970636147957e+00
3.744713265581863126e+00
5.711357603252873005e+00
4.900140477598668554e+00
1.989719055455324792e+00
5.857784547302591349e+00
-1.461808368846675865e+00
6.867882566527425681e-01
-1.164009780591816146e+00
4.728916696468328240e+00
2.534144919747802760e-01
5.734969125324012040e-01
3.072084491106570781e+00
5.671441031487841400e+00
-1.481152288536384365e+00
3.945131984992798380e+00
6.416466616462878747e+00
2.253186914377729444e+00
6.370813601013532335e+00
-7.823208578140592451e-01
1.983650865513215678e+00
2.901086541368329108e+00
3.430628281507210886e+00
5.881100617883545212e+00
1.940604854327345308e+00
1.428629204126643515e+00
-6.714582891209754933e-01
1.826292506995907061e+00
5.015406423271247860e+00
2.125339542021857930e+00
-1.477513892755251135e+00
6.119044220140155588e+00
7.344007182359410635e+00
5.377804063559299408e-02
4.433740742716567595e+00
-1.113014494154673351e+00
-4.117098548432469585e-01
-9.192849519978931738e-01
-6.895266631049423722e-01
3.967985135645557548e-01
4.315475479624240052e+00
6.860425265049391541e+00
-2.004900251186719995e+00
-1.826593328184964005e+00
7.915699594681431250e-01
4.069995770463744833e+00
1.140719190070154987e+00
-4.783143769415767466e-01
6.862043392878899084e+00
2.733684053152917848e+00
-9.928375443126622457e-01
4.470515177217402325e+00
-1.210610091585943682e+00
-4.955624273566847648e-01
2.662063460583813601e+00
1.421765572382202691e+00
-2.321762790083067074e+00
3.430499872808393746e+00
1.455203256848228932e+00
6.565122344019112433e+00
-1.284190449170496962e+00
4.900478121825758038e+00
5.119592814768422429e+00
2.474855572955657834e+00
5.876041576935667976e+00
6.813061553102546242e-01
4.581876372686146226e+00
-1.295334134168259599e+00
-7.323721017585889115e-01
-1.320759204025939493e+00
-1.862550714915965244e+00
6.479276819246889474e+00
8.645603210248262727e-01
3.837597412213167303e-02
-1.150950757572219985e-01
4.754003452416464270e+00
2.321747838299294209e+00
5.711406873683307239e+00
2.579416098369946120e+00
6.830581433953932802e-01
3.440205080847688279e+00
-1.157220413561361294e+00
3.167302570422295460e+00
-6.671108571462536219e-01
6.888971694812076052e+00
6.197923922835663291e+00
4.044571402688626804e+00
-1.717543330666064350e+00
1.423480814942304384e+00
2.897797533081660326e+00
6.871267740958389325e+00
2.937401157154244657e-01
1.486405971347374511e+00
5.780002612752422664e+00
-1.902673742054910022e-01
6.247604004429485158e+00
-9.266581790907766347e-01
2.762890717458967416e+00
-1.940475566881479708e+00
2.950229440603811426e+00
-3.413362154976260499e-01
2.488701727206414915e-01
1.473597212508408028e+00
-6.876109706201560812e-01
-1.915643861743712595e+00
1.984044711798764737e+00
1.697665440464398934e+00
6.135389660186524097e+00
2.708173314240934104e+00
2.431917877764169234e+00
1.198096368427424174e+00
-1.542158893350424886e+00
8.273994587699045056e-01
4.642357416460830777e+00
6.927086683103311771e-02
-2.650385299412709728e-01
4.950256620838974442e+00
-1.876957575474586637e+00
1.208106678425715508e+00
3.034913749221896495e+00
2.689469443153699402e+00
-1.246438045675255069e+00
-1.646824979341493744e+00
2.817126506313869072e+00
-1.070609397395305695e+00
6.347685619648947508e+00
-1.810746379389900795e+00
-1.408840903517027954e+00
4.050059572262671992e-01
-1.784409265219065066e+00
-5.049507949534453033e-01
-2.427622245733482842e+00
5.105479974446859970e+00
2.433261504422938870e-01
2.814210515727265438e+00
5.945499269364971084e+00
-1.191831392802646050e+00
5.082040536363358285e+00
-1.209837936314321460e+00
2.672055960746067882e+00
2.252298673464859569e+00
2.337840357786875600e+00
1.141153901997947528e+00
5.902212021475069292e+00
2.376165676239345714e-01
4.834871495170455447e+00
1.552802922512182882e+00
2.362411014103511064e+00
7.255257547532293572e+00
5.554675750122672895e-01
3.390157511257523737e+00
2.808907087765433630e+00
-1.119363072839795858e+00
4.038443782214077515e+00
1.198784782303793151e+00
5.816634228604215195e+00
3.758624539662083208e+00
4.785079344578932137e+00
2.146759381956986346e-02
3.408105860247664154e+00
4.080632086867355568e+00
4.804977716535107746e+00
4.469765362055639457e+00
1.988450431841319421e+00
2.974391770617989650e+00
1.150358689515486255e+00
4.083973036888250974e+00
2.953556647191307505e+00
4.410407615358721500e+00
-4.994552247015349167e-01
1.085906590293840956e+00
-8.304840271958457976e-01
5.317411020627480056e+00
6.708587697141314976e+00
6.138452133236604880e-01
3.200467385679525378e+00
-3.849974406271279292e-01
4.204019502240571526e+00
-2.195639016269312904e-01
-7.289767721262627731e-01
2.164506142982534520e+00
3.119344336979947840e+00
3.070646165601790045e+00
4.695749920076456974e+00
3.803039696786534307e-01
4.705264191870387691e+00
6.126785027308875087e+00
3.578817228843966802e+00
-8.130322973912393891e-01
1.512772428583827100e+00
6.876869239200207318e+00
3.603886759939854301e+00
9.532884154632794704e-01
-2.553830121186777546e-01
9.481064058114725412e-01
6.236376731069357859e+00
-5.645492412200416865e-01
3.522358352003987392e+00
-2.201122538643822679e-01
-3.348022459125035155e-01
4.964718756342078265e+00
3.101313404413851060e+00
6.183788272645525552e+00
5.826359888818190669e+00
2.435221536968762202e+00
-1.144508177176932762e-01
9.155960318584899227e-02
-1.216666054449117240e+00
3.699895594859299308e-01
-1.603113943975600808e+00
3.509558702183346313e+00
-1.546354208121405449e-01
7.721479052706063939e-01
3.540639559412435133e+00
6.577081865397406801e+00
-1.056328431815312108e+00
5.076383892232374961e+00
3.257446220906064838e+00
1.869315876727855041e+00
3.621968633260436832e+00
6.468826593293631078e+00
2.970762481467432714e+00
1.629261515528286353e-01
1.127224877489796384e+00
9.997529815620085358e-01
6.374871401052839559e+00
-7.106056849635820072e-01
6.229296725795123280e+00
2.797919895843305582e+00
-1.856422757331873896e+00
2.268399157419336731e+00
3.567527255841335787e+00
2.612686646419509096e+00
-2.183089706354132353e+00
-2.940540035430103671e-01
-4.727500758541935966e-01
1.347576551576231907e+00
5.438554018207943486e+00
2.194671990856297050e+00
1.817235009427842662e+00
1.755874353888331463e+00
-7.783241736028498892e-01
-1.778183342381228549e+00
4.618538313854118726e+00
5.934124010402364036e+00
2.013418436474736950e+00
7.411228561767240208e-01
6.602313700494079285e+00
4.724285933394272163e-01
-1.599751951892882218e+00
5.644610979531810457e+00
2.342223992964268753e+00
5.077041917565594531e+00
4.207553533405363311e+00
1.576927044757389318e+00
2.381384981893859276e-01
4.597483513143984624e+00
-2.277575283515506754e+00
3.141997834735668960e+00
6.274504161680447112e+00
-1.870422729215194479e+00
3.786900590044970372e+00
5.276613555932119226e+00
5.926194742411233563e+00
1.622525338778595838e+00
4.445580264666544323e+00
4.307063792579505446e+00
-8.090064284035749509e-01
3.477928103518417302e+00
2.288797755246741339e+00
4.938723603985431865e+00
3.927599964162888924e+00
-1.781678907659127287e+00
2.757669282932663002e+00
3.336696206406953635e+00
-2.145173060425143330e+00
1.094200321602897930e+00
4.952268996714391136e+00
3.045048288198806574e+00
-1.479463315339029972e+00
1.348408739238988296e+00
7.064121636956986805e+00
4.696306584864174738e+00
-1.707991735583177739e+00
3.154591631653261175e+00
-3.569108534742184702e-01
4.952831709993057885e+00
5.083881490164152694e+00
3.099862660592707542e+00
2.476831810100698306e+00
5.266229246977664147e+00
4.279951197049250311e+00
6.899426252973533735e+00
3.691421395931746119e+00
4.924726278013638492e+00
1.139777819048672036e+00
4.599357605555290718e+00
1.445713181675180259e+00
-2.034932813063545787e+00
1.680601422031822167e+00
-4.392809846102272431e-01
1.541246318483406874e+00
2.524113853317241585e+00
-5.557055980230876102e-01
-1.365855857304885568e+00
6.505610765486421698e+00
4.499201367162834586e+00
6.151848314890703051e+00
1.425749382277547106e+00
1.023414443297690823e+00
3.568552900546620776e+00
1.368290470043968199e+00
3.343264757646373653e+00
-1.353239194081372165e+00
4.506567845682491580e+00
5.863951677144861208e+00
3.034877559491908627e+00
5.707994287225659491e+00
4.839037025580349649e+00
3.998762412492974150e+00
6.366473924516352412e+00
6.971043554033329315e-02
7.274444915127723732e+00
3.919641618193876909e+00
-1.193933262838791975e+00
6.889140894759249178e-01
6.668807350259680078e+00
1.155535470850143298e+00
-1.607461096699722702e-01
1.354333967443960063e+00
1.617325470008804444e+00
7.159684601370207346e+00
-5.575154073925396858e-01
6.992333915399608912e-01
1.287578856068300581e+00
7.289698034003615490e-01
-4.743688125152667467e-01
1.279880992161632314e+00
-2.174773843630255055e+00
4.599605619364462328e+00
6.781295272150201114e+00
5.310727574242102733e+00
5.744751370688256031e+00
2.359805151404100521e+00
2.630512912674094039e+00
5.947078172349973713e+00
-1.276173169139518393e-01
6.063291479273470230e+00
3.939126046360811984e+00
-1.415351187094030294e+00
1.092157711690120436e+00
4.496784029431609042e+00
-2.182465075745465555e-01
6.783779580803134479e+00
3.489702074168841150e+00
2.258676902517351870e+00
5.405858595628716401e+00
2.335650346460343307e+00
7.178521221441322098e+00
2.346402961392787923e+00
2.149212893867688656e+00
3.444616094272712203e+00
4.813093315963850927e+00
1.993602155980960688e+00
5.820540554920428988e+00
4.683088031307288901e+00
1.170599952257560972e+00
4.257586684603261062e+00
3.698776205389595617e+00
1.756816327021907043e+00
2.047075856623169265e+00
3.151827901547259003e+00
8.447076654269434215e-01
2.748153425837652541e+00
1.780628646829618411e+00
5.864946008369150476e+00
5.940791660637021465e+00
2.050307450734002224e+00
-2.044429889341802475e+00
-3.146752167397233180e-01
-6.901580763756358650e-01
2.025902618306364644e+00
3.960312927726727494e+00
4.009116675590281176e+00
-1.149762479105728374e+00
5.681165775236081572e+00
2.732855781584529353e+00
1.460958797946210197e+00
2.706770738123333686e+00
3.889957491327573180e+00
5.716743544086522633e+00
4.840852118660613712e+00
-3.070318324019032374e-01
6.819347272279340899e+00
-1.002027829183118612e-01
2.638883662198740154e+00
1.222494641331542731e+00
-4.756461343020816912e-01
4.252142311572354672e+00
-1.924488627561320442e-01
3.360325345266858221e+00
2.548386232942418061e+00
4.662785307620779918e+00
3.855982856129593017e+00
-1.457887421395571703e+00
6.918850865751851487e+00
3.546472121818792900e+00
-8.783731953631832567e-01
1.692706964287838289e+00
4.121064380219472412e-01
2.411505317122965231e+00
-1.893785989633979483e+00
4.356269720640185028e+00
-6.778479837817847908e-01
-3.902780062912452053e-01
1.425897734379291570e+00
4.252162278551644192e+00
5.834931051233676058e+00
2.880291116502795568e+00
-7.506854754850431632e-01
3.327022969648998796e+00
6.710799099603592666e-01
6.082114153802635315e+00
-2.213321686553119783e+00
-2.919552602705177691e-02
3.578873639930341355e+00
6.474973237926329617e+00
3.967625570250236322e+00
3.310584680151880121e+00
-7.316283876730018676e-01
1.111659152982962695e+00
2.448398253887623000e+00
4.264493966562859839e+00
5.712878372954760309e+00
1.123345065872971560e+00
1.474324470326994430e+00
5.287472423058746429e+00
1.321799604126936423e+00
6.080007335893142795e+00
1.477746421266044052e-01
-1.652510670135726389e+00
-1.785073990393182708e+00
6.038551404191235150e+00
-5.017500905811314027e-01
6.996531186703345284e-01
-1.909868018144403656e+00
5.324864711677772533e-01
1.901016565588859564e+00
3.221299853035553440e+00
-1.865013724916618543e+00
1.910879447965308842e+00
3.510301003029077549e+00
5.792795057483022703e+00
2.681379849223070266e+00
-2.394616364709283740e+00
-8.152935966003829193e-01
-1.737705903907746929e+00
-1.850250634322954113e-01
2.574913633751237718e+00
2.141256829351759983e+00
4.404438541173865573e+00
5.082132062292814112e+00
2.535643196266254229e+00
6.791887432349852816e+00
4.625831403109881279e-02
9.745141123003309147e-01
-1.598714999011190852e+00
3.975557777736970166e+00
1.571703438979978884e+00
1.995435427487127100e+00
5.932744796009375321e+00
5.382166914717343431e+00
7.372897300066146187e+00
-1.351467235313697834e+00
8.370452826841674465e-01
4.128358959131555039e+00
4.215984882167896686e+00
5.358053984826103289e+00
7.189914784053739183e-01
-1.357041105004676673e+00
7.052002099292247195e-01
3.242147788368264116e+00
1.423710902094335928e+00
