-3.339351560121830431e-01
2.357130476650544537e+00
2.864723667999109935e+00
5.688539350531788941e+00
1.478053594400990711e+00
3.847093396862128145e+00
2.902261567218786809e-01
1.009671788194947517e+00
-9.472085149553999273e-01
5.119875396548657420e+00
2.568923171845642450e+00
1.895817321355549367e+00
4.656911409467344498e+00
3.125054751028736533e+00
4.860339937221132445e+00
4.019289016910049028e+00
2.040344472697509737e+00
2.705100541225702315e+00
2.243305782471973764e+00
1.854551187684145397e+00
2.419458166251988729e-01
4.227229207371147268e+00
2.235221928362340904e+00
3.874763885139454800e+00
1.782731914974674758e+00
5.429714939157776143e+00
2.257868089683418233e+00
4.340836309391699288e+00
3.121949410589527574e+00
1.385277295454175217e+00
1.460048300105397878e+00
2.364696070406107964e+00
4.380063726977539318e+00
1.615970602030188275e+00
4.981518122339910093e+00
1.035929549594960974e+00
1.331459938897880946e-01
2.814039131394585169e+00
3.451498399778429871e+00
6.011271603313650402e-01
1.957191441177773328e+00
2.808191454468867754e+00
2.792267690776240485e+00
6.051743002967796770e+00
4.541633428638748526e+00
4.900260825286405719e+00
-5.956758460675022349e-01
2.690055249575565632e+00
5.199014763586939480e+00
-1.103911236862575862e-02
6.547230062228219793e-01
-3.297305883245744695e-01
4.534849578696736216e+00
4.754729702284789639e+00
1.868719013129217288e+00
3.781334014904027541e+00
3.513463113722021802e+00
1.781572670260536562e+00
1.185628128190918673e-01
4.220596335409798172e+00
9.812278606014119831e-01
4.412827848879272707e+00
3.059739608641871556e+00
4.387091131628819696e+00
2.845345806545669376e-01
2.719734014236376396e+00
2.454827920031437571e+00
5.704798131809313944e+00
-1.009803667361985902e-01
5.195657944927926764e+00
8.928158594040587204e-01
2.380185744095577149e+00
1.139098701588980411e+00
3.852373330213717750e+00
3.140439555043862185e+00
3.781455696467102001e+00
2.560352832084259234e+00
3.055629087333098681e+00
5.302503080111689471e+00
3.341088818108932657e+00
3.368642786586354632e+00
8.065488823033817312e-03
4.658585878900197486e+00
2.277690911337063362e+00
2.670733970687165559e+00
3.726912150999535100e+00
1.777563888122509539e+00
1.489384174192969645e+00
4.049181482863593473e+00
1.581532863239967668e+00
3.807419468569069210e+00
1.027460049319791402e+00
3.205550171046370522e+00
1.883563220206386113e+00
3.213553801390606424e+00
8.974483636850294488e-02
4.475334778483189169e+00
2.240555309072044921e+00
5.425762468571747377e+00
-1.271142275164356406e-01
3.593032163105354115e+00
3.814146337761233241e+00
3.741674337724052890e+00
4.363398768478218059e+00
4.773930788598717001e+00
5.648355926507239388e+00
1.091441321180381507e+00
5.139324722091195952e+00
2.578536255024887147e+00
2.552981317058035771e+00
4.001392565498488096e+00
4.095471395129338887e+00
5.619330558493086158e+00
2.151936350360002415e+00
1.526021805284125676e-01
2.852562564819862700e-01
1.814750501043411290e+00
5.790798487148304474e+00
-4.480136075222000969e-01
5.318917621734419399e+00
2.685875846745414464e+00
3.514016360549602425e+00
5.678854664323015555e+00
4.836001513679052621e+00
4.839339220695800137e+00
5.250943655728955051e+00
5.848547569047294559e+00
1.740666915015968819e+00
2.608531503187200506e+00
5.169074593220578606e+00
4.139638906769905091e+00
8.443335259998097087e-02
6.550631225206968722e-01
5.520326124280828139e+00
5.321701847780035521e+00
2.688539245156465363e+00
2.286113863547083014e+00
1.402908887274992189e+00
5.697347188701352039e+00
1.069981490688507009e+00
3.970141167473505206e+00
1.218951219194587487e+00
1.429238342166813780e+00
2.177795120667678219e-01
7.355165029733594650e-01
4.319756287274261197e-01
1.264644314907750200e-01
5.632609947173847331e+00
4.732697365686565405e+00
2.530958733187961052e+00
5.529704566196219417e+00
3.978035745278901913e+00
3.526347113363698327e+00
6.025820284587185327e+00
9.781358877101204996e-01
3.417943687321116641e-01
4.906252773730148675e+00
2.591809246289865420e+00
5.886852239137422060e+00
8.954673492041731464e-02
3.251447108178059153e+00
-3.054123271163691200e-01
1.714218499041786359e-01
3.119418116423968712e+00
-4.455985138692222236e-01
-2.052045850265260540e-01
3.918041884945459685e+00
7.496124360605564974e-01
2.637848293466276139e+00
3.879890395108967382e+00
-5.179695074027801382e-02
5.547692132653384789e+00
1.564175663626086177e-01
5.766436911690284717e-01
3.411099007029088526e+00
3.300584204690368395e+00
1.714779651575152997e+00
2.418766937355182556e+00
4.868792817945859497e-01
5.316496709961375799e-01
2.666936633062222839e+00
6.057718785709674592e+00
3.690617250019142759e+00
1.380187618938011340e-01
3.638924474715924617e+00
2.434793237978209568e+00
3.414403958458851918e+00
4.282228205168175705e+00
3.189656118780101579e+00
-2.274085450292773203e-01
-1.489598162296932315e-01
1.313918436174713378e+00
3.799004717927328301e+00
2.013312082637561673e-01
6.264718787817287193e-01
-7.914119657009672792e-01
4.889751680362870445e+00
4.781014125296021433e+00
4.845087476267670112e+00
1.717914113167411827e+00
3.148806655462514925e+00
3.287427281610771246e+00
3.190838612281233111e+00
3.381164434083506976e+00
-2.883452752854855916e-01
2.944196119903114806e+00
3.241294294552240274e+00
2.402585020562939100e+00
4.838763585924478861e+00
7.998019657889612333e-01
-5.396134806692298724e-02
2.850921461202188034e+00
3.660938426316436178e+00
4.140193340302062097e+00
4.008593628853951429e-02
5.741688412104407391e+00
5.862067940550179657e-01
3.500768797015748390e+00
1.789628213883608154e+00
3.172850065499531524e+00
1.244672338999692762e+00
3.826909492382380762e+00
2.525239721644778612e+00
2.168850672525105772e+00
2.295665595051575636e+00
4.285247526501727577e-01
7.812223108312545961e-01
1.236969729560667197e+00
1.531898571810992316e+00
4.089675270271854401e+00
4.467290582677733823e+00
4.553019567438571613e+00
1.141211684496979295e+00
3.188352199209553817e+00
1.460208431935159368e+00
-8.918004909540391267e-01
1.581218490482241279e-01
1.736317508816120458e+00
-9.215860021819288761e-03
1.149349544959079594e+00
4.922840689129976965e+00
2.924426711500506926e+00
1.355615243523867974e+00
4.153734860278133212e+00
9.703760825777871801e-01
-1.081830301320540144e+00
-8.854162987709841559e-01
3.270636269117829897e+00
4.588460753478967646e+00
3.166021855847080957e-01
1.453184972139188069e+00
-6.276214929875338910e-01
-6.448528634169958806e-01
3.766659220941397379e-01
2.618927931478861382e+00
3.458847822249085269e+00
4.578458009795248529e+00
4.732862819706031843e-01
5.056440256549036505e+00
3.781163397413394023e+00
1.271765979982085071e+00
7.610087622037893240e-01
4.466133825083483444e+00
4.874355524717937982e+00
9.344416876826420193e-01
3.947233226205179690e+00
-2.567802491119497432e-02
-2.792120708194971712e-01
-3.134875445015437023e-01
3.520310723721715718e-01
2.689096365487364082e+00
1.527043636239430846e+00
-9.396843510627226337e-01
8.998170023812868124e-03
2.968262534974670075e+00
4.491985356124896356e+00
3.725259640131627137e+00
3.424983634698826052e-01
6.171497620910981752e-01
1.647187083839502186e+00
1.375570105434182899e+00
3.145468006510258263e+00
-5.608520949594275606e-02
2.663066631621094693e+00
2.209431005177157736e+00
3.146378274217381588e+00
4.125064754411926771e+00
8.796993960597214723e-01
2.098856336823867963e+00
9.973665457621363473e-01
3.997064153788652874e+00
5.110647733911005020e+00
3.877236563915785084e+00
4.308249274009810392e+00
3.540896408041414034e-01
4.160104509113455862e-01
1.783928013328974771e-01
2.988159801759060485e-01
4.545521914156884336e+00
4.401782834442105496e+00
1.007459387972521547e+00
-2.403691222371229230e-02
1.690641354973845267e+00
3.792854414473874058e-01
4.614823062094856709e+00
1.844410716902948444e+00
5.693181484594781239e+00
4.666330715047877220e+00
5.655858283206944392e+00
4.326061281089907951e+00
2.907241620255711645e+00
5.842167522108814737e+00
2.853204176604098308e+00
4.544989087093306068e+00
1.331661794185366787e+00
2.724394463007701717e+00
4.327231830721691708e-01
2.761400262540069761e+00
3.320717426752995749e+00
5.886542321942950906e+00
3.841311155574620884e+00
1.208255819023389854e+00
8.987660764241871547e-01
4.575103804094911908e+00
2.142549263470757026e+00
4.311369844167398213e+00
-2.019336193937588675e-01
1.397883941897831939e+00
1.491135664633280733e+00
3.561633278201139063e+00
-8.071192077950124499e-01
4.759885805655384772e+00
1.542057819411048136e+00
2.525214386070933514e+00
2.906158563020470709e+00
3.031480546069213133e+00
3.781729406755061973e+00
-1.069381643410346694e+00
1.786812691516729501e+00
5.590068329691391114e+00
-2.024331411456454788e-01
3.799533702212487540e+00
1.623985550644734488e+00
9.502268230420884976e-01
-4.196092786767735561e-02
3.116499957187404135e+00
1.983571331369666346e+00
3.159034699789549094e+00
2.839686938357720791e+00
1.117850896808310068e-01
2.755426597672903988e+00
2.859636862827573012e+00
3.703395233302162026e+00
3.688146365634198176e+00
2.682864605368272315e+00
4.775447638135442929e+00
4.499872424004898619e+00
2.027192622407548050e+00
7.903176243205489726e-02
3.013576858642753820e+00
4.129807284546249235e+00
3.632343299669255288e+00
4.793321692905372799e+00
2.446844518210910202e+00
4.784844801541844106e+00
3.965260263563520127e+00
-5.505745209366219584e-01
-4.351454528027973723e-01
8.997349743413405321e-01
2.213775608725431887e+00
3.077282561278348538e+00
2.937864967272082239e+00
4.971269793415476812e+00
3.974801784711697650e+00
-1.165073041525710451e-01
3.442932371403236047e+00
5.303933902680476820e+00
6.116008938029388275e+00
3.703515587882099780e+00
4.621322124214321647e+00
2.459355256605728179e+00
1.662350529077103900e+00
2.715563298003588422e+00
-6.104994826281089360e-01
-5.653322830165654622e-01
3.721096371976797101e+00
4.761696804860619636e+00
5.055634563619310740e+00
5.981850461458117607e+00
2.472895641084456031e-01
4.612584170862664479e+00
2.988750508426702091e+00
6.934093860720782487e-01
2.650030776843465219e+00
4.868253927103907586e+00
1.473006206337924340e+00
3.522554031146727382e+00
9.475194188233189152e-01
1.118757596400516086e+00
5.796378365160252955e+00
3.653225174720095225e+00
-1.049378045374069757e-01
6.216013880979023298e-01
9.964765054502002783e-01
2.413672769738448132e+00
2.405933106957224510e+00
5.946432483321075324e+00
1.170528966361317202e-02
1.267208696814071445e+00
5.707244710164744106e+00
4.957314081445705511e+00
3.704568707972786257e-01
4.910240397376831822e+00
3.644091164092465363e+00
5.208341331713056022e+00
3.745652850194955974e-01
4.480519867610059492e+00
3.214472141147188822e+00
6.010923570175865649e-01
2.961359321008243839e+00
4.957567606710522767e+00
1.617356397042302163e-01
4.946419058235896671e+00
1.058368948045361968e+00
3.987137279488742081e+00
3.458144213285102353e+00
2.992144128748183363e+00
1.343097400629968519e+00
3.277004208216483860e+00
4.356848343173357563e+00
2.726026019857683558e+00
2.653525120800922288e+00
-9.602057173225038156e-01
4.838475685456181452e+00
5.522427615977369086e+00
3.861672155441565835e+00
5.044253302381342507e+00
2.807172295792522476e+00
7.055969373598971472e-01
-1.438778194705667701e-01
5.472982749653851897e+00
2.806989826511266273e+00
1.174199266952155263e+00
2.928512129446776413e+00
3.713992588163113950e+00
3.960544434098725475e+00
2.386675696012777514e+00
1.785459507474474350e+00
2.946759342531200865e+00
1.422058426699443601e+00
1.435563274625734742e+00
2.769838604918242631e+00
4.809708761226238138e+00
4.152155135823024423e+00
2.883565218884194259e+00
4.769053435746970493e+00
2.093782901629622550e+00
2.167821368026346285e+00
4.411007638521807550e+00
2.179676719611218338e+00
2.972827908395414553e+00
1.942833897729138393e+00
4.969527171914181807e+00
2.420954555534836850e+00
4.792501250543136138e+00
5.485679054029633406e+00
1.396837539939871142e+00
7.310943556714981639e-01
2.691545928615891370e+00
3.009531611342616486e+00
1.131869272115665126e+00
3.973582389813582694e+00
4.749439787509635025e+00
9.005134589867500594e-01
5.738470158147904954e+00
-7.660988375642299175e-01
1.463150973521942788e+00
3.749814276045311701e+00
5.236946092046885326e+00
2.247085590226561180e+00
1.098069661092553773e+00
5.116021171248259947e+00
5.800798268986138595e+00
5.065357042951685429e+00
5.584759844505548187e+00
4.469332711403927405e+00
4.621149571160350078e+00
3.971524031005703392e+00
3.141827925846097713e+00
5.206142612167845130e+00
2.608366177381509665e+00
1.574115649819159302e+00
3.397530807626475635e+00
4.101869008181310505e+00
2.621534592186899992e+00
3.133349383529111520e+00
3.683379546328238163e-01
5.494688827176325674e+00
5.714884327688420029e+00
1.835151364479222558e+00
3.663226300115535849e+00
4.920667663594684882e+00
2.249917268352259470e+00
2.824636106046991557e-01
5.419996827126110972e+00
2.494397221851900603e+00
5.603275656315920727e+00
3.139472826358801427e+00
3.854197066988954035e+00
9.106056239008823994e-01
2.646402040029701475e+00
2.682037206552213782e+00
-2.258873370160614513e-01
4.480771558047965897e+00
3.384487581999467309e+00
3.266662378990789151e+00
1.193694397583858091e+00
2.963882765363759830e+00
1.573592704244637375e-01
3.432158733035498344e+00
-6.151328825442305970e-01
3.765428471779310726e+00
3.412065872269787192e+00
-2.086086718592170541e-01
3.932298685720574838e+00
2.330115624133661356e+00
2.691995898122775621e+00
4.606037073644895230e+00
3.189735337787713121e+00
-6.653336437496921718e-01
2.410760130653848421e-01
2.761858217070081167e+00
2.364860646451295345e+00
2.869466132712933160e+00
4.025998294777314968e+00
4.114849307543055446e+00
3.070075560898912315e+00
4.190006980786199264e+00
2.105915687081573395e+00
1.112719683629245893e+00
1.012382349369286061e+00
3.211900083137996020e+00
-5.518996247174419167e-01
8.798459506167235489e-01
5.843259791184424401e+00
3.812937092354228952e+00
3.176176145485108293e+00
1.420764217575113619e+00
8.675060100280349573e-01
3.753903728635211934e+00
1.166812840663847162e+00
5.442540380448280146e+00
8.979237853365349409e-01
1.386167084336422661e-01
-1.035586305869999890e-01
2.800772803935634769e+00
1.847612876542808813e+00
1.968254178678288113e+00
-2.302889141676542906e-01
3.049458400501709576e+00
2.041684086186009495e+00
9.847906466047637863e-01
2.679855557104033892e-01
1.522642715607425146e+00
2.384201738748067179e+00
4.091482391474313474e+00
1.594143356134109624e+00
1.441968496572670233e+00
1.894783682760093235e+00
-4.484350675385524454e-01
2.647843346080032134e-01
1.799417336970845938e+00
2.863996926658778364e+00
-1.836991534513296997e-01
4.007316904534873103e+00
3.884177983120425282e+00
2.524462417397455916e+00
2.728040991108249713e+00
3.315808946251445732e+00
5.923473196215939041e+00
2.731692439620246660e+00
-1.130906632106856158e+00
2.320409538007606187e+00
-7.116802687422749685e-01
1.683245895020625049e+00
4.525078272088475018e+00
5.759511683257247938e-01
-7.656137959135795867e-01
-9.033894721634894154e-02
5.135045897704086926e+00
1.121101773575706950e+00
5.182200011556146180e-01
3.550779003562343661e+00
2.691040312451234762e+00
-5.091068574337347385e-01
-2.037680564857948795e-01
2.356434706508779620e+00
2.780446031878743618e+00
3.886171972527655782e+00
2.186672248117099038e+00
1.981104211516623970e+00
4.767747934293469214e-01
-3.640329173618193082e-01
-3.726060155979604716e-01
1.969677968195639117e+00
2.184883644899029420e-01
4.779783893841141662e+00
4.671051621076040661e+00
1.952293736053820616e+00
2.200414788488632922e+00
2.909508962360681572e+00
1.859995492845798459e+00
4.813259026694151288e+00
5.749593801350332711e+00
6.331423358351822017e-01
5.414711832035632000e+00
5.100984504515556850e+00
1.818932411135685712e+00
2.425741423634272032e+00
3.710003590435702492e+00
1.418596681790852188e+00
-3.958784780886572818e-01
1.808213948175697361e+00
2.544373769402452190e+00
4.734278767828756784e+00
2.913766904371087207e+00
-8.665669887353288914e-02
4.657902396121897937e-01
2.376185582635192084e+00
3.812495312140862680e+00
1.799349838498030429e+00
2.783588554341695165e+00
5.223185938946421913e-01
3.356795065572590886e+00
-4.122421201540928948e-01
5.710528056414160503e+00
1.887767429177431566e+00
2.092907478890912110e+00
4.505273099046968710e+00
1.928242554307674439e+00
2.726424668667880802e+00
2.503160139092885927e-01
5.370672528573310345e-01
3.626734921126383071e+00
2.112501763137986543e+00
5.156610500707524025e+00
-3.740728671022015561e-01
6.274413605445818831e-01
2.251582672705207067e+00
3.958832475035620746e+00
2.848759142963499968e+00
4.505442554636518437e-01
3.394332901580177975e+00
3.397233984475063195e+00
3.625611759301134995e+00
-3.685444686092305133e-01
3.785016541780297672e+00
5.838643955316978662e+00
-1.984160007218278565e-01
2.743413902610888577e+00
5.227048576136212432e+00
3.616479220687443430e+00
3.799936787937410188e+00
4.071041461981842247e+00
-1.355481467936634488e-01
9.833230546932840710e-01
2.747399717227452243e-01
1.834255330854221100e+00
2.087285295272593544e+00
3.402381798403977697e+00
8.528933830194489474e-01
2.569540367241308410e+00
2.407290957832561418e+00
-6.282659946674007401e-01
1.382187117122324338e-02
1.401148250137585372e+00
-7.861367251376094600e-03
2.861874365473756399e+00
6.660774572051062492e-01
3.415981498152275364e+00
8.473936796991843323e-01
1.771871714152247534e+00
2.264974757149002649e+00
3.746887592196147310e+00
2.948923082516466287e+00
4.755362696736158412e+00
7.495062371798377754e-01
2.118117471504746163e+00
4.337245903875968978e+00
5.008931844049543614e+00
-2.952805462279108895e-01
2.905843611904613155e+00
5.479541463707739979e+00
5.828901430750024204e-01
3.784347717411117529e+00
4.085830993302332459e+00
2.565209273078949082e+00
2.020709207113510431e+00
2.614591792487260591e+00
1.769561178192182282e+00
1.406467743127826076e+00
5.658761347200325531e+00
2.088176253657529458e+00
2.075125493691868606e+00
5.289400688667802442e+00
3.693866493778365623e+00
-6.421057363978910359e-02
3.200301523415692628e+00
3.657360448896891825e+00
-5.215303892241225370e-01
4.664571892228508432e+00
2.291380829653268947e-01
5.814561416064433885e+00
8.866768044022963480e-01
4.194861359986623128e+00
3.058462612877162812e+00
1.673240564298064115e-01
2.687357160627767527e+00
3.662284875276895946e+00
2.722235895159779595e+00
4.946904716272866764e+00
2.911494209488357576e+00
3.209640129649791618e+00
-4.870217783734069883e-01
2.570641700951503239e+00
1.376282885223693242e+00
1.091364126682495161e+00
1.599758718519026068e+00
5.177057998950816753e+00
3.709705861141886274e+00
9.225497226771572912e-02
-8.108253558341091960e-01
5.457526114823238572e+00
5.365750526883360294e+00
7.831263813013080721e-01
3.014168726687440625e+00
-8.864879329204100600e-03
3.052070607741551811e+00
4.362490173652519232e+00
1.734950685156981365e+00
2.698394031865299247e+00
1.350927206942234449e+00
4.807431621388467136e+00
5.039309426636011224e+00
4.439938768954428738e+00
-2.288747317306327744e-02
5.174093123809299755e+00
3.838282952363329059e+00
5.641046364093472931e+00
5.232203685433731266e+00
1.896028432298656696e+00
3.117031597970392198e+00
7.829283681615413215e-01
-7.479078560733967151e-01
5.971102689932328289e-01
2.583856079215270718e+00
4.013373066846645187e+00
5.282710347187201450e+00
-8.495438314822507664e-01
3.774119893519124247e+00
3.861931899166952675e+00
4.859694263435507366e+00
1.579416922440220361e+00
3.089820244750429268e+00
1.218093789408015937e+00
1.200163489396675054e+00
2.748550344297636450e+00
5.028208429042386740e-01
3.097713514936168977e+00
3.632112561030513831e-01
4.298755158479060867e+00
2.125564687039966927e+00
1.861819256829438274e+00
4.865203719820392791e+00
3.090442678652367547e+00
5.279386010553405839e+00
-6.335980490628490003e-02
4.103364725213948461e+00
4.501489916651463474e+00
3.737796038009710387e+00
5.450974444613422065e+00
1.792898099979288062e+00
1.568560685465741678e+00
2.848048584108529901e+00
1.027411354371289498e+00
4.616725540878043432e+00
2.213341345009465222e+00
-4.902505251062816427e-02
2.352052404660584628e+00
2.868634674571413967e+00
5.940741499008082016e+00
3.058212410789053592e+00
-9.611267008859343264e-01
2.895826336503633414e+00
-4.664784133863113524e-01
5.958447096618042949e+00
2.030973586154369848e+00
7.636501555935319985e-01
-5.700014083929492159e-01
2.087811147415819413e+00
4.611162423392688225e+00
1.951797187786961096e+00
1.058827253285581804e+00
3.659469041129186806e+00
4.945452292016623730e+00
9.681477031804019973e-01
4.559179490397859524e+00
-6.651053060386482585e-01
4.508445559684860271e+00
3.705832562005328512e+00
1.781171199024887741e+00
8.084870562891666168e-01
3.443748744951232510e+00
4.970739891883647843e+00
4.769212254426820508e+00
3.050229546644267486e+00
2.776846272652434777e+00
3.619207472584932361e+00
3.861404461397169641e+00
1.184481197626384485e+00
4.172948763012414020e-01
-1.266666598436643199e-01
2.708507286867080310e+00
4.102416828327353215e-01
4.444548563030702226e+00
2.209239657530256196e+00
2.365739989043369462e+00
4.295824528355314698e+00
5.253920976926176323e+00
3.600379691131919913e+00
4.570879168274709414e+00
7.533763733727960599e-01
2.009585709007269294e+00
-5.103721760392625484e-01
1.850879917461921487e+00
2.705613160696628938e+00
-3.582151955495413986e-01
-8.850216203214866795e-02
6.120674449438393339e+00
3.000074346421335747e+00
3.747399868658639832e+00
3.839166576125991881e+00
5.058477207119532082e+00
1.674263730636269543e+00
4.258102713529991590e+00
5.601348293150550717e+00
1.229378424775287471e+00
4.347830482714465816e+00
3.449621794488740179e+00
3.419972892410477527e+00
2.188045103522806123e+00
6.607594052174823318e-01
2.107276222791872655e+00
2.277966407207117960e+00
4.587164195870487404e+00
1.911475497011651647e+00
9.755343412378634227e-01
-3.349327061806111061e-01
5.955017550934995185e+00
-9.947227542657994803e-01
-4.357581099069127717e-01
2.735655580584452906e+00
5.300519202511901895e+00
1.155281451740415299e+00
4.966873742673550751e+00
1.170154833892452118e+00
3.195487771631420060e+00
5.547947097080871970e-01
3.584704247597283455e+00
2.427252244334085596e+00
3.097942864267741570e+00
1.295361800839328836e+00
2.461866240270078166e+00
3.176364207271783258e+00
3.466543213904543563e+00
4.904426641144564059e+00
-8.034676288623705531e-01
4.019899800518528465e+00
3.905975592585154033e+00
1.051610613303985531e+00
1.611482175132596062e+00
4.419731746867212152e+00
3.236383155775499176e+00
2.396882530463435579e+00
-1.632198637021131660e-01
8.153136277658141751e-01
2.309592358861483952e+00
1.178675100980349555e+00
7.173902928798963075e-01
5.389537929570854757e+00
3.507875617423453107e+00
2.157214764280301900e+00
3.487701572479759093e+00
3.543696242674045038e+00
4.741833414662602664e+00
5.616158659332853631e+00
5.301953905179345838e+00
4.054134447111163553e+00
-1.965629442787673042e-01
3.958418998067774197e-01
3.895282469444508067e+00
5.052324994350110288e-01
-6.872194821605575044e-01
4.408309214224383155e+00
3.360689003928923668e+00
-4.365771990803981595e-01
5.234681108504821268e+00
3.438025929818870452e+00
2.648206862889226798e+00
4.587456534728126201e+00
2.967900622765567320e+00
2.926534705999460861e+00
2.589086186331746475e+00
3.423666553100041199e+00
4.043119301325191373e+00
2.497882747879763166e+00
3.660728197470621836e+00
2.154627585036410942e+00
6.030791466661307609e+00
5.122119686669703853e+00
5.467705830230377373e+00
1.521470740451913883e+00
2.204690200676529876e+00
4.450930981418665056e+00
2.479033440463744853e-01
4.609931274987401295e+00
2.937859744511958304e+00
3.589737145814913433e+00
-5.397421106848989680e-01
2.498260945862617710e+00
1.001966800354840537e+00
2.619065611243490466e+00
2.915227861225447192e+00
4.849381735664506365e-01
3.632324603521171369e+00
2.329696393510129582e+00
2.458662826015587832e+00
1.782038498618664590e+00
1.548444131493805109e+00
5.112948959510665858e-01
2.786227250484975215e+00
4.235447556556488635e-01
5.306826050486304069e-01
5.575840850381990066e-01
1.937891416694354163e+00
1.577653275101103425e+00
1.154195032807825427e+00
3.362185287578151716e+00
8.930482637745118524e-01
2.177842200324771049e+00
2.476692702517924616e+00
4.372778725945586586e+00
-3.005114607919381342e-01
-5.449315516922048630e-02
3.247376242033572780e-01
4.615373831540239280e-01
-2.333923695131288056e-01
2.977443164008649390e+00
3.377951937982984987e+00
3.468122169863336879e+00
5.910522040228064711e+00
1.880032868114262179e+00
4.840663914721218930e+00
4.740733492807542859e+00
4.875291990707156131e+00
1.313110515454321003e-01
5.172703620966025539e+00
2.347699942021808539e+00
-9.815763049861736533e-01
2.688000489632623946e+00
-4.140862012576462803e-02
1.645981769303547004e+00
1.276079155458996972e+00
1.575463734156770101e+00
4.653763727104797354e+00
1.542489123021022479e+00
9.813076985866429069e-01
7.869759292295599451e-01
3.518111561944103016e+00
4.892534522952322718e+00
3.894054072098541042e+00
3.194709655830710204e+00
2.504958170718877497e+00
4.606166758961933283e+00
2.497696350913725993e+00
-8.333678378480886551e-01
6.019882784574859258e+00
3.281833738776652964e+00
3.315174307076746985e-01
3.667987291526364046e+00
4.407771981731203326e+00
3.608047630660777827e-01
2.341607281964944498e+00
6.151516697599024752e+00
-6.531631871040879389e-01
1.945749773981658493e+00
2.894959677454681746e+00
4.687724004681049550e+00
4.719516362260041120e+00
4.946368876096592260e+00
2.929498454407355013e+00
3.012880514585649649e+00
1.822013150133503956e+00
5.016849017391383114e+00
5.288271310760464416e+00
1.974407579183877992e+00
1.836827540915973778e+00
4.482202275968031557e+00
-5.504875348362539000e-01
1.063846140527930473e+00
-5.818429728590910344e-01
4.682355592552125856e+00
6.150825479913937244e+00
4.819920411367620616e+00
2.997747299516515085e+00
1.076240522740629757e+00
3.427017560433931465e-02
5.739945596097948410e+00
3.334756662386748616e+00
-6.364812321506230219e-01
3.341795394386295470e+00
2.029924325670333651e+00
-1.118326913207470241e-01
2.834447492778582323e+00
4.044607459278175554e+00
-1.035203585575959373e+00
1.262759728624027744e+00
1.288933070276389259e+00
2.772037407337612613e+00
2.697001461420283519e+00
4.618043170928560315e+00
5.359095463285473926e+00
2.713011009526507422e+00
4.680829819136448577e+00
2.352797375462305496e+00
4.774740077610694300e+00
1.038139248169828832e+00
2.880976574784898325e+00
3.810462091009370056e-02
1.236398738980044598e-01
1.616747042346855956e+00
2.994327221048060039e+00
4.349849408931662609e+00
1.273560517719920071e+00
3.475086280083706569e+00
2.239886618941891783e+00
-1.918527347706451280e-01
3.345823684345885951e+00
4.444547283307182184e+00
6.029885207004362258e+00
3.233758584097490285e+00
2.910631683473988041e+00
3.849507309036814817e+00
5.656462036967257134e+00
5.276883729730176498e+00
2.842325233662480244e+00
2.113952326090750233e+00
1.149875543839410597e+00
4.619149153355763815e+00
1.982235486649333467e+00
2.517308640670747444e+00
1.160963371847547165e+00
4.701915434999104804e+00
5.527024406852103056e+00
2.266201176430806541e-01
-2.145428511692584195e-01
4.978473696504487123e+00
1.835414589948917374e+00
2.678627311658169141e+00
2.498898991542103154e+00
2.933244809304520473e+00
3.754995483509389942e+00
2.469434865353361097e+00
4.163482488292723716e+00
3.297084967267153388e+00
2.083319878587950313e+00
5.718183614717119667e+00
4.676247807407669654e+00
3.557266919644783698e+00
1.287216028738962237e-01
3.924015136683692617e+00
1.639620096212216716e+00
7.710791109923080811e-01
2.282931547680128403e+00
3.045979332861023181e+00
1.632882630619062247e+00
-7.766660291549243311e-02
3.861647220475131093e+00
3.518749635831602163e+00
4.093528450980430833e+00
-5.096597664832911434e-01
-1.453126082573232836e-01
3.121624612381360464e+00
4.392155843876089705e+00
4.561572136896931084e+00
2.100961447384109171e+00
8.215161083843067757e-01
2.696435249147366875e+00
-6.271062758246808144e-01
4.740211269375157244e+00
-1.026573587903554685e+00
4.909050100414798834e+00
5.806287315351916334e+00
3.752261873340241749e+00
1.468277829411396951e+00
3.251754619662410306e-01
1.526408980581060781e+00
1.667672721882251352e+00
4.781995712216930983e+00
4.079735624576860786e+00
2.112852687395330165e+00
3.152384016053586535e+00
6.036835880260214893e+00
-5.907645766059452797e-01
4.205926277343465358e+00
2.757920736913187731e+00
-9.267181394182060217e-01
5.404868980063440631e+00
3.165505118913118920e+00
3.471603962580440239e+00
5.262883090338883463e+00
2.427170333569451444e+00
3.607612341633332775e-01
2.871477074929928541e+00
4.632867036803231642e+00
-9.077976249626340532e-01
1.295119703970279090e+00
6.431070562298009108e-01
3.864941638127145751e+00
4.439660740633101454e+00
3.359204219470033337e+00
4.093921026685078957e+00
1.519602801109897428e+00
3.720863780369342066e+00
9.245634831977858070e-01
3.851861628820337557e+00
4.383431390487205093e+00
4.200719893302157004e+00
1.946059578181298377e+00
2.622328321831250086e+00
4.071403305384583504e+00
-7.167916909618705645e-01
4.580780182269309719e+00
5.223133732517542427e+00
4.383564361688117472e+00
2.282237938436467495e+00
3.673273604523043190e+00
5.361770424772208443e+00
4.274228246154127220e+00
1.793467490378335860e+00
5.620245749009580294e+00
4.765484078450503702e+00
4.311489659689335951e+00
1.671302018250861998e+00
4.904550046579354117e+00
2.741188903672126642e+00
1.368451785802538900e+00
3.708419585992379197e+00
3.126276160657504022e-02
6.072149940785079636e+00
1.056624311171857400e+00
2.646055412645064386e+00
3.620715042264706085e+00
4.942730808219470973e+00
-6.725226433413427074e-01
8.619912788130861259e-01
9.806362058812361227e-01
1.044761425891666207e+00
-3.775082985053828111e-01
1.567680070959286631e+00
4.172542736036660926e+00
1.455401432212249269e+00
1.780774045784569104e+00
3.002842082388063716e+00
1.960930394581255953e+00
1.826400262873902669e+00
5.931631724629220059e+00
2.904843038140638711e+00
5.458539173844298986e-01
1.649106464558554919e+00
-6.796101459465475614e-01
4.155514630420530153e+00
2.496948946623906984e+00
4.366141171127488008e+00
1.709889252055649678e-01
2.526290138595331136e+00
3.684676419329843355e+00
3.499757986937142462e+00
2.131405957387652705e+00
1.207950379741788538e+00
2.929159628993101450e+00
-1.067025278284834844e+00
3.446801805086261439e+00
1.996660566478531962e+00
8.730291306533617401e-01
2.032920025539247000e+00
4.287411854010935386e+00
2.416899856581263606e+00
5.094302790063625963e+00
6.474896782000723050e-01
4.256670756303781999e-01
4.179275773905743563e+00
4.776411831738844427e+00
2.562993987783071859e+00
5.554467626362026067e+00
2.777058001070287219e-02
2.243918398696659544e+00
-6.157418342809677370e-01
3.475172888901258972e+00
1.699785661114701085e+00
2.450680161265586854e+00
2.188253723514556270e+00
-2.251431255164559886e-01
5.433658841657962313e-02
3.556034052657697231e+00
1.484553427057671016e+00
1.573574647100519641e-01
5.804370488754644342e-01
3.076398790954648632e-02
7.216285656526606473e-01
1.583511419783936169e+00
1.025424378464243169e+00
5.905643292895836893e-01
2.977237576786614603e+00
5.594191627848941195e+00
9.157147422945257631e-01
-4.461892037826036272e-01
7.419536199506655549e-01
4.631373360927240057e-01
9.681300377224850706e-01
1.282481939192050113e+00
1.609160870572102553e+00
2.839949295287463649e+00
4.582068463927823743e+00
2.176283279750484745e+00
9.511509995664528816e-01
4.321900328301229166e+00
5.131801618522722208e-01
1.182627447238311369e+00
5.917409610011141297e+00
3.334511730037487354e+00
3.701402720411685721e+00
-9.629256892790287736e-01
1.483404671548366416e+00
1.424951683326219687e+00
2.891199135528665920e-01
9.974992816680545715e-01
1.872998406953268358e+00
1.924186277952042445e+00
4.419037432366454965e+00
5.494623637100705338e+00
5.419233249905998306e+00
4.574373364274626041e+00
4.539685040455195164e+00
1.174957619768510320e+00
5.652066616331152815e+00
4.659059015780673718e+00
2.302089740508009186e+00
4.071946321470601760e+00
2.797339182682457626e+00
3.591887133678495658e+00
4.712133803928931997e+00
3.447255760907111721e+00
2.692943951616030063e+00
4.379038973536545143e+00
8.241407944154142129e-01
1.424053084320823004e+00
9.321440536196643478e-01
4.623288851805048338e+00
1.218369025165655373e+00
3.454570635495898046e+00
1.523908619417093213e+00
5.640147950227520468e+00
1.944134564435890056e+00
3.270985796252059430e-01
3.215441138256855069e+00
2.289306787324147052e+00
1.618925554911031739e+00
3.042943686452163732e+00
1.391976246897558944e+00
1.047977569957772026e+00
3.590990426747968201e+00
2.124224885286720266e+00
1.930255339590451591e+00
3.066146757773655196e+00
4.266695994614304155e+00
2.551175562802456831e+00
5.210814399173003153e+00
-5.694244885063692863e-02
4.798441812603362777e+00
3.067063024152764328e+00
3.302637747429955084e-01
3.710788435887607761e+00
1.072870892777254781e+00
4.582645069341502619e+00
3.063929609042601143e+00
4.803531352614324845e+00
2.561805376989372718e+00
4.284803588032559674e-01
4.006960837137576448e-01
2.719301699696494268e+00
3.901990517122726487e+00
-1.118693645770028056e-01
3.492481861840159851e+00
2.086321009269287430e-02
2.982392223608759885e+00
1.374847171361155418e+00
6.965249986098944746e-01
1.357472325789681022e+00
3.995615312425874421e+00
-3.015781564233739331e-01
4.858002118167302541e+00
2.656447598947052846e+00
2.829100676615894372e-01
5.583535067762731785e+00
2.915564261456919937e+00
-6.962298425588393513e-01
2.693710631573219771e+00
-5.524465965261260436e-02
3.833219326171697361e+00
3.183635221546095906e+00
-7.129413784556852818e-01
4.094179733861134096e+00
6.810820926828391464e-01
5.299411302085790254e+00
3.052290044490941767e+00
3.775965426849809958e+00
5.354622429716490828e+00
2.954339278312920314e+00
4.143878777154318627e+00
3.772375028836389532e+00
2.117712477016745254e+00
1.868935241887401233e+00
1.750854056648737611e+00
1.166070263754168224e+00
2.740043960303747639e+00
5.294223189537516916e-01
2.253558116562795810e+00
2.650307431132503666e-02
1.708890537463947368e-02
2.656687124732430405e+00
3.086036318381824017e+00
2.112214793292578108e+00
1.960735043980196046e+00
1.324421272535903249e+00
4.179389042825729206e+00
-7.316033609572576424e-01
2.775883462036986771e+00
3.076397172438708694e+00
1.223146059149950560e+00
4.356478531534763832e+00
3.211274598838988581e+00
3.888876999210093999e+00
3.029904699115103739e+00
4.179403038742192322e+00
3.701549019695180576e+00
5.837788046119429808e+00
3.738454715017422103e+00
4.780170631382514301e-01
1.743247477426175251e-01
3.977893556732219338e+00
3.562047587771871804e+00
4.907795466456986944e+00
5.012350838608345072e+00
-2.022434626810127867e-01
2.276495000644946032e+00
3.408904713027897770e+00
2.930077326891815659e+00
-2.397403310388259712e-01
2.587240291026060568e+00
5.257454363689593180e-01
1.875432314850438154e+00
5.359703081532124713e+00
4.529623801403594996e+00
5.447649601295960764e-01
3.517199270436393022e+00
2.374354008003929373e+00
9.401464980148190875e-01
1.612707110687387591e+00
1.903109905676603653e+00
2.075481031169713830e+00
4.737498058060790385e+00
4.720846654808298126e+00
-6.303352378889437446e-01
1.859109435395703613e+00
2.709058123427757536e+00
5.708235860016390717e-01
1.218999189825193952e+00
3.461458948722725637e+00
3.416093138116321981e+00
2.651672382388762017e+00
3.683686680453257978e+00
9.760868556375630334e-01
2.534718954010716452e+00
3.336626103998392878e+00
3.795653823782481950e+00
-9.194773431898353167e-01
3.578725676379166387e+00
3.740948202051646021e+00
3.745985942079187225e+00
-2.899362276402515093e-01
2.640913469358173060e+00
5.192351147903320197e+00
4.082943544245001277e-01
-1.046564207885174458e+00
-1.067900153200996183e+00
1.609405458056554217e+00
3.079584218005022578e+00
4.492176042952944925e+00
1.816681848313310255e+00
-7.025536418757001300e-01
5.056238146766361297e+00
3.946950235259970796e+00
2.850547762587621214e+00
1.599211556713999727e-01
4.992930260769048445e+00
1.482792215624421317e+00
1.829019800066122414e+00
5.825298574745314539e+00
3.069858434707342099e-01
3.175993893234847931e+00
2.068636707038733036e+00
9.307911358123961421e-01
3.638519767006355821e+00
1.376541216346675256e+00
3.900470619583844112e+00
4.539842399798576622e+00
2.147820802045510291e+00
2.925628472698337923e+00
-8.893394497540745292e-01
4.922920335273108350e+00
-1.036335022312772303e+00
2.582687100803929603e+00
4.307359193663504726e+00
4.050662039156694760e+00
3.334486692113438622e+00
5.536165927792294994e+00
4.903868049031739673e+00
3.187572836733032489e-01
3.356292523727365307e+00
1.172226630387974033e+00
1.459150394704065157e+00
9.126099388767938692e-01
1.506790422709416433e-01
2.377567635282482605e+00
3.715158858850482915e+00
-2.720990259466020689e-01
3.031647822183588303e+00
1.678065215310241776e+00
4.341803397099988970e+00
2.049876859613629421e+00
-1.902998322427960076e-01
2.643959583880677755e+00
5.298733706000886556e+00
2.399233574766389765e+00
6.601431057360098720e-01
4.583847767748283175e+00
4.677139061621486960e+00
2.249730323166724943e+00
4.578542324104049044e+00
3.015203455170514246e+00
6.054487288129415390e-01
3.687571045897403366e+00
2.130964875798902369e+00
-8.550794771007472761e-01
4.785118148489193146e+00
1.315746525913990439e+00
-4.378642886990480321e-02
5.163837253708466690e+00
5.389027799279750397e+00
3.589947921697628885e+00
5.143754310270827190e-01
3.508545030661892383e+00
3.663151148465056295e+00
-7.682624805920035271e-02
5.115976322354903516e+00
3.534847477264873916e+00
5.100418098427365265e+00
3.328718227174800148e+00
9.563984420525750707e-01
1.625057592078723800e+00
3.344800958657975443e+00
1.523692282385248120e+00
1.967169743434673990e+00
2.195295695435001804e+00
3.504610829536364491e+00
5.153925180719109989e-01
2.239015062806845258e+00
4.125283755866767876e+00
5.894630232460555064e+00
4.547423737695110546e+00
2.291164233915092829e+00
2.757340518212725300e-01
5.068132963066645402e+00
6.805825365010083061e-01
1.100180961150992509e+00
3.435147266964250434e+00
2.946794084879014619e+00
-1.425640314933778185e-01
1.068274577662952751e+00
3.002710451933591429e+00
2.364184804124947803e+00
4.943060885480317523e+00
1.604423687460659664e+00
5.644630843553668953e+00
4.946142111050789936e+00
1.341506127620010425e+00
2.578140385262131851e+00
5.268367390679884465e-02
-5.864443267293761863e-02
1.135344141170675059e+00
3.362369470124152215e+00
4.178151980906587681e+00
3.976848843752323504e+00
1.602738720078194845e+00
5.070530658309754912e+00
1.921270455962759804e+00
5.028614965154487138e+00
3.847727076999088780e+00
-4.096250658899203145e-01
4.008111683922798818e+00
2.037948273661688070e+00
-5.501847278950844355e-01
6.025281444244887652e-01
3.593703924694262142e+00
5.816317375317375138e+00
1.759982684078037707e+00
2.445298678937797732e+00
5.044668197501813722e-01
5.765645002470192182e+00
1.473067809261649153e+00
4.219944183344356503e+00
3.819527248751503734e+00
2.492944025120614526e+00
2.490606259557679003e+00
-1.014064328598002884e+00
6.041979721438590190e+00
7.949530310574788317e-01
4.028249917649988632e-01
5.230879889338241995e+00
5.734499891360771429e+00
3.255793781035865919e+00
4.393138728095413725e+00
2.595422132346849153e+00
5.294174419065848625e+00
4.362529626990205855e-01
2.421163583515379969e-01
2.642473074213821604e+00
2.112351661100297484e+00
3.321926878808005412e+00
4.746652344756217445e+00
4.866863768667217371e+00
3.281347203203347718e+00
2.382294108139318745e+00
1.296239688468343587e-01
2.639131593389496544e-01
4.755493306584909874e+00
2.069249594311985518e+00
2.602366705735695618e+00
1.977275250651953087e-01
4.187863954778066500e+00
5.323354342355393953e+00
5.116534076770218320e-02
3.210903745857191183e+00
3.327112286887972559e+00
3.154807247607639198e+00
3.235760975649260018e-02
4.049586587135486582e+00
2.767630496152202468e-01
4.554268189034962333e-01
1.268746510036550923e+00
1.323765426527996780e+00
3.618674627192122628e+00
-6.971781072299698678e-02
3.431122614007676930e+00
2.831283945716679185e+00
4.201412982352531245e+00
3.567497366234448464e+00
1.785898751600968559e+00
1.957639910386505200e+00
2.869734060948828436e+00
4.930165784059258982e+00
6.003768205071965625e+00
5.330023552476216508e+00
3.908775896728684529e+00
6.556687503063614031e-01
-6.298419180876058121e-01
2.424272064780324420e+00
5.246342705111732840e-01
6.121700558914549006e-01
6.432637997566148513e-01
8.806355503396989803e-01
4.083836936979896137e+00
3.737100307443634861e+00
3.496575212463968185e+00
3.935752549495692421e-01
1.746879363583239808e+00
1.833367658567923719e+00
1.842516340716624512e+00
-8.777540288633840504e-01
4.936572676841485929e+00
5.018976906580352448e-02
1.467748149027052307e+00
4.098181711095783442e+00
1.336063636604675864e+00
2.813217494914583838e+00
2.231127943786134438e+00
-6.376477547499845855e-01
3.504488086361220667e+00
2.722798370410432156e+00
3.009248914709580447e+00
4.163422345945399172e+00
2.300111858701772150e+00
3.515656293430335921e-02
2.501383212798583777e+00
7.134911349248946877e-01
5.109216935453524400e-01
3.113026146399171523e+00
-1.111214682937609055e-01
4.761426090902421748e+00
3.686833058916077377e+00
3.230730458889865986e+00
2.513417947118690599e+00
3.515038373063720911e+00
5.684528012792537055e+00
4.532071064892479129e+00
4.318829304404490088e+00
6.325833383029415558e-01
1.590409673572700910e+00
4.129175850458592478e+00
4.625109065482497783e+00
6.778649668220806390e-01
3.748104630990667374e+00
5.653802080640149441e+00
8.875957847569058146e-01
3.170854412631614494e+00
1.608098216483370813e+00
3.410841972842046488e+00
3.869563150062006684e+00
1.754725148700713611e+00
1.678649240623587779e+00
5.637039375597430180e+00
7.273565799952077526e-01
7.311292316779169909e-01
3.700489797394411084e+00
1.687925335464228738e+00
1.613292332472989088e+00
-5.193265330628307197e-01
7.155277567766500368e-01
9.453489160166821392e-01
3.014224064405572889e+00
5.868550960694069119e+00
1.763287727956281081e+00
-1.399649507434368445e-01
3.732393004445116347e+00
6.750820713132617001e-01
4.241154031603301178e+00
4.693471755638464415e+00
5.019335738648742051e+00
5.513247890204299395e+00
2.265730472810894902e+00
3.818090632648395655e+00
8.582292731146825560e-01
5.278293505185571277e+00
4.592204110948161500e+00
2.068179432718056709e+00
5.230288887433397704e+00
2.966404255389102573e+00
1.429431302261852998e+00
2.090234697452792112e+00
2.414972342792351512e+00
2.480465533887176832e+00
1.452470159469801736e+00
2.041858235360838769e+00
5.579160653158020011e+00
5.084862002688362637e+00
-8.080240968862257844e-01
4.982901660131147992e+00
3.485411740109082501e+00
4.945001345971110851e+00
5.949793352634017651e+00
5.345711173448258080e+00
4.712196291502561252e+00
2.406951803419059566e+00
5.962815238819700880e-01
3.271167588187376296e+00
4.678859743457985942e+00
3.138129008039467038e+00
3.662629800477866127e+00
4.972908830115869705e+00
2.330411650770969345e-02
1.185734738125147736e+00
2.070515411074339340e+00
2.218250860829572346e+00
1.347315640372274359e+00
3.595971822811929286e+00
5.314628792926164635e+00
2.157240910459678140e+00
3.824575650428732487e+00
3.338449129522436110e-01
3.506304659826691150e+00
4.681692398791733822e+00
-5.917848193415355951e-01
3.523360081870469784e+00
3.413466160084377421e+00
4.898657016779937479e+00
2.089873754721616628e+00
3.528802346506152432e+00
3.187756858307418284e+00
1.672717137953724453e+00
1.885814534409123056e+00
3.793708306455636503e-01
2.787457589555000226e-01
4.006834232361530468e+00
4.802859364037102452e+00
1.318121614565974653e-01
1.304347137615596175e+00
1.940599207406218163e+00
3.466369583661208509e-01
3.427182914383482881e+00
5.491867522736793461e+00
3.250877555024445087e+00
-1.077105734829059802e+00
1.335470616951226042e+00
3.456229382318111831e+00
-5.285039997071514506e-01
1.923168358483488660e+00
3.435602275134810313e-01
-6.211261019324130217e-01
4.759834786430650055e+00
5.075007135359509647e+00
5.281136048911021064e+00
4.687757808161473250e+00
-1.748887174875690675e-01
2.123451867673761484e+00
6.123411312513756144e+00
1.150425072215180755e+00
-8.393167632335920558e-01
4.139632159981863069e+00
3.902629863405598698e+00
3.908605051829843191e+00
2.915929515157587915e+00
3.795401970000794378e+00
9.467121200578176854e-02
1.569784422465175133e+00
1.397672614653028056e+00
8.474868975460125853e-02
2.694485422214374815e+00
-5.470528802139682512e-01
4.827434767464177767e+00
2.660833808377113918e+00
1.248944768691266916e-01
1.230456450579968219e+00
2.856643888046304980e+00
2.588129868781787302e+00
1.824477299913503714e+00
2.634881376421068566e+00
2.342101085478832445e+00
3.862179874483146591e+00
2.529594302131839001e-01
5.842394598304393227e+00
5.001175419789984034e+00
2.246800056168707371e+00
-1.992666006128942513e-01
4.697946480642475109e+00
2.073963926078238096e+00
-2.248522613582171203e-02
3.615157353672511675e+00
-1.152079604845021699e+00
3.421578814181495787e+00
7.237108687039039978e-02
2.426303686685780114e+00
1.128307464988237641e+00
2.022068017231074322e+00
3.234355379939705344e+00
2.014328180295963833e+00
5.115100923119600296e+00
5.299260699685008902e+00
4.985521987302089286e+00
6.887492332004629958e-02
4.498224866787863263e+00
3.205323206434385952e+00
5.224672637440662015e+00
5.423102078842882534e+00
3.795674940282648180e+00
2.025095172711885105e+00
-8.325758012351789361e-01
2.290939470271163181e+00
5.602795796158458685e+00
4.199365244029594990e+00
3.369431305030108348e+00
3.517503147327378343e+00
5.384388283241147377e+00
3.251802603243511669e+00
1.963044727709987392e+00
4.947780757922886963e+00
4.967076832508093176e+00
1.922516514260443898e-01
4.463376585919059281e+00
-4.799549555009718915e-03
1.119805965036163364e+00
3.735369611776693688e+00
4.801808092602573907e+00
3.311368595016149996e+00
-2.374009513246146952e-01
5.412043725694315910e+00
3.593579553429398388e+00
4.552634103305809532e+00
8.651739192126193245e-01
3.681733622239612203e+00
5.143201748520041861e+00
5.369650799454257495e+00
5.827943679874735494e+00
4.486317569971419061e+00
-7.688709813876206667e-01
2.323312530494409778e+00
3.514859265362465734e+00
4.781841381411819469e+00
2.933432141084075795e+00
1.190004711414102800e+00
3.695566022486159952e+00
1.663080355576607161e-02
2.590892021760094366e+00
-3.462709991773467166e-01
-3.737600521221962069e-01
5.884766798514027286e+00
1.377863914980377302e+00
2.252387205448114216e-01
1.408701628407996509e+00
3.370605326507599031e+00
4.347379923051414963e+00
7.211893322585449795e-01
4.090924235690959421e+00
2.989687146006189344e+00
-9.668443588709134673e-01
4.809854582985343185e+00
3.968068044776076775e+00
3.550590494102028316e+00
2.257556839919041991e+00
5.966181355081525695e-01
1.453876068393440413e+00
2.991392180792132649e+00
3.400944453733588446e+00
-6.816282531507606990e-01
3.821103923010003456e+00
4.303378886704955164e+00
2.721461134777427127e+00
1.873460496472998393e+00
5.051476961315474412e+00
1.179535180768723102e+00
2.499868544114328017e+00
5.153816224172292237e+00
-5.606604958890759605e-02
5.045403486001980298e+00
2.916456585416611347e-01
4.376598510317382562e+00
3.443362904222153631e+00
4.981770137390915565e+00
9.351525383463856755e-01
5.587993698722467428e+00
4.178957434097828383e+00
5.945332996449415930e+00
1.081892056114990730e+00
3.428710112676563782e+00
1.874195826556210420e+00
3.062968984164493591e-01
2.153239980906838547e+00
3.300321402658548564e+00
2.998877275274937304e+00
4.186986333745656097e+00
5.143163205242448299e+00
3.133845020284310223e+00
8.154875165971233741e-01
1.723206050355537755e+00
-1.954127439076511763e-01
4.201330659424186820e+00
-1.061705198901279346e-01
1.572692878681822393e+00
4.795211643530166157e-01
2.187950806422684025e+00
-3.092465823999823726e-01
5.056852394021307262e+00
2.118974822223306020e+00
6.373125026167132390e-01
1.816936936653654300e+00
4.520027954212826771e+00
4.134735899983983387e+00
4.983560347352998576e+00
4.358358892787560279e+00
1.824896337125199608e+00
4.070264551789067653e+00
5.977274945108028703e+00
4.085195641447327830e+00
-3.825042455113223383e-01
5.083784445813149588e+00
2.027182525421116210e+00
-7.691096083502335645e-01
1.418680259110729480e+00
3.083586821531904221e+00
-7.953887369884462544e-01
3.528534924038366327e+00
1.990575308050408054e+00
6.086472502857626310e+00
4.959485339729134523e+00
3.227481464934349731e+00
4.748152835391616478e+00
7.495796092967506041e-01
-1.041756653684275946e-01
-1.012551986490052514e+00
3.595459438741329450e+00
2.851220653479752620e+00
1.070440257781450910e+00
4.639221728997334537e+00
2.762773019246586692e+00
1.816078656741185071e+00
5.609815822497751014e+00
2.757367366866014358e+00
6.115706919969170485e-01
4.804053984891176299e+00
1.058607846310083644e+00
5.135491601283073138e+00
3.035473333796517181e+00
2.755192262050798035e+00
2.714773580676920872e+00
4.598288296214718684e+00
3.440347372222772648e+00
3.107182008476902624e+00
1.279500184505469207e+00
3.441322481326830385e+00
1.293184921278077937e+00
3.598666339147658988e+00
1.773384384537319391e+00
2.446229453748472338e+00
3.848817325974554393e+00
-1.251611944800075094e-01
1.022653366199720359e+00
5.779792116184570006e+00
8.427835994198655811e-01
1.842674239215326359e+00
1.611505393068615177e-01
4.643892813893693017e-01
4.809928360326471974e-01
3.168039775014991122e+00
-3.619305649884472231e-01
5.305263867226628349e-01
5.224940449510707907e+00
4.646276473275340990e+00
1.712554884777741648e-01
1.514610164782904889e+00
4.933916132809747168e+00
4.305762684338610313e+00
1.542664985649363274e+00
1.289943576917333523e+00
2.802657623089215733e+00
3.618865404546077968e+00
8.378259185582868085e-01
2.895102390088472255e+00
5.166406494438961161e+00
1.377660115506048832e+00
1.313971020141240231e+00
1.068434267747065292e+00
4.832558786089306224e+00
1.733813754352858005e+00
2.626593017980730416e+00
1.786905952987424051e+00
3.358837913390534169e+00
-1.753315375694111111e-01
2.759860308997358125e+00
2.572801811194463717e+00
5.510107742714518864e+00
1.013581457203148517e+00
2.342664125091951988e+00
1.141775584151019096e+00
2.576702929249364615e+00
-5.686708798899333672e-01
5.027141776642183757e+00
5.136641148712824290e+00
2.227270277414074684e+00
2.036452603997284783e+00
3.680483987739819440e+00
1.351776542558184246e+00
4.621871707226564041e+00
4.037688062069108241e+00
2.912580126442404271e+00
3.129252021481731205e+00
2.780434538684750656e+00
4.306279958540478958e+00
-4.770518280814739498e-01
3.593138090124915252e+00
-9.494460796111603429e-02
-6.562294048105501432e-01
4.709783040895576534e-01
1.738329034013379015e+00
3.536634059935686025e+00
4.627743374883509730e+00
