2.762473413859978244e-01
5.376594745604136305e-01
1.865512931897286286e+00
4.868564993349400183e-01
2.807585389421785038e+00
4.082785131215516117e-01
-1.138769984845628080e+00
-1.454490294256470584e+00
1.155540932522275632e+00
1.135394179989508423e+00
-4.156746961722568301e-01
-2.041412595159253662e+00
2.095756165865919840e+00
2.511648714156597961e-01
3.203728645369867678e-01
1.366042630812891900e+00
-7.873402563858080683e-01
-2.451278859501173191e+00
2.448388896362788003e+00
1.442671681072651424e+00
4.083624228262436873e-01
-1.072414997973609729e-01
-1.016228140772464261e+00
5.524075061764488481e-01
-8.483359617706636158e-01
-5.963666174892026106e-01
-1.920855649994464009e+00
1.295438133829478033e+00
3.985949317129078295e-01
-1.748759079815610740e+00
2.220964476180128599e+00
1.696576247436958340e-01
-1.128316071793374675e+00
-2.411095285391227083e+00
1.848062093037516895e+00
-2.084015578761515552e+00
-1.064313269827195096e+00
2.363674189982965856e+00
6.410314097971134828e-01
1.185746854595436162e+00
-7.526195405804347871e-01
-5.876384666618559294e-01
-6.508984564850148757e-01
1.342457112376981065e+00
-1.555220797934764310e+00
8.583071956458834251e-01
3.109525207749680220e+00
5.118125661941386184e-01
1.838311700280299554e+00
-6.917977113724376181e-01
1.506311672832698179e+00
2.860906807455708467e+00
1.017892248983134351e-01
-8.944572829553258941e-01
-3.653200657165385223e-01
1.463806659561626589e+00
-1.774187281638194946e+00
-1.518139201145229933e-01
2.003052974069367664e+00
-2.853538218304985108e-01
9.615048579934253326e-01
-1.972347674986005828e-01
-1.268919398191343806e+00
1.403073974607515595e+00
-2.200511006177405804e-01
-1.336055839166268910e+00
-9.113166120063453945e-02
3.935663747966797743e-01
6.491406455244952411e-01
1.650126235800078334e+00
1.171087275018098950e+00
3.411814425836823261e-01
6.124070389290157124e-01
5.782503070086875141e-02
1.588258608830361851e-02
3.507660130789016506e-01
1.901650568059496393e-01
1.684716860462352805e+00
-1.457148319248723567e+00
-4.292246720809957949e-01
-2.106092297991732920e-01
-1.169678308224876950e+00
3.480100814901572193e-01
-2.424191135470326053e+00
3.144969362921278488e+00
3.605081358827817439e-01
3.235981505860117124e-01
1.416311356214413841e+00
1.429250790428914897e+00
-1.332803659712264999e+00
2.104323187595857902e-01
-9.358283826630140467e-01
-8.740766730246249949e-01
-1.852301240180965092e+00
2.095755931602345967e+00
-1.800100165566778099e+00
2.113558397324418969e+00
2.647313492573605487e+00
-1.508475019821360341e+00
-2.713248948496323365e+00
3.044510377298140114e+00
9.348589287052515573e-01
-1.475162553165587642e+00
2.530069104912210598e+00
-6.222171531753604157e-01
-1.889422921452146298e-01
-2.953872980714557173e+00
-1.537318888311909326e+00
-2.053937651465467695e+00
-8.667193553341334677e-01
-8.699367849750423431e-01
1.537327006343028657e+00
-7.661848985696551040e-01
-6.530872130844587176e-01
3.612543890151798109e-02
-1.424055620546659462e+00
4.331023127059907551e-03
1.362099733448465244e+00
-8.825415897575101809e-01
1.109817298190998613e+00
-1.945259793405647919e+00
2.099550089304847766e+00
-1.229940013940073129e+00
-2.283867673224031503e+00
8.014685758746473709e-01
-1.272493240380521584e+00
-1.477785266936821884e+00
-8.119820002008015791e-01
-2.316227898950796948e+00
6.142182502603699135e-01
5.964634935171666541e-01
-1.885691326209379959e+00
-1.436413033546798168e+00
-3.957650124191305352e-01
4.812938310055248081e-01
2.741902272155840592e-01
1.072416219322693820e-01
-2.471612832753489197e+00
3.127335824964028177e-01
-3.092007691394316193e+00
-1.532996601151930260e+00
1.170413664037095458e-01
-2.629860644301889039e-01
1.201704520467041348e+00
-2.570048417500480298e+00
-1.228613025440073336e+00
-1.381543482292369340e+00
2.735350570849127472e+00
3.285348449716959607e+00
2.243885418557399092e+00
-1.644198967187637805e-02
2.488247466590724599e+00
-2.575905291352726945e+00
1.928218578180954879e+00
2.496513568383049275e+00
3.134764189504846144e-02
-2.594762431280672743e-01
-3.147548814239833348e-01
-7.426535812853334306e-01
7.935615592385367734e-01
8.607796257187096955e-01
8.616310523210968242e-01
-3.989040492416329187e-03
-4.952746221341142174e-01
-9.700576642021019325e-02
-1.811298624894086995e+00
3.056922994905262314e+00
1.450213488124751926e+00
1.055157179738106521e+00
-1.325989345640336659e+00
-7.885427713145816142e-01
3.169891544823384422e+00
-1.121077982171890142e+00
3.158698235816013167e+00
-1.541613908435353064e+00
2.579903347887094966e+00
3.173716844617855415e-01
5.119866384920799263e-01
6.564649036361824841e-01
-1.998983798099374098e-03
-1.118099651107826720e+00
1.425272437499494949e+00
-2.327876602593110800e+00
1.948859385326291438e+00
1.349054837990443900e+00
1.185766576636433811e+00
-7.586986873207379745e-02
-7.767093378434868356e-01
-1.678812003415064424e+00
2.069280642747931331e+00
-1.852243062770755344e+00
-2.506791515432197137e+00
1.147507050238369963e+00
-2.699212499552867239e+00
1.741592963331902055e+00
-1.893094319976182938e+00
1.624452805862207860e+00
8.295868482927781784e-01
1.556417663374909388e+00
-2.316055898801501201e-01
1.730729479802112891e+00
-2.460256913830261016e+00
-2.018883408240481625e+00
1.171651289519960670e+00
-7.913564965101151927e-01
8.153193573797947735e-01
-1.180081897124992452e+00
1.758401153437811892e+00
-2.219057183383661425e+00
2.284681449672762099e+00
2.742248197801755438e-01
1.708037816796838193e+00
-1.268417417326705987e-02
1.061861618144749109e+00
3.575637037963748099e-01
4.540044708767911885e-01
-2.185433242852622193e+00
2.054044073490612021e+00
1.446993862265911091e+00
-9.934715243411798014e-01
-5.256380870605665834e-01
-1.814897189556750057e+00
8.879400594814939041e-01
-1.009498354622253569e+00
-5.811068921048434532e-02
-5.528784301395850420e-01
6.190576925421353849e-01
-4.387567735280608616e-01
-5.450363903535393462e-02
8.252937203676857791e-02
-8.647907292914833732e-01
9.724859266531149515e-01
1.484696755192498330e-01
-1.436197765320970987e+00
4.452818081175440312e-01
5.985611515304949393e-01
2.159215804864640376e+00
-1.158416658010923417e+00
-1.554660482872752159e+00
-2.305876920783397566e+00
7.406040769951793834e-02
1.065965107774546894e+00
2.433489325543178872e+00
-7.047893738688699727e-01
-6.705239166984053867e-01
-9.605296282683015718e-01
1.526569572086104998e+00
9.557993513473972413e-01
1.377447403101700552e+00
-1.761661273064683009e+00
-2.779826375192611110e-01
-3.016434525068595107e+00
6.277768570246378133e-01
3.721136739644412827e-01
-8.115441829177205690e-01
-1.649740501243401880e-01
1.478110807753925116e-01
1.898621377713931579e+00
8.554868434725531046e-01
1.474080301554421268e+00
1.672520308890385721e+00
1.405251252497836667e+00
-1.934870585224086170e+00
-2.087753705752627198e+00
-8.358710164723888170e-01
-2.496640990869954280e+00
7.165902329588629271e-01
-2.914718048709303844e+00
1.513274550825016718e-01
1.552822796371373215e+00
-1.015462766757155855e+00
5.117533434309819995e-01
2.214842265638713670e+00
-2.951222670611120424e+00
-1.860837428398772531e+00
-2.329062547931647131e+00
-3.653940854712116604e-01
5.718017638248609202e-01
-2.222529764869412006e-01
-2.039274646750677267e+00
2.065215269580464863e+00
1.062200621996815642e+00
1.981013649621892192e+00
6.307650365745285370e-01
-1.970147127332957382e-01
-7.891031633038254611e-01
-2.308263786281782082e+00
3.384529820442958581e-01
-3.166153454223064045e-01
7.830993999257014337e-01
6.230705201349913125e-01
1.529965104870301573e+00
1.160353778439367822e+00
1.271292379838868669e+00
2.351159027587272909e+00
-7.937866133049720219e-01
6.680956491268394970e-01
8.903252219153756641e-01
8.308099735807248365e-01
-1.019238344585721379e+00
1.776233909204667505e+00
7.260770065372854631e-01
1.499937257147843539e+00
-2.715857319562916317e+00
-7.860803556736808417e-01
-6.799144903102414261e-01
5.577399201456634259e-01
-4.246944402270349528e-01
-2.458759717494807706e+00
1.355146590902180925e+00
1.411935829793369734e+00
5.019635852996993108e-01
-2.869719474657097535e-01
-1.523871270886938856e+00
1.647634954715733180e+00
-2.324307293688885334e+00
-7.273810354944423295e-01
1.068175433634770854e+00
2.082058140254023471e+00
-1.172603471523942176e+00
-2.277139369903284916e-01
4.137315548930047271e-01
1.103622830976380698e-01
1.807722625919696569e-01
1.747226607966609890e-01
-6.713152915415667721e-01
5.010997270437300699e-02
-3.377134407730988386e-01
-3.001607266197520829e+00
-1.826695346364479278e+00
-1.450669068063060063e+00
-5.127409322446965234e-01
-1.068603004564210313e+00
2.170541376103654940e+00
-1.923800290964288173e+00
-1.402598638757539540e+00
2.174194820575781506e+00
2.419341512733367061e+00
-1.013720847589609786e+00
-2.656319540431694826e+00
-2.230556584089642413e-01
-4.660143931768008230e-01
-5.605643386058609678e-01
-6.844314275236031975e-01
5.903573618643376264e-01
-1.635855469760504999e+00
-8.732514876476358268e-01
-2.964951142366221148e+00
1.079680553288007161e-01
-2.269334428286164940e+00
-1.307666564668656939e+00
-3.401055420934184781e-01
2.019588142066517378e-01
-2.574492133207809452e+00
-1.691956924842513921e+00
2.416350888399305674e+00
8.936769642972874905e-01
-2.315202768036157099e+00
-7.846386494433508219e-01
2.296169259403644247e+00
-7.416884848848406264e-01
2.758669484985509790e+00
-4.370045299328211286e-01
1.013655377301912353e+00
5.383643938528006601e-01
-5.184576870137220794e-01
-2.111253279379948999e+00
-1.269631956926895455e+00
-7.449995641927831258e-01
2.358241004516321127e+00
-2.621607115590602888e-01
-1.733345119176847859e+00
8.202703793249455089e-02
-8.816827191606337877e-01
-5.483253295460563947e-01
-1.653549920330643630e-01
2.563303614494487626e+00
-2.466264023080263712e+00
-1.039392495213001588e+00
1.031314344646974135e-01
4.352002168339446087e-01
-2.754981948227204214e-01
-5.005535911055130072e-01
-8.179090469042709088e-01
-1.373682347938474102e+00
-1.262801091145657306e+00
1.580708205679322020e+00
-8.481118915592933405e-01
1.107766277007689482e+00
8.302257799540520011e-01
-1.728311520239384613e+00
1.168301180805471517e+00
-1.671672461515926855e+00
1.808521067469603949e-01
-2.676700221197130247e-01
-1.471485292088190011e+00
3.534036351811788990e-01
3.092011076770724287e-01
9.402775982311073477e-02
7.729040543629857041e-01
2.143316508278232391e+00
-3.198885294710121396e+00
-2.387946729845509708e+00
3.547710452829182515e-01
8.684823152409482105e-02
3.054684076592618425e+00
-2.348222570180524826e-03
3.084712632990090242e+00
1.565487091888320137e+00
2.401307886612923603e+00
2.693090140585610470e+00
2.370654445289853030e+00
-1.539133267955448137e+00
-3.372830500938258425e+00
-2.875101480555803946e-01
-2.067491317702954134e-01
4.488189407282696664e-01
1.833459341694146261e+00
7.068245302874434088e-01
3.167687666415345049e+00
-1.794563480930606580e+00
-6.355169290806772509e-01
2.511071640044564290e+00
1.285003496135486145e+00
-5.780849687903941714e-01
-3.357542483738396477e+00
-1.667515835156772042e+00
-1.679127186129049321e+00
-3.827230622778898805e-02
1.545707460491918539e-02
-1.323192540305457410e+00
-1.296236191709645436e+00
-2.857676617972893851e+00
1.224822646516310343e-01
-1.733013291056567873e+00
2.015899868925745686e+00
-5.612525873884592897e-01
-3.290910306957835374e+00
9.723637806002214390e-01
9.494312854618662811e-01
-1.524353433339063368e+00
-1.679310982403292574e+00
-8.433186110331920560e-01
-7.485564573397516241e-01
-1.686458453917480949e+00
-1.465069372256900593e+00
3.704498575253651893e-01
1.485732235569394710e+00
-2.117644232897868406e-01
4.845705966071314208e-01
6.952606791782223183e-02
-7.301407047798509353e-01
-9.437089372401992193e-01
1.914545107045304562e-01
6.226511324667143299e-01
-9.725402317943574459e-01
-3.871444910827008812e-01
2.280370435400998375e+00
-2.340708114381293115e+00
1.534662513021212149e-01
-2.777612496063410319e+00
9.474164703366083629e-01
9.864193211356191426e-01
3.466049492803513488e-02
5.023823669943885406e-01
-7.258399655467524525e-01
-1.446692323386406187e+00
-1.881898452171768543e+00
-1.376743031675058404e-01
-1.445988642245088940e+00
8.001698196279090070e-01
4.438590629517680242e-01
-1.823411659425787867e+00
-2.111870116562419852e-01
3.852730405584345874e-01
-1.678136542698913658e+00
-3.672820687132460904e-02
-1.212997263603077247e+00
5.883221715177144873e-01
-8.529474714611193775e-01
4.945619593559138494e-01
2.300154311399005280e-01
-2.696511411240885892e+00
1.985506290181144884e+00
-1.913198368860544729e+00
-1.334293095006033880e-01
-9.625832309037782863e-01
-4.240135233385995406e-01
1.461982951496216820e+00
1.062820386639772963e+00
-4.029045650881517560e-01
-6.952592492974130067e-01
-5.505805995736610114e-01
-1.977809038588294044e-01
-1.573219950255046129e+00
9.160512424966729128e-01
3.682512127498505095e-01
8.486205262442059194e-01
7.319862068590312631e-01
2.549677094917366382e+00
2.951393820660753065e+00
3.225971704534998707e+00
1.663309812221944739e+00
1.306809381010928028e+00
1.305097455375214821e-01
1.128462023523713498e+00
-3.205999072900825198e+00
1.862014783646952054e+00
-1.645973109365792997e+00
-5.500051371028984448e-01
9.446385626822708659e-01
7.798567013259107839e-01
3.756146601759935422e-01
8.742571493709139219e-02
-1.655682062001361921e+00
1.414051154764539575e+00
4.496738688055952338e-01
1.666742178194247082e+00
-1.865996370914791314e+00
-1.014437105048876298e+00
-7.944971034444936464e-01
-5.030642568269874104e-01
-3.051601393616323321e-01
-2.238164581834212186e-01
3.489938436181914128e-01
1.865488784918401421e+00
1.666218620707552667e+00
-4.066993485614807113e-01
-1.883714002481685412e+00
2.225709853364313595e+00
-2.402781516106731186e+00
1.631557061756444327e+00
1.072346182742588638e+00
6.103001237171614690e-01
-5.555470986233386199e-01
-9.284981889747419004e-01
5.942241107268859679e-01
-4.961771591985284502e-01
2.413383771584514115e+00
-2.874982975821126274e+00
-4.655165336582740565e-01
-8.663451137560462811e-01
1.000643286990056779e+00
8.732094269693124744e-01
8.803581070154962163e-01
1.411766332707506955e+00
-1.043448495162571099e+00
-2.031326822823735778e+00
-1.205948100797587408e+00
-1.900131043034818390e-01
1.773156174320380529e-01
2.566762796731458351e+00
6.402518417224714042e-01
1.902418547300907647e+00
2.198766721426879123e+00
3.353994476107002853e-01
6.843266991953456113e-02
5.971790248116048971e-01
2.709204641098219568e-01
-1.643482514563154862e+00
1.284138851951361460e+00
6.229479743804198222e-01
1.615762810322911136e+00
5.233276821900894049e-01
2.174981963560016496e+00
6.002617815045843130e-01
-9.679756110879225162e-01
2.633966731031835984e+00
-8.761992910701899007e-02
-1.233827646968185476e+00
-1.639446078009267893e-01
-1.191887768738730813e-01
1.784267758669807691e+00
-9.966293238262382559e-01
-1.664348767104454119e+00
-2.396746312911005816e+00
-2.092961714198671164e+00
-1.795041779713466124e+00
5.269573774320495119e-01
-1.469138360821402145e+00
-3.059141760209378003e+00
1.227991254471265670e+00
1.079535549289605711e+00
8.082612212874220603e-01
-1.097254001554981429e-01
-2.041192520516843967e+00
-1.949843444202268294e+00
-1.487098654123352404e+00
3.979497338522968164e-01
2.359886377853761985e+00
-2.419549602381999343e+00
1.778575740001282490e+00
1.865474997677745606e+00
2.434707611505602110e+00
-8.621769518957655976e-02
-1.139431113673714080e+00
-2.195319756851979776e+00
8.276272024040620678e-01
1.452483146855914953e+00
2.059214163857561175e+00
2.911678007591254058e+00
1.469921514037847210e+00
1.672570481638455675e+00
-3.129913577198344399e-01
-4.963106702874231502e-02
2.430764746102198615e-01
-1.503049800232098221e+00
9.131467349389410515e-01
8.567530848492115325e-01
1.931360187822072305e+00
1.375409177955333462e-01
-4.807708714309057996e-01
7.765792908438431397e-01
-8.669852035267568979e-01
-2.772094811271452741e-01
-2.186661716018285517e-01
-2.189081846453104774e+00
3.217735851766274635e-01
-1.457640105002344200e+00
2.820835868126955859e+00
-9.625405757934295536e-01
1.446709955265752967e+00
-1.602823655012234561e+00
-1.242323397040482114e+00
-1.667303596289357426e+00
-2.659110564373256658e+00
-2.034564773610804345e+00
2.310734781865100729e+00
2.228603958299697041e+00
-1.312931723801154860e+00
-1.005631660073094125e-01
-2.295005397009397541e-02
-8.612822947056129053e-01
-2.041401462813481338e+00
-3.638475281778648096e-01
1.469781496133180099e+00
-5.006518347962272131e-01
2.170693790290450842e+00
-5.240479235420529847e-01
-9.045731562077019561e-02
-1.404632008000892718e+00
-3.589932695161772713e-01
-5.136275939608898611e-01
-1.191028195017812763e+00
1.255301383677366545e+00
2.356446337920408141e+00
-1.009696777710713533e-01
-1.376300277296822472e+00
-1.065898159415231916e+00
-8.004195208605393574e-01
2.636912577473154329e+00
2.769348825446829032e+00
1.470192141730652935e-01
-3.539699032937821954e-01
-2.573887042025835292e+00
1.994510657663541409e+00
-4.503441078320644664e-01
4.228479626995742535e-01
-1.474375345772537926e+00
-2.936232113157610790e+00
8.768194059445111321e-01
-7.600634538624850833e-01
4.550784933363942741e-01
-2.193051610810942798e+00
1.027393654296786529e+00
1.646422122944240840e+00
-1.732612466714191779e+00
-2.606923231492971560e+00
9.748594873421465579e-01
-9.366610995502551162e-01
-1.963566544730113161e+00
-8.562203799484713329e-01
-1.696786135017493979e+00
-3.404768286886632467e-01
-1.014575846207240062e+00
1.872589229006758060e-01
6.330302413261321703e-01
6.590608421119847904e-01
-5.579721647796187511e-02
1.944513785260426175e+00
2.869642363659060891e+00
2.716248539133059303e+00
-2.330972670517592604e-01
1.143836567341612209e+00
-1.204393534442760760e+00
-2.177426267503177471e-01
1.243882874603315258e+00
3.086293675915268153e-01
-3.630991240553562704e-01
-2.154564988467172704e+00
-4.356081733790997390e-01
5.742551111514124784e-01
-1.260824505317419852e+00
7.868274423607504175e-01
5.295279175107561187e-01
-1.578278415503220344e-02
-4.202531878966038192e-01
-1.853689790777321988e+00
-8.974453737807444043e-01
1.621577075955896952e+00
8.741410295478235781e-02
2.443546683461168101e+00
1.206401259978807872e+00
-2.704883815433166916e+00
1.544019186023286139e+00
-2.205127592928446401e+00
2.949036945414240662e+00
1.587904963490126775e+00
2.152738672826993493e+00
5.432254884785328031e-01
2.267814045019989067e-01
2.308322458685367451e+00
-7.287078957129242696e-01
-1.113221376754389258e+00
1.077962180285574334e+00
1.263753368163466284e+00
2.609051820417452205e+00
1.483141167301504026e+00
1.330965642215966582e+00
-1.098039885063402110e+00
1.283167961884290165e+00
-1.739869045820676696e+00
-2.957924716148916389e-01
-1.012346727902931232e+00
2.027189313592683284e+00
2.377788050446005386e+00
6.483161014212139861e-01
2.464966797758521899e+00
2.411238790226663653e+00
1.141700264786611463e+00
1.936602906022653059e-01
8.914322326919794648e-01
2.987890363523728610e-01
8.515602303247664651e-01
4.316687537879797532e-01
-1.547005372497589626e+00
-1.631193326670899779e+00
2.710866702463628819e+00
-1.456217244154496271e+00
3.077230357260118510e+00
1.191493619619562239e+00
6.510500542867720952e-01
3.047590319447577301e-01
1.555795422886223633e+00
-2.593594420865647621e+00
1.801702238970750436e+00
-8.108474315690372691e-01
5.521579982553417310e-01
6.662004139843435979e-01
-2.480950311216736814e+00
1.623091643920023586e+00
-1.215549719600963474e+00
1.900868909608053769e+00
-1.243318065902141445e+00
1.433666762981316012e+00
-4.653315273371028127e-02
1.345253214688534982e+00
-8.491246543559132220e-01
-2.153755533324011928e+00
-1.536264058533775234e+00
1.165675756381370221e-01
1.870300003335215067e+00
5.557275091861466620e-01
2.261100911549673853e-01
-1.248681439349951461e+00
7.581642017380634258e-01
2.219481199283748651e+00
-1.666286655777916792e+00
1.064496142578644999e+00
1.810297871505182066e+00
1.326331807783186711e+00
-1.461347343104621999e+00
-2.548938436905174854e+00
-1.098678832999828714e+00
2.256619962320868922e+00
2.267428392366968914e+00
-4.079048100851245806e-02
-2.398411334309462184e+00
5.765372444678185104e-02
-1.990047573680662651e+00
-1.022368235929725699e+00
6.684599478602812894e-01
1.357890979513040719e+00
5.635500263675172761e-01
-1.156097602231582755e-01
4.382039293275452607e-01
-1.479538642297612228e+00
-3.226029878909800530e+00
-9.853708689360374251e-02
1.958418211886595373e+00
-4.525338939610632494e-01
4.492253048308931795e-01
7.219485556943556759e-01
9.119906624694973374e-01
7.576045132302731133e-01
-2.422229693389136962e+00
-9.349352895205198521e-01
-9.269375385874933926e-02
1.725132944031297910e+00
1.846460329334465023e+00
2.802304859668890202e+00
5.935536581547928847e-02
1.170589564781558956e+00
-1.121742055392616066e+00
-1.809051396969750591e+00
-1.244490397779678403e-01
-3.288229349747808783e-01
2.562977327915676895e+00
6.541603741305053177e-01
1.651297905379104591e+00
-9.953216217916862618e-01
2.871140211591178826e-01
2.089288706000370865e+00
-1.911981123825974294e-01
1.848957140624163387e+00
-2.166636201022885011e+00
3.979199290161865576e-01
3.249213908268824724e+00
1.348082893189537224e+00
-7.867144131611283342e-01
6.663270164664023554e-01
-1.386037632768695183e+00
-6.756434335312233586e-01
2.813500222111731119e-01
-2.412906420191239576e+00
-1.511188816187270412e+00
1.613559353181863720e+00
4.755020144611439292e-01
8.434536757563924070e-01
2.195264157434269059e+00
-1.569455267481996152e+00
-9.635334314727819205e-01
6.844524840089665219e-01
-8.081118062693182225e-01
1.954281265169681703e+00
-1.532951108076128222e-01
8.687162554233571754e-01
1.307001796838600072e+00
9.575295085151500629e-01
8.751988013457996374e-01
2.207455622343276858e+00
3.836098148080315795e-01
7.334562708034297884e-01
-1.611749008294614427e+00
3.522713482465391621e-01
-1.225372150477676669e+00
-1.312942693481955470e+00
2.882524816315172878e+00
-8.207747415774218069e-01
4.253248553846926683e-01
2.200323631286304149e+00
-1.097284156687349910e+00
-7.545578550181319955e-01
1.236327781848901353e+00
-7.286326123667299370e-01
-9.340430139065469817e-01
-1.954668914506550337e+00
7.446660614659066368e-01
-1.753961806967413217e+00
8.295638968206411334e-01
-1.344659705317263754e+00
1.381111803302243146e+00
-2.518167608219613385e+00
-8.248545630658590255e-01
-2.478975458713994939e+00
2.670680617763478537e+00
2.323210909772246424e+00
1.144399561694875445e-01
1.802187998944284608e+00
2.533146225599125501e-01
-3.081434485914564814e+00
5.930015202973946131e-01
1.701726294582314836e+00
-1.199389743692198529e+00
2.642166214484401365e+00
-2.802396020275468302e-01
8.069509942771402322e-01
3.329420128519666733e-01
3.299589561146804684e+00
2.472845304276206413e+00
4.337478283717999261e-02
8.825473355005639675e-01
-3.962810177821669555e-01
-1.649008847843088432e+00
-1.420349759934131928e+00
7.959479541755953846e-02
1.298339650406131973e+00
1.750021965040755134e+00
-8.976160230178269472e-01
2.286212977337120478e+00
-1.686401570655738702e+00
7.202348021338691453e-01
-1.838033324223584675e+00
-7.552568309617253561e-01
-1.868643794963631422e+00
-1.216724627826794247e+00
-2.705120523960948820e+00
1.706789508104693098e+00
-4.379315414938842466e-01
2.203505157972402984e+00
-8.643729899395502514e-02
-8.543361659005306308e-01
1.144070979156584400e+00
5.298768268438269757e-01
1.453301716975650137e+00
-8.360425695590079087e-01
9.146296660136652434e-01
-7.590904460526477493e-01
-1.127731585187511598e+00
1.158643852684311248e+00
-1.041652514450297495e+00
1.062348026703785919e+00
1.288320836012406545e-01
-1.626545923671601557e+00
1.308824139290613253e+00
-1.290725731003783405e+00
-1.060330316733848033e+00
9.034023544708382758e-01
-1.219726936846785126e+00
4.038991719515108159e-01
-2.327012742676727974e+00
-1.264398700081863058e+00
-1.058335908694405969e+00
-2.484009983547533551e+00
1.281540988216552712e+00
1.981576652498151958e+00
-4.065477395374301750e-01
5.930201593509663027e-01
-7.085566457302689969e-01
3.984430552301336803e-01
-3.173753476134621998e+00
-1.335927063541604287e+00
-1.522924313527856732e+00
3.280576638578311943e-01
3.039154972163649049e-01
-2.321184691290278934e-01
-1.224321650018716845e+00
-1.053441809663664408e+00
-1.367632633770485384e+00
1.726537996170549150e+00
-4.997559237429722856e-01
3.797743570826348503e-01
2.154770311804401928e+00
-2.182149247009932402e+00
2.290034191945425235e+00
-2.211883634668569965e+00
9.339640355355296464e-01
-2.121340742102280075e-01
-5.972306768224404649e-01
-1.751100423536657846e+00
7.499833926092769332e-01
-7.075990353616044004e-01
-1.256170899347099024e+00
9.443979049731208164e-01
-1.146131476493942536e+00
1.886667792274905331e+00
-1.235473082322257277e+00
7.358896837417816528e-02
-9.974577174393131074e-01
8.639868938084838135e-01
8.215191200782170355e-01
1.041540905054981536e+00
-2.638352735487873968e+00
2.278476413951473489e+00
-1.675364516085410926e+00
7.886725918360966148e-01
-4.738055095707025544e-01
1.345284247975763847e+00
5.273446060019626458e-01
-2.105577912321709988e-02
7.497384308433545641e-01
-4.235496355618124653e-01
1.489135509183050488e+00
1.428136438392153096e+00
-1.016786434880154744e+00
5.949663375008054089e-01
-1.168583318178500363e+00
-1.691107030833991942e+00
5.813566353130816822e-02
-1.027835788564739783e+00
-1.572409388131308372e+00
-2.633640555238825343e-01
1.687511309826781769e+00
-9.014390361909487837e-01
-1.165327714171198181e-01
1.592104997067602667e+00
-2.827011460070911308e+00
1.624682412051926761e+00
9.751715473835282921e-01
-1.269009421392816250e+00
3.838231635672073594e-02
1.212012690227581402e+00
2.679811000105996044e-01
2.199856818326608732e-01
-5.143547520847748800e-01
4.489821722933839965e-02
1.618077146432966629e+00
1.490414953400451381e+00
-2.634212002190849944e-02
1.385967272988672505e+00
2.420998460545127351e+00
1.626910455358419938e+00
9.575892750581473933e-01
-4.912910353960233678e-01
-1.412913354026663182e+00
-1.127663995255092644e-01
-1.040826122822145372e+00
-6.633321289067941606e-01
-1.020955202271571771e+00
-2.059832100430183388e-01
5.495220095414508066e-01
1.826766232277411639e+00
-4.506942723350428892e-01
9.939087889717423963e-02
-3.444045310072132438e-01
-1.078910877612794916e+00
-1.729252156117420114e+00
-2.004541200727398831e-01
7.561040355193888729e-01
1.113442537247760100e+00
1.690731489234443607e+00
1.433070177204567308e+00
-1.115751755148416180e+00
3.555706339069786281e-01
-1.062628532056568709e+00
5.032075600914964753e-01
-1.474357679162954238e+00
9.388110588522131650e-01
2.132919243654729513e+00
1.783096255464506896e+00
3.630073724406246427e-01
5.796240907417420374e-01
-1.225093306160944806e+00
1.550863413485734199e+00
3.156035688625044244e+00
1.740256870105651998e-01
1.198374017984724205e+00
1.271479160018557764e+00
-8.357244582557044055e-03
-1.140287862606696567e+00
3.495292158608567235e-01
2.078337342221717954e+00
-7.591631568817316378e-01
-1.209821861341854543e+00
-2.321961721461818229e-01
8.812772143524227886e-02
3.074082557242565628e-01
-1.861871040858175341e+00
-1.477731197807413466e+00
-2.121821792360500503e+00
1.812015924009493517e+00
1.474336522495125479e+00
-2.649972730390217190e+00
-3.752728605092547909e-01
5.536060921290726355e-01
1.882744977189231506e+00
-1.925354364953925757e+00
-7.446319623936696885e-01
-9.139263262749386385e-01
3.934791464274232098e-01
-2.151194658486778266e+00
3.970192779396093385e-01
-1.173379730610182747e+00
-2.419273532730030762e+00
2.655604364686681151e-01
1.942826207865897103e+00
8.207024717973858685e-01
1.765293305848487648e+00
-7.086251680167441336e-01
-1.507341902651188725e+00
5.914029604257002859e-01
3.852605790372152228e-01
-1.731680284015189031e-01
1.558090570659911300e+00
-1.534925979303507937e+00
-3.000961177568552518e+00
-9.561822587216202152e-01
7.840854467378814974e-01
-1.328128615935115775e+00
-2.248393326368145484e+00
3.152544579637236666e+00
-1.945110265117191872e+00
8.240079426390796158e-01
-1.737800056897161216e+00
7.248370487370427995e-01
1.717080981993421851e+00
-1.568248225641724058e+00
3.468584850060407732e-01
-9.446037278016419236e-01
-1.001446109140760932e+00
-8.047883045287846926e-01
-1.348328869288907050e+00
6.324587934180936344e-01
1.771479071134500316e+00
1.311771938491426148e+00
3.361200786258745410e+00
1.552160215479503336e-02
9.431252269146011002e-01
2.135492452866079027e+00
-7.800956519321911031e-02
2.742384733541543440e+00
-1.664534767775345703e+00
1.304584174001820251e+00
1.037765083232411456e+00
-1.347419819116852935e+00
-1.179220062082197096e+00
-8.390814476730250604e-01
-3.230041501268479109e-01
1.268061914536186663e+00
3.033828593695151454e-01
2.511002609785544237e+00
4.683537892441060890e-01
1.637154760186046332e+00
-1.358594237537870342e+00
1.242010750644055861e-01
8.367505432174127122e-03
8.706089237321812391e-02
-2.841608750107473824e-01
2.451818092448916353e+00
-1.274925395812019246e+00
-1.005262351986470293e+00
-5.615827374253115067e-01
1.273582041832705514e+00
1.014820598578887179e+00
1.457891223842961992e+00
4.271328526107147638e-01
1.168468178741715491e+00
2.156543808876465462e-01
4.161807166074016351e-01
-1.298836999096506961e+00
1.415821359616092678e+00
-1.696857770798460230e+00
1.983388961248868654e-01
8.693983562340168447e-02
2.898815637843998871e-02
-4.519993276202765031e-01
2.205026916032526429e-01
1.331550896646751525e+00
-2.003648050637300670e+00
2.081026907925647151e-01
-1.984773375757271641e+00
8.647847273034559024e-01
-2.020488654262263317e+00
1.077233241992466617e+00
9.469358244631509436e-01
-1.932055438311115036e+00
1.391068781770564478e+00
9.692097974422324569e-01
-1.277349980568001087e+00
-2.781973268362328611e+00
-9.921160030229554394e-01
-1.641429081706332838e+00
-6.428896128392036502e-01
5.265679600617332312e-01
1.062905716435355252e+00
5.989112284767799110e-01
-1.400368185146267930e+00
-1.341774339791635295e+00
-7.796619279832217586e-01
1.813433024721845754e+00
-5.124253202889779146e-01
9.681327502774639271e-01
8.244598095541899596e-01
1.668887054561919214e+00
-2.276178682197658176e-01
5.305902888277511664e-01
-3.592797559248044337e-01
-1.743524164127050469e-01
-1.387581434186655471e+00
-9.618373620484685915e-01
-3.321091066494528121e-01
-4.646152276700004080e-01
-1.648004227314654457e+00
-5.243810978067582340e-01
-2.059537643038162003e+00
4.069224236961570540e-01
-1.594324592207738700e+00
2.108468136456702169e+00
-7.901963043632100892e-01
8.418797737195014008e-01
-9.537435417720843134e-01
-1.281956187947681070e+00
7.066651010140434508e-01
-2.448052607398282454e+00
-2.747751652481980056e+00
-1.578072267348872959e+00
-2.246857817850047567e-01
1.050853781113866070e+00
-1.292477060468115724e-01
-1.035775518071694101e+00
-8.357418341951659002e-01
-3.399162244441225056e-01
-1.462150740238596924e+00
-2.428027321683736695e+00
2.312708346542962090e-01
-1.222185294696033431e+00
1.582783620951001780e+00
-1.096928530108410182e+00
-1.985487354424409823e+00
5.191482728373753019e-02
-2.464774011901413875e+00
1.650631928194632891e+00
-1.443015278612161723e+00
-9.155020389837043027e-01
-2.514075190839556662e+00
3.993118405981856966e-01
-9.917209837032583408e-01
1.388495441771474326e+00
2.641427163532092948e-01
-5.722273819329526390e-01
-1.291006317781207002e-02
2.300038513807965757e+00
-7.287463908788263112e-01
3.695395605682785245e-01
1.002217552671346823e+00
-1.569095026311845054e+00
-1.323537626767607556e+00
9.573726022934838653e-01
-2.169883025919414621e-01
2.280645280596598212e-01
-5.335244566033114921e-01
9.831153860123187371e-01
-5.852082324474325858e-01
5.708174033510093892e-02
-1.318965866282874266e+00
-1.926255055246493431e+00
-7.176106621276696629e-01
2.001661020928613866e+00
4.442961250271446616e-01
3.167349642343484817e+00
-6.934834822361928275e-01
-1.455750133975006744e+00
-1.503363780306917974e+00
-2.459479121911949395e+00
-1.017218373531004971e+00
-1.891374899405333654e+00
1.191254093122573465e+00
1.461216390405054355e+00
5.063971443655832516e-01
-1.128141666749734817e+00
2.012398892132553740e+00
3.542156453222364831e-01
1.173891497662906680e+00
-2.074420429266897514e+00
2.254594486186327629e-01
-2.527337934491234339e+00
2.216126812711747718e+00
2.597952951973329760e+00
1.948159480150135181e+00
1.501020330630240096e+00
5.809595365788569055e-01
-2.039201038849060232e+00
6.748839310816290293e-01
-1.620049639606207847e+00
6.013137102242902543e-01
-2.292647769095061960e-01
-1.637802477304814541e+00
7.215069777773921444e-01
-6.884812380493174899e-01
-3.296313460033086784e-01
-8.919622563933469195e-01
4.596486155710621802e-03
-1.090118422647744723e+00
2.016485409863781442e+00
1.975368076211085899e+00
3.334875122525327029e+00
9.498867601568381502e-01
1.131013652309893480e+00
5.329723698546278143e-01
-2.946821448644909580e-01
-1.517446126212505852e+00
6.507848098124124903e-01
5.972612302046371724e-01
-5.325000975758618083e-01
-2.210114831982523675e+00
-2.587178541344214988e+00
1.391575594719194342e+00
-1.927704131111126706e+00
-3.070776077770249746e+00
-2.064946077573344141e+00
-2.272135220964486280e+00
-1.821197941455037217e+00
-1.191677382915660832e+00
-1.803618278162710808e-01
8.280872936749306135e-01
-6.266365610522708351e-01
5.256876279035180843e-01
8.148847391386144778e-01
-1.741833538546857518e+00
-7.946599136275516173e-01
1.897087004041013714e+00
1.128023175694210067e+00
3.561435859940500492e-01
3.356839315023174564e+00
-1.694727798721789025e+00
-2.318686012950523789e-01
-4.049762905374958422e-01
2.069181637956539532e+00
8.541085097605849441e-01
1.198599879091908349e+00
1.710804218619181860e+00
-2.247215824399081185e+00
-1.232023453401659197e+00
-9.340360229958211136e-02
-7.579651562852509628e-01
8.343015186497044766e-01
-2.941268376125633743e+00
-4.364721737776431354e-01
-8.029580774284408307e-01
-1.013988073096641518e+00
1.680764353815295209e+00
-2.079950648329587093e+00
-8.823090998595795043e-02
2.228748062973528121e+00
-1.937572358923951299e-01
1.554007647699116035e-01
-3.012207703558331673e-01
-2.684562131127719020e+00
-1.086379687010420092e+00
-1.041724701379387330e+00
2.400100889060645670e-01
1.002605999396022796e+00
1.056081776433769548e+00
3.408528839435387425e-01
-4.573198063108980804e-01
1.992067743905865385e+00
-7.244183697052815063e-01
-1.291798577521459990e+00
7.329252380945305845e-02
1.855281624642497462e+00
-1.818903913282481355e-01
8.243989253534795836e-01
-1.226775947113867282e+00
-4.126987432851079163e-01
-3.292922924960658193e+00
-1.429509239917830854e+00
-9.596869825648512986e-01
-8.962283744417041120e-01
-1.661018401382543530e-01
-5.200731906811126848e-01
7.744531326269807892e-01
1.379589876690900496e+00
2.563267699353156459e+00
-3.181741882899444818e-01
5.695175779573791175e-01
-2.590430717325702403e-01
5.195286220360397778e-01
3.278310344458617465e+00
-9.264048251267347212e-01
-1.356300439694562598e+00
2.148044674594901338e+00
-8.406527666229921536e-01
-1.919387914196438949e+00
2.183192376146871894e-01
1.966575868250188819e+00
6.553474228720901351e-02
1.839040989127140868e+00
2.687338750880988059e+00
1.798716967210234330e+00
-1.820352059934933209e-01
1.726671762020030698e+00
-2.201821705803176599e+00
2.044731342582036149e+00
-2.761262466792260284e-01
1.139954203840922276e+00
1.148932587984510256e+00
1.306484949212405766e+00
-6.473026570894866438e-01
-3.175927429175270156e+00
-1.105361115299396957e+00
-2.806971756372337090e+00
8.290270410873024076e-01
1.211706447167617995e+00
-1.298303559598360302e+00
5.257709974630664362e-01
-9.601407820374951996e-02
2.982083032797138600e+00
4.012810972541736021e-02
-1.804794761654928692e+00
2.591847230975301564e+00
1.091978974711556916e+00
-5.673770313883128580e-01
3.134828992191337704e+00
1.962675909912885430e+00
-1.076270287800426662e+00
-2.588887439633952958e+00
-2.534505476774446819e-01
4.478730464178681814e-02
-2.342855334417227375e+00
1.828872838854036509e+00
9.276902448615684804e-01
-1.364286704454263699e+00
4.432691473679559735e-01
-3.410399935503773960e-01
-2.100633407028219324e+00
1.698170532497567109e-01
1.798611710668152064e+00
-2.089490897054722129e+00
5.618419780915751005e-01
1.163821604411209520e+00
5.681347305615291887e-01
-2.204190845520572317e+00
-8.526755323447350321e-01
1.671135718121922409e+00
8.002679591711112650e-01
-1.492525540366804737e+00
-8.484075794774650348e-01
-1.886157864200626033e+00
-5.007914163751756575e-01
1.411714618195441417e+00
-2.460558624971167063e+00
-6.595978764686263318e-01
-2.928991012710100872e+00
-1.297945339003355070e+00
-1.540654993281603602e+00
-6.375001176844428130e-01
1.617565149642685718e+00
2.648939981672880251e+00
1.074429838546546279e+00
1.068062581978358239e+00
-9.879227557490413147e-01
7.879201231116352844e-01
1.700986719590787288e+00
2.114133652140157693e-01
-1.471906185531218547e+00
-1.867258150560671126e+00
1.028715403494517844e+00
1.827798610328246198e-01
-7.778681784535539379e-01
-2.066432377866644909e+00
-5.621156389197059511e-01
1.460994671980344606e-01
1.596597420302061643e+00
-2.421646106720953817e+00
-1.837732057007618991e+00
-2.739052209341359401e-01
1.298018436747314652e-01
-1.749386715498568723e+00
4.621635446756577892e-01
2.217874225079006223e-01
6.792706556716812116e-01
1.793768251983466122e+00
1.056120409739000898e+00
8.164806806713817977e-01
-2.270391684552455214e+00
-2.391936665560092656e+00
5.336970107546914477e-01
1.218385145587217444e+00
7.840283151372542392e-01
2.283848652706788052e+00
6.900427363356467225e-01
4.610204178592702817e-01
6.322668810675686757e-01
-6.474493711456013045e-01
2.361687251840317359e+00
1.098908794516124665e+00
8.661982227581059846e-01
-8.450698136621115353e-01
-1.253387216764783041e+00
1.605135592821513413e+00
2.814220811936749556e-01
-1.611272140139643927e+00
-6.947075401336704203e-01
1.453394338033231037e+00
-2.772696446680656290e+00
1.930580311577734243e+00
-3.021566791997611912e+00
8.967115667285217029e-01
4.464043381991746884e-01
-2.067734722739570152e+00
3.888631834209146376e-01
1.025511326455591288e+00
-1.650157414514066723e+00
-1.364705419483409621e+00
7.248321509298607523e-01
-3.050295810425735610e+00
1.503572068138124607e+00
-1.581484463715002953e+00
-2.515515202524305494e-01
-1.669932359092451524e+00
-1.851743907230138930e-01
2.373603251763478639e-01
-4.947761135784638498e-01
-1.642418677470027788e-01
7.703584745321307992e-01
-6.396696992501924584e-01
2.374782856027791489e+00
1.369787069950874070e+00
-1.565533329425565334e+00
-1.402919501202676500e+00
-8.002346140274410047e-01
6.083915315043721961e-01
-2.956188998320996575e-02
8.715979916129743543e-01
1.770212421241971867e+00
1.653318475389395026e+00
-1.311578955157013837e+00
1.061626922470539469e+00
-5.877982834196107120e-01
1.464370986485539206e-01
1.263394109386136499e+00
-3.489144853164125593e-01
1.271830600639576758e+00
8.838898403436470375e-01
-2.114805231486931447e-01
-8.153377149919851519e-01
-2.711494307673927295e+00
1.360750983433918648e+00
-4.004255668588632133e-01
-1.164785820483827727e+00
-2.035593284649790391e+00
7.214738757742704678e-01
-1.424782553570368648e+00
-5.451952997180402605e-01
-1.762218788787050627e+00
-6.235761014557397175e-01
3.318226528946865983e-02
5.645209746646884241e-01
2.065706975011359248e+00
2.198388685828922107e+00
8.281127805978290013e-01
-1.015511037796938965e+00
5.463355618064893449e-01
2.797485555589300787e+00
7.407475748989877928e-01
1.318097758726239910e+00
-3.855773453722086686e-01
-1.051554422782849940e+00
-1.513188545989585521e-01
-1.184892953125511461e+00
9.585880288604631261e-01
1.198660960692836674e+00
4.681470848230961934e-01
-9.891880186149561993e-01
-2.292487555268243327e-01
1.697785887627595969e+00
-8.287812620631020977e-01
1.688875941427383509e-01
-3.075127629621241532e+00
2.722870628382718650e-01
1.617507986379274953e+00
1.166054236755620366e+00
2.041246521709484618e+00
1.513052953673721390e-02
-7.285623901024926852e-01
9.347644847900058451e-01
-1.065056164391870119e+00
1.788648347611177414e+00
4.878710610648315793e-01
-1.234382530689331681e+00
2.070059300303501715e+00
-1.213716414851018222e+00
5.383293776746880255e-01
1.201679017676497097e+00
2.870806611367527239e+00
-1.485568240945926988e-01
-1.861072716608687116e+00
-7.141398047904745638e-01
-1.456107590821039022e+00
-8.067113750678345241e-02
-1.235049515824423239e+00
3.777750222393230217e-01
-8.017878100663251573e-01
5.266119056675275800e-01
2.426127452339539303e+00
-6.048214169736088053e-01
-1.137081984269352031e+00
-2.823585801272994189e-01
-4.370051077204193390e-01
1.024546681019607774e+00
2.351727722251282238e+00
2.567593519896584908e-01
-7.858797290891361698e-01
-1.243505880742039604e+00
4.711995494321801203e-01
-9.799142793669997076e-01
1.407002597223643292e+00
1.056633090789448559e+00
3.479027622380286289e-01
1.137239792122723969e+00
-8.022889363742278235e-01
9.914075577376202375e-02
-1.281383582577229063e-01
-1.185286242044423233e-01
-2.730594045990462959e+00
1.591919911634863460e+00
8.208742738453871368e-01
2.269686807855365807e+00
3.931009883602243349e-02
1.343932550508723622e+00
1.382663759290865713e+00
-8.429260427218796536e-01
-2.639018086698552423e-01
7.800903247956085806e-01
1.153152992196853077e+00
-7.522195001018339156e-02
-1.332810886219788493e+00
-1.609520016658759545e+00
-1.949553996829550329e+00
1.493244763772728412e+00
-2.634543201096176013e+00
1.164939526089247224e+00
4.954206826666149865e-01
2.046612514423893359e-01
3.812670165302538550e-01
-1.533021671575859557e+00
5.256130965442125103e-01
1.983062514466067405e+00
1.171735573362207461e+00
1.422634177494788155e+00
1.054937881840914748e+00
-3.856927966535339536e-01
-2.157633694432252724e+00
2.404581493167698980e-01
-1.856696744106946628e+00
8.377116918422196079e-01
-9.707991208435604591e-01
-1.117513229003450181e+00
-1.162054684040869645e-01
-2.500934303024113792e+00
1.679499386320655319e+00
-1.770257157456582853e+00
-4.982615627771931344e-01
-5.588897447840421862e-01
2.047144430254565606e+00
2.158968768388436210e+00
2.606757741783675364e+00
-1.233671143899494282e+00
-1.467488365950568863e-01
-6.162964912438830822e-01
-3.567436823145619940e-02
1.418803825311893974e-01
1.412604380183544173e+00
1.136720626466434680e+00
-1.964556265268648794e+00
1.577946993684911980e+00
1.169263344202282617e+00
-1.922655929087644378e+00
3.526839958731633473e-01
3.229369555035264128e-01
-3.253061042618830001e-01
8.979153434639979281e-01
-2.039535282411756079e+00
-1.921393317205062345e-01
1.068404353175276711e+00
-1.711268780966328507e-01
-2.012496364460649723e+00
-2.986815281628265595e-01
3.359871243668086649e-01
1.507082326091935265e+00
2.342806376532937662e-01
-2.053603106467665196e+00
-5.680225375728262804e-01
-2.505313216507790486e+00
-8.182113750276140962e-01
1.913899227699564776e+00
-1.140632864831411020e+00
-4.144141124557423339e-01
1.264572761916507027e+00
7.480272471631224107e-01
-2.111089177636440439e-01
-8.245174084000588266e-01
-8.167698298798171663e-01
-2.027679292771158437e+00
-1.602109060145276764e+00
1.602814423785980047e+00
-9.276725538408721050e-01
3.331907974575107900e-01
-1.077970899549447470e+00
-5.834704876681966468e-01
-3.051812334714218977e-01
-2.373505905022579299e-01
1.851549442278788149e+00
2.727295692621634515e+00
-1.227472530896458469e+00
2.806146738229902127e+00
-4.603257755261385142e-01
-1.421916123438603741e+00
-1.496003280125834944e+00
-9.473312856215549971e-01
1.094238714900241050e+00
-5.331004273261976678e-01
-2.854097961513822668e+00
1.320383198059953855e+00
7.462436931345264313e-01
-2.731080187200809473e+00
-3.943517095169228881e-01
-1.437849038103716559e+00
5.521707949062637510e-01
1.618338428883144609e+00
-1.100692827881582403e+00
-2.520811731414597912e+00
7.542880525110540191e-01
-2.053171360900400977e+00
-2.195921514148846398e-01
-1.155555127345459177e+00
-2.617573016253087470e+00
3.307281970924114134e-01
1.794924467209919605e+00
2.379981854977862632e+00
1.384819566157319493e+00
-4.950595184262311932e-01
1.071018406893031738e-02
-6.650455497620511025e-01
1.469623740921271349e+00
-9.859486373037622542e-01
2.675516652573175946e+00
2.015886549757953894e+00
-5.718378056059600922e-01
-2.306076229989075799e-01
-1.087410358616009987e+00
2.640140852807173033e+00
-3.568982492745673696e-01
-2.061711290251944106e-01
-9.480732088160195303e-01
-2.501310744030257105e+00
4.120674587010260126e-01
-3.688253774878127444e-01
2.251334202683469954e+00
1.854128078294593251e+00
9.961010161737551272e-01
-9.671322257357894969e-01
-8.506264532159519831e-01
-1.828969623164202751e+00
-1.131545969022917930e+00
-8.993531916701797968e-01
-1.318953762885426428e-01
-3.018260297590550145e+00
7.615656583667105295e-01
3.508911286779516914e-01
2.375090613627896197e+00
1.625967509957728652e+00
-2.374958408760056372e+00
1.871772612325560914e+00
-1.010009479278303868e+00
-1.118229609863800711e+00
1.975154250610304807e+00
-1.605823614897937901e+00
-3.502442275417063655e-01
-2.725383890183934454e-01
7.954936517460460266e-01
-8.340967031311397051e-02
-2.449202825452512666e+00
2.358821434065712097e+00
7.689939673465211456e-01
-8.017771620665552490e-01
-7.413668334111704894e-01
2.538789006155118599e+00
1.374857359824135372e-01
1.316099003117119359e+00
1.536508770064662244e+00
8.370355443066701540e-01
-2.322605687435540744e+00
1.054105146317054320e+00
1.198365295067227443e+00
-8.066038936005934801e-01
2.316486441121368145e-01
-2.354578728974580315e+00
-2.261412035002952070e+00
3.100814888242023670e+00
1.516014906879961543e+00
8.452343025300734780e-02
-3.762668083771094629e-01
1.067296010704775533e+00
2.022230959953686735e+00
-3.569325430992442705e-02
-1.972720166463552971e-01
2.103416384858672217e+00
-1.567662553600675857e+00
1.427727158058704759e+00
1.334125289227817923e+00
-3.139813631484900114e-01
-1.409287875267764889e+00
-2.644651407536526833e-01
1.631234196613950971e+00
-1.061768075946372569e+00
-9.982052440200082088e-01
-6.602721550906922587e-01
1.274981689972366716e+00
-1.696002894352830026e+00
6.525378482205992370e-01
2.356038125348554502e+00
-1.154320223076086727e+00
-1.473024109045691254e+00
2.958524779227031942e-01
-1.269536976234517667e+00
2.030401299542505811e-01
-2.680690031031014442e-01
-2.150436443744743187e-01
-5.569585053251993045e-01
1.316008623820636991e+00
1.724140779647260757e+00
1.188839783345287948e+00
-3.462603921868110390e-01
-7.783879698585938200e-02
3.442546647940272209e-01
-1.682185135242375562e+00
-8.906738273056937771e-01
2.918983196878812691e+00
2.557576602362800600e+00
-7.173376033524094808e-01
1.408434814973682947e+00
2.046124617083582287e+00
-2.676208092392080573e+00
3.754462431841263381e-01
2.270769543276925262e+00
2.439579695373580215e+00
-1.488466733461791591e+00
-7.676101577747376226e-01
4.399203628191816762e-01
1.412235626530698340e+00
5.817903304439431267e-01
1.104391749002857637e+00
-2.999044006653624805e+00
-1.280093178661932285e+00
-1.353942794655615955e-02
6.275369421028207384e-01
-1.881169363311296472e+00
1.795080631957301165e+00
1.219046260860673137e+00
1.401847748364033919e+00
3.068296856058674749e+00
-2.864290954163132064e+00
1.851296180772202149e+00
-3.256890688942011280e-01
-1.213693842284184754e+00
-5.298315497334113999e-01
6.294248132062794099e-01
2.323702289310768165e+00
-1.184706979388118420e+00
1.623583975697515669e-01
1.567949932278250635e+00
7.225837668555339377e-01
-2.436056051749239781e+00
-7.351747308643128420e-01
-1.722942698501785941e+00
-9.239386919535963472e-02
9.377272426089042767e-01
1.435293241666069086e+00
-8.609235570867257437e-01
2.155189563735446789e+00
-1.498846842786270006e+00
-6.032046325950162213e-01
-2.891993092619085104e-01
-3.081856701683607369e-01
2.006214433892425042e+00
-7.969075156539577875e-01
2.237539928826777214e+00
-7.159003299390374053e-01
3.092897169468159291e+00
-2.998090481397795770e+00
8.673377583018391235e-01
-6.498951509414299110e-01
3.163909416846120592e+00
-2.851698626662967584e+00
2.142209242555744630e+00
1.813679048469091448e+00
1.318729588758658089e+00
8.331393276217591293e-01
-1.415811055369611271e+00
5.508435052276272614e-02
-5.979500499907288713e-01
-7.726773849487678092e-02
1.211957850471843123e+00
-9.259041600071249434e-02
-1.528979310660959712e+00
-1.037387998161767744e+00
1.894868472733232778e+00
1.026541093548621220e+00
7.417233811726342552e-01
2.743331296721400747e-01
-5.373904283235981794e-01
9.797509839635960560e-01
-1.936825124249365260e+00
-1.562256252576924354e+00
2.130386736676781467e-01
-7.365422266811378904e-01
4.402890799888261597e-01
-6.610221469201675859e-01
2.159745678782116762e+00
1.733027896295813441e+00
-3.279103207554721067e-01
-1.379727648524163186e+00
7.409661952515458339e-01
-2.323260443825940769e-01
1.100841738265188496e+00
9.575597108058993001e-01
5.691322006440096004e-01
-2.314403509507867440e-01
-1.022644892649208881e+00
1.879998262239409357e+00
3.267598324735494941e+00
-9.723368170506683228e-01
3.102127504216829479e+00
-3.227815975737859944e-01
-2.890403844933747912e+00
1.689115239683003367e+00
2.532293420977467235e+00
-2.348591856524766541e+00
-3.251030079019656682e-01
9.875098781870441655e-01
-1.509323813287343885e+00
1.619275383829288373e+00
3.856447036259620376e-01
4.069309343349249986e-01
5.004744259972548903e-01
-2.935959642668138248e+00
7.813694298463049748e-01
-2.669196152799644395e+00
-4.651078188496331478e-01
5.471217089454079030e-01
7.883409172896271855e-01
1.220668918932952707e+00
1.573657010009098300e+00
-1.574243699531885365e+00
-1.564400062339107222e+00
-1.703453024218602785e+00
-5.816354152841807235e-01
1.591622546563383978e+00
1.470244506218411296e+00
2.461788551414114679e+00
2.012208788559983752e+00
-1.210949972275092712e+00
-2.625218546951688214e+00
-4.348646651552101616e-01
2.771878154602585020e+00
1.509002127572180996e-01
1.206150753768495676e+00
5.560127508561150123e-01
2.402619796168039557e+00
2.608386699919877927e+00
1.916117565795794953e+00
1.620521094448129418e+00
9.792138873332989490e-01
-9.245424067935008594e-01
-2.361178966671068302e+00
8.183488863948156222e-01
-2.197962870275201652e+00
1.149099310870225210e+00
-4.675287468837741045e-02
2.518884655435420505e+00
-1.410386956942963899e+00
-1.458005622479190411e+00
-1.767197568822479248e+00
7.639560917838164045e-01
-6.523779102454074774e-02
1.499654012430409189e+00
-8.345517198818752647e-01
-7.719264821713789360e-02
1.583465630237475885e+00
9.075033439327935270e-01
-2.304996143795261077e+00
1.792622846641719114e+00
1.184369622634584118e+00
-2.497529520513422252e+00
-1.531812773480643042e+00
-9.375519319550722486e-01
-2.525463553305220543e-01
1.969153077302800980e-01
1.453995443831328060e+00
6.162164687981945832e-01
-1.355949265656922087e+00
-3.368485407466010884e-01
7.444621050839339560e-01
-4.825590076768735415e-01
2.016024690248164219e+00
-2.880783499184724761e-01
1.820061977831595179e+00
1.170189907032684218e+00
-6.983385921021252329e-01
1.543963217559626955e+00
-1.469702853129986497e+00
1.304498320009432888e-01
-1.230869743482801315e+00
1.742625445893885683e+00
1.297247106622860358e+00
-6.909713848029159777e-01
2.634129060359651220e-01
-1.240638466093426207e+00
3.926485441085851846e-01
8.236910050805592576e-01
-8.678699275169945437e-01
-3.899605957453120553e-01
-2.316649220104888052e+00
6.346356552917420402e-02
-5.500524736610685750e-01
6.194507828438844399e-02
-2.772023261074625378e+00
7.730924792969400272e-01
-2.030567390068778177e+00
1.248973443179580478e+00
-2.393152769196321472e+00
-1.704319542700182488e+00
2.328443221568782917e+00
-3.540519975351363868e-01
-2.395775458898882881e+00
-3.232269022343441378e-01
-1.202161960227976500e+00
-5.120264100639300153e-01
1.482694336971994709e+00
