-1.809413501901879653e-04
-9.491024184142604753e-11
-9.947165686152166432e-35
-2.593137200111399806e-03
-6.804161302383264159e-26
-8.793063259465653604e-09
-4.491450483057671896e-10
-1.915311654788489343e-11
-2.258792050235313379e-12
-1.456935777222326042e-51
-1.159665016199029232e-11
-5.167707626718547529e-17
-4.347259094419843660e-06
-2.024171043674800137e-20
-2.157068519113412191e-05
-2.485571517390868512e-01
-1.569378724350437558e-04
-7.960824752817900584e-30
-1.139510644061789609e-22
-1.761933431783142805e-23
-2.310757857606321340e-27
-2.108828061546699706e-06
-5.877372405471634194e-09
-6.221405159340747358e-04
-1.231280870428603723e-43
-1.258949686444794598e-35
-5.999733918559596451e-18
-6.485102861404304826e-15
-6.968840008368265180e-13
-6.392557454768032690e-17
-1.291451183611315142e-16
-1.617723800173666521e-71
-8.491198316484106431e-03
-1.701145504043252563e-80
-1.107753244902439019e-34
-1.321996250130989012e-44
-7.201887522829313115e-27
-4.095919292886676666e-03
-5.280716770820071681e-20
-5.582495760837328884e-28
-8.251714287448867711e-07
-1.721129163347405455e-01
-5.464673868459128972e-10
-1.635474199916936573e-76
-3.591954730475536967e-13
-8.221915868013906183e-08
-2.139599660764270336e-62
-7.039681859707621635e-11
-1.530044735343682090e-09
-1.228790574730004247e-17
-6.287159736371840392e-15
-3.702830465977804743e-19
-5.056056329167559993e-11
-3.186575932841460253e-94
-4.272721429068387380e-77
-3.377568013089854437e-02
-4.806114482753955195e-04
-4.492479100085786407e-04
-1.242440465234988706e-27
-6.988638679641527545e-15
-3.380182629763930371e-04
-5.209024789378082302e-23
-6.229069765071116549e-13
-4.782918897148379992e-87
-3.748480231157115802e-20
-1.228563685043964361e-09
-3.511651673099020338e-09
-4.159702206729808374e-12
-1.793709001498880831e-28
-1.387516014986531657e-27
-3.242512177634014796e-18
-8.186517570901977127e-73
-6.564698807335382246e-08
-7.904914528027526653e-27
-1.624058084816132959e-04
-1.731677442906976613e-07
-2.413576157486489192e-11
-3.942837870335502934e-11
-4.801830240076585708e-37
-1.166801694443636339e-31
-3.104508968682675377e-22
-3.054147153161211978e-18
-8.905652949076267023e-24
-1.011610353987704889e-49
-2.607402170535616035e-71
-9.653470438574582006e-11
-8.171163436193007508e-28
-6.664626632737974654e-11
-3.925036460787425962e-59
-1.459756562874835226e-74
-7.222706226037665685e-06
-6.931736544170825982e-47
-6.412076193795730484e-29
-2.563738101991265200e-35
-5.178773665787689764e-85
-1.925819890561519170e-29
-8.324283906878203646e-17
-1.259054616438899351e-90
-4.523138450004053298e-54
-2.203882476715530444e-53
