-6.030016965763964620e-01
-2.407322908018318941e-01
-6.411766735199986300e-01
3.179997370851150862e-01
1.171197400551715617e-02
-3.531008589772026696e-01
-1.374960532111479949e-02
-3.139586229898956304e-01
1.191461889213654146e-01
-4.728420804559343438e-01
-2.016669702151165922e-01
2.557399394681851845e-01
3.057054470068729657e-01
-2.482363685086221849e-01
2.510651087153075167e-01
-1.902730873273767997e-01
7.674485056042792408e-01
-1.243886287382460765e-01
-5.750711626484550365e-01
-1.061897509217448743e-01
7.310580343351658072e-01
-8.829039366609414685e-02
1.251340644652723100e-01
6.518708917146156523e-01
9.862692782204085518e-02
-1.909618726508224285e-01
4.493458359249302703e-03
-1.509809049320320895e-02
-7.983288525217862031e-01
-4.804437603880371555e-01
2.311422541814085463e-01
-6.895945745485372314e-01
-2.418122952242161006e-01
-2.485023103132277811e-02
-3.941349819275421495e-01
1.349071888020265675e-01
-2.311990864607471607e-01
7.871928213406835795e-01
6.488355197095252436e-01
3.712881072314457853e-01
4.664776041100227033e-01
4.751217813848915839e-01
7.580133277846936579e-01
-1.394473074806903412e-01
-2.861992586612442935e-01
-2.159627872738623111e-01
-2.351402878229960081e-01
2.538144993059834320e-01
-7.754434046219751409e-01
-1.767594681305180160e-01
6.354959114907892115e-01
1.908357138600988989e-01
1.545287071557552849e-01
2.287574076520311195e-01
5.983383778094539807e-01
8.557320282458213967e-02
-3.538952637595258466e-01
-7.225043491104781168e-01
8.567590088727872200e-02
-4.875354010133037264e-02
-4.663996525293327977e-01
3.832764850578485039e-01
-2.420274943460940520e-01
-5.937228251159787362e-02
-5.548525134678969906e-01
-1.482369555726421595e-01
-3.739454785387010816e-01
-7.041601557244181464e-02
7.360054556802886339e-03
-7.007427721191223924e-01
-5.262790760376567789e-01
2.813210320115553387e-01
-2.435491381729182336e-02
-5.949322952186149038e-01
6.761929549304390719e-01
-5.488060871693098974e-01
8.933792984904087575e-02
-4.993380144344081728e-01
-3.312986946425606760e-01
-2.771052073615987155e-01
4.766727176470277882e-01
-6.720878770025970894e-01
4.148814471979020979e-01
-6.447822370097533451e-02
-6.692145583229631711e-01
2.341896955609161779e-01
-5.610464757824837889e-01
-1.796628706164025147e-01
7.870566443342310592e-01
-7.296861279143094237e-01
4.243916189045204845e-01
-5.458417305921692275e-02
-3.019972804657546916e-01
-5.149725201721526702e-01
3.332423802172543859e-01
-5.360300153079577967e-02
1.512429007583389051e-01
4.144350650250592238e-01
-5.949621748957314438e-01
5.231273762923116522e-02
1.296801240613376649e-01
7.096058818965822468e-01
-3.810940137724907473e-01
6.366743190436094935e-01
1.928214467797957354e-01
2.607578470975537854e-01
1.717035034533509474e-01
1.866960398387185194e-02
6.821726802473726536e-03
-2.427252961610646409e-01
1.218904107373708356e-01
3.457106120249893166e-01
-6.173611346646623588e-02
6.347591346635628184e-02
-1.625452795461121980e-01
2.178176296089109343e-01
4.781697549184613649e-01
-6.572540380341500565e-01
-3.574071824394629004e-01
-9.142754352946802499e-02
5.184147911072978232e-01
3.773218742906259138e-02
-1.590890531799802332e-01
3.932730325057569587e-01
-1.893782189064330268e-01
-4.678313424727482683e-01
2.164710205022686296e-01
-5.030017405056463886e-01
7.901498219290292724e-01
2.956605615858265423e-01
-5.782283530295799778e-01
-3.338870986818420761e-02
-3.819896784617640151e-01
7.691943050727436670e-01
3.017976563190032380e-01
-4.673942867664244716e-01
2.460528592607396092e-01
2.411144347751132955e-01
-2.530227940896168093e-02
1.211879393855923581e-01
2.882472954299828416e-01
5.360929262620626190e-01
-6.368807612417901609e-01
4.797937665922269446e-02
4.962851978301578981e-01
4.961319684806735353e-01
-5.250813228871882288e-01
6.873551348950792672e-01
7.405389602562753026e-01
-5.566517947262461519e-02
9.734190469017445224e-02
3.280491190922845135e-01
-3.100265242221214024e-01
-5.428121115251842710e-01
-7.218032461326560068e-01
-2.967375930053375299e-01
5.709151024518677175e-01
-5.790265110720227426e-03
-3.863369334608712791e-01
2.169889542513505631e-01
-6.909136981199308636e-01
-4.112339955900692345e-01
2.588708185819053043e-01
-3.891726632273293518e-01
5.111672728724627746e-01
5.843078575245908013e-02
-5.078019642891629104e-02
-4.054467030482173939e-01
4.691713494995140010e-01
1.011063767140587544e-01
-1.836417880188356833e-02
-5.729149803380462203e-02
9.989825935408269686e-02
-1.606102773765671898e-01
-3.418475971543415426e-01
-2.535368269018878351e-02
-5.432216259469946351e-02
-4.050008846116428529e-01
-2.123095992254437903e-01
-2.318802657399059441e-01
-7.598173247413297915e-01
-5.035430153093178873e-01
-2.919026306673879745e-01
2.699228222500682506e-01
4.896478634580168077e-01
-5.373527909611350850e-01
3.222184900245270711e-01
2.610396641843895083e-01
-2.995103928391671388e-01
3.705109646980018212e-01
-1.653795305093268553e-01
7.685813735229114485e-01
4.222380545504647031e-01
-3.800252768618674892e-01
-1.549587235167493304e-01
-3.484647009785843963e-01
8.839861588196828990e-02
-7.969194588682739777e-01
5.757127333431277805e-02
3.750764009836871082e-02
7.889990504669963656e-01
2.746093741735808891e-01
-4.615022826784018761e-01
-6.048907549434030528e-01
-5.706357069748948518e-01
8.260267417371025545e-02
-2.888185834599719115e-01
7.630499401836585704e-01
-4.974337034266085311e-03
-4.147431906525822498e-01
1.435892155029989681e-01
1.925530448496886038e-01
2.121794612011900227e-01
2.164562618030894114e-01
-2.915153836471153781e-01
1.695815402742528732e-02
-1.668442193105805771e-01
-4.066030170591830029e-01
3.494857509561200004e-02
6.519037888504728429e-01
-6.449899464722754772e-01
4.239713932407971342e-01
2.145424206652695176e-01
4.436866225741251668e-01
4.068277814894125655e-01
6.145424199525431064e-01
-4.611478803155666384e-02
1.776818351349547243e-01
4.212531938197017212e-01
-6.694993317035340397e-01
-3.514125866539057341e-01
6.435905931594803064e-01
-2.002502563874681840e-01
-1.730848454748823428e-01
3.451815411107128639e-01
7.706090990840124277e-01
-1.302136223797747405e-01
7.629544444868141539e-01
1.773778728759891621e-01
5.447925313712973505e-01
-6.300391032773582367e-01
-5.099208571142028745e-01
-4.482418058089159274e-01
-4.897282727381906398e-01
-2.710802726034975407e-01
-6.079533849692708714e-02
3.247754983801378614e-01
-3.239651101565961255e-01
-4.052892337689399938e-01
-7.558629180802975966e-01
4.565721749347142477e-01
3.734088216834763330e-02
2.799202153276292293e-01
-5.370237099963830474e-01
2.774646669708813462e-01
5.037704341901747540e-01
-2.733334697879596931e-01
-1.501634612860236473e-01
4.210380387000469682e-01
-6.274505364507438898e-01
7.570648555301069393e-01
-3.508909749684558932e-01
3.929859898940062379e-01
-3.980520574063834971e-01
-2.968120828929938781e-01
-2.010600074753927657e-01
6.166471749179658346e-01
7.827330012060507158e-01
-1.945604170941379607e-01
-6.646803264581553350e-01
3.968877156011672014e-01
3.337609495563054196e-02
-3.297065025300813801e-01
-7.424349075168770185e-01
5.001764725719173299e-01
-2.853022754659741977e-01
2.474737764583956334e-02
-4.699429598315409962e-01
3.658995914412361827e-01
4.311596500940284571e-01
-5.966152811381331134e-02
-7.478121866147535712e-02
5.864393026474115089e-01
5.370905256004601114e-01
-1.045769109922796147e-01
7.256708658166921566e-02
6.527410917696707671e-01
2.833897599642876131e-01
-2.844059337724367253e-01
-6.773171541080955649e-01
3.679586387816566884e-01
-4.716381596158205625e-01
-6.099036172704783709e-01
1.224823131679722010e-01
5.248940158398767153e-01
4.413181193002415625e-01
5.955150793722063796e-01
-6.805401145735823221e-01
-4.572713807041841605e-01
3.266187156734545738e-01
-1.238636705354387857e-01
-4.899120858822421098e-01
3.749361765317615891e-02
-5.339180259661997496e-01
6.528464549283281571e-01
1.588858903652079491e-01
5.755259240828456413e-01
-1.525068356832468552e-01
9.616982215721403549e-02
4.225330522263712751e-01
8.411749795917877748e-02
4.796701976532276035e-01
7.865492838498973072e-01
-4.714545293233953771e-01
-2.608800379278166659e-01
1.599555165875035101e-01
5.286799091778942028e-01
1.064714716840136077e-01
-6.482198212141394578e-01
-5.997960552955436953e-01
4.709195771838228239e-01
-4.744950587931748842e-01
-1.314026102971723731e-01
4.407686578514535825e-03
9.223382976832894542e-04
-4.051456169502625215e-01
9.376480266741893388e-02
3.345161249214800847e-02
-2.639393446976230351e-01
6.166972926335727578e-01
-3.382132589166202408e-01
7.374699562898410221e-01
7.346028009103360290e-01
2.240859940756347868e-01
-5.823808511837382795e-01
2.812216803308098534e-01
-1.258528563628376062e-01
-2.032026274145195543e-01
-6.471116950208628538e-01
-3.139163869914298743e-01
3.964297862268670869e-01
-4.779044762641415645e-02
5.157209027959366310e-01
-2.052806751917160000e-01
-4.641918378487801533e-01
-2.448513028385512769e-01
5.502097362572726524e-01
8.832940365878894085e-02
2.302813058528752066e-02
7.830388607436677972e-02
-1.052489812136396807e-01
2.020906967348192751e-01
-3.368694457771290729e-01
2.906851754131167809e-01
-1.818866760090047663e-01
-7.289496347780222152e-02
5.184686206810784626e-01
-6.405518422471869755e-01
-5.261001035381829283e-01
-5.352153378749093804e-01
-6.028351893703298714e-02
5.026772872498916911e-01
-3.003175174783372370e-01
-1.055699301394890099e-01
-6.240103661401183999e-01
2.522541266623878897e-02
-1.997381562785669473e-01
3.491867119395148933e-01
-3.746088605959396745e-01
6.460737278443833276e-01
2.872469596304867423e-01
2.528658873506870464e-01
-4.743069916461957192e-01
3.389219658600595153e-02
9.703560684850209839e-02
-6.475094067669306952e-02
-7.594284781443683130e-02
7.010673837802343655e-01
7.665081933141415504e-03
5.005442960146417875e-01
-3.721926674469733243e-01
5.029470138023564019e-01
-8.277197823014610378e-01
-2.732983285156622699e-01
-4.471905928540547137e-01
1.885823994645736690e-01
2.441124292724525802e-01
1.621524970238663599e-01
6.393152115191309548e-01
-4.069439294138437191e-01
-5.964712252536301662e-01
-3.946906586670237971e-01
-2.378256080345586554e-01
-7.156712984746853579e-01
-6.075094055071170729e-01
1.126446177834843354e-01
-1.409176399569673777e-01
-3.596127337394499079e-01
3.565725801407548801e-01
-1.411906219528384909e-01
6.096302874391925641e-01
-2.577722124188195352e-01
-1.559158504764734943e-02
4.544413291096907059e-01
-2.974399108368812605e-01
5.357657573063470124e-01
4.098252505318100702e-02
-3.220325028836903414e-01
4.328154410302653687e-01
1.921643202901428538e-01
-2.755295895068652356e-01
3.826573064349609865e-01
-1.487805445204344323e-01
-3.039816931709324876e-01
-4.976719899055828122e-01
6.891272653161415462e-01
-3.291558140719557102e-01
5.713754042131125033e-02
-3.882811804026253810e-01
3.208496541359204812e-01
1.339350651393829139e-01
2.453251185010083546e-01
2.454327834956586685e-01
-3.232119431077142835e-01
4.118277959751548423e-01
-3.455913839793165465e-01
-6.162027770905211810e-01
5.631242119628190324e-01
7.577658304500625164e-01
-6.166762243294758861e-01
4.967929790120724221e-01
-4.128922556610161720e-01
6.616675594597207777e-01
-2.334959551848836412e-02
-5.803170430492174958e-01
-3.563551121429284763e-01
-5.660615857527222516e-01
4.922708545310978678e-01
4.428439018667624794e-01
4.389396345707972102e-01
6.641221084430624089e-01
-4.448157080002941299e-01
-7.258540631547880650e-01
3.439131010440625857e-01
-5.377946158322366443e-02
-1.780847097195135120e-01
-3.645347098440661071e-01
7.388350139327561905e-01
5.148723523060292351e-01
3.625499263317646381e-01
4.488593385980266248e-01
6.475250259010394416e-01
-7.123001713357446363e-03
-3.995689128164316983e-01
-3.662854994810516018e-01
-2.423785016247483881e-01
-5.619669720200537455e-01
6.911223473888270519e-01
-4.417382159487370785e-02
3.162326876914534068e-02
2.940688835895510778e-01
-5.312482883343205842e-01
4.245101462932820979e-01
1.637998221621748129e-01
3.657945916247751228e-01
-2.390869614809689736e-01
8.042849811275107896e-01
8.364929593049019729e-02
7.019527449203977199e-03
-4.362260067181953360e-01
-5.019252060590648767e-01
-2.100948351688582960e-01
2.787781417124515215e-01
3.717233577747158790e-02
2.759143261695822247e-01
3.402402184828323684e-01
1.454848114029561046e-01
3.125279751367324721e-01
-2.059239567456510045e-01
5.845593150349355227e-01
-5.600753438462842126e-01
-2.906466043093747231e-01
-5.574848254753037580e-01
-1.516848510954638130e-02
-5.642660178270828553e-01
3.715280003520513574e-01
3.716214191916957787e-01
6.270528953473668565e-01
5.712834424152299917e-01
1.059573829736857320e-01
1.264518365360114416e-01
-7.292911182435251050e-01
-2.922654141157261520e-01
2.459733348021373445e-01
-6.500210667480930127e-01
-1.034850873510242408e-01
4.446482049066311504e-01
-4.995374636125591294e-01
2.392370305057198721e-01
-1.115066699472997414e-01
2.128814710164768087e-01
-2.150254187765252567e-01
-2.919950734555012417e-01
-3.665584213383343837e-02
-6.768719349158942578e-01
3.930105819610627549e-01
1.468173817367821599e-01
-2.194940213048530708e-01
3.445212245972122389e-01
-1.893665049551698232e-01
-2.152332865728370237e-01
-8.909544870922747606e-02
3.076891474337983823e-01
-4.616688262917705288e-01
-4.871155403091700364e-01
4.043700678592410114e-01
-1.836835402152772190e-01
-5.262726131027459786e-01
2.009546656768579354e-01
-3.047815202202643903e-01
3.157091133059308774e-01
3.404693654740587050e-02
-4.532439280847757601e-01
1.511195623952579226e-01
-4.269574501509350029e-01
3.334381160988684201e-01
1.584741717944453399e-01
3.559275727455677441e-01
6.552322477888203878e-01
3.598687935957478601e-01
-3.979749027735763889e-01
-1.651954398273334235e-01
-3.724512117055551741e-01
-4.624681913208892325e-01
2.413442908381391305e-01
-1.023183486670387055e-02
-2.937642344856037369e-01
-1.082744571088669616e-01
-9.903328758143814525e-02
7.316423372126745761e-01
6.089951255153085441e-01
-2.590061341081870694e-01
-6.608481679454758506e-01
-5.963984434606306451e-02
-6.234702438965786797e-01
-6.762691680114043535e-01
-4.789939751858147687e-01
9.634586725575733368e-02
-4.709664524929779716e-01
6.957024662526922754e-02
7.105085999823224086e-02
1.200852820120665854e-01
2.441546152493145883e-03
6.158648635719243813e-01
-3.876995287437425830e-01
-6.926567840206319104e-01
2.661925526939050712e-01
7.628903174948149513e-01
-6.922189107097036498e-01
1.867217354999315404e-01
-4.118155430298600095e-01
4.299627950165421097e-01
-3.657240602716553823e-01
-3.394646077779563953e-01
7.735104182560696984e-01
7.266991371050224302e-01
2.626905999818234250e-01
-1.159649186285092171e-01
5.055069880698752627e-01
-1.900415743549599412e-01
-1.974553195105599457e-01
-5.161607243806907164e-01
4.711981521582213617e-01
1.103920769847199779e-02
9.908354618499970456e-02
-4.221531110810268217e-01
-1.237053355968420476e-02
4.094321761760717493e-01
-6.714852264843305107e-01
-1.706186221236860590e-01
6.492298920051675637e-01
1.370950270239470470e-01
3.076485226595613298e-01
7.004168506678976058e-01
1.803745649166224041e-01
4.909799448982044012e-01
-1.224244428453058475e-01
5.543775535704851265e-01
5.482235019045962332e-01
-1.434528859630734843e-02
2.122987004396890143e-01
3.456290018408623155e-01
-7.444623014579399012e-02
2.924883664527957450e-01
-1.812967217621617166e-01
1.704486711779509278e-01
4.159422724877392952e-01
-5.727045930615757285e-01
-1.062710639492294717e-01
2.230961802476469913e-01
1.467194539959848498e-01
-3.899883749814323508e-01
-4.184535527559578583e-01
-4.545424757437004359e-01
-3.428537639198214748e-02
2.927324507704920364e-02
2.579211668303003080e-01
-5.915586480571368710e-01
1.649635350936398126e-01
-4.387433006773697741e-01
2.460492507745390967e-01
8.022650391414085647e-01
3.110436165692309629e-01
-3.533395748527725644e-01
2.228111582856220352e-01
1.241625416826597217e-01
3.614280477927866997e-02
9.611239028016083097e-02
-4.444162415967500834e-02
4.622501631209550155e-01
5.377330520708873962e-01
1.144968115845266254e-01
-1.035936803775330262e-01
7.558683894785467317e-02
-6.259791100449874079e-02
-4.697918669977934059e-01
6.222006590957995797e-02
6.683198368905838294e-01
7.215414820017196362e-01
4.614720060679564639e-01
6.277150970122402640e-02
-3.879554073654869484e-01
-4.931726929700399609e-01
-5.249606302319422824e-01
-4.265591211629597979e-01
-1.104198115684269510e-01
-2.829740691696205346e-01
-5.399013108855221788e-02
2.496012732820993563e-01
3.537670094024258916e-01
-8.176981766385367223e-01
-3.072669878023441825e-01
-3.885003701128608711e-01
2.395837697925742305e-01
-7.245335354138138229e-02
-5.696475002848808700e-01
-5.440097445347653604e-01
2.079907561661222815e-01
-1.676962177366601026e-01
4.785677011906397382e-01
2.504526631960999339e-01
-8.186200480096275101e-01
6.299706373905591406e-01
9.798009459010081912e-02
-7.522406438425788266e-01
3.672097372757292533e-01
3.908847684590188720e-02
-2.481931468236346916e-01
-4.316318830939707141e-01
-3.084921067816690510e-01
-1.364977709854118260e-01
5.053576706505893412e-01
6.005130303861516694e-01
6.920921567886217929e-02
2.297129426858637302e-01
4.090108412505388813e-01
4.701260474454471705e-01
3.738418288333011930e-02
-6.858264821743933481e-01
-2.754184247732638369e-02
-4.643107378559365728e-01
2.655644008087554298e-01
-5.483713094782194375e-01
1.141457674040955439e-01
-1.714749944821303274e-02
-1.959495710506331534e-02
-5.903392136278462488e-02
-3.536326011905606137e-01
-4.940993230711949735e-01
-2.281366812065996896e-01
-5.073160799925027220e-01
-1.123369110482084210e-01
-2.426239411155366454e-01
7.532948712778075873e-02
-5.132129606810353906e-01
-4.773291723846933010e-01
-5.315904325333740132e-01
-1.111589426444350437e-01
1.925819710927587636e-01
-1.670832226222689343e-01
5.460354002933867079e-01
1.297674879608230469e-01
-5.763471672724094219e-01
-1.000149828567211685e-01
-4.288441620180343250e-01
2.645648164584057938e-01
-5.280078146645781345e-01
3.256335673033934341e-01
-7.317775674882476267e-01
6.573647527996353546e-01
3.680833080527996515e-01
-1.399271797902725822e-01
-5.612184904501784644e-01
5.662082786263145096e-02
1.973777349820649007e-01
5.075183857127187892e-01
7.242443985412307939e-01
-5.605743648256336087e-01
-6.434982625036145265e-02
8.205089878873472742e-03
1.462092220779487306e-01
2.191142824852319038e-01
2.798092262515616824e-01
-8.294376498400204412e-01
-5.153008048986782441e-01
-4.197859301766264650e-01
7.360744084751447147e-01
-6.365650688444146610e-01
1.273472288532104812e-01
-8.953045972816653375e-03
-3.374784735465530261e-01
2.588191263482899629e-01
5.029573527065878125e-01
4.594257629192330938e-01
-3.694161724505651279e-01
-9.226616913818652677e-02
1.570632200268331502e-01
-2.988737688575273665e-01
-5.056302250088515748e-01
-5.805294650865366890e-02
7.132395499210630874e-02
-3.185745744231809340e-01
4.685161062948388633e-01
-4.637057593565749869e-01
6.353923117424127298e-01
-6.323370456682653185e-02
3.554617215508759642e-01
-1.804583531606951396e-02
-2.778840707364835794e-01
-3.252491814319249386e-01
6.141136916252900591e-01
3.467702602188396099e-01
-5.857270211904506141e-01
4.846376676964574415e-01
4.437761366864805268e-01
-5.040374715991333687e-01
2.390889324143907757e-01
1.733810136321149997e-01
-5.241402567246229438e-01
-4.853329047608321289e-01
6.624497164100109359e-01
5.970835702588903615e-01
5.918626544406286882e-01
-2.040323397178083198e-01
1.238502641186194353e-01
-4.163677619328156609e-01
1.734809388544018560e-01
-6.197077237136108252e-01
2.672420121979435237e-03
5.950144350725148357e-01
6.884887952413967227e-01
-4.960098193203501538e-01
-6.193411237303187988e-01
-1.564250192526293048e-01
2.423901133926120721e-01
4.004098277232914782e-01
-4.815063601945412941e-01
-2.751103406342174651e-01
-6.266498528663255740e-02
5.300159733509310911e-01
-2.660103253119334710e-01
2.494855728162654884e-01
5.075922133127352964e-01
4.484757664131855392e-02
9.903465217830387246e-02
4.095626121625635108e-01
-6.604201618428247045e-01
-4.427221738321254207e-01
4.223781275546585334e-01
-4.727872755889750422e-01
4.081425273786329910e-01
-3.128132454481846736e-02
6.466032717484404557e-01
6.256579007310101304e-01
3.122117285567522771e-01
6.746467746419169131e-01
4.299364655526609624e-01
-7.236014123197165304e-02
3.980747439331002724e-01
-1.630355935058016570e-01
-3.582704114221373359e-01
3.007463775902632364e-01
-7.528112844508525470e-01
4.539171646188506770e-01
-3.869815586251066364e-01
-1.377218752149431680e-01
-4.214768334820817586e-03
2.330985361002433365e-01
5.341053188411599706e-01
-6.383590337857274477e-01
-4.316857396790396706e-02
3.747089961518597079e-01
2.341665649967410445e-01
-3.632163363580476201e-01
-7.728759641557934046e-01
-7.102924921255429069e-01
-3.929576576248283715e-02
7.197919949225806135e-01
5.554837772396572504e-01
1.569667946086799049e-01
7.408204311526658259e-01
2.043704212018049304e-01
-5.369584555059727649e-01
-3.454977563820422759e-01
9.890580619755429126e-02
-4.019522010274920731e-01
7.401091365028733549e-02
4.917760633594836506e-01
1.944020912554051961e-01
1.471775795332455061e-01
-1.102974208570275394e-01
-5.099505354357010134e-01
-7.144096363148086937e-01
6.629140054495605838e-01
1.067286715224344817e-01
-3.612626575339561441e-03
2.446805638015554507e-01
-6.285082106795059076e-02
1.955972450724985379e-03
6.354995880545839526e-01
-2.435855569737217508e-01
8.846109246563038653e-03
-1.590983975843602849e-01
-2.518011065233141110e-01
2.006937856967923040e-01
1.707859554880091224e-01
-1.380860754521311407e-01
1.600769151549403801e-01
-6.317519705260838947e-01
-9.285075110669360754e-02
1.078615725923040003e-01
2.024731473004770521e-01
3.496468523131728290e-01
-2.397439627910031845e-01
7.614769735183184451e-01
-7.324484046220014477e-01
-1.405199508146415255e-01
-1.649002091947764370e-01
-5.117675037896880497e-01
-2.971032580664783040e-01
5.582597364934160922e-01
4.449315702503113812e-01
-7.418690476996872007e-01
5.794471674417591700e-01
3.908890975480296959e-01
2.984744523716331699e-01
-3.014738614906482539e-01
-2.793578907243752241e-01
-1.867547752219405055e-01
2.607269670526077832e-01
1.505007447521435893e-01
-7.258252582077586723e-01
-6.270582261818082870e-01
2.595590936537428561e-01
-4.062083855418601175e-01
6.584410750295486281e-01
-1.247447484513637406e-01
3.435864534835983974e-01
-2.789545895925904517e-02
5.357688107387392762e-01
5.872220250788622309e-01
6.057006316837814097e-01
5.989945775197220712e-01
-7.027814608495024373e-01
-2.038405046099249773e-01
4.975254436161336002e-02
3.164339522412786820e-01
3.334761743776297749e-01
-5.873578170931565978e-01
2.422450336575128205e-01
-7.118078888944356919e-01
-1.939174937597751835e-01
6.733662716821298133e-01
-3.213830091624556573e-01
-7.652137973449093522e-01
-2.916836050977886785e-01
-1.149354444299550693e-01
-5.805122209253390508e-01
7.994023493796316160e-01
-6.522826957696734596e-01
-3.127050342446926479e-01
-7.178615293301096045e-01
5.678496646000308345e-01
-4.113551763362321978e-01
-4.055968854200999729e-01
1.134220684289015679e-01
4.223062355985902627e-01
-5.167142696119046974e-01
-6.914312139708131966e-01
1.229969403544135531e-01
-1.217145558606889111e-01
7.154585089659404318e-01
3.271095620027857365e-01
1.794502086760090265e-01
3.191702013632049528e-01
-2.395426742755581984e-01
-6.442451347678179729e-03
-2.211583724772374637e-01
2.912696734251447594e-01
5.237420648029553760e-01
-3.179841364494873091e-01
1.593141114770499911e-01
-5.052642588962541481e-01
4.595701915088117318e-01
3.453957308270227955e-01
-6.628248186284135812e-01
4.441354868008362544e-01
-4.407631442637782726e-02
8.497348063753484837e-02
-5.647496617739520275e-01
3.650274379153390925e-01
-5.663822643516560618e-01
2.062407850556464695e-01
-5.172687933940700589e-01
3.040789006746660306e-01
-2.593957510762905372e-01
-2.918999910503048412e-01
3.808770238983836265e-01
1.098999024898379417e-01
1.439816410954453119e-02
-8.097604514156078181e-01
3.920371865239138387e-01
-1.189433591961535086e-01
-1.664391300447745081e-01
3.456158607979231689e-01
-4.827676476736799671e-01
5.399307513821218762e-01
-4.840779719920043078e-01
1.628146405792758600e-01
4.086846323769233180e-01
-4.468858447471264483e-01
-2.575519469989124843e-01
2.381924874344356624e-01
-1.262695427849882535e-01
-6.953543143988136777e-01
8.658982263382597466e-02
2.564868142524776573e-01
-5.266538111630527652e-01
-7.164622339204020918e-01
-7.383500283587780544e-01
1.074220737739537412e-01
1.746673681107768772e-01
-4.043290218390938051e-01
4.247557749086086076e-01
-4.572885107216864142e-01
7.611409775099513553e-01
-3.385834368578066744e-01
2.666140000548384847e-01
1.467993511317100541e-02
7.911232453267080800e-01
-7.080434187625517239e-02
4.415336048751505871e-01
-7.440496525597284361e-01
-5.260891611840721183e-01
3.085452824903303082e-01
7.896973397185558241e-02
6.451777484342198221e-01
-3.821437654690287289e-01
-3.429426611196646490e-01
6.144792259128930567e-01
-2.509067879387636424e-01
8.709238416212983225e-02
-4.935564856318386262e-01
-2.246589466404183000e-01
-4.226079983882948810e-01
5.179018215032336059e-01
-6.698328568372513558e-02
5.850819287848647576e-01
-5.326808747228897190e-01
2.588514399131565114e-01
6.637065570217934862e-01
3.379519437429534534e-01
2.640677888182345612e-01
2.267435945908022887e-01
5.284794459546251488e-01
7.312284040027776655e-01
-6.006024750487624075e-01
-6.394847319547238840e-01
2.990033353662893134e-01
-5.021034623687370413e-02
2.172977739942858477e-01
3.579050057335209090e-01
-3.179082645708284360e-01
1.226591898237971989e-01
-3.774977964546275544e-01
5.954203464503526888e-01
-7.377672774800583255e-01
6.823671114568208296e-01
-7.514324871604225464e-01
-1.906316128205229887e-01
-2.340895012724528712e-01
2.429408841766624860e-01
-1.023568748590477639e-01
-5.810261870825534913e-01
-5.041076693766477490e-02
3.928952896799486894e-02
3.950665841071892004e-01
5.119033886998511917e-01
-4.418670465016099058e-01
5.474831511535391826e-01
3.656052272504748402e-01
-1.475209781937074638e-01
-4.810145115394295345e-01
7.132681598239987153e-02
-8.365970028788920487e-01
-5.999121362023887016e-01
2.516554474879173497e-01
2.339733681729132542e-01
-6.207537360432668905e-01
-1.408408394369766725e-01
1.395568452972586471e-01
2.050070162283557096e-02
1.348590109526170977e-01
8.878609011474658530e-02
-7.104850842127410360e-01
-3.772450477835418425e-01
3.922219788506016158e-01
-7.212957035643174919e-02
-2.511451115859548722e-01
-3.499225117294955112e-01
-2.233275287408185150e-01
7.623462143428323401e-01
5.389080298144035552e-01
2.082825860932953077e-01
-4.266961491496523706e-03
3.538970550988693731e-01
5.986864688039794657e-02
-1.530297432991050144e-01
-1.905381399521353103e-01
-1.842981957318627906e-01
-1.255792423453305773e-01
6.297387217426777539e-01
4.683743892901013339e-01
-6.694405568632157966e-01
6.193010707251520586e-01
-7.187283861331819068e-01
-3.411308043626792852e-02
2.695440106914226419e-02
-4.878104933569016310e-02
4.571994831690240346e-03
1.751167988620387916e-01
-1.945035773825054548e-01
-2.564651566938369598e-01
1.665778375421176349e-01
-2.647863885227996761e-01
-3.932759551200684101e-01
2.646480784742308856e-01
-2.187364913984648496e-01
-1.473498881579757835e-01
-1.079589679147456849e-01
-7.503578749815620341e-02
6.420800210698249799e-01
-5.822602633582505405e-01
-3.152628283799350228e-01
2.970255005594149011e-01
-3.977761174353489082e-01
-2.097613689859443298e-01
4.849409933862647293e-01
-2.517868075104141568e-01
2.859228648497484926e-01
-5.915962762238171635e-01
3.058176442836222364e-01
4.945569216808740620e-01
6.241812312081531644e-01
-7.019551239686494526e-01
-3.807412282457995900e-01
-1.034502820751832530e-01
-6.355006003510368373e-01
4.766589675123453773e-01
-3.409624454023543194e-01
-5.288096114619964538e-01
-7.008750488920902910e-01
-4.260213911844505930e-01
-7.863081032085839084e-01
-5.383378745316749203e-01
-1.044207485644683686e-01
-2.033445505752284888e-01
7.307020085320292679e-01
2.059635592131447979e-01
2.555261258622323339e-01
3.753105901776159214e-01
-1.883555374472587474e-01
2.669222436009608401e-01
-4.525864050703169994e-01
-2.485795662377823234e-01
-5.372751203986894097e-01
1.689369513768381736e-01
4.112608387166005741e-02
6.762788551751874877e-01
8.287270617320618982e-02
4.551599491758073768e-01
3.079124392538261645e-01
-6.860779288168039614e-01
7.028136217544842523e-01
4.263886301143777757e-01
3.993942163458559236e-01
-2.876455734800895669e-01
-4.284422484773315887e-01
-6.721284883727847159e-01
-6.608808965860450968e-01
-3.895491571304257050e-01
3.576506788947728666e-01
-2.646085437639333904e-01
-4.570971960402445688e-01
-4.133348978945869945e-01
6.259813139341456889e-01
-7.421056711082387736e-01
-6.516494272492314721e-01
4.286365765379969162e-01
-4.908114506110949904e-01
-3.590340360393629027e-01
-5.820390437807221318e-01
1.099453441718303282e-01
1.055668950859631749e-01
-4.238897163325798800e-01
5.164005181474884409e-02
4.763294027377842355e-01
-4.978699494656622093e-01
3.233893559633127524e-02
2.001314301438039678e-02
-2.629993068360754194e-01
-6.541090675706433544e-01
2.131598546870261401e-02
3.571893051747476733e-01
5.511938267623772703e-02
-4.398820498502127307e-01
3.823124690200785381e-01
-2.112606306941868795e-01
2.668393204883399150e-01
4.874863280683916500e-01
-5.799177171889784432e-01
-8.109940518571701062e-02
3.108591335599264482e-02
2.055584656283837575e-01
-3.729400122968913323e-01
6.597093310552848422e-01
1.714161210034763627e-01
7.203616535726578007e-01
3.666870900976260117e-01
2.352238019623822396e-01
-3.026337095936515453e-02
-3.856020857148054759e-01
-3.867407944079532811e-01
2.135292844646752286e-02
-1.855100554876267793e-01
5.878530754691411175e-01
-7.765021014279582801e-01
2.816265217175626390e-01
-1.447608257206951521e-01
-4.034731234640167585e-01
3.953671407775871671e-02
4.674788936378071469e-01
-7.126231094238288932e-02
2.002488982572261378e-01
-2.359464884641724325e-01
3.310186140660462684e-01
-1.330154613793084195e-01
1.107662516225786931e-01
-6.297708569438196236e-01
1.526967491930353304e-02
6.509146114403083772e-01
1.934787415522070120e-01
-3.356648651205063061e-02
-7.854807441735331963e-01
1.433637560231719732e-01
6.011635494588318807e-02
5.319966775953588467e-03
-2.961982743968860632e-03
4.491093526688239024e-02
-7.507996250502451119e-01
-1.663101618308173713e-01
-2.951727021782613036e-02
3.195885473841162394e-01
4.997662842991985599e-01
6.501331763152577992e-01
5.974695250409496339e-01
3.726225843758470546e-01
1.025143000911379332e-01
3.684175854553100038e-01
6.213562414058788619e-01
-4.947353137104784082e-01
-2.796686641211731938e-01
-6.550447516679280824e-01
-4.002877799659030345e-01
1.483774238326240891e-02
-2.490474169801046855e-01
5.718026684420429717e-02
4.588670680581081740e-01
-1.833299607341833948e-01
-5.244186777360324569e-01
4.767895083527484701e-03
-1.311398342280236662e-01
-3.163611227312781438e-01
-3.360855037063466000e-01
-4.001648857747142074e-01
2.382259834375775043e-01
2.414232792190222909e-01
6.720929301827780478e-01
3.338693307271398680e-01
-1.930474100559740336e-01
5.931904087077954912e-01
-7.997592670995068431e-02
-2.139268487123642259e-01
3.225429990506345490e-01
-2.784364897940445616e-01
5.489131080876035185e-01
-3.804878409687084684e-02
7.926314904623330548e-01
6.053579982665464598e-01
-6.765722993255884887e-02
-1.560648575837273455e-01
4.438179990302435485e-01
2.052226999787221118e-01
-3.048499283546295402e-01
-4.273138416302915132e-01
1.505354968957046680e-01
3.960398435125656036e-01
-3.985411941475263120e-01
3.861204146310814878e-01
-6.770338175824601734e-01
-4.222268364766392779e-01
8.240921406782835135e-01
-5.511349953797157752e-01
2.555536739022326032e-01
-7.525929673065245851e-01
1.193809751664662855e-01
-6.130621553289898884e-01
-2.413294258093472422e-01
-7.340327538090916093e-01
7.755767438035121586e-02
-4.177473404066676110e-01
2.327901009620623185e-01
2.650260223051361663e-01
-1.833212586139252309e-01
2.280608229804439446e-01
-8.175891781617572462e-02
2.974994595585087609e-01
-3.689247619174196302e-02
-3.228423953839243410e-02
-1.303790699328999381e-02
5.490846862559184416e-01
7.298834847853665764e-01
-1.212070899331267881e-01
5.055180804144487894e-01
-1.578624891456463786e-01
-4.380318599763004528e-01
3.820150428743378512e-01
1.226476988934894763e-01
-4.501299839670229730e-01
4.795571772848550296e-01
7.175996093007706023e-01
5.150995364965282874e-01
-1.978305149789258977e-01
1.165556217623180402e-01
-3.067004683019627365e-01
5.100203893155166313e-01
-4.733931568448230820e-01
-4.135475272910129618e-01
3.770747901959268233e-01
7.437618002005770279e-01
-6.417478163680847558e-01
4.452432885090384929e-01
-2.636872801203793415e-02
2.806152273489566085e-01
3.971928971871721004e-01
2.913664074633466328e-01
-3.671789160952352304e-01
-3.209068649988111588e-01
-8.875156492944569209e-04
5.132843404135556398e-02
-4.907051179381856088e-01
5.271597750997170095e-01
-5.036554029578805824e-01
2.368635494837292299e-01
6.843473626312990277e-01
1.052360070164493067e-02
-1.236057644154895385e-01
3.859747597883149695e-01
-1.214940047919839117e-01
1.794949986023430810e-01
-6.416899475478210491e-01
4.817765632059511915e-02
4.080986308558296471e-01
6.046065160517075654e-01
-2.491945828131401086e-01
-7.348706848126544955e-01
6.640903648010993976e-01
-5.110509311062214621e-01
-2.635049734028278579e-01
-4.200047848969816755e-01
3.430504296224334837e-01
-2.264754720680990374e-01
-2.128671285870362695e-01
1.188888854550178564e-01
-5.521010140959159429e-02
7.548290055282951272e-01
5.657832036119945229e-01
-2.476535141980251709e-01
-1.592669541369930997e-01
7.095321018404643354e-01
8.879317198215197493e-02
7.512781180488854460e-01
7.614022175638357481e-02
5.627661070959799616e-01
1.720053952333842062e-01
6.563899060417170972e-01
8.194340337882364267e-01
-2.267604904143736277e-01
-2.309517175758362129e-01
4.175034637954464500e-01
2.038044816015514016e-01
-1.022079055694344873e-01
-7.899960888757551203e-02
3.830373583518200675e-01
4.250100616016165844e-01
7.506730686563152233e-01
-4.395989691090598228e-01
-7.883239097325489553e-02
-3.421832815577738884e-01
-5.599837945440375719e-01
-2.157883792838246606e-01
2.276913163729465950e-01
-1.530344623455546227e-01
1.953125757663034534e-01
-6.016659574600939919e-01
4.983356844819164522e-01
5.795119371296042488e-01
-2.486416942023765841e-01
1.363338422953042084e-01
2.587136792498556659e-01
2.019258076410856972e-02
-8.036289276477850407e-01
-3.733672447460563149e-01
2.849426279886912994e-01
-3.081140926471075403e-01
3.539124529014454623e-01
-1.173925075011545971e-01
-2.237110249477058943e-02
6.587065540081091797e-01
-2.451084646076697737e-01
2.949668905821178910e-01
7.633862628955601082e-01
3.231804914229163828e-01
-7.821347990665312722e-01
7.562879054380822197e-02
5.744556200339889784e-01
7.534464412984309689e-02
5.175319924425849649e-01
3.830067714147578073e-01
4.414407461576956848e-01
5.568407636807570782e-02
-6.999876382090519655e-02
2.875980446319932327e-01
1.862197566613144062e-01
-1.858583966669868914e-02
-4.107656906864667334e-01
-9.005494530135393916e-02
-1.550283071998821427e-01
-3.378323876288877869e-01
-8.989326114018858505e-02
2.008155087262597505e-02
1.337062131405186705e-02
-7.790622163328908556e-02
-8.248085899961488110e-02
1.388761925337096415e-01
-6.111036791501121002e-01
-5.931787951884981425e-02
1.165699385099285834e-01
4.094996600303888457e-01
9.673968884482064823e-02
-5.788702380211567800e-01
1.542351366497598519e-01
4.096080882185573202e-01
-6.467334886149700424e-03
5.256365782608014570e-01
7.649442085639810429e-01
-6.811798395807997508e-01
-2.572930346624842102e-01
3.088349918630362012e-01
-2.247825966187324553e-01
3.852782118829090052e-01
8.105421653912339153e-01
1.580411001706796270e-01
-1.366743589296639527e-01
7.885169606434505596e-02
-7.503871086799032142e-01
-7.581194086476017446e-02
-7.499660379813493094e-01
3.104448992506183558e-01
-3.963409249589791017e-01
5.236854013275387132e-01
8.919236942269215263e-02
-3.817123188367315123e-01
-7.434449733961372431e-01
1.949162746016881442e-01
-8.321962177539843353e-01
2.330963348624903730e-01
-7.382226785201231323e-01
-9.993688831132629957e-02
2.061708131188852988e-01
3.018952073980702977e-01
2.876102587731654836e-02
2.373965591558180321e-01
-3.173730367438327704e-01
4.806793031006044714e-01
-1.901227546760200227e-01
3.268519511329968097e-01
-3.097894226414741325e-01
3.419585257095958397e-01
3.802954216759939499e-01
1.981462620627443272e-01
4.654074196002273567e-01
4.448363698585824366e-01
3.138476709200244130e-01
-2.206885193676155765e-01
-1.203784696622722805e-02
-7.975906492126352276e-01
5.548127214310660804e-01
-2.234586032134897593e-01
3.157223728060296608e-01
-5.072883541604076285e-01
-4.821711981869807317e-01
-4.300926276744689858e-01
-3.232495829810346777e-01
6.077429762277386516e-01
6.073973824127172350e-01
7.048100161442505396e-02
2.977933981780296335e-01
-5.827599047175446856e-01
-1.826821341885933592e-01
4.138888867889800594e-02
3.206700533460313807e-01
5.915899783850591120e-01
-4.802124134295686630e-01
4.030527762473381514e-01
-4.084099828982186153e-01
-1.573731075177544625e-01
4.228652853352388163e-01
8.073280582358135504e-01
-5.433911489819545082e-01
-7.525413979935180464e-01
2.020250542801971250e-02
-6.114495173702847453e-01
-1.447749654644372441e-01
3.813725018232254627e-01
-1.011019117680973523e-01
7.867557193023300144e-01
-4.024422920403205595e-01
-4.928963866254285620e-01
2.682401209303186818e-03
-2.452889859549678420e-02
7.078080470777914357e-01
4.662181874406146065e-01
2.414773164086456703e-01
-5.740728430099002466e-01
-4.583413433880147991e-01
3.089904316984366517e-01
2.502140761907369892e-01
-3.977236177362177827e-01
5.249871368432774688e-01
-3.591693931459829514e-01
2.063618100849593517e-01
-3.735898690622407869e-01
-6.691025702733108815e-01
-1.938221680108140887e-01
-2.284743280033643131e-01
-1.943139588189222167e-01
-2.349103191226413756e-01
-1.483377928700750914e-01
4.949102422598636863e-01
-4.041419899410483296e-01
3.157142739245530905e-01
-3.468252311572816993e-01
2.558387521941574150e-01
-3.116883281470101963e-01
-3.466921292627187512e-01
-2.580841121925008252e-01
-7.611327182237932476e-01
7.491487718903044879e-01
1.729424115570683540e-01
-2.398523196550153003e-01
-1.662826756544566464e-01
5.328864704998261814e-01
-7.731534980225696074e-02
-1.951861266452974419e-01
5.149289424935474813e-01
-1.537834051793094403e-01
1.995329608918448017e-01
2.642286839624574668e-01
2.756401640317669433e-01
-3.508453515303457948e-01
3.928459704789784013e-01
2.241917821247563225e-01
4.956895095820357255e-01
-1.949289052413929468e-01
-1.079822798082847868e-01
3.003282529628217290e-01
-1.573789400112506343e-01
2.992116333720495902e-02
3.477328176411100813e-01
7.005658222257800105e-01
1.039374220760800327e-01
-1.268742516843603951e-01
-4.786951816423146155e-01
7.251723483966276973e-02
1.118348236208932533e-01
3.660962928544053696e-01
-7.280645173668887082e-02
-3.112518086527691352e-01
3.865694996179458442e-01
-5.731702673703331641e-01
3.732803390169570079e-01
-7.003677872199016718e-01
-2.816076543228795970e-01
6.101116516091167341e-01
-2.066977733525323657e-01
3.795338661609806152e-01
7.860742912935236859e-01
5.043703854910113193e-01
-2.435797870039833057e-01
-3.036882400424945061e-01
-5.008592524655091083e-01
-1.960410747603891224e-01
-4.742177935366154173e-01
3.202851745678358952e-04
6.165465995271510735e-01
-1.508628782513685707e-01
-1.259464867905339958e-01
-1.187523600308582061e-01
-7.677932398144404758e-01
2.150445587526483848e-01
-3.336140772637694596e-01
4.468879199647961542e-01
-1.168537236874822582e-02
-5.591481478095161606e-02
-4.128607763796781072e-01
-5.877925310083442767e-01
1.506871764356398913e-01
-4.756458052466108199e-01
4.129240442362380747e-01
3.983279996288668912e-02
3.076708824495248962e-01
1.608409017641427852e-01
-1.394382107464045006e-01
1.479393559466988251e-01
6.160559837065218147e-01
-6.821709557067485719e-01
3.479254674971503647e-01
-3.919072423826008844e-01
8.184545554902218356e-01
-1.202950668962001757e-01
-3.730953801704659512e-01
2.403157759531824311e-01
2.447468429755774721e-01
1.303673569510266361e-01
1.061830157908714156e-01
3.408023309063530348e-01
-3.933822210967372612e-01
6.275027583323513625e-01
-6.189994726197785013e-01
-4.839465063067827089e-02
4.664227292729936636e-01
2.968787169375630697e-02
-6.274597620639372764e-01
4.695091402101514433e-01
3.427801682912656744e-01
5.958773433769941619e-01
-5.179537510169351933e-01
2.463365996121158474e-02
-2.179510841693819145e-01
4.456067317095238067e-01
3.117009985364056490e-01
-4.984800725468883087e-01
7.485733266101002314e-01
-9.093076136462485692e-03
-3.052034964866914279e-01
4.473485384512434493e-01
4.595769099245838873e-01
4.061081018435430678e-01
-2.154319616683677552e-01
-2.578099991540128144e-02
-7.874555002822303251e-01
-4.846633771730433082e-01
5.961357579614485758e-01
-2.322726962010612795e-02
6.690199366966229633e-01
5.039667265086578141e-01
6.934431665253306676e-01
-5.582466718044436504e-01
2.122665930678024893e-02
3.051774976995496047e-01
2.545460475177208082e-01
3.152397243861049247e-01
-1.042330297168589937e-01
-4.711303719749047048e-01
-1.882741280032744768e-01
-1.751607777090837814e-01
-6.762856903911709239e-01
3.437662461184176621e-01
5.906486066917153721e-01
6.527765338691242647e-01
5.998597648627024270e-01
8.822330398786792927e-02
9.750106339441977354e-02
2.170828764527685806e-01
1.162781212552914667e-01
-2.246066762801044447e-01
-2.928392400435191334e-01
-4.644178002801249150e-01
-1.751374184128096090e-01
-3.646897681245686584e-01
-6.712469831697784883e-01
4.916433269399345107e-01
-3.917717719924347364e-01
2.848245806246119116e-01
-1.970257032879985104e-01
-8.038735949677402459e-01
-6.042222878215017801e-01
-6.162987891294067211e-01
-3.688244909418267881e-01
5.878877899131751406e-01
6.334939712322693595e-01
-3.273145640677030954e-01
5.382565626098205769e-01
-2.506671675853091585e-01
-5.797897495589552364e-01
4.009290441922255255e-01
2.264303310901283339e-01
4.125114373345262209e-01
2.082108174624508479e-02
1.493830971825085285e-01
-6.462798138543677240e-01
-2.762192357878152649e-01
-1.732981389375130021e-01
-3.593776877202596864e-01
1.249577917990443154e-01
1.563802814362604821e-01
4.938060892730087303e-01
-3.955651575894520988e-01
8.139105072424808185e-01
3.945388320543088412e-01
-4.653275995077574834e-01
-5.976723885578492101e-01
6.249567543681529003e-01
-6.372170548914724009e-02
4.641432921470851625e-01
1.362420496888727683e-01
-1.497145838929121453e-01
6.747716387430955365e-01
5.569333287376405650e-01
-3.863876059514135264e-01
-4.630766137478588007e-01
4.809559745424145660e-01
-4.642003038095099399e-01
-1.024277449104538107e-02
5.167535855488392116e-01
-5.710260465472343228e-01
4.954965150796377671e-01
2.907580971078065346e-01
-7.712511108986994657e-01
6.128394914880432864e-01
-1.641927165919030429e-01
3.193489742140078747e-01
-5.130740725576714567e-01
4.044564985079945885e-01
-6.667703978357089056e-01
-1.625595609155388033e-01
1.629004395701816321e-01
2.709211881708188940e-01
-1.827506148588993184e-01
2.436743101376119824e-01
-6.549800535825287540e-01
-3.916162082034775338e-01
-6.968829342366174018e-01
3.603501810232696556e-01
-5.602517203077468366e-01
-3.437933427332175995e-01
5.661945732990147917e-02
-1.209098587919363865e-01
-1.460852530828127271e-02
1.210473728577499131e-01
-2.214255002546305917e-01
4.474140252732148326e-01
3.113814280844025006e-01
3.778231340605122668e-01
5.722578201058734493e-01
3.471494096180469668e-01
-3.042598983306472604e-01
4.675696750719273709e-01
-4.004147906558044312e-01
6.845795882920358011e-01
1.219663209933576908e-01
2.672198323298680123e-01
-1.103561693163825908e-01
1.355581014367590598e-02
-4.982055160903424706e-01
5.887812481441940804e-01
3.768871087438263601e-02
7.948947631572256256e-01
1.563148498627855432e-01
1.452748726246451128e-01
-5.138030249353793266e-01
3.720264977825848973e-01
-3.331477729825822465e-01
-3.792290145928411960e-02
5.799590461258397056e-01
-5.629016595539724221e-01
-2.229378219635780312e-02
-2.573995926102501386e-02
-6.726381323012766700e-01
-3.505205524698427055e-01
-7.017610710109236649e-01
-9.635987089186759391e-02
1.505631323852174575e-01
7.931574992245522537e-01
2.729522539473805409e-01
4.546031806073358439e-01
7.505197240401706438e-02
7.044027635338903082e-01
-1.395108613838331735e-01
-6.170792278745542703e-01
-1.278123976632663528e-01
-1.271162202647406758e-01
2.769705284333081607e-01
2.464782184507843255e-01
-1.434048003215258049e-01
7.655402165645845969e-01
4.213822387288956861e-04
5.480707761929179966e-01
-7.883890777719848586e-02
1.020617663613956339e-01
-6.513780706481488991e-01
6.810342835405958084e-01
4.516464591949578278e-01
-4.045410621726226452e-01
-4.784963697836319696e-01
-6.223172053095886724e-01
-6.792907684453339812e-01
5.101330005627477959e-01
-3.288130111158134028e-01
8.057475053846898660e-01
3.663929245823727143e-01
-1.705943006560843855e-01
5.476410641613682628e-01
-4.618719967454101294e-01
-3.064306282392657010e-01
7.141744684655293440e-02
1.770671781458634797e-01
5.676273447854125465e-01
3.196880258533951746e-01
-6.761004010369493500e-01
-1.859070443701398290e-01
-1.812061911737217201e-02
8.761006532182591400e-02
4.254040342314189260e-01
1.581407645115282534e-01
3.439772335816657645e-01
1.940860439429679118e-01
6.902139700460274696e-01
-3.966381028990975111e-01
7.690685860959849407e-01
5.409893754054966308e-01
4.604610602101875116e-01
-6.107509117992133696e-01
7.842084428544326968e-01
7.339535229333495892e-01
6.449270853647153245e-01
-3.205327397527675259e-01
-1.010554874098934519e-01
4.312981196413590013e-01
3.180548851094080476e-01
-7.581166595013639764e-01
-6.816178584789431838e-01
4.265549802680999036e-01
3.882117842587575751e-01
5.113508387700687052e-01
-4.622767974913690736e-01
7.728189467322454931e-02
6.871943637690458573e-01
-4.336175734268543636e-02
-2.463466580528450578e-01
2.524439645942244681e-02
-2.525681482345616402e-01
-3.018682392662510594e-01
7.371609251398005824e-01
-4.203741722779472667e-01
-6.882271888464686072e-02
-4.767942900842134790e-01
-5.011422956310758181e-01
-4.060191697562078872e-01
-6.113808907082578514e-01
-5.600581423742454490e-01
-2.654656251165921077e-02
-3.813316206713084355e-01
1.456838000949058909e-01
-1.881995044549196194e-01
6.755083002813266901e-01
2.011331066875801099e-01
5.341578347390409931e-01
6.199905496961743978e-01
-1.619478571330565941e-01
4.962071417284921182e-01
2.840889083837794260e-01
9.003293538452084022e-04
-2.472105332442362524e-01
-5.862431627238686715e-01
2.687215857497751159e-01
-1.798716946414273821e-01
-6.226021406401383018e-02
-3.590662447083179387e-01
-2.501538508958649487e-01
-3.509408753879057485e-01
-6.578862653489894186e-01
3.757135468947270240e-01
5.339168793626924980e-02
-6.495087071575573745e-01
-7.838465778625725022e-02
5.878585856051463665e-01
1.220636909500338874e-02
2.359045557716354935e-01
3.895956729278982067e-01
1.614413058902472997e-01
-1.105203520748432311e-01
5.919320702262336198e-01
-1.922831446509327691e-01
-7.641039775764966180e-01
4.284938878203448098e-01
3.410057738180078957e-01
1.977480543537613045e-01
-6.655269774537400096e-01
4.454737056216595548e-01
3.658601701755355151e-01
-7.774079038391334961e-02
1.936084967635300913e-01
-7.360469638755748889e-01
-3.993947190251558865e-01
-1.910925965860741371e-01
2.540374658168342847e-01
-2.845426025544783855e-01
-3.708822486458469569e-01
7.581560515157423907e-01
9.691184200858593556e-02
-6.389782423141747714e-01
1.257285803952079561e-02
-2.796379508077064813e-01
-5.852240796915753052e-01
4.394646256102321402e-01
2.667905046490517407e-01
6.495302024980533773e-01
-9.574713392606959417e-03
2.042664977790717984e-01
-7.173603922212343775e-01
3.639744844535250934e-01
-1.843024217472208903e-01
6.434870640279104492e-01
6.543583272825248542e-01
2.315959027907545931e-01
-3.464874436002114422e-01
-5.158867631569421519e-01
-3.079198064461117212e-01
2.719722977747309756e-01
2.006014142113343723e-01
-4.214785055114322887e-02
1.591943911011783896e-01
-3.146326845815128337e-02
-6.940240288899781618e-01
3.774044650308274740e-01
-2.400563578625174443e-01
-6.622999523448882542e-01
4.238530500147330571e-01
-7.205578091597697465e-02
5.318764391463561836e-01
-1.245102175769474684e-02
-5.958517633539957004e-01
-1.808730619595566580e-01
-4.563161013080057060e-01
5.124248140598250956e-01
-1.917595102955882425e-01
3.873280534692380428e-02
-7.239363344542661949e-01
1.377885892929491263e-01
3.702148593990681746e-01
3.907586099768742827e-01
-6.833698423386440624e-01
-1.485143827039534514e-01
5.224728929719724135e-01
3.806785142151607459e-01
6.273625803521731825e-01
-6.834756609945698003e-01
6.032489209473776981e-01
-3.408463008740145739e-01
2.253041491351828185e-01
4.849903471862049287e-02
3.197061138218071363e-01
-2.670365190193795257e-01
-4.940388704425000554e-01
7.704788135022511142e-02
6.214104818672918640e-01
4.634911676702575534e-01
7.396665947004521513e-02
2.717248210219747051e-01
5.055194560437392681e-02
-9.106557175682450378e-02
2.271288034600011940e-01
5.976194138728629923e-03
-1.639184715214287991e-01
-9.945025313652511301e-02
2.540413070674016893e-01
4.249059833539448050e-02
6.027582579691612708e-01
1.202587372291397116e-01
1.315272165911194335e-01
-7.646141184793258105e-01
-6.611527126920790920e-02
5.240450160946501512e-01
1.783962210170164653e-01
6.928267418563427427e-01
1.543351511949566657e-01
-1.885499629258280407e-01
2.766246938244831810e-01
-9.171754082722571866e-02
2.196665113641982359e-01
-1.525605375955256804e-01
-2.912226746619852591e-01
-3.589948343879303394e-01
-3.705933995038988016e-01
2.387847367122519771e-01
3.488903444719593239e-01
8.335271621350948124e-02
8.069647574664884360e-03
-6.470812319892011999e-01
6.156602623219793458e-01
1.458011831802865643e-01
-7.663486772974446026e-01
8.161872524672375562e-03
4.315105952774711540e-02
-5.027462374721123339e-01
1.645009844034710511e-01
-5.217008988799500813e-01
1.026907848951141844e-01
-6.198101607029338211e-01
1.577099480989909708e-01
-5.177339663510682755e-02
1.517357348635428593e-01
6.069304473077705708e-01
4.884379045328230973e-01
-6.915227379241697392e-01
-6.313203875662765086e-02
-1.798994296410167948e-01
-4.904095588214900658e-01
4.797709228888713540e-02
6.196727728743836039e-01
-3.451828967235117673e-01
7.973635502810418885e-01
-9.765834434353060090e-02
-7.934142353415740700e-02
-4.492627116258063324e-02
-5.485389952561012805e-01
-3.445472144225822930e-01
-7.097747322691017047e-01
-3.954231880928507081e-01
-4.112848351476827702e-02
3.124505503708636667e-01
-2.190770886747364088e-01
-6.330046770929165234e-02
-9.963977681556634991e-02
-5.695746183467180757e-01
-1.916146306039099301e-01
1.789136487257199093e-01
-3.649927546486040342e-01
-5.532422820612792336e-01
5.443363359254282940e-01
1.756101945008312626e-01
-6.099035362727489584e-01
-6.115259896985500987e-01
-7.304864492068645632e-01
-7.493218813669590972e-01
2.626153196251843625e-01
5.585223815978874740e-01
-7.081277710771773926e-01
-1.582268235818347080e-01
-4.872488753301329467e-02
-7.209146268770920685e-01
4.215563544099856230e-01
5.727670939961040375e-01
3.650251803594137812e-01
4.801938403743193362e-01
-6.439715914085750725e-01
3.019629212683003772e-01
2.127078350698319298e-01
